4825934707
4872016478
11959801374
9961106779
7662315221
6213527472
10196875629
9257349653
7893289697
10723056285
7953392815
9190062334
9801907952
8576237402
10745571053
8285655615
13423626456
12961516099
2615726663
10159609632
12797233143
8658325521
6325544574
6891302577
8216690507
10511655686
7506037115
8396274268
5216102304
6031479766
12805464259
6472935293
11165838079
10032866854
9603262472
8888838861
8575331582
8644960793
7043262417
10109350184
9062876212
11286104572
13056295442
3700022230
8307724957
6218829425
4113510407
11134947709
9593232747
10217429534
10641177558
11722375855
15740448043
10712882602
10740548640
12528968173
5960631623
7527005624
11700733927
9517411402
8211152844
9301547748
9897188335
8228430059
13718470778
10192835763
5717388724
9148317040
7510294186
13613055606
9501861961
6646879594
4441859218
12427704434
10702158476
8652680054
7027531758
6936515349
12414334489
10494016147
10284922489
6724315031
7716484345
9393935901
5498867422
2729549199
7544707364
13315949908
11044608335
7416540943
11881450717
12569835146
13200369521
4726730860
7347101806
9239194916
14072036190
10405709329
8570560758
12160244783
12205487377
12049628746
8416627500
11604806824
9567667885
10089070826
7187854164
7602150030
11991562300
12903559431
4101382630
7707604026
10610675777
11050827287
13129820072
6749930716
10159311535
8839727546
11279742423
11311723039
9244521736
8227167565
12552219103
12982674810
5715874206
9221413737
8572786395
10911263947
7960200757
10684764817
6852614910
11865680344
12859274747
6946472275
8124886180
10754380733
7228302309
8135265310
5376723975
12385936726
11349312694
13118762253
8509532103
10182403025
6149341686
8010898531
8683656668
7262524826
7550903410
5540962022
12816513708
11655009922
8134330115
12072762973
11984835378
5289939213
9772627384
13906788951
12165115432
8757540958
13074031198
14071989574
7044642474
8144732312
6737886409
12229891325
7465648934
15963956532
13063870145
11971616167
8551602989
8558934165
10605909882
8460902499
10046107190
8244665972
7998898282
5111990326
12717696522
10986649920
13838094944
6143797521
8473048680
8586677247
7185093508
7123444178
7226260698
8712054737
4934884070
7827827415
4430816505
9822941572
5858696284
4787902269
3974499856
4644184354
6864577769
6005475639
9958809127
8374054338
4417277145
6865389735
9385673324
5084306844
6869245853
6504380246
7577618013
4138799913
4249970886
4436039544
6054287658
4261331222
8559398122
2840558709
7459223369
3293088879
3182075092
5172473029
1591794140
5109778627
3929401070
3329899372
1731162719
1622188836
4096405015
3255271788
326013846
3883295223
3648009614
1309435642
3208009775
3032357587
3451674280
4386865642
5049370549
4926998633
4612088010
4300488959
1880644982
2027220541
3608506248
1113385059
3329499299
3729157574
4439913701
4204575433
590821866
3970211565
4433244280
4240864669
4010264850
2609755453
4920732558
4353456428
4594395176
6610714349
4976598051
5490901757
6100179456
8253524903
9296394041
6037592232
10074455461
8818649786
9718974744
10207197793
3198555000
7787091910
7346856165
8986451896
9117959530
8018679721
8760313403
9073307541
6221568921
9891119821
8309520200
11772047002
11459310264
8901832632
7905455253
7646202142
10476702903
10125780222
10554807171
10151130899
7979044424
12323211582
8434604114
1448967610
8265883687
10642665893
6253763497
8392943246
8498242394
6878829749
11202077727
8517106178
6518306160
6759462405
10590509070
11156547676
9746329489
15346591767
13422081878
6000711744
6564050413
13939848088
5907971028
11981931854
12222621028
6824954960
12774264308
9480508665
7452259922
11972584700
4542136371
9214183687
8282965060
17557221656
6996077154
13975920606
8275097490
11772607463
5661973383
8468191642
6327559532
11542526605
10814742311
8337962246
14602023983
6895335356
6395373610
7942810961
6205728244
13006886225
9046823939
9760858778
8753983304
7255807878
10024939203
9364646296
13174647372
7127369205
7180636540
10965200576
7812884569
8487924672
9432477699
6618163442
3794320195
4391505956
9716671868
7215994954
6440411440
10433553725
11024735787
3095585741
15325536745
5272596372
5264129906
9643708890
9274797791
14494044111
10166550742
