4988730763
4954881379
11994754943
9904617447
7682027378
6234107441
10210283552
9273447409
8053240180
10676396484
7936876207
9271518594
10011837946
8666197944
10871863007
8351392754
13534085577
12926764856
2638181301
10167600916
12921400723
8709286703
6380854728
6925741100
8281375692
10635354875
7555852980
8548341214
5252363164
6026688431
12843094260
6397675236
11145164473
9965127211
9637123105
8853975122
8600915010
8673818547
6926106354
10093789886
8984943700
11340297046
12962164522
3689054467
8265744416
6350322154
4071387130
11244893180
9692903275
10321124688
10620395045
11801431211
15683898483
10565940611
10767413764
12581005525
5886557904
7595095765
11697027374
9472831101
8205998040
9372739759
10033668512
8246607876
13569636612
10140433774
5697561743
9147724073
7399784332
13638053878
9563967633
6560097973
4379621913
12491307024
10782979774
8458954344
7086523570
6837126419
12505641757
10575501351
10367895083
6646864288
7532469462
9326341602
5481630743
2798484394
7629391129
13302356928
10877237946
7402826588
11805582393
12452211565
12951548266
4716601418
7395171827
9366422231
13876748320
10489861190
8580385071
12066131987
12134046738
12129281346
8372018202
11546026762
9485417678
10139587787
7290745136
7672900111
11836868970
12766232629
4133343640
7693860920
10690359789
11066206064
12765651059
6783815138
9988838920
8780704398
11107661215
11039552471
9191917010
8159433924
12458301677
12598443555
5777797508
9143047993
8653640469
10659948764
7814762370
10440906695
6925081812
11841844500
12449588581
7017941617
8165363135
10866840082
7173096682
8091347821
5391012473
12187550014
11433912682
12287351350
8562049488
10289418730
6172475941
8010754433
8598480131
7317748562
7549906348
5537533371
12549525008
11595308335
8030053558
11944202106
11605089489
5285573119
9815019100
13511864764
12207860640
8683798187
12958266547
13323541388
7021115757
8071703828
6720249226
11849059898
7464944791
14749075756
13117380569
11970594044
8427943139
8487508212
10488470049
8599833863
9705884418
8136834700
7903707278
5225761925
12524728752
10952915528
13101194413
6055559389
8384964609
8602760695
7141341757
7197989623
7308991268
8692703548
4734732079
7876173727
4521323537
9667779386
5769845045
4818314323
4173753436
4459259349
6718010990
6059582364
10005343735
8328605324
4424522344
6978755495
9741020397
5052256466
6912366041
6438312712
8519452885
4188891373
4210773242
4392656678
6291000436
4179702398
9624995064
2958386845
9336289806
3251058614
3103435392
5198288475
1652477379
5013331779
3809974073
3278913714
1688017897
1666580429
5103237131
3280229758
155428259
4567846724
5065294026
1431140431
3392396228
3075388301
4156266020
4890318576
5505932617
5682718533
5828302608
5425751038
1911257433
2039617667
4147765005
1049926881
4042813589
4261952623
6359857025
4320193858
545670690
4013240992
5101503351
5231853834
4020251584
2509096598
6048079443
4334337405
4846526020
7741747711
5040019325
5619451834
6250482935
8374085554
9604570953
6198834368
10283069660
8812080538
9655870690
10945397221
3159580515
7820727018
7418349865
9219143214
9408994552
7971090779
9022285374
9466241136
6208028376
10218761671
8259686339
11788002273
11569923272
8880708965
7836596737
7727100739
10553741551
10015252606
10850422761
10068462958
8101271218
12591256389
8340495717
1439123331
8374863395
10754179134
6300556185
8448833935
8560179715
6964194706
11459068676
8698379976
6553638257
6862683949
10549083634
11256961060
9704613157
15237885312
13553339823
5925343449
6539990804
14085975571
5892647130
11899199225
12190098578
6695254438
12716134247
9430304530
7603253771
11950992029
4437064879
9045506893
8352211724
17486796763
7157517334
13927986425
8331007566
11820402210
5702745671
8563387089
6424102209
11435542826
10809580996
8330813401
14673403838
6933576527
6319890075
7890883246
6240672953
12911102228
8980637272
9796875348
8608077586
7258808081
10024176203
9167843353
13328325190
7138291499
7219783976
10874977808
7762743993
8537681077
9333727463
6649071155
3718355631
4296908297
9766005640
7169419823
6541660977
10538408667
11049428756
3045343749
15321597167
5296464120
5224211789
9630935523
9377128442
14396526200
10142363867
