4964822587
4990431401
11974092089
9938899317
7718791544
6241730220
10144582460
9261487362
8015745559
10706232729
7903143868
9269238917
9976510766
8676201565
10911846992
8314561956
13540957822
12929644920
2606893292
10153177234
12875548842
8701296019
6320884904
6924787002
8300656282
10627851339
7507997845
8466375362
5290476712
6019427295
12869581937
6355025076
11249914352
9973428539
9595517279
8875587438
8584957049
8638447751
7005800332
10048150088
8984837470
11293425707
12979180153
3662183560
8285404031
6280886774
4152276582
11240492238
9602201746
10293045087
10622977954
11776167558
15707144661
10645644888
10779981615
12575844316
5939494237
7618100129
11685428924
9550216030
8245418337
9401111713
10005642817
8233054204
13617551873
10151162942
5710128120
9121025318
7398526616
13715508065
9561734805
6586736533
4411681159
12430337974
10702825244
8530962939
7080256457
6867652978
12484750104
10548565058
10350867556
6652114274
7561525883
9375364375
5515714848
2780658747
7624008807
13302821256
10928110619
7427060609
11807510069
12431803010
13077333588
4696920393
7348721041
9317670921
13877339579
10456115668
8604766631
12077121178
12137615557
12169170725
8327210594
11530630684
9535363008
10171638739
7330114463
7656074330
11852161856
12802677516
4196053955
7691518946
10704711907
11060111779
12912280946
6801381164
10016692170
8835635628
11110093609
11157856911
9177825151
8154157747
12454554315
12663493801
5767806227
9165851768
8635180924
10763401987
7826687587
10438773129
6834872238
11840584730
12553228412
7004095316
8153590400
10842015319
7122823263
8116232833
5434008786
12216648319
11398727513
12489898691
8595542565
10208924886
6129863731
8024980710
8592523630
7273489554
7550118983
5532198034
12653479290
11621745861
8064520161
11940311868
11692805290
5258553682
9847909956
13629380330
12182776610
8735215171
13029810448
13523044329
7068548620
8089424232
6672017575
11877192603
7443506943
14976740460
13124004695
11964203532
8525136385
8525634876
10572055463
8592693045
9861759654
8190893074
7887159754
5192567165
12580993986
10956839152
13309281387
6121010581
8458793760
8613291701
7166936814
7152166812
7276948333
8705974603
4793445358
7914460125
4526576707
9737064494
5731475110
4812187837
4154624034
4579789686
6785539676
6048686023
10003204880
8321383559
4392165542
6929296005
9690248935
5069583269
6963338581
6400397457
8306899474
4077916489
4242542995
4435232041
6232393533
4155305454
9537232600
2909646819
8807008009
3254823026
3140797647
5206650304
1625496054
5086652117
3837003457
3321367342
1738594522
1712200357
4927394313
3241004931
154074175
4490331309
4636060674
1363148784
3418623217
2986246669
3991813868
4789000465
5400925919
5564623787
5489845697
5132293840
1952959806
2023161914
4057253762
1103781604
3889755186
4177817025
5919741319
4383442001
600778967
4018233256
5037887213
4995554601
4046258955
2508633147
5739352356
4289456052
4831874128
7500512050
5068795821
5576275868
6215312683
8326554540
9554533761
6126231183
10221429949
8806008633
9662309746
10733702935
3230273051
7820184672
7420742971
9178509587
9314728926
7962889414
8959375545
9366069418
6207047342
10114975616
8285841367
11822599621
11523391752
8917781740
7877741997
7683164164
10525402607
10036486434
10797225842
10141730369
8028928363
12475804880
8407216979
1382405186
8372724919
10693053516
6304671820
8451960524
8524699827
6995664981
11436871795
8636683370
6564643052
6847001638
10516073808
11236581399
9733912677
15281257912
13517303893
6035153942
6512126812
14111789464
5905674383
11884273371
12205318649
6683208711
12715020401
9446489976
7516850363
12048527963
4449904653
9050579630
8320313373
17505064115
7160359848
13893268900
8299811922
11790687257
5680202131
8544946217
6357516946
11417886695
10865494939
8313956329
14657607081
7010328683
6306390624
7819584253
6238396172
12850357356
8954238709
9773558399
8684412005
7243623607
9983391736
9253425958
13317970988
7200139777
7180360549
10866118724
7761316681
8603948779
9415245341
6616640418
3739545350
4334074549
9762259048
7164167539
6539687986
10493236416
11041304242
3052009212
15324329551
5337258517
5209102278
9662310033
9313623714
14402112783
10181915920
