4930758827
4936291030
12003467376
9943050689
7704375971
6232915777
10190877197
9280058641
7987572766
10679443719
7858469357
9209516684
9957675065
8650844526
10859560602
8283035842
13524037829
12931020480
2570955972
10092641669
12871424291
8745417565
6283366375
6920213797
8216586143
10561518187
7499908016
8497083329
5248210738
6034317087
12878329779
6394887260
11248593604
10018718405
9598691692
8911787117
8599174920
8631390787
7048402400
10028567260
8951834253
11327438245
12987287976
3719813946
8288508423
6272362538
4167492585
11233720973
9620422380
10293280388
10576891476
11815395483
15662237043
10702575347
10750058070
12540440710
5938554648
7590483934
11668328727
9544125829
8239231494
9374167162
10008005808
8255979395
13631427764
10209515924
5702533404
9122461137
7403111704
13670995213
9526405289
6644482450
4400265901
12435760098
10658688471
8541606402
7023348579
6913200330
12420261573
10550556889
10364028363
6702306726
7606467213
9387699712
5554409406
2763703806
7566481777
13291812162
10972954545
7436630899
11833552609
12419519992
13104523351
4639974228
7340040062
9311486566
13904931582
10404731166
8575801346
12116365973
12143917645
12116156550
8351206803
11533371568
9503464141
10150394787
7358400746
7631477213
11951805250
12821583959
4230554408
7699809304
10657410609
11034889608
12960705331
6755328279
9956912471
8880006808
11185507985
11201003183
9167278301
8123809326
12503185749
12766497171
5751163223
9227871296
8649584049
10782551941
7887868631
10457605457
6794251264
11847481450
12680116530
7018074416
8161828754
10769379468
7159213896
8154406267
5406095343
12268898127
11405170338
12645972943
8610044180
10139059190
6114232440
8031012673
8605483997
7241112786
7529461632
5461330012
12713158315
11625869813
8079767938
11952496869
11755712031
5257479794
9835917136
13731407993
12198256521
8688366142
13017719935
13671748178
7021017620
8163665274
6685282234
11935710688
7477374639
15158199419
13144499833
12036384293
8550931229
8504431686
10584896525
8569001204
9969216605
8165533694
7921552799
5193486484
12604083344
10907826238
13445877946
6152003954
8472785870
8533312998
7151960723
7140628169
7330148079
8723514762
4849052446
7971630773
4504370918
9738703480
5748580963
4784168768
4084734972
4626911576
6772729888
6035792092
10058278751
8385352824
4416455316
6923986722
9640979887
5039713731
6933008376
6450913835
8128148552
4099703837
4222064523
4427355118
6192039839
4180529596
9414622489
2948163572
8433445495
3227884615
3219048423
5178301575
1641520293
5102893466
3906272800
3287806092
1771077915
1723393506
4755352574
3235826617
186603694
4413782239
4278342480
1364018273
3426823911
3006384696
3906072114
4662435203
5370821151
5490471430
5279447659
4928978320
1921265884
2022840437
4036582074
1104657082
3787104386
4057050670
5589050707
4380040064
548060879
4089398636
4909244225
4775635364
4056589413
2533975556
5513594749
4317723590
4829698654
7300497838
5063028925
5568671325
6187192313
8311609194
9473352349
6111898269
10196987803
8775873457
9624663666
10619632176
3253848654
7840022034
7407472693
9062603337
9300309914
7962083067
8970511866
9306664685
6237581944
10086474087
8307540571
11810580306
11575953057
8904342002
7879597106
7681765544
10534988088
10047969726
10726521744
10161624722
8034578432
12422497189
8397314622
1426436795
8363112179
10671608737
6311736483
8407899125
8556354402
6949939117
11336587455
8619422959
6587208776
6817229745
10504370153
11177239701
9766253687
15287438079
13506359014
6026913840
6584222937
14060249378
5917831834
11917418201
12234797186
6696509257
12744425905
9504025295
7511513010
12016406330
4474551518
9074426996
8294928137
17494870726
7112302746
13926330141
8318315974
11838457878
5682265219
8551686199
6357919853
11417975146
10895764212
8302612105
14698738505
6968820181
6295602683
7868292889
6258103353
12855555493
8996114203
9783489445
8700947429
7239101731
10003406806
9249263855
13320710610
7113242991
7188582271
10862846325
7735433900
8609898782
9410362887
6630716522
3760079143
4297213197
9840550593
7191602692
6447517899
10440885187
11011794776
3032225574
15303798741
5320799607
5243820469
9672356576
9275387742
14419152745
10171891043
