4896188517
4881699282
11965446628
10020459104
7682287618
6211322215
10211888408
9249033966
7990921229
10711349415
7939975927
9180480458
9887807675
8605429519
10817049655
8276934819
13523539671
12925949286
2547210201
10103638082
12900844858
8689517459
6315787046
6907819071
8242845807
10520099605
7482060562
8425097540
5215592677
6015759766
12870478249
6417435421
11239585167
10063521556
9571126445
8926906540
8601372379
8671097179
7061813004
10062957665
8966160108
11349919099
12972567138
3746883378
8250569467
6238245802
4147556013
11214991085
9591219000
10300969585
10601210047
11775211332
15638257905
10697293586
10752876589
12489993018
5934171520
7588757904
11731582642
9545269319
8218681992
9346576027
10025218275
8265887309
13667522104
10218645577
5689817486
9077530107
7407962876
13725426894
9523331209
6560789842
4397914613
12427004602
10688069602
8550547346
7044074782
6946302013
12397360434
10524658605
10340832289
6718391304
7632119207
9395378290
5528516586
2775096769
7608369067
13279572074
11027885455
7430692850
11806724334
12511378540
13137191982
4696580139
7384358571
9293739890
13971599678
10418728953
8599550523
12098808288
12099139974
12117746939
8350482697
11569071501
9532082649
10112465193
7318745154
7630058100
12025018539
12825624004
4202313820
7733946155
10621498191
11046603244
13068412154
6788434530
10013584331
8886726271
11229458738
11183931287
9176146609
8170029538
12550675853
12769353621
5714099888
9192754004
8644601720
10825706451
7975501128
10516704470
6804157911
11830180335
12722843629
6973514768
8145759728
10732668357
7229858218
8133676861
5410147608
12260326630
11422827583
12788498028
8541130306
10173724609
6099493024
8047047319
8617130147
7258320106
7500454477
5421497652
12761643075
11674211464
8132674505
11997282138
11813710111
5231447572
9802526488
13796208067
12188277697
8699344198
13045014545
13794104421
7008352371
8146193345
6724450462
12063528508
7440613525
15439577620
13125219598
12008533597
8576903683
8501385871
10634423278
8552746674
10086367116
8152574902
7973787292
5143267895
12613035779
10930764595
13586114416
6109322895
8536486440
8563015054
7148202103
7143605703
7318791579
8710747498
4874509545
7957074445
4517268819
9809977720
5747863842
4824040637
4042648482
4658629008
6844434643
6011552740
10022206091
8325906971
4444978049
6873442175
9534355538
5048770165
6909270856
6481948758
7952186723
4131057669
4231661241
4471576132
6175099881
4227725288
9261288098
2920523780
8071160203
3283982675
3212502325
5198443892
1645714346
5143249096
3908384043
3325549390
1678480621
1680701999
4603571782
3219199175
194978186
4297868297
4010038660
1323957226
3465177644
2991541643
3780243562
4597542423
5302794246
5321377746
5080662923
4732849773
1913078245
2064695070
3931093935
1099279826
3634504160
3959652720
5179996855
4451705780
558326004
4120914606
4748791680
4594761985
4010971567
2572157205
5274197924
4334435164
4758477647
7100925238
5018623626
5520785478
6112559295
8287425523
9405445072
6078964606
10198120811
8770706169
9706544420
10489917544
3202836686
7843353321
7414473537
9004014803
9258087880
7967472710
8931893261
9238383446
6289784141
10040682831
8338590845
11830644602
11600005053
8868078296
7891857030
7667403583
10557488846
10130471393
10683073247
10157445549
8046261759
12406843559
8422533627
1441984003
8322205590
10693717950
6257425876
8414067246
8559956397
6923169505
11242906035
8591546361
6496229649
6801368806
10503876995
11185746886
9787546331
15280650387
13443020858
6054183129
6555269597
13967677603
5897410108
11930707281
12215156760
6767889303
12740316312
9433123074
7466623690
12018504707
4458137883
9132142906
8344532639
17475279754
7071100259
13898375913
8315013413
11816767690
5681280250
8520107263
6348512076
11436740778
10825316166
8294372689
14639833943
6964469593
6351418740
7871779682
6221952841
12886902351
8952717832
9829707761
8759381641
7216908323
10071522404
9257941160
13270928085
7102752149
7211923445
10848100744
7713500688
8543837493
9352512873
6630645326
3798329842
4372335928
9797454822
7180169602
6462677076
10442952429
10996621711
3051792153
15298250255
5276122837
5249400345
9670040087
9229353209
14408550171
10177769260
