4835789591
4858968700
11944103447
9976159588
7672895046
6190207834
10183621334
9259090042
7895700197
10718199062
7941289030
9178755417
9809652811
8567166299
10756323471
8286541610
13417620494
12977143023
2630945519
10161259379
12791299281
8657354164
6320063181
6921120608
8216601076
10500224832
7497652597
8389710357
5227914032
6037170175
12796470197
6453469156
11165884223
10031828250
9608893597
8905564750
8568105138
8652893269
7053963695
10105447590
9060049702
11282928613
13063021932
3703008523
8296018568
6215275056
4115787163
11113802693
9590245111
10213488722
10630142785
11707804721
15710365466
10715385825
10743092596
12525794459
5953923223
7539673964
11702681322
9526607503
8206729296
9303077563
9900633749
8238082321
13724769533
10219693969
5696423910
9144429846
7510660198
13610501828
9501017725
6622050204
4426494104
12421522410
10691519849
8655398120
7034727198
6948928501
12405620654
10492615575
10281248995
6725659544
7713500489
9406757009
5481675971
2734339356
7549419223
13319734174
11049025497
7402360602
11876993883
12571654787
13211433150
4735321453
7343643205
9251959304
14072303018
10406699593
8572525666
12165411477
12212924079
12056952813
8423563467
11611640222
9574823343
10096451325
7182035642
7600615958
11999524532
12912886257
4091490116
7702534433
10609434477
11072315896
13121187276
6738555691
10150619035
8823828075
11299432087
11317403902
9240907704
8227769731
12555018191
12981449746
5709719485
9225425155
8568409823
10931598760
7977469335
10678179293
6865485381
11857082077
12860304048
6946732537
8123576809
10756742058
7224444424
8139283781
5383422892
12371774165
11346707151
13125280402
8502814971
10179573232
6158911135
8006493946
8684480917
7268748448
7560473121
5541439804
12829726050
11669441721
8136871438
12081177778
11975765499
5290143668
9774159497
13910126787
12167424189
8729963256
13066448018
14086316376
7040616983
8148539516
6745726377
12244020638
7482426886
15981052686
13069187318
11977364286
8545291979
8545107250
10613884378
8469868308
10050496405
8250710238
8003610376
5122169926
12727134455
11001718274
13853159269
6152483251
8483341969
8581759251
7185652045
7129581647
7233371437
8687138100
4929454508
7815553299
4423668999
9819801523
5854098459
4782311702
3974712728
4634197575
6866259128
6017153826
9945977167
8369297472
4416728577
6863399566
9392406866
5091714278
6869898475
6487153585
7569433821
4145936181
4259473983
4444109743
6056478594
4256542846
8543343014
2834856650
7444002812
3288699818
3186372033
5174482460
1588712367
5120038734
3916029488
3315676194
1742031950
1616604290
4086804863
3246150044
325048297
3879767980
3644107101
1305268383
3188799552
3021122901
3445792971
4373707510
5042617220
4917901233
4599366042
4293315397
1880265475
2029548185
3599069466
1088987834
3312945780
3717845277
4428193078
4194847936
594489221
3955292938
4409622600
4224170331
4002307358
2601121174
4912567574
4352784604
4589199347
6603036642
4967421926
5487627843
6097772087
8258516827
9292313771
6041299405
10063535098
8832939771
9718352066
10192902101
3208951254
7776463800
7334860773
9011381080
9133487490
8010574797
8748359750
9087997072
6225808070
9889817522
8319459636
11766862085
11457180784
8895871924
7901109158
7649171700
10472833572
10126936328
10561933565
10135145970
7973506309
12309641713
8430761637
1450332982
8264115860
10622010224
6252873154
8392153333
8514481933
6873578789
11203967475
8505319256
6516510847
6768738607
10593142192
11160191858
9748399712
15343476228
13423961734
6018905895
6545952023
13932550449
5909537202
11988028707
12211118398
6837228744
12780987238
9472444147
7449742601
11977649274
4552927062
9214820467
8287672470
17572554496
6988818730
13965577263
8274949515
11774277038
5662191156
8471361489
6330141842
11548309802
10817143474
8346810043
14604207336
6897567145
6406115917
7941744702
6199461507
13010298046
9060659299
9773579350
8739076777
7258091858
10024242494
9359541900
13184236128
7134688404
7174718289
10957943897
7815645042
8474880801
9424695477
6624164959
3790753273
4395852394
9710159748
7211249034
6443997650
10435727806
11046256249
3090316345
15344563746
5283248823
5273637248
9633479344
9277678345
14486127593
10171269631
