4894746486
4884459988
11992989663
9986560417
7690401818
6239999942
10208729142
9253050348
8015331316
10732141380
7908225475
9186174431
9908972691
8616979367
10828149728
8258318579
13540052760
12935445092
2582137369
10102077702
12894879226
8715538853
6301482921
6911255323
8249318355
10511196897
7504511776
8468076834
5217347268
6008671643
12867336215
6397530073
11241111919
10048364060
9583929236
8948342638
8613523530
8659473858
7040285555
10068735164
8967331346
11325232519
12985206614
3709221792
8255554112
6239099590
4147343160
11201883988
9609945776
10302950705
10566637194
11784151288
15656023755
10697438351
10735412198
12494853938
5914083919
7620870435
11723351092
9536523447
8211617082
9357016187
10016287126
8268821384
13694665073
10213176637
5724022083
9067012958
7435611758
13704529807
9511660279
6582760797
4393016011
12441364213
10701733785
8565591700
7046226865
6929059472
12412854192
10489936382
10377956062
6726798382
7606648419
9408508382
5522087282
2801761859
7611518493
13293325042
11026416718
7435361025
11814583871
12500181839
13131652795
4691939419
7362091340
9269195047
13953297459
10393912047
8592033437
12089843616
12123476983
12110095139
8334202703
11577915358
9531769198
10140751060
7340134115
7637263796
12016119641
12825585371
4217253499
7751389195
10650499397
11051732327
13059880928
6760580298
10024840979
8912915014
11214548897
11192058682
9190143239
8159136544
12547075832
12760515366
5717441260
9205258372
8642337882
10808986025
7959388609
10499868918
6792712238
11828800590
12696563932
6994013370
8169900649
10732359918
7234765910
8127987071
5408410221
12271567089
11447737550
12744080631
8580042035
10151631319
6117632717
8051978123
8662710491
7258073941
7507484657
5434461309
12760421657
11656426992
8129716784
11968973218
11759384517
5242278417
9815018128
13783387766
12179709379
8694465488
13027151772
13772435284
6988817884
8175990279
6685197650
12018756254
7467761923
15384691345
13108914353
12020863065
8583008382
8496166518
10628707484
8549048541
10058108568
8186752444
7988202813
5170368913
12613413143
10913323391
13580819708
6092367520
8526590896
8562791724
7147396198
7136732650
7341626892
8680111810
4856427185
7969021422
4494695885
9791483149
5752662340
4821727715
4069739519
4661283528
6822652724
6031840748
10008436520
8316484811
4459223664
6863258923
9571752116
5061006861
6913398381
6484920016
8002565261
4151067344
4235526864
4474199961
6186006791
4219958944
9288614938
2915382581
8173650539
3289756079
3204077247
5204434569
1627337134
5141504663
3890651826
3336758815
1693601444
1682001417
4643595761
3251311396
190766659
4328000837
4060926714
1348161233
3452662651
2994481206
3809825408
4628007772
5318369834
5342909988
5119111161
4790658217
1921498902
2068412528
3969684770
1090841342
3677922004
3975913822
5287763227
4437263230
563109218
4099963441
4769739781
4615968975
4014890264
2567105734
5318554950
4290911189
4791002538
7147616899
5047224457
5536662291
6147107859
8289449590
9411410479
6104224240
10205339817
8748987611
9672010646
10538093587
3244553581
7836114353
7417345739
9003197767
9255818289
7970020710
8926849275
9278461360
6270229444
10052405332
8306483501
11810267426
11584380629
8900164549
7868449340
7676214899
10588190536
10132112521
10692176335
10182117019
8029911653
12424353671
8428449579
1434139101
8323549919
10674804077
6255621365
8402841133
8564662250
6946615082
11261609080
8614218938
6522688441
6807448376
10480259864
11175031173
9789376193
15278906761
13482314547
6031475993
6544804135
14007928364
5892663950
11912798564
12226394460
6731605517
12736039775
9441768845
7482944236
12003690073
4467200022
9102700856
8342667407
17485074085
7110634458
13900261471
8319777558
11825356292
5661748169
8527364014
6369103825
11398484970
10822555044
8250260755
14666094221
6976123138
6328849220
7864504323
6195734363
12882202583
8932360732
9797436822
8750241744
7211532255
10059211998
9247419849
13290452458
7097854468
7198748045
10852422289
7734914844
8557221471
9343257694
6616443963
3792919202
4349267220
9813197777
7173985517
6450708458
10413556408
11000079744
3059027705
15312936554
5297758337
5273186472
9688473890
9227050823
14412044329
10186156391
