4974356235
4959292913
11990809780
9922892881
7675130373
6233226044
10179480342
9263762653
8018989933
10681524980
7903697274
9292890264
10014834588
8666088616
10920086528
8353549819
13521595380
12943637123
2604883701
10173690386
12881511245
8720418121
6361746499
6929452763
8297996691
10654161481
7526504695
8510820428
5263424942
6016504393
12862025660
6371898249
11159878568
9935490141
9629790553
8854435166
8571985434
8691982134
6954129969
10092427301
9003416434
11342982084
12988329645
3660906514
8250685276
6319639388
4127095989
11223849901
9682942941
10341789354
10604343897
11809092238
15654432413
10601963276
10778659631
12562005127
5932387329
7609322465
11671479339
9456471456
8237957888
9337914524
9993358602
8229413666
13596012958
10144150012
5679734900
9132009822
7391220488
13650909335
9574041918
6614692537
4398677606
12487759722
10752029843
8492900669
7062968072
6854605090
12475190302
10614197614
10361546058
6641411712
7544933509
9331697705
5475653145
2768888391
7638300935
13331310161
10932165143
7436708775
11777389566
12454704915
13005580318
4741240641
7418997178
9351293532
13896639513
10476068697
8571274484
12077180867
12128280220
12143155376
8354419043
11540225319
9538892257
10167291801
7320330507
7684826553
11843166158
12782563155
4156807851
7696761639
10693796528
11026343492
12840121701
6791569964
10006314103
8810345668
11089947249
11101670244
9158803663
8164341074
12449990735
12605660466
5776522780
9138823949
8640055167
10725297888
7801272123
10439982692
6931503958
11820719771
12504328223
7003351455
8152545705
10862581471
7142501669
8085285326
5400490882
12216032250
11458295034
12370916133
8591284383
10259708436
6155899981
8019027728
8598532618
7270642922
7534860513
5529702743
12591218925
11610587551
8062239543
11950127995
11614425490
5286136864
9822350045
13585145991
12176875437
8682921690
12980828808
13387871017
7048636893
8079974488
6716071633
11836435189
7429889578
14848162377
13111774980
11964876562
8485986322
8506676924
10526778012
8607619379
9790857371
8183891625
7908218070
5187388190
12555367605
10944278931
13195500684
6108705577
8361853761
8597786109
7173130734
7182236859
7319538513
8705511554
4785753920
7899645384
4540728827
9709592826
5742094010
4786298443
4161948822
4514579775
6731928108
6071260229
9979627804
8333982495
4392207766
6949797726
9715956148
5079998571
6950416435
6412652223
8420607155
4146810188
4219379611
4426340391
6295257487
4154793327
9604571740
2927264790
9103600617
3278848302
3099315472
5179890123
1634940300
5039292321
3803893880
3318290536
1683534436
1664343046
5027536774
3226700901
152657172
4507460629
4914174563
1402588462
3396192860
3061556657
4074039195
4842000004
5437074282
5637780203
5687693142
5301486477
1961330379
2009277833
4135907845
1071517018
3993910973
4238090936
6159086994
4305865961
590920139
4004924335
5047658970
5119484499
4044833250
2515743975
5951804633
4331373252
4844120929
7671421359
5031795785
5622697924
6263462113
8381547531
9595822108
6174726501
10252489532
8812057205
9685242154
10846752727
3196880288
7810326528
7432322170
9234611686
9381610092
8010383543
8983742986
9416698978
6215242329
10183617041
8300027530
11794229755
11586192460
8910381487
7850704518
7667184945
10510884237
10040496232
10835657802
10104142013
8067190665
12529697074
8370660897
1417642862
8410934416
10708978239
6316370366
8419898103
8520093096
6996628503
11490154161
8680540137
6590897655
6854817339
10559583715
11261262195
9690891362
15269206024
13530891394
5962388920
6509275553
14081197411
5943211294
11918020670
12201288035
6691009074
12744925248
9418356737
7578913950
12007443732
4436653459
9031088669
8306750502
17494529594
7124060473
13930304459
8311939755
11792444097
5659690164
8566502531
6368019643
11464660230
10827333571
8325468771
14668781700
6962910798
6315721272
7870397974
6287342990
12884753707
8956665656
9775527699
8635036999
7256246612
10032204935
9258179817
13308053711
7173392897
7223121509
10866212576
7787326086
8570988253
9356455339
6648398242
3743537869
4318179582
9786113109
7156414372
6530029037
10543074437
11077255817
3065313116
15320442372
5337467202
5182292955
9701596360
9328156300
14381206148
10171871537
