4875405509
4863810928
11913844628
10024405455
7657017963
6245214320
10217353476
9299473021
7978438388
10724558111
7916557093
9179924644
9862085729
8596737997
10815474097
8316225483
13478303067
12951755054
2591637181
10093829886
12820417668
8658015289
6293962974
6931268188
8238874902
10506358802
7452797192
8407678354
5246402328
5972109240
12855055961
6435652495
11148311778
10004255526
9593262409
8899861358
8583512088
8682338190
7045871658
10093720460
9101584345
11303356671
13022868927
3728156637
8279534855
6190315135
4106886683
11137011598
9589395849
10302704618
10603818407
11724888982
15712314217
10688559322
10713908967
12520091633
5945358756
7580380286
11717259093
9528151432
8185934124
9335934965
9978076528
8239981301
13691868561
10176635055
5710208140
9083505964
7495669432
13658943994
9520356221
6623797507
4426342861
12437076309
10694653274
8600433683
6997591954
6888580260
12424227395
10527835251
10276717974
6706815460
7690210252
9408321620
5537758523
2724066809
7550224615
13303831500
10971692292
7427699566
11848112924
12546106060
13167640186
4725136094
7359723708
9222222715
14037990574
10385622417
8560921972
12109307156
12118845869
12071485927
8353292504
11609782797
9519824934
10126015764
7183714264
7541811882
12021575857
12869560255
4155169645
7773278767
10624077127
11061474040
13088494755
6739378453
10092673596
8812542498
11285443198
11251063525
9208171888
8206666506
12577870843
12902279617
5745167502
9235803174
8571634284
10873311226
7942415487
10578888534
6843619118
11790263325
12819952131
6969325461
8110309085
10749378628
7198663897
8160570573
5361844823
12330248464
11385592636
12989599276
8527994507
10146463184
6126828576
7996673653
8675249355
7263448288
7511380070
5518171187
12776932972
11632170228
8148279472
12070938448
11909436814
5277982264
9746434346
13907361398
12162407549
8720118370
13068745066
13977023651
7050732475
8159598328
6699644827
12179591127
7502506912
15783445515
13099432477
12022225259
8580829181
8510539452
10627966488
8481530638
10019969820
8179444701
7996422553
5116080718
12672313586
10996345974
13752670825
6144861651
8509232517
8587561358
7161939192
7094849056
7256242410
8692952187
4870151660
7874860593
4483232532
9832093046
5838134133
4832114676
3992559578
4638196287
6835916386
6017676792
9974503514
8363440153
4445704383
6921137700
9452155612
5079852017
6888292409
6491287239
7709168926
4157002613
4234997918
4442970022
6113782743
4290880748
8826968258
2875576900
7690186437
3349453599
3193239481
5233179255
1592398101
5152504066
3892275947
3305436073
1765227077
1666643447
4286919203
3196030611
270635700
4022478016
3754903054
1301895813
3340804465
3017021445
3597536436
4408627473
5174911735
5098367007
4779325178
4466272996
1823047378
2077272618
3710408315
1128594202
3434863931
3790232801
4622852193
4382129068
562950154
4007939064
4580351786
4349995840
3997568494
2599328801
5067966249
4344436092
4698588232
6785659090
4955429058
5490735716
6104922536
8270562556
9340465096
5990922350
10121417037
8821674693
9729886276
10309878611
3197961752
7812774200
7388454429
8980998073
9136137862
8030069990
8776297898
9115963114
6252978836
9993840340
8327489877
11745696972
11503679956
8868336381
7910984304
7643625929
10524312310
10113232934
10570927481
10103722734
7969198146
12321394561
8467773381
1387686962
8328681517
10671953204
6236428944
8371605768
8492306277
6908794725
11227286004
8574022528
6469953674
6803799432
10574235815
11191125354
9807909730
15290517603
13445145525
6062503571
6558902229
13945762490
5903805676
11948221624
12227918493
6806956634
12779203143
9422089949
7450242755
12046277261
4522782291
9203555305
8261588850
17529178907
7090749029
13921466709
8278468310
11745375741
5667171020
8521973296
6352547448
11518030268
10809000729
8309727768
14623106926
6939376851
6367454882
7881193728
6135589957
12940945342
8998182461
9783543847
8731887963
7211882890
10029032109
9313665676
13205877794
7137834026
7175479826
10904005864
7739102689
8484776083
9411985831
6659090175
3791438220
4406674943
9723000502
7227965738
6451938019
10421897495
11018962008
3094009675
15314351562
5226712912
5230607476
9674733885
9216658166
14449905469
10127205504
