4995599396
4969710229
12003863953
9926964452
7658140435
6242654734
10172498816
9259090758
8014564887
10701650765
7900447632
9282270961
10016492576
8670715208
10900175755
8327893490
13527553066
12977074232
2615554481
10157161763
12885331947
8715278024
6368084696
6922368156
8299450374
10649717386
7531464268
8500295695
5258792371
6035855490
12847286259
6378549631
11182227261
9956108944
9629678142
8871499273
8568062576
8687362099
6974589644
10065193161
9012758034
11326616251
12993618748
3657793235
8264348794
6320658159
4139590785
11209825501
9673285315
10335501922
10618613571
11776154979
15646350272
10596949049
10783797180
12571789779
5922052747
7613523720
11664954520
9465447750
8240609851
9367549397
10000176070
8213025010
13605644036
10139964159
5664999328
9115686037
7415470864
13662431040
9577964132
6627318577
4415621553
12503987578
10746947074
8500961900
7077561470
6847362027
12498900978
10614209061
10364845078
6657046336
7544175764
9342187947
5488423271
2772460797
7628199787
13321144354
10927918794
7445055443
11769971990
12440931034
13013860340
4752600896
7419809675
9349209851
13898421238
10468962106
8550793982
12061425548
12142602407
12159124999
8345974960
11533442431
9526378397
10182991631
7341673682
7669180307
11833964834
12786081306
4147368634
7686916882
10682294076
11038644189
12843983066
6790085668
10000924275
8808384122
11091689105
11103013679
9162447445
8154697841
12449279518
12637604356
5743581827
9130768423
8628580182
10723991094
7805902548
10437077495
6895258364
11818351608
12514721601
6981624908
8137646859
10877833391
7145558145
8091803469
5424553369
12219219628
11446917283
12374828234
8587510812
10248160746
6163385599
8036641216
8587826941
7266660600
7547246853
5527485361
12598173875
11615381480
8057459936
11956136881
11627817601
5291104008
9820324498
13595289614
12167230058
8678248464
12994809208
13408143795
7065992794
8077450888
6717495718
11834424486
7435246286
14871055439
13109830820
11962102472
8500203794
8520517509
10529761645
8587112042
9805365459
8198586689
7897171599
5189583002
12551916866
10953408569
13196770182
6126870365
8392748830
8603843691
7171573295
7184223797
7333310924
8702883441
4799808256
7897345150
4551543695
9709879703
5739284706
4784533108
4156348795
4525719865
6737796294
6063572420
9982293773
8354108943
4401934875
6952556791
9704121991
5052627971
6950760111
6414612238
8408117725
4139023587
4230603818
4421120199
6281041485
4151027344
9593371709
2932148796
9061543594
3269763379
3112192867
5177137785
1631553654
5031589970
3822293641
3319693412
1678609214
1658928668
5008444919
3235707984
149929681
4500497913
4886715174
1389418212
3404802631
3050838248
4072819254
4822626432
5424646381
5639285360
5661070759
5280693754
1966541954
2015610479
4131881023
1075211607
3967592480
4237832566
6124937679
4313740872
588743055
4014482872
5052411263
5093748415
4034399670
2522996933
5928854799
4316016766
4840028977
7639806633
5027350644
5621374553
6254169765
8356919891
9591834564
6164191477
10242771162
8798596089
9676192946
10836318034
3203007930
7822716198
7424598145
9219352777
9379045684
8003393826
8980243379
9401105392
6204251171
10162694815
8290420466
11791890932
11575373015
8917749120
7844585718
7665391089
10522584420
10032500999
10826198779
10100924889
8061066103
12510214246
8376310471
1417578151
8410334642
10717341845
6309768794
8436988923
8521774599
6993407676
11485095042
8668179183
6586744303
6844597211
10548665473
11259331497
9714311636
15258810620
13509483427
5978068078
6500400804
14108461779
5938200975
11897738270
12183394509
6684971755
12747800752
9412360167
7566740598
12019232692
4452553770
9022388681
8310414356
17518834016
7140575941
13906071882
8308034787
11779214319
5655303464
8567842228
6366195790
11473234988
10837348346
8326692342
14676099834
6984503859
6319755322
7862693844
6272075603
12892336606
8965925103
9774203109
8641338114
7246106460
10017280876
9260940861
13308976561
7188329419
7214611308
10866461831
7790393028
8573421218
9376144714
6632147740
3743109228
4314752809
9782781801
7163417015
6533413609
10564601782
11073235072
3052041038
15318496697
5322635710
5180012075
9703798902
9316789948
14390238888
10179366102
