4986706197
4958372470
12016847602
9912770015
7682752104
6245248316
10196943555
9266348833
8015975932
10678004910
7908381178
9293851209
10006166982
8664637579
10925171602
8352470980
13533712658
12943350247
2598514736
10156648732
12890592303
8710278661
6351608483
6926729398
8296084769
10654590562
7534805999
8514421803
5261234451
6010975730
12866711234
6379546288
11148763733
9930186458
9634737459
8869078954
8575268210
8670721286
6943241402
10086035699
9005062671
11351813166
12997967644
3660063442
8238789810
6314543654
4119854259
11236230331
9666210380
10341782223
10638251124
11797450110
15674253404
10595117313
10790772254
12556162828
5924910946
7589418909
11677356088
9450092501
8243988328
9337510980
10021603115
8212114537
13598560424
10140683262
5684839298
9129601896
7414096188
13647889258
9561815243
6591971808
4402240440
12477527134
10769068418
8490316614
7066411133
6840163180
12481003174
10603217487
10373984980
6633265798
7531472117
9331745786
5477672768
2772141667
7641487011
13313162142
10939232139
7431463808
11788639795
12466667230
12983555921
4740189247
7421555407
9364927440
13897036465
10485474402
8594733420
12056163869
12126218015
12150922350
8346805218
11541894879
9538103168
10158483541
7304836322
7670353240
11850376527
12780538535
4133944023
7704757306
10694035345
11042056604
12824138145
6800450023
10010245741
8801106209
11104706101
11086899210
9166936094
8160562478
12459161378
12611407042
5771681388
9131981711
8632075855
10707157770
7800857799
10443902233
6927321214
11806036207
12486421522
7010585429
8180164021
10859812557
7142784392
8094914552
5396276927
12198010350
11446322195
12362574154
8582868512
10273502488
6156747600
8013937296
8596990525
7286180325
7540837891
5533118350
12584068010
11589691684
8068214213
11952229783
11615801270
5297917831
9817481030
13574067252
12177367399
8696909315
12986825908
13393438281
7047175393
8069713578
6713094753
11836893772
7443272324
14832409293
13104744313
11960497419
8460063930
8524845148
10522898235
8603289166
9780580656
8176676455
7919695049
5196201407
12549280109
10954838739
13181837194
6099705936
8387526737
8601357828
7178114647
7197597879
7306010257
8694204412
4770657962
7896047375
4546907924
9706432484
5742720114
4789479846
4150373668
4497106683
6731653657
6076886426
9987806795
8331527679
4389664246
6949867471
9719012522
5072194736
6936050721
6422213111
8444125842
4148954213
4221826781
4413749740
6296525936
4154707826
9599845930
2942950659
9146139325
3274715171
3090789924
5193067351
1644114064
5041052310
3803313756
3299262940
1692058430
1651789802
5061084228
3243543861
146060101
4513258840
4925321284
1411148388
3386122549
3074350781
4082820757
4862439623
5430583248
5633931720
5703889688
5315441055
1946491251
2021912538
4132817851
1082299471
4010825666
4249844543
6197937214
4313910556
589860124
4010988031
5042832015
5154258777
4039477126
2517619974
5971240827
4330831350
4839244552
7687554004
5045211421
5611539600
6262818800
8378134063
9596625801
6177974530
10267386104
8819219220
9665554715
10842243173
3200204588
7815807968
7421099521
9232107698
9370297176
8030026895
8992832025
9421169178
6217086826
10187043574
8293114024
11798942990
11578019542
8895100842
7853233594
7677162235
10519355610
10042933193
10838196705
10076075998
8072305462
12541798166
8364541093
1415728831
8419582685
10714332676
6310755095
8432634328
8531468840
6996070078
11497986654
8696014588
6595608537
6872632701
10560050896
11254524957
9703135541
15268689524
13533896734
5952945326
6514263143
14080158404
5934362063
11916380128
12201672609
6707592160
12738724019
9428948660
7591426574
11992772067
4430471023
9034579035
8314361959
17502297702
7144842018
13925280484
8315128905
11792517619
5668912257
8564881046
6374227283
11470641474
10805879826
8333370536
14654937050
6964471065
6305216822
7884686573
6293207877
12887527270
8980912626
9788492993
8624370313
7254450590
10042311683
9238074034
13308455936
7174253337
7225027192
10882302805
7771862980
8567713410
9346896092
6640907139
3722775549
4327723345
9787842866
7154975725
6515559252
10548449376
11086480620
3057138301
15320169711
5334324827
5186039436
9691316710
9325591296
14388644262
10148027757
