4891474876
4883972144
11894616198
10047882347
7681537311
6230361259
10217150489
9279241087
7984395691
10668863842
7926439636
9200584233
9888974873
8595563881
10813899041
8292862679
13500209644
12908045719
2563624939
10105778463
12856194035
8676812318
6291250514
6886758752
8252473330
10494038438
7436195604
8445089066
5210708899
5961784238
12859777932
6438566122
11200388865
10023331987
9554808799
8919419224
8573385973
8692482997
7039873540
10044943498
8994771150
11314564424
12981031691
3762307674
8318966495
6206836687
4156665712
11194380644
9590423064
10266450401
10598246218
11771565524
15673874709
10660224021
10740721921
12515790706
5959565954
7571486587
11724479567
9542875372
8197830096
9325475930
9986069586
8223048358
13679777281
10207463193
5683397121
9077525485
7411699476
13690490675
9530299803
6594597739
4410196250
12381742420
10719054556
8549577622
6985577274
6901246048
12380496415
10532673994
10309796203
6738421649
7681232546
9411540873
5548476398
2754784107
7578412931
13289985991
11024583604
7397412034
11817826871
12482567151
13116942724
4664775117
7387698591
9257175472
13988194766
10408342662
8580641758
12137762605
12097175230
12113263142
8386450062
11572267330
9522704405
10088817367
7272082344
7584298430
12050388115
12792798149
4160624464
7757296681
10619309484
11050112735
13051908203
6780306358
10051090299
8854620993
11243078502
11220487931
9169535416
8166869730
12564998774
12814662100
5712091983
9250223041
8605255965
10871594980
7980883389
10539428521
6807252458
11782411640
12735069448
6971851035
8143329837
10710248793
7218274166
8138887273
5349783528
12270324826
11375019075
12873461732
8524231444
10161626453
6116326121
8058944593
8637137555
7261110275
7523684877
5463127128
12785787528
11662881089
8111899930
12076242846
11860835497
5258563104
9771492496
13845417488
12197884562
8669259138
13024389878
13847020459
7037593575
8150210446
6693190842
12088222395
7504846525
15609429491
13135340187
12021770854
8537879962
8510810902
10629142957
8530795319
10033503340
8171308914
7945935328
5149938748
12629460237
10993290285
13664765494
6114996044
8485650701
8570361546
7152764376
7133295708
7277349124
8747767986
4869789372
7911608574
4514802158
9819066458
5800490036
4824971588
3996894949
4642120420
6856532013
6020837794
10017853041
8358725454
4424274107
6908221418
9516793752
5084657032
6897540956
6469215370
7823522548
4108658038
4219535834
4468682375
6161893678
4235510616
9076854137
2879679953
7906580806
3332013574
3243905336
5246430382
1623224100
5141710448
3906120645
3304806310
1705837869
1659438284
4488749075
3182591332
192942925
4150699643
3915903180
1331545035
3440535842
2974242089
3702442884
4540014175
5210832812
5203303736
4960626951
4625017371
1882308536
2070325981
3787513288
1116359494
3549822294
3859473013
4893706854
4449117145
575883162
4108288140
4660422856
4449404769
3977614818
2572404223
5171297199
4322800977
4734574690
6949375891
4991114452
5504791267
6112883003
8291566273
9362687026
6032564226
10137952512
8799961918
9712414069
10438519868
3220958827
7846277097
7431159852
8996006755
9184853169
8008519619
8873601505
9155470365
6286043323
10017606885
8345175515
11795723783
11562070951
8869449629
7898148056
7691886755
10536294990
10125552673
10631083010
10140351524
8015179223
12377497252
8453233098
1374152256
8365573201
10696369360
6222078430
8368372756
8522460852
6903394401
11244269349
8563801621
6435725426
6836691168
10559724135
11205343708
9803837383
15341302775
13442929589
6050403794
6577401674
13974755014
5913010208
11938047756
12225224623
6770771799
12748872729
9436319907
7460469201
12062515599
4497137178
9142956650
8316874268
17515415280
7099078950
13895554674
8296780431
11804950392
5673827789
8547606496
6363981548
11470191049
10831710721
8322620501
14626669753
6948727727
6351839345
7844613485
6194269780
12933259680
8981490352
9786529959
8754068067
7170052319
10050536081
9275003065
13236147008
7102561235
7190401387
10859811771
7730563946
8512442040
9381873458
6673554600
3793813931
4368023743
9722202763
7176106319
6440769232
10413790732
11027902075
3029021418
15297867097
5237445616
5227272637
9652170808
9218342820
14423616007
10171107527
