4989844329
4957811724
12001935478
9910412429
7673138223
6228950243
10194853546
9269184526
8024186246
10662603437
7923978187
9278983478
10017116996
8678964307
10913342180
8374592187
13538342294
12934898586
2618176430
10164542853
12920929549
8711478766
6352324408
6928017690
8292216716
10671283632
7545951437
8533606696
5266810398
6027269806
12857095219
6378526278
11152560423
9927639964
9629726661
8869158927
8597455884
8676669284
6936071551
10110016064
9000494452
11360866874
12987826475
3658462148
8257704889
6328454166
4099857411
11246434074
9675954172
10329189640
10621149798
11801153611
15697608355
10593146552
10778072574
12552132673
5903863586
7580344550
11680601664
9446538240
8240848561
9356093369
9999916627
8229375045
13611015882
10140415564
5694763712
9132616080
7408179903
13646168830
9570511365
6572855243
4390390529
12467668991
10784382394
8454078523
7066147633
6840514286
12487422893
10587350371
10382022002
6633952080
7553392536
9353563017
5467517928
2784815658
7616801286
13301951682
10914662418
7436785863
11792112714
12452216436
12970695440
4736623922
7416194774
9351734912
13887666162
10505554429
8573593103
12061509788
12138275416
12156413820
8363198851
11535653313
9527133305
10154861242
7315552540
7658621879
11854026875
12770409062
4121838831
7670639921
10674637877
11032748871
12798761002
6797396911
10014880376
8812340286
11084902992
11078440806
9194307888
8152551459
12445945285
12602178971
5784380905
9132285160
8626310839
10680658834
7796601882
10426563036
6955654608
11811680320
12481835188
7002606042
8151138451
10865896249
7153828703
8092629589
5375814342
12186082857
11430641742
12346023618
8582667108
10281006670
6179229545
8004130213
8578702369
7302495725
7532803059
5541177396
12575588726
11593603252
8036693250
11935104144
11602714259
5284208026
9807853590
13557552383
12200439472
8702220062
12977915807
13359625076
7033030434
8068754083
6716413670
11830029778
7441362509
14812086726
13084098535
11954471651
8442083248
8498590185
10513788206
8592503632
9758052628
8184706793
7913180829
5205290784
12558219470
10955358132
13134732735
6067216994
8377363407
8606342645
7168001147
7195719358
7321451760
8698097245
4766683307
7894250687
4547907306
9683804857
5764418606
4787872837
4174984690
4454409668
6734960258
6053731019
10003549672
8312662578
4383317802
6945013921
9732680789
5069954439
6927557675
6421022242
8470154579
4163466373
4217137895
4402768889
6300355262
4155139051
9612083507
2941918369
9211515485
3251036603
3101457035
5198056916
1652426592
5026097174
3807933696
3279158486
1675320906
1667580452
5082953394
3259658537
160427875
4545859471
4978730150
1435007635
3380321948
3097892679
4124861173
4874166079
5464134453
5643143541
5743147788
5361199755
1930840781
2025251795
4135661204
1068680934
4022009236
4256271644
6254173290
4317171529
575160465
4021586456
5063447226
5188073779
4042462881
2513673556
5993194641
4315599679
4836864503
7699773091
5053030580
5610684193
6260671610
8390133640
9595255490
6202309580
10266840039
8833780117
9668049547
10872774416
3199155670
7829398421
7404890555
9228637964
9386402674
8005994684
9002103834
9446942877
6194987766
10197975520
8281468587
11800622821
11573881347
8893063795
7845595798
7700828674
10524524193
10038348373
10846754717
10070110166
8093040522
12564745132
8367299596
1431532912
8393580710
10732162545
6286990256
8438699411
8533116352
6974145036
11498452191
8685642156
6595511353
6873352296
10540761645
11244283884
9701482355
15247260691
13551200606
5951934687
6519494164
14080253808
5898321398
11912427596
12186565215
6699304662
12717389798
9426231028
7584780317
11981973471
4435021675
9035756725
8332559868
17492581523
7118938595
13914607460
8314833464
11821586210
5681170665
8564311951
6404069921
11481118630
10789698711
8332258243
14633759034
6958879989
6313557096
7875612183
6287129261
12892272098
8978224319
9784810223
8615204808
7251035077
10019034528
9227818423
13317500139
7150353053
7200302619
10859929304
7762929416
8559984004
9341069706
6633488072
3728074894
4302782746
9766106515
7180006432
6521821175
10548366664
11080663317
3043369520
15322813638
5314194999
5193996445
9656053236
9343080773
14397055547
10147339874
