4950958870
4974580046
12006282765
9924473445
7704395896
6227197864
10156204058
9254916057
7996917893
10679060776
7886713182
9229908372
9984966273
8660452190
10909016160
8305872540
13534040153
12905349684
2593945488
10127992550
12858233223
8700410018
6322727698
6921984898
8275363794
10583670439
7481208950
8504988849
5278775456
6057682264
12883478569
6388562518
11242943181
9987882914
9556344425
8873683776
8562121001
8604696769
7001231480
10037607232
8972310655
11316099788
12989229340
3692598357
8291754080
6244107004
4166289170
11233501655
9634919543
10286841320
10594936009
11805329325
15699058300
10689731453
10752559074
12549796634
5948786831
7618477268
11661835863
9585408409
8225425837
9424145739
10019801037
8216847290
13653002048
10206111812
5711323472
9138489187
7383902914
13716353007
9570834804
6633792592
4378521928
12399752366
10723555529
8537028537
7060422009
6917792845
12460176740
10564653282
10361728577
6642717545
7588598318
9381720661
5554198061
2778766180
7597825958
13342795883
10967242301
7437291836
11812746299
12424659914
13086283373
4691501603
7359680817
9308443778
13905299437
10436802448
8615542908
12082033686
12170499438
12149390730
8332350041
11520220179
9529965929
10156995867
7339491160
7608629882
11909899997
12805949268
4206270138
7699466766
10701154435
11056195364
12939420841
6783106453
9986520781
8841963817
11118210963
11175200785
9173822580
8110353201
12469763916
12672766637
5771367813
9199418353
8669238229
10791445687
7853852972
10446980297
6807138079
11839804845
12599386911
7048169936
8146933943
10798256952
7150516501
8127903207
5421589375
12247697042
11409973391
12550800490
8617950501
10195877788
6133334601
8009798592
8601613731
7247055739
7554596146
5482935204
12675326393
11632944286
8079920032
11966777774
11701035924
5270365124
9862102452
13648081307
12173631668
8705537694
13063246943
13572685225
7055837139
8112307228
6707512547
11909159607
7444870658
15039543693
13120693975
12000612692
8524795823
8503609828
10593013247
8579497588
9913737635
8216447379
7906856233
5189922747
12586643815
10960632355
13353907809
6122238071
8452082322
8589155954
7130358949
7149022606
7297374115
8709322204
4811758975
7930725859
4527396338
9751080666
5759092925
4798727984
4116540334
4576480769
6803969308
6073868988
10050633809
8328321533
4412849444
6919317258
9668360191
5069524441
6938466173
6401284865
8229446709
4093978208
4211156196
4457338072
6218552154
4173770908
9509165608
2916407349
8638134484
3273457755
3179889356
5207254684
1631917727
5139475969
3858101956
3339184356
1773290513
1712254073
4843686388
3222802475
163103314
4468851004
4525032681
1365065578
3457584920
3023993808
3986989288
4728243387
5373207610
5530110044
5383150010
5048688928
1943406902
2041598645
4072728421
1098347679
3854483657
4139364224
5794057331
4371149180
594253640
4046157493
4994548384
4916183324
4012064321
2538342238
5633580091
4305734894
4840125931
7416053398
5051845972
5562305906
6174449458
8298906857
9496709061
6097659505
10191959111
8812773683
9691088928
10698506623
3234698441
7840905623
7411453982
9116712705
9293780550
7937360557
8954980568
9368016841
6220152376
10075763046
8298579537
11824696907
11560969560
8897739139
7876509998
7677515532
10532334195
10020889005
10753868171
10139068980
8053639123
12448453024
8391543642
1403132482
8361242829
10670676490
6310812494
8439391618
8543315939
6976359707
11420212316
8630719375
6555521344
6863707505
10507891031
11181337275
9748657649
15285167793
13514405830
6045736241
6557215039
14109787658
5892410382
11874584863
12217988392
6682187433
12736832500
9479617830
7510483040
12036466589
4464234974
9031562572
8324697777
17508663925
7133420823
13930061834
8297303062
11802048499
5670921516
8552470038
6380926883
11435126049
10871796669
8310048047
14659779547
7029269893
6334008584
7836536068
6257151475
12840273168
8996531484
9762757254
8666785605
7249393830
9979048328
9270341107
13304097109
7172015514
7179217132
10830438218
7769654845
8597548463
9396576843
6633092384
3754640110
4323184774
9755105606
7197998364
6502238515
10463335859
11035383964
3022294150
15293464640
5343938186
5216567407
9647133859
9303207551
14433612245
10180614944
