4977773596
4978675377
11988818620
9922232155
7689130162
6252758353
10153165115
9251386089
8004683689
10704829986
7922356612
9274496984
9985629957
8675791325
10912440979
8291366969
13532214987
12947177282
2591857691
10143012227
12871057422
8675050111
6336090741
6946788187
8317942250
10589668048
7510309319
8498778381
5267728966
6033436156
12845592799
6375165865
11209070134
9965346634
9591930885
8882738022
8564857012
8637080767
7005431466
10069006788
9001623788
11321958712
12958377735
3660050030
8287414012
6314485629
4150024011
11247276740
9637416900
10303457731
10615103328
11792561686
15682817061
10623253984
10787928664
12558281538
5913838321
7606141879
11670834545
9505993340
8252454539
9392230091
10016130575
8220801508
13602965666
10151190879
5664315550
9121228509
7438584898
13682760557
9570721225
6615858678
4413927350
12459390219
10711002517
8542166881
7050516492
6840422068
12491711146
10571401098
10366468798
6663790260
7569649531
9373422188
5520598554
2780151094
7642659631
13303860557
10937884967
7431486912
11781843455
12428627988
13055743435
4709213415
7368228580
9319913399
13891896521
10455326010
8575032707
12069971502
12147540519
12152688581
8369833971
11526641886
9542142964
10166706759
7341503445
7662039004
11836720010
12789070151
4167702956
7685216797
10707460243
11060894305
12884305724
6790648455
9996538299
8839113619
11111305722
11146727809
9190219553
8156249673
12471956510
12653729231
5752730657
9129687939
8619318816
10752049113
7823619925
10440642187
6882351413
11854430123
12540260546
6986303210
8120763112
10842774531
7146341081
8121567574
5423608952
12186331302
11423508452
12413559760
8612183638
10206445957
6135914277
8027024914
8601857231
7261769263
7550206253
5518247694
12644670270
11629175996
8082874263
11953936728
11667603862
5268147101
9843436221
13632045162
12186071598
8717256887
13015984629
13476285249
7064157236
8128468722
6689217796
11864836966
7457132508
14946273699
13107379633
11960926332
8496447581
8516838125
10538907775
8599818079
9834724951
8184863310
7882982011
5195278214
12579700248
10950711407
13240024534
6114799380
8428180497
8616324526
7172166705
7150119434
7321753287
8659806796
4797844922
7903397801
4552106031
9738097447
5746420685
4818249677
4130743946
4540646051
6762929918
6032467725
10012496049
8315265698
4395902950
6934008358
9703435451
5057975874
6951459489
6423887436
8370399347
4086125465
4236349344
4428351377
6239125484
4149110189
9533734088
2926673080
8915418617
3242437887
3137067699
5190987305
1624602165
5074420514
3836099817
3353386233
1733689565
1707296924
4944371408
3220663762
184624242
4473738449
4749427629
1365587803
3420560969
2995698984
4016023691
4820621000
5405152870
5590851899
5561399238
5186128289
1965852462
2033336681
4063275129
1082230264
3919428776
4226773915
6026005890
4344691774
601358467
4026661270
5068112341
5031514381
4036218159
2516030914
5835235154
4302958269
4841082357
7564691180
5041838392
5588571487
6213886103
8359320073
9569099129
6135013494
10220606764
8790497900
9654374524
10778888789
3191887046
7837961936
7440118043
9175706842
9337086468
7982911486
8967207909
9415782921
6223741766
10132896677
8281846467
11811641160
11534387132
8926791794
7884436862
7664993931
10528475546
10050355134
10809406102
10146747561
8053636782
12508944425
8383235492
1418989602
8390487069
10711445321
6296388058
8442272513
8506713911
6980314044
11456269951
8659408503
6555546682
6846066162
10535711211
11259296389
9693548438
15278213754
13516056453
6006201620
6497166418
14103401936
5911415189
11896157043
12198509348
6687234256
12714283660
9430822209
7550104050
12029071135
4465774110
9022402283
8315242759
17526828812
7131443327
13888138078
8297242815
11786965731
5686037095
8572540892
6359321393
11449826048
10872548414
8285449829
14681721938
6989110193
6310895512
7856323470
6257188759
12868599440
8954225073
9793253622
8647126877
7253736838
9983156946
9240063769
13337078739
7212373220
7187826413
10879385518
7781123278
8584792187
9413706998
6624856349
3717650252
4313355072
9775042398
7136419858
6533157541
10530625923
11070639757
3044578637
15332208957
5336658244
5190836382
9659321940
9302877606
14397253512
10199726063
