4984438712
4988978033
11980380063
9930241273
7666020093
6282013614
10176036695
9271042864
8014184413
10699649188
7913456697
9249720398
10004495478
8679705994
10907540472
8307136019
13520497515
12981145412
2615022752
10148017987
12856753777
8712547835
6359234021
6942588413
8322038964
10629579148
7522185489
8505547906
5267373939
6043403954
12844588182
6376524078
11199108984
9969678528
9624206010
8876245802
8573644112
8663216719
6992667828
10064704635
9018791711
11332912597
12982272056
3665009437
8261101406
6328686762
4148172214
11229493691
9668785906
10310728524
10616892926
11784467715
15656775390
10607282845
10783261139
12551956682
5921453475
7609430838
11670638980
9488521833
8242811818
9373626736
10003929873
8212950286
13606960569
10143750638
5662264446
9120420756
7422790513
13668531934
9573697617
6619780772
4427929374
12485693347
10728954778
8504016673
7088857297
6854546188
12513316070
10604625443
10365562061
6651103054
7566829133
9361956698
5490307708
2783428804
7632936437
13338624467
10920628984
7430636701
11764116096
12432105705
13024240250
4745447653
7399784500
9352729731
13883473651
10460795725
8556883451
12058572154
12148111969
12162576548
8340748705
11544642888
9516417093
10175115732
7333372844
7683488505
11839750855
12781121457
4172968598
7688199302
10691146405
11056885204
12864236084
6782785802
9982223664
8825069560
11086533642
11104439815
9160715730
8173000184
12464424471
12641889362
5759115650
9144277381
8628415760
10727738311
7802720880
10443693806
6867736901
11828910303
12526492478
6971975344
8127532753
10869759410
7165663285
8104684504
5435541801
12200654118
11446066371
12397622672
8584055936
10244003481
6158871687
8035886635
8585710754
7264600723
7545374441
5523865527
12621658373
11633742283
8062330376
11959194776
11650981432
5281713617
9829294395
13597040737
12162941605
8673919018
12992073996
13446355132
7061505694
8094780711
6712984514
11858038857
7449610141
14911042000
13108506775
11950927864
8498196456
8517723054
10529129247
8596431317
9819086117
8191460238
7908428347
5201954366
12549816691
10965375434
13206877914
6113910001
8404357360
8612219565
7182729731
7176103183
7306375656
8674129458
4785086976
7889900875
4554193514
9718727027
5748046730
4785909631
4144434718
4520211624
6740122796
6047199862
9984526534
8337070260
4413473328
6949686576
9696331396
5037818158
6945310662
6419873423
8405240990
4134383698
4234459351
4424949098
6266428070
4152541551
9564026211
2929586417
9003279311
3262858533
3110473506
5182739495
1626340624
5047557073
3821370534
3332333373
1695516159
1682084187
4968371551
3214709427
149991063
4479798119
4842125537
1407950968
3410355268
3040826081
4043024867
4823276236
5421888219
5618266907
5619519055
5245355827
1948421755
2027646007
4100138144
1071170371
3960025371
4231782947
6100937492
4326089450
596326505
4003168122
5081537595
5077365740
4028498334
2510400901
5906670786
4300729043
4830712726
7623415876
5021404689
5615516105
6239416769
8337689438
9584911249
6148952974
10248423533
8809963471
9678393908
10802365320
3193470999
7821754577
7419661187
9194480864
9360446776
7981393907
8992595484
9398394293
6207295534
10158194588
8303302434
11796724122
11567870399
8932989443
7850878956
7673128164
10514858391
10037557799
10821910765
10100702136
8047789462
12514743576
8376200903
1450347999
8389168538
10719346823
6298247457
8419174813
8520835540
6992997520
11460764025
8675304364
6568343156
6856488314
10565328325
11261688800
9724755288
15251335945
13496330527
5980619161
6503698453
14120201409
5939388338
11901191241
12186287989
6697501093
12729475114
9416211283
7567565447
12012559007
4474659799
9020877658
8330183679
17533476803
7132810065
13900749902
8304352733
11783628759
5695600618
8582997096
6346670724
11463732101
10833391539
8326643372
14689400816
6975043368
6311045851
7844502098
6267741622
12878888163
8970352053
9806210755
8649014762
7240897343
10009777450
9251056035
13323501299
7192394967
7177161997
10876949612
7784303117
8582393258
9390931739
6631222426
3719531887
4314167883
9772782602
7153830465
6538090653
10538593195
11062839822
3052014812
15302919804
5342868755
5182452856
9682480316
9310390304
14372143003
10178399243
