4944440764
4981125440
12011159774
9934336023
7702854285
6243721376
10132940204
9228503552
8005975361
10681163497
7903051059
9257992081
9994688401
8676628264
10928392631
8302562299
13542545964
12904681782
2611290101
10145106624
12865786101
8690650951
6324821717
6934629569
8303819780
10605749008
7486873605
8490417390
5276546209
6029183514
12871043144
6375654995
11244655568
9984338228
9564289147
8873794549
8573097872
8614449446
7001017899
10050543571
8967668933
11309648132
12965998359
3684578678
8293385097
6254698171
4164050834
11243390736
9645747155
10282718566
10600806786
11792831605
15703136992
10667821127
10759027856
12544469272
5937700889
7629379095
11684013940
9588507941
8258449711
9415598973
10031781188
8237170067
13647054506
10209393079
5712410607
9115047158
7388743528
13737727128
9592951563
6630683835
4392845852
12426662297
10722962581
8543866097
7066972462
6896450733
12466372265
10562771267
10361972604
6644293056
7573816479
9384009092
5542428002
2785112165
7600993923
13322121876
10961024789
7436696560
11806871910
12428589014
13070346392
4692320827
7356860253
9324707217
13925478150
10441714726
8608072791
12076254404
12160155895
12162928843
8348366904
11535431707
9535986854
10154593733
7340335962
7628084808
11895136578
12810331785
4218353296
7688696198
10711810912
11059321406
12935562586
6794676026
9996620549
8847679458
11105613578
11168702402
9182921269
8121153040
12452832025
12690061462
5781372473
9181254081
8668540052
10802231400
7841560262
10451875977
6799720721
11849477155
12573971676
7030872127
8166300619
10825701242
7149670484
8123059750
5430672427
12234247212
11397764405
12529886797
8608106107
10193282175
6149112377
8012647659
8583630434
7262542352
7569061598
5494646673
12678628634
11631498230
8075197272
11968076727
11699807533
5244187271
9860146757
13632611622
12167563268
8721468639
13045441249
13567117743
7053674562
8067603792
6695482502
11885425268
7434150566
15002329692
13117517364
11979741661
8531133887
8501441596
10585252276
8597832033
9910034006
8202909370
7913822394
5196319444
12594123667
10948582224
13331157147
6127595841
8447625043
8601741948
7130478242
7172143312
7286234422
8716193487
4800880091
7937271657
4531044227
9726536074
5763833052
4808255295
4155449672
4572599597
6787582753
6068140890
10050082520
8336617222
4398071655
6915212378
9683438148
5058225079
6939909117
6398556943
8281504213
4095580150
4231651854
4445540940
6224028710
4177615632
9532011985
2904042352
8709476879
3266073815
3170673556
5222044685
1626855829
5106679212
3833768928
3323422139
1748822140
1711738533
4863392118
3227883405
152318195
4490427568
4549486453
1363488593
3442214756
3010485960
3982295377
4771383419
5382136103
5547493491
5439155331
5082582626
1956277068
2034156991
4068359868
1102752165
3860412590
4158290046
5843817517
4366173736
593391690
4023679254
5028660842
4945106479
4037291855
2504110798
5685867266
4297073483
4838906485
7444328364
5068033291
5572369346
6182845443
8305352571
9507588098
6104525658
10216350553
8815940536
9667846378
10705871029
3225076510
7838571960
7419882152
9140115841
9312462002
7948441052
8968104875
9361183218
6213654706
10084258298
8308732417
11838158230
11534976310
8912855357
7891622357
7696668334
10523578354
10032934944
10769326246
10139689223
8031170761
12470608148
8379494981
1391842335
8371826493
10667221813
6311015137
8446424622
8529529161
6990144270
11440283294
8640445670
6562864993
6862257315
10536187710
11219933436
9753650155
15300479134
13519495584
6055558305
6550813500
14127368214
5895087802
11861445253
12222239505
6664133117
12746549989
9462702527
7509898111
12037383668
4461147459
9044894953
8321808656
17487076642
7138544475
13917132169
8304195077
11811742896
5667995733
8544559721
6378938663
11425028374
10865950647
8316015111
14671780216
7003767434
6301018980
7830201014
6248666009
12854274906
8968891035
9759958536
8673387535
7239493365
9977406238
9268270359
13311503923
7172244060
7186217414
10847039467
7773629622
8586711017
9394225079
6631837627
3750527264
4347062574
9764176386
7189569677
6516569394
10480368171
11038168817
3011429139
15305194598
5347403135
5221690042
9668987957
9310242506
14439318942
10174792908
