4899928055
4886213989
12003150211
9967980978
7676812599
6242692962
10204666201
9258993166
8003440001
10730533784
7912512696
9169889959
9914024462
8619962970
10840948337
8265144031
13531179428
12935232461
2577091746
10113862039
12894892033
8726348894
6302753102
6932593237
8239708548
10504205486
7510096730
8444995807
5205931534
6020763083
12887133370
6408331190
11226828442
10047626194
9588103691
8938911242
8608294665
8647690499
7027255607
10057251732
8970185938
11344159148
12960085552
3715721745
8262191206
6258003659
4147067758
11214049434
9603275668
10303901040
10568369335
11791859858
15655971629
10688435309
10744246535
12503496929
5907755646
7617635601
11740527204
9534422722
8222168588
9354405673
10000618456
8265764674
13665248037
10214966082
5741481527
9081140393
7432785722
13682285010
9504434503
6591602946
4405658226
12444431058
10713588259
8576528118
7043493136
6919507074
12398173541
10515047461
10389128126
6709548119
7610239524
9399752119
5532571296
2813219574
7602852122
13286131542
11024393887
7456801328
11820345278
12493525317
13120916314
4716997522
7368539227
9275709481
13944734317
10387784351
8567639956
12098229486
12148756345
12101627432
8328270873
11557020132
9534336586
10135678777
7347885144
7631679042
12010972530
12822968661
4206016658
7736146499
10660092124
11060182056
13034749939
6761993696
10021257546
8904372172
11203007989
11202400975
9199442401
8157294400
12529059141
12756489634
5709331734
9219840702
8635744778
10795799517
7946134484
10496740696
6789239300
11823376983
12692253730
7011001751
8180274345
10712021628
7224665249
8114184859
5417311090
12269916761
11439698543
12718804623
8578843437
10132673227
6115481767
8059786473
8653579394
7234326479
7515185791
5440757203
12756543401
11661153789
8132860605
11956293093
11743365598
5227988910
9833883569
13772930371
12193273057
8708746594
13020289018
13749574974
6991413578
8171464702
6674482516
12007281536
7454334853
15365551208
13115471769
12022081008
8562429309
8479693647
10627067265
8560490044
10067974351
8188749802
7957385544
5179207331
12616887616
10903114823
13558107010
6091710770
8527284037
8552773535
7137773262
7148048819
7342028889
8679041914
4875146769
7986767922
4492110021
9795764810
5747456491
4818922320
4075277673
4643265409
6812298101
6027142069
10016285491
8320178097
4472960025
6872545869
9556313882
5050990531
6920281906
6476180647
8022267237
4149275365
4239816015
4466011964
6178600233
4228533546
9313731879
2913925327
8209126964
3267976573
3201081987
5189887111
1647194044
5125990856
3888397751
3339060708
1723362859
1675142182
4664975059
3260683292
182951735
4343999285
4086268431
1344477487
3419344079
3008986293
3843902678
4613999762
5335427406
5354378504
5136056637
4794989482
1914149416
2069331426
3986004816
1115641120
3694587477
3989586794
5314161588
4443200420
569456720
4115617300
4819661801
4649287748
4034342760
2562617390
5363667139
4297358176
4793968732
7166625041
5050194449
5525389287
6157329977
8296509991
9427108293
6112242682
10196398821
8760660977
9669138303
10548299768
3257705820
7832158112
7434343987
9010029152
9261431190
7962080509
8955296845
9286583340
6262282696
10049549452
8317660998
11803425354
11601194482
8910145929
7852353363
7678699066
10575038528
10122576235
10693575225
10177594030
8031100852
12427670419
8419358931
1410126187
8315764078
10667268797
6260580225
8406880139
8552341513
6943681805
11278034222
8618991208
6515064950
6820796818
10485160845
11176676201
9797582467
15301617388
13482427410
6022855869
6572170127
14007540242
5888738024
11897680643
12239001690
6720846285
12744055881
9473575338
7470644657
11983082521
4475838146
9090148272
8321404840
17492936401
7102220726
13904361957
8316396086
11803927131
5666812748
8530967362
6359472745
11385578487
10849807421
8278995986
14675887442
6970300502
6325535846
7870698227
6202902604
12849763469
8931980132
9805886589
8736834948
7230204169
10061862175
9236709586
13289524631
7118986292
7200667156
10858314279
7734415379
8560637588
9365855906
6600970860
3774130369
4329886917
9806799051
7188320404
6451607274
10381755418
10992327512
3058170731
15310594290
5301078225
5258833796
9689011277
9247505537
14413267469
10178768798
