6.321675253791137
5.918419826226032
5.797525425235708
5.769720699496743
5.769228713099528
5.6872231474959065
5.596116922206159
5.557228006553592
5.490632685585213
5.452425362576678
5.698792336617873
5.613687354222952
5.464627585680753
5.274443648964673
5.093137420516093
5.198497096488469
5.499796433540212
5.552193304544652
5.634673153295497
5.660205953877706
5.460426031328982
5.520963026622127
5.604806721944964
5.702061102369694
5.607641131798781
5.312051444528015
5.30696440374898
5.356955464973708
5.530022082514599
5.468336316495419
5.697474034843498
5.596128596780361
5.51971294906235
5.568093155772267
5.298692570724521
4.985222631715077
5.048524456520316
5.138489380795566
5.426086238169011
5.852908322614729
6.034117378040454
5.879192855928547
5.65986813106872
5.706565404348032
5.683089499985874
5.664557403634243
5.811519236959687
5.767949411183501
5.609947351184585
5.514019351719025
5.757980048394201
5.816822802828254
6.000081203428211
5.779978504568849
5.761788907485301
5.798559970319889
5.9353750090776245
5.8812276261006255
5.982518522682554
6.0930010064645375
6.154583096962832
6.080018509585955
5.9829478724671565
6.110650039604771
6.203356761397838
6.197317972919611
6.075166726610327
6.018382769764418
5.867421194856371
5.892764889332248
6.126335937040013
5.9651770387650345
6.0064714327432265
6.154628746830623
6.294934419028257
6.12210321783243
6.091599622481827
6.133877979149316
6.214931639549681
6.299613901002102
6.154108903953299
5.9090615297263795
6.044176595893843
6.08723062654957
6.217192678160324
6.329545438452755
6.5347468560972
6.16294162787119
6.242068431056721
6.197051240974244
6.232773413423448
6.198635587205399
6.30569707748999
6.529071270692586
6.682027099630162
6.693834910217404
6.680579769855605
6.571306977070661
6.590902805810523
6.516942187722972
6.621814445902189
6.905046908240628
6.877591307527254
6.864352776772266
6.821812771725947
7.0546875699363145
7.356370323210836
7.232574471726656
7.020415107336454
7.191288644014121
6.94092763261216
6.65799344652827
6.716134396583169
7.14082309754823
7.296777733501659
7.4069290232107114
7.484826141920463
7.755112241422675
7.795228673565484
7.599367887913657
7.370464942673854
7.190993458988124
7.259769715796046
7.097267569016781
7.345721072350849
7.521329705845994
7.516483646498361
7.69343845406588
8.000140172897282
7.782863385266148
7.614549404805512
7.449167553521665
7.4858159006942095
7.567252926079797
7.656476490858085
7.82597352836426
7.9669006802194415
8.099954049443468
8.014443612795345
8.369863648769488
8.457480820282763
8.299738495947885
8.322202054059902
8.114957050800921
8.12882303836926
8.215346886988769
8.038439502260244
8.018980868200197
8.381729408781519
8.323375781633526
8.314301316819208
8.298101380241665
8.417052387670386
8.415243707835911
8.359969410640675
8.396711407431232
8.62140564183678
8.672546400360789
8.664180599184352
8.583966348856318
8.473223199080472
8.583688617406265
8.664539326264801
8.840519609295669
8.837406877327329
8.715550401556976
8.712250308602432
8.628420500600885
8.583771030608457
8.66605117636572
8.637361822407838
8.941043543826614
9.001880077379031
8.811784058342754
8.412692433403576
8.560741683232688
8.550547085445052
8.641645711636711
8.851576856583119
9.218211066368927
9.183565161920464
9.070753063839799
9.097833071009914
9.303442212660624
9.105717867104392
8.789298291033568
8.70747080309316
8.699125772232794
8.736657487069165
9.011183765689363
9.106853938804347
9.150598119724254
9.377795756680191
9.26333638128196
9.28994238228945
9.379662314130881
9.488727824749379
9.353107421829
9.426922463986651
9.442044140317853
9.204139496133138
9.104853401126245
9.598578695043367
9.730509454453543
9.634486185797995
9.61143456132781
9.656485383587864
9.713687147674037
9.571719029705003
9.359621443795685
9.312743676166159
9.172152263076322
9.182928624236698
9.220308803531427
9.499370459784293
9.752387732723612
9.616441729984054
9.53993390340626
9.556243957324144
9.65096195381187
9.607516309918243
9.60135990040919
9.66136599999858
9.707217702895123
9.467678863940304
9.451352689179615
9.663504864115634
9.761300304471986
9.687734893832857
9.554798100232597
9.653001035645076
9.67209933147825
9.552990136409425
9.530950954294479
9.545506381735414
9.514833466058338
9.57015048727327
9.406718162102996
9.306230065352256
9.235765381280647
9.27577273050597
9.50795566857802
9.653203958241143
9.733426241536685
9.575716318315422
9.6103841613789
9.654001308755118
9.569781283630228
9.39460238734763
9.317668327716657
8.973313786558077
8.764206852952121
8.904443447002686
9.024055964965152
9.199971997812247
9.07678185597286
8.84618699888676
8.89752812407232
9.003761502357118
8.980720920661105
9.02607156933103
8.956737762952187
8.691672340637812
8.377725295185755
8.526889198245597
8.682613359256774
8.721644099239665
8.558713881689123
8.523041296975702
8.442460371969396
8.41971892550671
8.535522740197145
8.459546374956282
8.10948517749526
7.901507876593586
7.609894042088028
7.630440398707529
7.940444594580935
8.01061835909967
7.98087883066289
8.09290465798332
8.05007243229567
7.93980236763932
7.825520387913898
7.661787864179656
7.540996943579989
7.527383525994185
7.403808127837438
7.358420578643287
7.402921624655876
7.280162300531728
7.333431524495661
7.302546069296405
7.234684447971807
7.158751372104913
7.005650350258007
6.946087163245246
6.951624885726835
7.033008673665691
7.154293873177008
7.031112779364023
6.940418077811287
6.863837476956146
6.875144705574315
6.941177812625753
7.035842847168717
6.922472777818299
6.681602471851148
6.684330156198302
6.524088679011848
6.609710021801084
6.679555397799463
6.565613980331083
6.648347144387705
6.5736054292059505
6.577211327569847
6.595500087155523
6.413271894142046
6.380891412686526
6.31388802490043
6.327697801461286
6.449955163355279
6.446123071072231
6.35775283557507
6.283592880942727
6.153998533917718
6.115505957790496
6.184647558639863
6.228015254271306
6.174226260767117
6.078381050635127
6.090167993483725
5.992420698215909
5.958738815481482
5.978116346162216
6.041779627308487
6.1126430577306525
6.051879618979848
5.981551149730391
5.965400380124297
5.9713800540299395
5.92971501079363
5.8783430301315835
5.909013859006165
5.912804783290475
5.8654930517517005
5.872445383822065
5.853539649428047
5.866586711078302
5.840626907259291
5.778457093318071
5.763767101666759
5.78045533712249
5.788347928536634
5.776135704120454
5.791348294098141
5.782465698420825
5.731686816432546
5.661593724726834
5.5801919941090965
5.559342742318343
5.498944635129854
5.446908735015944
5.471715772852746
5.504979863269229
