10.0
9.568846403132724
10.138569183822318
11.047252774292597
12.254496683136141
13.348897301458406
13.378900831888895
12.998597381571024
12.830664336833186
13.260365553259577
15.43469253570456
20.251519058420726
27.037371436490204
34.88589253170244
42.70090480183904
50.43143894467421
51.0250397913056
48.76537796387472
48.580614596942986
51.26086604186198
51.747357306509
49.35733428740772
48.50408146841858
46.055194471877385
43.777393703452496
45.031819016633115
50.035822633089474
56.18025826789311
53.45776615119143
50.29732760918683
47.57193014983346
46.251950097612855
44.7992136132933
42.39185339861956
40.939548199935274
38.51919031749326
36.83105751824836
39.308932269236024
51.18484106886713
76.01657068863702
113.47902507392327
166.3788979251616
245.5456807086568
353.03582751356726
400.88782725214537
390.4649715537273
400.2282915611279
418.84090812351684
454.589744778377
499.48902564798436
524.1499469065564
538.0793179985183
551.6977382417293
568.0751186760579
575.7571943924551
611.309355843161
738.3855034703902
1065.9379684125622
1584.6249588480262
2161.2505835985276
2538.3007895467867
2759.636492947793
3051.719645263879
3634.993586031701
4382.665894680526
5081.054741976887
6595.087766799508
9440.80763476362
13257.755272463006
19581.52374546969
32215.969356461283
54294.429529099376
86987.83290115035
120621.21766555161
131799.14764577168
131142.94072754102
138738.86138202492
164858.1664155681
205845.6337814153
253588.7664816668
347139.243673688
554970.3591138915
987378.9485188815
1856117.5201183977
3287149.225834153
5189474.289237022
7567048.407918469
10232020.000300065
12621812.333727466
14105152.630229866
15288647.65185406
16756523.985743504
18503775.19324132
22670158.3523837
29377718.375585087
35899029.72582656
42213029.560612015
50090912.614480436
56003871.09817827
61267338.30085638
79107661.67095691
130079370.99674465
256833193.90640464
570808367.6990545
1147205624.7786422
1605705123.3823354
2003660325.701848
2853732244.413521
4023549080.493852
4677176386.573234
4852979231.223908
5090813286.347829
5491795203.780636
5917790822.21729
6715186079.08732
8492348665.4824505
10998796476.960558
13583586934.580137
16315933507.796423
18611375122.00202
19788075968.83793
20777026381.816555
22266982052.234283
23781789674.1092
24775944552.6756
24748699370.243095
25190896341.225872
26105358164.83287
27235502416.925014
28424274959.907967
29959746659.818775
31350477582.938236
31095876342.61803
32266566690.743565
36587234386.9313
44143207320.89045
51705644410.625725
58553178036.846886
64657120800.940926
70134425450.44531
73895978324.07808
76761905536.0773
78516008790.61856
75911298166.85808
72409169625.91135
69274075681.10477
66534053142.33327
66958025574.5479
68187229209.61412
69689918149.91379
71436941259.18898
72908091346.30559
74541379958.68861
76026924240.92505
77404138286.19829
78615292939.25122
80225665160.35144
82202310116.6503
83853501364.22273
85464007804.98218
87159409778.81677
90323132990.84824
93496749224.04903
96513561349.40074
99853185727.72052
103133173373.91747
106255900609.08165
109062377084.01003
111472163942.26732
113150684351.63431
114259209267.27728
112776731261.48663
113034065327.55724
115566429347.89186
118717089204.81491
121363238239.82724
123414073180.5717
125192054367.22388
126837726335.4415
128728716897.70816
130509071741.4112
131853910610.58487
132872966417.8215
133564342729.37605
133946904748.14244
135046657279.27655
136209111151.93893
137248637101.63368
137945948258.53503
138717276508.19937
139554651531.52768
140169622733.4776
140587144379.57388
140715857223.65024
140613230168.37085
140392590505.4271
140000822425.0687
139245540956.22574
138469079829.9554
137824928472.65918
137341271596.88528
136809072585.3806
136211152186.89923
136079190513.44928
136027016541.26567
135966684562.28757
135561500668.12878
135142036744.27249
134814263798.25871
134405032575.52621
133970467004.48645
133425125636.49979
132762490318.62569
131917488777.74806
130902325694.82123
129754340405.18765
128331974565.74503
126896981777.56067
125216021451.07477
123496208715.24017
122100940617.76819
120738510464.3105
119399116650.12436
118101431808.61646
116691691697.43935
114994222089.71448
113244499700.52853
111729577990.028
110312157018.83418
108928444890.89668
107615637073.07199
106364602550.1332
105057240289.84908
103714681407.08966
102348283563.91733
100743709373.82832
98756520664.6219
96793827618.84415
95123245180.2418
93575691845.80713
91912007050.09572
90120257437.04453
88568535515.71265
87275288015.22478
85926994116.06816
84390116889.6103
82676987171.171
80958254930.13118
79270291403.14896
77640773579.16988
76247464424.70514
75077717569.12447
74076291806.44228
73138085166.56364
72153768597.61044
71192691848.24529
70204970844.57945
68958282669.82852
67557029662.9231
66356962262.37698
65252843335.46605
64173195930.19236
63243651586.153076
62460741904.32971
61681021109.422775
60802944045.43294
59703561555.40806
58360791443.77558
57039961517.1762
55901891674.77708
54843344075.21594
53701401948.91966
52279988754.15011
50762238541.22628
49579471835.6043
48829038415.030876
48297590679.90198
47800594863.14355
47249089578.46753
46514933706.19283
45715953026.339554
45427126380.54306
45498573934.30678
44165628950.10434
43103847973.19241
43131574827.97927
43361026250.61948
43701704450.884735
44020301476.99932
44290002682.582
44501499371.37102
44609304035.71172
44650503001.6817
44753543826.37501
45151315522.80428
45702626753.477104
46205842294.52468
46805663278.97075
47467712661.80714
48109373776.22083
48600604159.2566
49983355672.844574
51608390256.44126
53273729993.850746
54885914954.03341
55854879223.92941
56294126070.295876
56581536460.41566
54778415295.41833
54553378020.102806
55884058914.17273
57302254290.0045
55730224052.05058
53104354631.5236
52742354709.57101
53723119598.41225
55093174408.426025
56563741183.92837
57954287136.17495
59364524818.377304
60761454758.58076
62588231538.96066
64459860505.778435
66398628564.03684
68473685310.30805
70210712832.39693
71218121995.66716
71965817092.83644
72774915216.00575
73198419122.37442
70379299750.85072
66896025435.01951
66628689675.52929
67399786816.61302
68357463760.532486
68838214596.20567
66184662856.49104
62983658774.071365
62823579031.11954
63385683697.94219
60942149342.40801
57783339723.931305
54730722698.696594
52132957478.67712
52575161346.28749
50601678887.98086
47919390010.250145
45109712967.63938
42510331381.04078
40003002165.32728
37638013159.7144
35412842955.23345
33319225455.994324
31349383241.713345
29727189959.867363
28076791808.947422
26421145887.406506
24878794082.64267
23497044735.864326
22110320056.475735
20803151579.54847
19689296319.835197
19293715641.349277
19157460938.891678
