10.0
9.680187485364366
9.504891280971629
9.202767115890557
8.65869686742849
8.16009197934888
8.22593246441846
10.177732241362538
13.658016055655724
16.17995942728939
19.648823087781167
32.02392631131728
54.96144307115052
97.4167562836498
161.1486027647475
248.92976778726532
370.4185069348395
559.677368121999
886.4974160598997
1464.030963379152
2591.0879290655334
4292.889234813067
6390.666166568098
8206.610361960647
9620.18970066393
10085.79624432847
9613.999921468276
9486.21365770942
11650.100620446692
15734.45320716641
23207.345112383926
33646.74965176781
46413.00693407271
67498.2299270188
103444.91909954645
142951.04378409014
160607.72238410343
172791.60469380484
170428.6759700933
168148.4645392143
158207.4788000546
149797.9814922395
144720.02433416934
138160.16062309188
129992.09203032071
122306.92207443531
116438.8966787265
113806.45574419279
112671.17649759882
130154.02949067637
171880.62683199428
240362.55820862448
356018.32518775185
538984.414055429
752082.826046533
891286.1200676443
984056.5696952436
1133818.7120405703
1498997.3195308128
2547472.03819312
4449762.033634514
6384377.445714439
7220543.263066165
7574090.24751556
7747707.599551811
7934467.603592304
8531268.901709152
9224636.960133696
9415389.055713767
9638697.35317956
10412531.360974679
12076147.690865267
13702929.375306848
15057870.65969196
17873324.87362103
25757044.61317685
45307575.535617016
82624677.98163041
129479970.04565695
163436513.72061434
178837297.5831132
191359839.13579205
227961508.1947454
316540157.29037714
452190468.1409883
635375829.3575491
923274000.4759847
1201447344.6684449
1366080733.2540596
1593002953.3077083
1896772947.655761
2167936552.518155
2371023170.8846116
2518138214.5729628
2960289148.051651
3833835721.92699
4413257143.028719
4524433883.970171
4560973103.9997635
4586651296.825045
4630055786.014955
5025796591.136361
5775331135.072026
6174581129.918528
6038506341.242476
5891052002.117216
6335978298.755263
7517978788.916851
9172969606.003548
11798261040.892246
15546355066.182882
18073245622.27702
18675789442.594975
18417551492.413406
18139102773.226883
17816937048.119785
17328119810.353565
16829574208.802238
16476335187.23048
17125667218.589054
18511698703.09193
19743376900.307384
21041225193.501286
22480340767.08614
23978428616.796196
25948605927.549675
28189317803.285057
30361268896.22889
32128244302.38724
33993997909.90482
35906038242.204994
37527699889.20933
39254346931.09767
41929403375.675285
44884282630.42121
47891053109.5477
50706871293.57239
53115518288.51871
55394757472.77757
57623450638.49875
59299780979.35341
60424903158.57369
61155684694.19881
61989358435.68446
63046306204.7254
64347292476.65704
65782302937.362595
67118706284.71252
68310405734.05803
69412515899.54562
70381860283.24277
71118617992.66197
71992169166.79091
72658101097.34297
73697698811.8825
74716378415.16592
75634157344.14833
76763033513.76497
77769317712.8406
78628022355.81487
79216156688.17436
79970845743.61026
80607948508.91461
81304953843.9618
82073951835.97327
82727066509.91876
83629789582.90443
85023753864.34499
86693575091.26318
88240138045.70384
89096098866.98164
90064886291.49884
91187536035.46198
92173231553.98125
93018592135.09065
93907235493.39919
94899069063.38892
95781651504.6776
96673554334.51324
98412168060.25362
99990272666.9257
101336458784.76308
102492601333.07785
103730188234.7305
104854697978.69585
105732910313.37086
106474899591.97433
106982093256.07268
107364091802.31467
107764400522.98376
108559860783.00197
109066951659.76901
109370316777.68039
109602053076.77855
110004295599.58885
110198936340.97534
110105184813.43082
109786413838.27415
108810082245.89417
107557010959.29227
106405367789.48143
105379133933.10004
104544712148.38597
103883930853.39766
103297142425.2157
102507713184.00854
101501907724.70471
100540513496.19852
99725547122.73048
99093239770.46973
98424413662.34904
97678834815.93271
96933400830.08107
96042793585.59523
94775707326.32426
93339947455.80322
92118766765.12898
91281498175.66672
90460901003.16023
89579868059.2811
88629761850.94818
87657381220.07898
86617289300.6579
85554625820.16214
84521349837.3764
83659187190.30762
82896018877.75253
82160590930.3807
81446782611.15567
80781408432.79395
80104808362.93956
79349740730.08356
78463789621.56627
77458577332.75534
76541096532.31976
75502977368.7205
74190644384.01788
72537454414.62646
70595374581.87521
68613217270.29832
66539091517.48677
64719455465.94145
63253269069.68333
61887646038.24773
60497119770.050446
59130201399.65441
58030606849.40985
57162936651.41533
56374969490.30765
55640345276.55828
54902225856.161095
54010953570.022255
52962949050.80707
52061668448.04323
51430284791.962364
50946579198.24643
50451074374.82452
49891770880.4796
49206922286.859795
48405146288.086075
47707436628.40411
47235580832.79192
46798474284.387985
46159917044.02845
45259504209.36011
44309187205.860054
43456425973.07537
42937174055.33041
42896410329.39966
43108689297.586815
43262609877.7614
43463220910.80807
43993058092.3254
44746622743.44556
45399643260.50509
45722482132.45811
45818575700.44923
45936968051.93251
46217055797.52922
46729485867.730705
47333831226.22638
47884482642.0757
48288723049.62656
48542661984.234116
48856547465.0643
49387766031.35019
50197710801.66283
51125954482.286125
52197175586.23639
53253482693.29552
53874985267.95244
54282326950.75976
55175731904.75074
56518907198.44598
57969050091.279335
59339129141.500244
60565313005.004265
61697855097.31551
62304062063.274704
60234579931.69503
57088444774.32289
56313277552.31114
57126847746.88232
58341754006.86182
59581695776.114845
60762424658.58149
61602495134.62065
62169834715.11544
62633430435.92121
60805254083.59058
60371821564.8903
61254261018.25549
62533735031.216064
63726970871.19467
64393513636.29899
62160377488.64205
58939040108.40089
55943360209.123604
55424934764.91937
55835292611.46728
53895700557.369354
53554747551.24584
53786953747.42923
51677986986.888306
49104034299.93261
49056879981.16569
49807307655.36996
50741309803.03205
51833972829.93612
52484433555.53503
50236455896.87402
47805699552.37838
47838452429.768906
46074624115.540436
43819765603.86926
41612201681.74789
39609355275.93065
37535281724.93835
35455011710.86735
33375388346.084938
31402225784.921703
29545717131.251198
27892587600.337498
26421207280.042294
25363623001.96726
24151230819.06829
22913002712.820854
21954717235.66289
21322255792.03625
20874807165.9843
21651864513.036022
22612378813.977066
23360366004.513866
22664737603.27176
21414841627.403797
20190391379.921047
19183997769.760715
18180320945.321743
17186765074.400616
16263904619.905842
15556500641.45792
14892701096.308773
14073539776.174006
13453067681.800306
