10.0
9.47999698791416
9.498865304808273
11.902447159135715
12.731325905330968
12.011104617793707
12.689418314130782
18.531159465739123
32.399449364376274
59.27802271636499
72.13736068109317
73.13760407807099
68.81368788064485
64.7454027856606
60.9176358923778
57.31616773224974
53.92761934782103
50.839025606616374
49.66876062480472
55.08650076976358
55.89032113940787
55.21385005831309
58.9320149573489
76.83127501813267
111.76450920663494
161.0531853767758
188.64443481644304
203.90860735726304
221.6922797180747
247.03220704305826
258.2687919036889
263.1739833880137
265.4773978040419
278.79577839676693
349.8052603326576
570.1686765830136
996.1012480274876
1531.0641410308756
1833.8307467447187
2268.2880446372715
3194.0664837850118
4248.526934529748
4898.792559683468
5251.035684022375
5521.094574009957
6202.310634135501
8454.660557407895
15043.85459234707
26145.953019888566
34762.38513563976
37429.98174845743
41295.40451513196
46172.340061627576
46276.968385755434
44498.40347244593
45847.84874791396
49370.97148311418
52023.92363912207
50627.08913516342
47927.5276345739
48156.32222769067
56971.28626625537
78094.82736836208
118597.26582991908
209005.78380527382
385300.90388023166
613041.2091860668
837845.6721571164
1159904.5621586791
2091011.4486114122
4651919.5457844585
10415619.020356344
19702004.02578587
34332229.732396394
65902817.99436879
125184795.35848895
189580854.42959875
247641034.249844
316364473.0877325
373020088.40143716
504195068.49753344
770277167.652842
1053659425.6902537
1386796811.5899088
1708298655.1731486
1843939071.7905788
1923434668.6357653
2277819285.2923746
2918950101.036425
3813396319.596884
4965316644.010344
6119363754.101988
7182650828.054256
8280403070.758819
9352670804.068674
10423615663.884462
11436824825.632298
12485170009.055145
13482273288.813269
14563285146.004658
15642657192.264196
15870659199.799862
16388830921.552292
16784210571.52435
16338414316.726173
15951339661.617958
15711913237.49547
15319039723.218355
14970817223.697615
14433149474.738768
13881042469.246073
13530146992.169086
13416515302.003933
14253193426.235672
15719373483.118107
17184765857.326008
19763908927.71904
23286937478.327187
26156797653.44232
28269448550.11174
29830373113.887096
31080548129.29242
32127000098.840008
32960929720.086407
33916139257.244488
35478974456.92273
37832662057.16789
41173504556.79379
44574116505.07356
47339424378.14967
49227367976.04137
50249249762.27746
51248549119.16125
52425173653.73096
53402769297.53847
54244236918.2724
55334148057.50257
56589338181.72367
58163038320.970764
59796916408.751205
60951994528.3443
62001092964.48874
63330981239.76776
64928766192.25539
66495518467.609665
67810550801.3259
68952144384.27298
69725562549.92928
70428518721.26495
71035614056.05942
71647477137.45172
72381022248.44437
73406742372.86545
74614365576.72806
75883374804.58224
76560705968.29019
77407891510.66295
78570573126.18735
79704202729.27612
81368936968.8336
83211036912.4766
84769777517.5499
86729493148.68475
88845775053.07999
90717143143.57404
92299845855.32265
94099596591.43562
95616675608.1451
96983881493.49734
98458312761.12791
99837273625.91588
101012179166.81013
103232457924.15363
105240748694.98227
106847241887.7745
108382052712.36836
109711724354.53
110883355513.28802
111859662364.69974
112599466210.28062
113105975707.88596
113855405355.05214
114347840991.77814
114447857409.56236
114899187454.20926
115243637608.08612
115707780740.0299
116167790538.41478
116580786680.60599
116812765052.7439
116906087190.58185
117124916303.56393
117369564830.50931
117281819640.16693
116998226241.21248
116765192235.9367
116525250305.67545
116247706882.36201
116537086870.79898
116751015603.59239
116881034602.38367
116880352748.02222
116665246579.89848
116207303648.32236
115524916465.56747
114734829061.13235
113672087628.23334
112631204515.29567
111699492985.69283
110940520503.66193
110406757106.37888
109899919358.58801
109317083750.57318
108623597501.37477
107895404271.35344
107273191708.02365
106662076245.68895
106037155287.13799
105362536932.70299
104588860125.1335
103781667151.18018
102918856654.24654
101945457214.46025
100631272161.59637
98886275899.28313
96903815511.31425
94888450924.33311
92949842551.29915
91187427866.81088
89554464744.30122
88028473755.36615
86408769247.38849
84993549919.85686
83912848546.1177
82939691678.8644
81907744732.67076
80738671761.28134
79461729294.4832
77999611577.80655
76077386834.05862
73781333460.52315
71320790009.2451
68259532263.36228
64495516934.16081
60232563566.72451
57509612420.261314
56322252689.75464
55575142982.980225
54941825842.822945
54355794488.37227
53767037999.870575
53173599451.70943
52472416911.05267
51753997717.42121
51245824511.95562
50944774288.42251
50772021847.101746
50673021886.67228
50648657079.584015
50633739374.15555
50635276515.85401
50675856312.667854
50805008214.10643
50940355772.5274
51028341547.749596
51189278055.14441
51490940352.966896
51888839967.88857
52255708390.86105
52505481527.639694
52665903986.44146
52915557236.93511
53191719787.30414
53423627822.12882
53698327431.26225
54141126838.56002
54533664651.89442
54738096729.467804
55148091291.78605
55793859637.3423
56379269014.15189
56851056321.57757
57364942752.79123
57837866524.09281
58355160017.16047
58975990415.2883
59450092553.61742
59773826164.031235
60049425524.24962
60543887539.47038
61365046383.61447
62060808940.94496
62807857604.78578
63872783823.00862
65262370871.108986
66613917639.79532
67771625184.621735
68736860676.39297
69646911432.3027
70732394883.24292
71783448463.08623
72241967689.1158
72848385026.11829
73585102843.31192
74321414421.76477
75187882104.80006
76038352779.57214
76599023447.45895
77202751792.90123
77777314939.08366
78064259415.75087
75367236655.06578
74417266252.32425
71649734562.19804
71096452860.56508
72017953135.58417
73043848242.84352
74322617797.25624
75235939095.24243
75636402716.68732
76329107452.44954
77131641474.54297
77537134475.77374
77735162309.64734
74539300860.02394
70555931829.58768
69957759043.02878
67299534728.50818
66923888503.11117
67412894253.36392
67952150338.7374
68478888973.89329
65660802320.24555
61936846031.05934
58361410243.188675
55540234183.127304
55838638253.36455
56831307609.32334
54744886821.254654
51913240200.02777
48949743681.15919
46142034772.43332
43539880324.359276
41049895117.01587
38707447859.97759
36542563134.48409
34476727907.48467
32692554308.348064
31082206972.816284
29446111994.202282
27971092908.448517
26781732699.53587
25406511999.314922
23915564473.260593
22556126538.63418
21768256762.388397
21198042681.751244
20161908067.853683
19032655516.048126
17908985114.1516
16850200744.376991
15920236837.711205
15066277884.458403
14579825343.653473
