315822396
1167079431
970509192
963414214
739146189
676405314
381480531
660218400
686186783
820137352
379989826
925021094
865228061
924876130
862557881
940558919
698732860
363582265
323722259
688794942
859329858
1192624225
945769713
1007398300
691972319
604198877
858737452
584034785
865693879
553747976
849121339
583755804
1209970981
1170389665
980343659
832519469
997255811
573199079
865958430
852620245
512341002
1087484253
369546591
375384224
1351401210
848335558
801700035
613622195
1315520665
818538921
1157664344
1506575532
776726859
1336380488
619658802
1059085884
639781734
507198484
620561598
815824232
587026779
260492174
1082523512
800596838
505317407
569176535
475798383
306210076
345889617
734848004
759239075
1001145376
756252884
881690518
470374140
994720489
951763329
909285589
1089406060
849068758
1246271101
750775389
378134654
569665245
929381042
1104864999
1037332301
722185185
905296962
949906426
602475845
847614116
696242547
1005455048
814773050
981760888
729610080
876689572
525430289
736845986
859599521
514246093
970363487
826004650
933033937
936375165
850632675
469033785
660045148
886213466
1471255970
500571879
607658119
916955852
535598407
812067443
701116564
783015632
968434335
922688798
887048353
984689398
959042860
485188233
816941918
1246685927
885130154
798571240
1285907452
621271360
200239293
791143212
1061036225
499803759
757231503
1584053673
829854851
522830443
784042062
703961344
1089083556
506416471
523029547
886468519
929758586
1152666630
867013809
756965482
1476224825
858486210
885090159
863095626
901357112
150820775
853385500
1087611279
515623719
475900020
608857375
766788507
812444770
1008313977
789516470
574687245
721840120
1059362434
579018723
687108726
1190806190
448284473
1079578885
473192953
836073092
1022157028
742134657
278763706
420705979
794387716
810232443
636003531
665127223
635120318
991335391
874162952
1408566796
962975515
602079580
561768128
676643319
852730740
571244833
981296723
508621649
1151568183
723930910
766957268
275947081
1520822636
750549053
453806746
996726491
506276653
1389117116
736735402
742535840
720798102
562900058
548772721
1995051667
721557667
975894093
824949319
608978194
1569969273
620030876
555394060
920716117
1480682802
1021257396
751001405
245972354
1261916890
626847729
1022155781
967379271
727028425
826191937
558329023
804152319
474280739
728318445
602704879
773836233
548098946
520073916
472741576
571959422
551060815
435511585
426795778
358810498
360658861
342226180
378235612
306104510
277225656
330233439
340604013
277046139
133280959
157267392
176256496
62841645
214412347
214645902
71983292
67216466
128032897
76113718
151066000
17256307
115536406
133087986
120789388
15988946
103109369
63763897
11812910
78814183
68940110
49890439
69487363
67409995
1994659
21566622
53730166
32998917
48317085
15733876
12904647
34730368
33512715
29119172
34206491
31323085
33163591
24639213
22017537
22365453
25875571
25887739
23775052
24180061
25062393
51632595
208629669
217870974
243797833
405582621
580110510
417371249
617815349
761517837
786424832
408391899
1000790244
736345493
780969286
518955958
180509975
757960670
822941383
958724690
323317358
796232093
516882788
668429525
893023347
878639489
964196673
229253216
1259636048
917055191
1152458725
585585379
660044915
650378103
964241342
967786924
849711211
616550601
848482406
1224677984
598156955
1048252997
686148479
748564640
671698429
708238008
553885117
635633566
1159490154
1103164845
1240922367
819388639
756294187
1132197393
465306821
746051087
652572432
520102079
648020712
1021341072
905872783
795325783
823589875
819177638
1010383291
975169128
763978475
980420339
628182082
846704875
948333313
1036831966
