352554600
1161925413
1000966820
960477130
774758305
670808493
387719214
640935244
694045720
790583365
353571223
923776730
886126426
928202440
896331547
944302137
719087203
355283254
342665520
664093831
888259158
1193280261
960026320
1005974823
716238224
651872693
891989193
574529103
858841293
534083859
815221557
652959555
1196216467
1187549109
977386694
819633691
1005538919
595774780
866124610
817813172
552611786
1105816755
382326317
383414714
1324087784
872106619
841052783
610689561
1330933922
827984256
1092430510
1504947002
795280814
1332925517
613267223
1038574783
629509569
510409868
603952263
803466329
609948171
226695760
1144793292
770365248
558484263
540619921
450874398
303157594
366879092
741482191
707925188
995743081
720151445
939968558
472309477
981816731
951946202
884610163
1121159923
820340835
1340717521
764926854
397084395
532367463
899948716
1150989619
1055276973
725668045
872808107
980395131
625911656
868399036
680998289
1042360290
868533519
970569263
676868192
909070252
527104904
716764619
861680634
513970270
1033458564
808253155
923973020
970145333
817322583
474763902
639036373
855264570
1522738595
488540915
637351074
951424267
536311691
832139046
733642957
768543668
987527079
945600355
943501616
1022591999
946432395
471898920
795241530
1298698652
875793029
782257496
1320841861
584784616
177724606
786920754
1059746352
543909592
765134419
1659230700
882555710
522708703
732597765
672834102
1093654221
487683650
503738256
890928990
906191219
1142766699
862062092
762731990
1529548051
865851910
871092732
845101088
918147752
153187900
834778788
1097929771
501843257
505924311
668085349
815211722
759442864
1015475234
771820232
546477117
701096124
1083118866
551886327
672183951
1192102350
462727385
1078279489
451419123
835017746
979331446
713015099
288201805
466418264
810456083
799070679
630127594
684480812
630168029
970085513
882405679
1303089829
1007799669
568714200
545403072
687546367
850525028
607631038
952607778
472946816
1054061821
685747676
771997675
297684212
1399466131
674613619
401168493
1017624356
436091141
1221237759
763003361
736709319
692754766
587547063
578859899
1778645015
706594645
982178841
845001543
588479807
1422050358
606891488
596595132
935094497
1344284425
1014859608
778274755
292666163
1176569643
644607147
979704387
958549794
687385633
855231289
554293953
795794780
462248654
737562756
570072706
780437491
540053915
514580744
485695071
546927080
521765110
410483200
436754226
383279294
384256624
372819786
335230855
380482818
289052883
338322789
331987196
291697467
161715032
165998507
158571039
87367496
193621369
171983597
34210381
42629999
153307939
31210345
157639124
3589659
121872372
98602070
101550762
39916724
96119492
36300616
5127319
78500310
53223459
32127250
55712975
26779414
19113380
21629623
38231800
39122040
49383375
12552015
39658889
25826044
55089563
54374523
123189331
148671794
207488284
203835016
198621667
191077688
179746607
171655182
166601863
163473651
158645377
168304497
297702590
289055245
286933749
489871563
586302295
439085157
631117357
769748086
753687229
384399495
1008528327
771765758
764201665
517375935
201272850
777180015
846766524
988719141
359768099
783942110
496673623
668291688
880900955
925711168
959535054
205938454
1254873386
927254063
1175546017
615164527
630147741
611868059
957521347
978887118
860780524
613106290
796602958
1171624269
606393124
1046473837
674213543
742616016
667314713
711093417
532092222
632450425
1179980217
1047844029
1223083392
771697362
700582852
1126292382
484314332
767619919
699243695
534931412
616798770
1025029856
867518363
801317159
847486196
823652551
1061025701
997269464
752303091
980445200
655541652
814410633
968180519
999863038
