316546811
1318347963
1012347883
1059723916
778623493
792888781
487056806
594318611
708372362
890508224
455289209
752379376
870937457
859543717
965199337
833687548
699171523
381701302
706233042
530278476
967522144
1015949335
1205255016
723373377
540928490
688945893
974326476
690395673
989157401
562120677
725084073
626915312
946912184
1142471792
994336537
681183589
774308073
548737576
654389534
758132911
638172060
987471819
470100633
297096668
1356450824
990074323
850512890
530432231
1049627555
763539823
953944684
1349620401
673093477
1300410828
537680853
1149796908
632713071
619385556
749999755
978246149
508484135
364696253
1224218733
759764668
346751567
553564860
536137685
510621134
541101305
866733835
813591223
996618721
785191581
909522424
435770034
903489182
1071291697
827332863
1198051439
911564792
1273792099
694480507
525245877
515469929
732627859
1305018847
1008999914
587907202
874497249
993738249
564366737
987990172
757762732
893684623
991696632
871601948
647643971
893063561
671430274
749513522
904309452
596016704
813201885
860303697
958328819
999943060
885069594
521247551
744983925
830318315
1251438331
550034709
607517491
949158893
852797712
842761481
832359124
891229333
964926229
803093410
840599290
981230902
1116060863
623844608
1088813606
1209615606
735110267
758527878
1307772671
644609122
252897431
869579846
1301011270
514007579
976841354
1557906948
801880353
649932929
886354524
581907427
1009495792
348956885
557623286
833333848
746114758
1242717266
718242355
677909011
1434803279
782361200
922403472
838421293
905745698
242462744
790120225
1234513874
655136504
642380250
667555808
708167984
764062703
1021453676
1052794824
485084365
651398779
938466091
694176069
588758881
1020507323
442841082
964471300
416092997
894892836
833741297
746808040
494491937
630812714
706320323
751143424
795921003
881373124
588989742
901406936
700174408
1024552875
963550793
670986269
453645187
697205301
710282451
824938624
919354778
385472476
945355975
757425748
835347615
339626101
1131687407
771844573
466799754
897929709
580849119
1139176105
808747578
519073558
599376195
531097982
526899656
1572328368
668534208
933829128
660193521
818710498
1061541093
511960754
550937290
893088624
1087384546
981277032
697262574
461172348
984227027
623279152
917438359
937804324
695879633
756689124
655671288
771392732
717926072
674773161
604291167
653489361
633696379
663659646
602291286
510821027
477684079
417953851
429074194
428759143
402131108
395736786
419260386
413382563
392416230
307973117
380617836
436165406
380899536
394510728
265886675
301099715
328818194
303113972
277982213
276982728
209517453
229667873
227559727
203405699
203505128
200799728
101923733
161495562
158836025
86658408
176678285
138993779
102296706
183737271
180858876
180046578
161937823
115700691
28572360
138963686
269739827
281691126
246032932
454312229
385782865
436778812
370663485
574060694
605431404
565410334
531849696
546627566
491332540
380225672
273434133
466180737
344241372
208351004
328125123
486443941
364266888
626060957
709128672
613554299
949703377
738671775
915816388
589370119
927921830
694983635
548784731
354021320
294969249
764583287
868368323
932053008
377534207
831318706
615611502
761629671
775822402
1028779040
891350685
227649497
1316069879
992540082
1081517781
794056059
602472588
559354321
830836050
995684924
917186828
600524111
906642833
1233738764
500966910
931992026
745539620
775553965
638032953
634075450
472054454
558012765
1009376964
1051267547
1151812479
807026652
730807359
979942048
436241287
724566040
553331197
596908096
616544084
1181770545
774639038
910846656
907053903
983829759
910391422
896418568
858172026
1118110830
688457208
750426570
913454616
991417479
