330654014
1178367273
1038764292
1035678538
793101084
806422814
529209946
609805312
745169446
889233484
480460248
823538223
850029124
925300219
929027373
768125605
694748888
481076562
642081499
547929510
879489026
985663769
1200164128
794944350
586692108
725874303
935749446
678023742
980343286
552216627
774874741
612938674
1003622795
1173201862
1012312251
692059400
768730481
609872629
653966934
752543262
625156410
990986430
364461902
375387049
1414816377
965166622
897429969
548144017
1105971455
704604949
1014044112
1345492038
694943360
1302667814
627394386
1188847822
608188577
553149141
740070055
995664427
430303107
410094626
1273415703
822835505
416659387
426912866
490810448
466836119
463356516
797913973
812321446
1003136082
799330110
941075547
432482926
912158561
1099719899
824434760
1258604406
857962162
1199216879
622188025
506047619
421481751
692612811
1342274574
1008987723
663695888
851998772
966769660
601023067
991751492
848045707
918279168
954941989
860604293
623437126
982695934
711298052
798974696
904119037
564097045
877399037
865261409
992424920
989507454
886098452
547136803
709019684
838907463
1371501495
513699865
545721512
942386923
663493319
756103042
812114499
829051013
1002846936
837907101
927392348
1098361006
1080471436
577971278
931764672
1263865114
757630623
808443998
1358617165
602773810
318554718
858067915
1276874874
521274264
926859313
1604868655
775739000
637659465
903648776
662642704
1074245473
375036786
498957781
800942505
850649325
1300220140
689132506
726590901
1465199376
758744376
855158225
872235091
876104006
214205182
760216918
1181306146
602787034
709601931
690038765
758319002
764848279
1064617392
961707658
476369754
645687250
980679311
658545652
619210924
1136994558
419517633
921892123
383717561
967390463
821051974
781774542
444324244
563963647
695208194
683371821
706454493
846958570
586658263
878047944
711129149
1124209202
1047263869
707205173
443937184
682623079
717251331
816684815
1024312976
322271961
936453295
729962833
798167096
328798746
1175696743
743224035
516914162
991225375
538369488
1172645172
764125667
582543014
598876923
567187349
507168104
1513549692
646901950
913943786
682732246
681491605
1021365061
541850441
501519088
829234441
1002716174
1042845320
694104159
435918740
1004585249
582772981
885782668
921134082
750817243
746690190
608706117
723629661
678365881
677276569
533247309
673371236
707755097
626138253
539133488
569757440
499785802
416122748
499343785
423989046
432251430
410873214
349978030
348251025
396663085
339666933
323259123
381944707
361309339
323189331
286320720
290317926
278484390
218984010
212317896
189302471
184603759
195890018
111989977
180591519
163565830
149642361
91844254
147850481
105985455
106919355
111722652
109518191
80389766
85615653
102702851
98916952
114297087
73985915
39507183
138050449
178548980
251402236
220964869
448905618
447761666
461623580
289956168
496912788
594438820
574149345
491808272
516892298
469930185
374141124
338549053
416358341
291929824
254301315
309981950
512378654
400297727
591687864
775022364
572485448
864685428
732742390
864440302
588686057
1008305054
693165075
614461210
348019852
339851189
764578136
866443946
812773418
408092362
823199552
631741612
761001426
813386898
1012745465
974556641
181598137
1275068642
961213400
1205118034
701903090
578725131
534747606
809236522
975659552
950637916
637856439
918404858
1163247149
552339911
962473523
723052804
802674457
666529413
697263581
428393217
573469760
1012144923
1036282279
1187221730
744013671
677298230
963541185
510417090
670170491
603015930
564786412
574482460
1122702418
729893558
895160086
938352106
999587667
1037720318
952017605
858265248
1073468629
784639797
842079747
878227476
994789857
