326481973
1168414472
982560760
979378068
765709069
681489990
369691419
615292982
691198188
815293996
381139339
925613105
867193967
905830633
904489892
939030582
728837408
350605550
323763280
694179180
875157888
1199314383
937624061
1018861983
712676881
638948783
881505872
583138330
850016524
555204936
821949104
605180670
1219543139
1192428803
976917589
793977160
987388211
585388711
876416146
849014766
507662612
1091926761
392376941
376375467
1356522076
872300333
823777653
611594044
1338453281
826473364
1126785481
1501323349
803684214
1322253453
596470356
1067630936
615757115
499147266
614384015
780021637
598658426
213666520
1133948693
797540861
524065958
565997947
465644430
283208435
394892527
750044520
719361207
993157418
722690592
920216470
494332762
976807438
969276029
879091263
1112495098
829473424
1290037615
774447552
403396678
565307740
910080276
1125152707
1046654281
703838746
895875457
984599033
617277897
861935035
668781038
1017998179
815534992
961696250
700139120
895355422
530752599
734401143
867087592
521913570
1003043033
816992789
908711509
963167245
838349644
473203077
654257010
870670712
1520743477
486064119
621365485
929531800
531597940
841058736
715379682
772173537
993137992
963053706
931550768
995442232
953576913
453608840
786265595
1295770087
858232316
793531010
1304449038
609641367
206126197
777927005
1093525332
516017339
773904894
1613897416
888975922
516497749
763412259
675035172
1108103785
465511839
508152177
892054275
914272238
1138953461
850950919
797209171
1494098534
857634147
896511945
862182216
910569314
156726253
848008956
1108758262
513460929
494455007
643051818
780053816
763354089
999458917
784945734
566618886
703647557
1059743719
551598927
643805919
1163887550
457383003
1056292976
470796227
835737799
987046281
730330711
292803412
453199388
801478357
763984554
647741590
673353297
599189986
985232014
881952028
1351996262
964388388
583589461
544216766
694081468
840910736
580745744
977343837
495872063
1092109859
712074414
776162596
268814995
1457486546
699039132
411158629
1009996788
490048215
1315909271
750980113
724993760
728071228
566700961
562972796
1870929717
686428484
980528714
842717382
586837811
1476127993
606911762
584886544
924656072
1380215435
1001361381
765386552
304068764
1215949437
640150600
1003534861
943015935
709589892
827504851
543444968
792029455
472895316
720619569
562641938
780407118
565780901
508840870
494827701
559278631
543087259
422915982
459459585
372004028
369365172
368397913
370612621
343773985
304234996
343428369
337486644
265951096
149268116
137700943
153611075
66720236
180148621
202130950
53539462
58213764
126335123
31511405
145345404
3006469
123117574
87338625
112259669
39764514
85214869
39447943
12224714
63791131
39383210
47459134
70636716
52584921
23819624
6129859
36819669
21054766
34089555
15452553
35876920
42452992
16016754
41506113
78957836
100584694
96304764
118025943
112600845
111272860
105602496
107414347
98139131
114251165
117584082
108823879
271340998
266834597
285260983
451171466
560989349
433931199
612432052
760599688
786828526
394714370
995264710
743056763
772881568
492242995
168385840
792286043
804004415
983480301
342083908
764069899
507925733
660571360
879269483
915576076
979626127
206841457
1245282311
926344421
1155050209
600969732
665253926
643198133
949838762
953606497
854794319
647526618
829624874
1212031870
602434854
1073061598
680435582
765394157
659252208
683025410
534795518
620992052
1162378754
1074648524
1250851461
791266548
729616168
1147347697
471985241
764276442
662418300
522141668
628011590
1032529491
886454459
776312486
837851437
814931253
1038987905
983315088
745787480
972394120
622049910
829555591
976182709
1041248779
