315143011
1193538070
961314994
963131588
772394871
664295505
356524044
641600457
676746554
807305251
397000417
922742016
875389347
901162919
875385210
937986560
717143555
353393450
335016811
693123108
884348742
1192240036
944652592
1013040831
702446659
632446358
872199084
574362197
858297667
571411171
825393555
589908984
1204726260
1172235847
998802259
812111316
1000503209
569453784
870159454
846448552
507927890
1092628764
389647676
385093488
1332210347
866996982
819476896
611475085
1317394028
825754513
1149909082
1511089717
800946049
1336684690
616063460
1079551733
618337611
501131640
615106385
777957689
587097633
225612563
1123888241
812916934
519045927
579465115
463538719
287935688
371270509
730127476
737919830
1000456930
721064946
900446582
479350174
973150428
976280732
905728130
1109138019
831376321
1274655941
755003191
381005416
552459077
915219184
1122063232
1052305994
699211036
921501595
972795416
608958242
861885552
669974343
1018003294
806823731
975837219
728261526
880396493
536087229
746808724
851464579
520970715
991066871
812318645
927994717
958074623
837185631
479050829
654502774
876047421
1500837692
505756892
622125733
937719065
533723616
825969611
702170568
767956368
994292246
951350453
904830996
997484800
968569081
473396637
790440845
1263413045
877445409
779896156
1301721418
619397826
207787646
808953063
1063288551
513530048
762933475
1597725874
858379906
523012050
765268464
701863236
1092096046
479454316
500856789
905983704
915713541
1146663302
850426012
792425775
1487596042
868765119
881482788
868675955
942617689
158741538
860698730
1102202594
529362570
486068836
636104443
758346868
786875257
1001812613
799465734
570805834
706128217
1055395842
576871152
663400653
1171407465
446162344
1072406389
470980963
850694276
1008044427
739201861
291020237
432952660
808466667
778763978
638505595
671959301
609612537
991900556
866158788
1375643752
943265324
604450515
559294231
689430357
843851066
568080249
954749159
497653414
1109817927
732590279
772897469
274093137
1499141541
731185665
435437937
999208406
494739390
1336127369
757224215
712142627
725852455
576317153
563708905
1906052997
688065121
975274015
830176221
597891400
1502979469
605207552
556796432
896830641
1438435908
1012643841
771561745
283254275
1254001869
621504131
1033815658
938294510
712432708
837354159
548957005
796704684
483668300
729966069
579146964
780283039
539862140
515694289
475563753
552949226
546386662
423445994
461286913
362738315
365806073
370171311
368520683
335428512
288218974
343613450
329104184
260801407
135471126
127940524
164666361
73158184
201886062
203996253
48912311
64255038
120738558
63519060
125401199
13835143
107458322
84355826
115705502
37981477
106648419
49348327
20313620
72082211
36856250
43295343
73271131
53465414
8687105
13236262
40064544
23324403
39102261
14147852
34991476
36521759
38973248
52844740
57009019
58512951
60782189
72950396
70671747
75662861
72487782
75174222
77974583
82791522
83129581
86725724
247202109
267645001
270261653
421370015
573022296
454099348
605026403
754291245
809165684
401182822
994450167
727569944
770873156
502031283
168248463
796890044
826639863
984136016
331842748
783567056
504677024
649014607
881601081
918342440
993136770
216958799
1250786916
912689533
1144759207
600248501
663823000
648606996
970835318
952236033
851180796
647481152
844266944
1210624353
597952886
1075832310
701245039
756825331
664218902
678980854
557345503
611729643
1161805616
1082725679
1249728192
802546254
733186252
1153076242
481579143
758932471
669736635
520921534
622434005
1031098738
907071348
780019446
839407741
804292344
1032132980
993668748
753776724
974262688
626060224
826439064
971470183
1054041527
