312591771
1187941355
966052200
967860468
765876148
659426504
360033221
634585401
686275203
819795196
398163097
919870081
872162302
908873025
875205268
937324971
716010064
346797393
338582394
701817039
883236744
1198307479
950326670
1013819279
704636031
637628495
865955148
575087446
861037991
572821851
824072112
591773640
1210220762
1181080700
990741777
807719059
1002175200
575547766
865551558
847759986
499370328
1099831520
385800576
388300774
1334138361
866154017
824557318
612405444
1321757547
828874254
1141193054
1517200023
805043170
1341474904
618435107
1080054603
615145962
504710399
611731470
775885926
588991598
228715526
1132602564
808845656
522632654
582313704
467526581
285046911
375790848
729432291
735584560
1005572478
730924303
904495371
477499073
976729561
979923744
907123920
1106436918
828571727
1280858458
751327903
386800917
562548404
914004006
1131159570
1052359465
702937637
921528141
972905660
614853336
857909889
670600327
1014888937
809037082
967312910
726189600
885141269
532334949
743102777
848388193
520704975
1004404082
817407128
924872864
958622839
841682736
484966037
657555451
879767977
1501591906
501260308
623720186
927941032
537368163
832804670
706348614
770419534
989264840
949004238
922348857
1003759713
956506165
470328174
787880184
1263318718
879887442
784869201
1298268670
617340827
210018427
799677040
1067095707
518306379
768446841
1601933900
865896811
521375299
768509400
694826229
1095195212
485027613
498683448
903274828
918506077
1148154443
848837867
793528545
1485934260
869006393
883016506
870657353
938246862
163045143
856091514
1097808944
520185556
485712700
639686683
761748864
785502189
1002620013
794860567
577835162
702170456
1056452998
573388951
662884167
1162723102
458059773
1076329096
466361538
842730723
1008600646
729016779
301734509
436153056
816387801
776065196
637081141
669329263
609216704
991946840
869642772
1368698757
955532844
610108244
556811175
686186199
841794787
566808044
960290830
498060956
1106932698
738337294
773314341
266023643
1492945265
729122449
434893704
1004499779
489326949
1337325258
756154780
713083701
726903062
569089950
565153037
1897913770
693439436
977621827
829179049
584218340
1490338071
609944441
560203495
903498982
1427552233
1002079601
767274135
290199813
1252213719
627212814
1027037179
937054056
721744164
840425671
544263482
792231041
483027625
723604861
576937869
781098970
548852962
510518101
472828635
565452121
552280386
422832184
460631242
367237542
365328531
367402536
365968953
334041219
296208628
343229231
333754057
262209196
131904761
128319334
162464227
70739807
201265987
204976116
66283402
70160727
121223881
64556689
126727272
5314321
107576430
78423156
113942424
33883153
100110728
52281180
20229846
79524540
30585664
40004518
73031536
59139107
15406216
14846224
44023090
17063852
42412465
8490513
38136061
41204366
36190720
58658710
66750429
65501665
67747560
77361480
72618998
80559361
85400135
81899154
80121267
90475904
84969465
89222398
253018278
262498485
274945225
418723514
568952994
451489982
608842560
754797234
809746768
391503026
992643947
730279068
766901800
514283420
167864420
805269420
823501645
984024144
325491548
783094853
508283671
652291033
885222356
912692693
992463373
220743580
1247181936
917323423
1147277014
601910799
665757370
645873679
973249495
946211591
851051062
647255101
845911799
1218436273
608788172
1068286141
703435601
761799232
664733846
673737841
557873534
611740634
1158659128
1077654784
1248283890
788660860
728757532
1144787699
477494104
762716666
665859220
508852906
616592304
1032405794
908181011
778670580
835286998
804314144
1031490230
984333767
750512467
980495943
625789406
824920593
969972720
1046671647
