329538769
1172677989
976870330
955989049
755383856
663885113
380475982
662894194
680520809
809027579
374021383
920063144
862451848
934594152
874150116
942590688
696107405
357635600
334297027
698658189
870350592
1197171337
945238895
1003918923
679204859
621992736
855313742
572983496
876858629
560713658
849730686
584223574
1196312072
1158882675
991537417
835997079
999553606
572190474
869745285
849239514
510485902
1094248414
386472943
364592948
1340660694
847336220
808391501
610657708
1314558400
828824231
1153347516
1515911166
780544695
1337101099
615497169
1054184271
622219666
503549950
625049164
805102576
590212316
255680675
1076041343
811911232
506915146
573415661
479538731
298920228
360643472
720645596
759916089
995786150
753821409
884018849
472084540
995656279
949715424
913419683
1101418315
841540949
1256647155
751877950
374686744
564331219
926359300
1107553941
1036256486
708496035
893296718
947340405
611274476
846420157
687065726
1012455027
803243007
991304154
726434822
875153155
523751375
752815031
863636210
511726214
970730529
824537556
925584844
940821858
849558869
456034665
660268934
894983568
1473623970
510409995
612524021
910735227
541839060
807647242
707555796
769517250
970050968
928204028
879966117
989265534
960645248
499687834
806517577
1252718634
878869950
801640783
1281743965
627150583
205244743
783040054
1061499705
502354009
763290357
1605178400
822193679
519025364
795711845
695039806
1088965258
496522672
515246577
889811017
914349509
1156332965
859614331
774442330
1464448945
872407013
883437640
861337205
915737797
154049805
864930995
1099281735
525561138
482532667
624056660
760145667
807091003
1011095407
784683901
578620084
725117966
1074539619
583833710
684243551
1190412233
457575232
1078193484
479691629
829086719
1017901627
752932176
289997552
432394842
802337443
800245045
641174370
663709293
641997356
999416717
869155359
1403011543
955983036
593732089
558681332
674330525
848082056
571899617
961948285
505007875
1129163198
720658484
776179950
265650397
1507459078
750160450
441274856
1015076844
499801626
1370807149
748960875
734566725
726264347
563278453
549489903
1965795691
704833815
979706647
821904434
618371559
1549815151
622054432
563711277
908239690
1471188967
1033781670
746806351
267539239
1262623393
632294219
1015358746
957832996
733634368
828408544
552106689
799673369
472229701
728427702
599672682
770047452
545061591
522842678
481950859
567266861
555200958
426074525
435368562
359490234
352951200
345967372
370956589
315643806
270498259
331499991
336903263
294110105
134172764
155544824
165405404
55449094
202004322
212785654
85786257
73439004
138294582
69519232
137962825
15385323
123987699
113353677
121441411
8366752
105450598
64305162
16206557
70790242
56289540
58571281
66624712
58381126
181677
16793389
44587121
37722708
33809566
13318947
10549473
39458284
23227119
31387608
29237270
31160945
28755909
26236276
27481464
30859754
32489141
39934460
39059034
43484669
47293264
64282305
227108586
228006013
248741464
407325565
585407556
438786275
613360129
760944535
786036890
405550881
997397019
733486258
775225086
508723113
174867173
777119801
817609972
967955917
319966170
780310297
532775823
663784680
896712603
888605188
973018713
216970586
1251011092
915590986
1159811432
581346259
665020951
647303191
967158890
961314734
852987899
619730664
854131081
1222390879
604823563
1045700394
685228982
755995659
676972495
709281864
552241599
646295900
1157954870
1088371020
1240434898
821473733
751270792
1133875724
463757243
744747984
649717822
524043620
646736743
1020802442
912738081
805052836
823781688
828830785
1007616417
972445655
771791950
981900446
635257678
841925428
953555054
1041848321
