14088370
25845452
26755635
19960986
25683141
29542253
28308724
19176322
24330437
27905627
27902556
18283082
34124573
37514003
25336335
19893141
19332570
26605699
28247562
25059300
8957019
16502219
21721917
20886589
34178167
20770424
24219502
24229441
25230329
24883036
19337386
32938142
24778706
30016892
22597052
22714736
16323625
34665353
27932917
25040352
20408599
31662259
20487752
31812277
24767535
20626011
27047711
32240273
32194169
22627940
29028578
30048800
39470957
6883888
25251213
26080697
27112211
20160560
12568154
23358770
21488361
38277949
9884998
23914728
32212429
25270488
30071748
18885543
23817425
12053871
12599654
20489242
34710240
20493129
19157680
27078933
35753370
31492510
30572321
18666384
17446222
14779035
31232670
35103754
11582037
17699519
29663523
14501193
24368038
27988231
26876732
14711836
27983811
22120759
36736291
25171188
12629121
39861089
23544881
40801451
17326981
49548898
25240193
24651731
6456234
25973253
25013281
65284824
28428494
29037820
14320796
9003150
17732105
29016179
8384289
39731836
23813440
12999352
22276351
25740015
46032227
23292667
20441727
23313161
29635596
55678737
30605827
21384946
17198028
32460664
15439476
70787920
27467255
18946264
24509019
29822400
66042376
20111504
11847389
28854768
80130984
29057815
38835745
29895886
27362853
40255055
27456292
66270449
20422729
14672135
38318013
20727056
19185863
82959181
38240135
29339648
26820361
15650222
28351541
22187291
30966711
75536194
14342199
26661409
27423588
33728839
29139546
13326054
29641054
17772647
48758274
34630324
21489647
50707686
24245583
23879057
31546442
23213297
21777263
32001536
32510789
26808298
25341438
39356583
22424882
30423861
17385954
17403125
22481806
15961281
15793510
26417405
30916070
18376370
31579998
22701764
23914765
22882655
15688611
13360609
11682699
11880888
21852747
24343629
18391671
20472243
20242644
16453961
17284554
15756161
15153667
12377767
14598313
14907171
10752176
10440700
10816984
11552132
12043078
9213842
12266636
11825453
10985416
9162228
10773794
8382207
9496412
7714136
7319504
8798457
8703588
8358099
7091889
6906180
5017149
6461605
5734530
5673545
3781287
5234594
4411785
4284916
3270545
3917089
4090858
4610969
3933348
2806015
3935294
3356248
486255
3739121
2335040
3564927
3466011
4650701
4225079
4470407
5351298
5449361
5470533
4289462
5050480
2556874
7006002
6641869
11188926
10975531
11376222
13686326
17534179
16570809
12162882
8752629
18500157
16999070
15854048
18440942
22783155
13363126
18021707
26926599
23227330
25756271
32408623
17283850
14864513
25215984
18909184
29589125
14891409
22412295
26831297
20400990
15732829
29411331
27560713
21168242
29292085
19917143
22928965
35436667
25282115
21332377
21420113
14004912
30471239
13273915
26607230
27959705
29344205
20906660
38561370
35155346
28151865
30883933
4958937
17301696
21974926
18118133
31617062
17541924
24321702
19435083
31141602
18464706
28508834
20536658
23625215
21171048
24362298
26772197
19556452
11463969
22113387
27135055
21197392
32062289
18263095
31240832
30007981
22531002
26730906
32310322
24562989
18811660
29890020
29608992
34126033
27157137
31221062
21412790
28007910
20156202
23059454
33068313
27298489
22083403
22053421
22790707
22557354
29787635
23300444
37698823
13841223
