13084645
25996991
27580901
23441312
26456848
28634427
27099205
17060648
23222066
28849730
28895086
17570455
36199763
35164406
23968212
20491857
19523460
26757493
27396421
23469655
9811283
17893012
23840625
21315397
35927699
21385152
23266874
21841305
27184180
24904128
21334082
31907379
21235537
30747521
23328225
27509423
18693333
35554245
26680089
24173791
17666123
31076450
19877932
29744645
25887169
20553986
28777977
30788133
32808928
26173780
29711686
28636327
38276239
10654313
24876038
27669878
28859797
18437765
9035100
23818684
21604492
38476987
10002531
22775592
30938356
22580144
31281833
18039669
21468773
12313141
9885000
19317761
33914133
20031242
18849039
28490312
37411113
32483495
30354498
18523797
17072637
14837092
30459853
33905563
13217292
18036845
30112750
14587492
23870808
26983525
27464795
17155006
26459052
18234570
38566294
24931220
14539932
39978553
21459415
40927699
16532297
51123253
25409182
25064022
4016763
25985498
23256197
67693450
26049950
28521490
16384977
12548510
20470384
30040003
10970135
40426437
26912378
11559389
24059743
24625576
47289179
18471565
18739683
25534403
30090927
56660624
29478945
20318840
17602812
33215373
14508796
74874275
24807258
19741771
24502530
26720498
68502545
17437354
8288956
29219551
83908362
31097484
38326847
31856824
28467188
41638355
27321505
71502165
21720562
17040596
40012772
20124437
20242205
87518741
40762088
33580900
25559413
14168853
24289361
21198893
30684949
77597288
14571557
27147213
25354494
34760854
28314325
9036838
26244681
17672127
48328188
31958763
19316391
50190627
26273226
21771026
31626247
23094072
23295249
29777921
29309778
24452186
26210917
38018278
23166735
28362610
15576194
18952170
24656800
14990897
12246959
24600880
28910892
19318128
35788493
23895928
21648993
24041721
14197499
14547253
13984052
14597568
23592626
25303966
18686278
18994297
19047893
19173434
16403028
18046950
17531428
14004774
14990746
13311284
10435851
9839184
11466834
10682645
9368573
7391650
10157606
6767043
8283398
8445702
7196074
7450092
5777584
5193605
6117975
5679898
5361431
4120663
2139779
4317127
3207623
3657158
3019563
1812816
2023066
2395354
1756367
2508476
1958646
603813
1349154
2007140
1099431
1989396
1592437
1397273
1465895
1487039
497173
825377
1243959
3358379
3157002
520006
1749746
2675731
2636049
3939149
919482
2312211
5750836
7334468
10665482
8926428
12073181
15320215
21449536
17584960
9941380
10520515
12691147
15718117
17939594
19826928
19524757
13980615
16722138
27838624
24008968
26489740
32022410
18136751
14245479
27290841
19019084
30492298
15268154
23828805
26685941
18142728
18258183
29297559
28197580
19921608
30367721
22115187
24136454
35587532
26233775
20847916
21726677
15075902
27450136
13752992
25273185
27174263
27880041
22848170
40312631
32293127
26871860
31471033
5534831
19317571
22359477
17531220
31267873
16895422
24441019
22382744
29781717
16928923
29707556
21245454
25281742
16735576
23850777
26643507
17723068
11251553
23483162
27580828
24764690
27918763
16909198
31772797
35803580
20520262
28018557
35081143
27015187
21735730
27162308
29104626
36318623
25352349
32522879
21937554
25002690
19397530
23607042
35687972
28928635
22875240
26592323
20466578
21772571
28299921
20280542
38477392
10465390
