30437783
35345378
39169499
33115174
32096471
27198934
34231648
18347670
27627392
31534512
30495794
27986448
20751880
35516360
29387696
31188309
27648203
28214266
23285396
33154225
34544202
26692299
33393893
25792512
26127804
16733052
20830614
30332219
19376280
31882627
25146271
29416531
34743683
26560946
19839913
24640005
22711805
24138840
40861685
25790211
22204851
34736535
31335683
20117666
27131051
27408553
22948298
7935974
22663335
21361968
22099662
23364143
32070387
19527306
26769673
30358386
31056898
26072271
16836319
18884308
25864774
33299168
23988596
20702982
38709222
29162821
16949452
20792017
22498887
26406048
26965156
29946366
28014918
25498065
32248161
30919461
26964792
31967880
40835844
33130126
27370275
26261259
18076611
33709607
27868503
30415555
21987819
18857812
35646873
33781921
31487644
37208884
24369939
38291380
22594624
33449229
32487519
17700441
22470729
46240319
39413027
37767580
16943139
18430498
24851031
47826784
28748258
14059084
20431910
53258730
19899610
28443050
25399189
32028888
27144966
28935677
23023403
26687408
13579079
42017847
17473744
24563339
51690377
17990064
37693553
16787101
26613148
26598297
33537302
25595386
25410433
23021084
34344936
31027800
27436670
24359833
17586071
46842400
18421509
39484453
17394393
26871609
18494024
19214604
47749906
21971569
18004632
25932356
32053060
52201680
18251221
18561389
24464869
32053223
54583241
30332692
32909966
50929752
22926907
27065110
40647763
49680999
17576689
22250509
29033183
43379188
29934202
35938412
31917046
34215300
30558267
21999876
17051533
20112641
31456267
18090980
31885518
24054726
29570823
76046648
27019504
29179000
26091454
25504418
19305149
14709975
10103284
33116084
28200773
31106755
47439454
32647181
23560896
11022763
26951353
36229549
25152693
14598742
26380803
30159666
36433453
25436174
37470187
32350178
21999885
27329120
21146361
38657490
33571625
21943694
26133892
28349796
15196593
27862565
28548758
29575120
28818062
23172757
13713344
17073844
21409294
20532838
19638611
18419365
16469057
14391091
15351556
14294837
13461401
12618000
12197944
9964099
9925544
9778550
8820601
7427505
7260905
7395382
7066720
6855062
5736352
5943015
5513011
5416495
5596320
5283831
5180517
4968835
4710043
5166129
5771151
5411999
5194743
4960437
4156104
4187566
4022533
3919639
3176737
3273350
3298589
2588791
2868835
2474272
2508902
2190109
2172592
1617466
226296
1916609
3344279
4018022
1858823
3759999
4383122
6073864
6025968
5331470
5686996
8648026
9231239
15826986
15312153
13324675
14387502
13483111
16126674
26974014
27337464
19201765
29597847
25509337
26261269
11285788
21661121
15531205
28501890
28907039
33020796
39140733
23670232
22656971
30429894
19890315
32469211
24867677
34378868
32957045
10394721
21174884
32380996
19927046
25640223
44321630
25441842
32809803
23079375
21153926
33407352
26244902
35257500
25668408
26604975
23244607
36851735
26348788
29454760
32316979
26960763
21006177
34218685
38956485
22303396
22369684
27123493
21748872
25225845
11885441
26803320
25483607
22880878
27378340
33639198
38451841
15310435
29415088
27448011
22983518
20256729
19856580
20994496
19818298
30633840
30448917
31460899
25681185
25140421
25866044
26401377
27327766
20845502
33144490
31181187
19680036
20585637
