29162082
36926986
39271636
33049027
30150696
27467300
33713919
17133316
27118587
33775458
30486642
28303910
21621606
35979603
31017462
31728168
27566687
30653901
23624617
33112520
33842443
26903897
32833684
26151910
26685236
16117782
21265687
28649855
19355493
32025469
25001408
29144600
32818713
29050285
21009773
26089270
23882047
24287364
39879450
25732883
22923994
33973517
33835014
21999994
30793097
27242757
21713262
7757468
21990485
21242789
20733911
21824026
31031876
19256465
28323932
28558076
29862732
26206449
15640741
17169110
26373330
32528104
22452078
21223316
40260791
30474493
14374334
21425538
20557470
22992624
25839881
29189321
27857626
24236733
31485762
28622641
26402323
31314935
39105197
29521381
24962800
24835181
18017283
34852021
26933870
30896421
21221432
17444767
35448581
33646270
30514558
34363374
24410914
37729711
22169264
32521869
33905537
16808964
24299833
44203651
37115408
35073025
17314733
22412646
25381685
45232773
26880603
13783385
21626739
47701921
21352165
27960464
27538997
32966883
26411844
29435199
23290644
25586414
12251426
39679495
19359749
23928015
46767934
19482577
36639451
15940621
26638240
25277578
31152823
26604447
24257631
22546133
31597715
33231724
26070022
22869878
17525474
43891390
18637005
38956729
18769413
27092751
19187892
17538941
45359094
23189049
20846001
25881794
31940572
48889602
19479899
19218482
21496356
32484192
51285062
26290874
33853452
48468331
22218145
26752232
39134228
48236452
16667860
22558722
28918954
41779642
29471826
35111347
33104442
34705979
28794501
23254128
18551984
21452489
29265765
19695231
31580022
23684243
29211741
63854191
27152262
30752279
25746751
27047159
19409758
14206986
11209268
34005096
26933778
31812079
44643175
31581063
23122267
11551044
26344765
33592591
27728919
15565636
27149492
29202069
35427339
27986100
37549345
31962293
21090933
28172750
24010340
36646793
35725615
20611556
26845426
26335936
16413215
29000653
28059181
30568896
28819477
24814944
13288538
16094007
20797496
21047748
22007785
21040233
19324723
13988551
16470457
14893512
13896294
13886396
13644412
8754292
11772138
10431414
11687955
11260609
5868837
9725721
10825278
10447988
6796785
8887026
8486059
6121983
8016780
6986064
12055514
8520899
6097820
10241158
10706422
10111479
10021970
7536384
8414163
8530078
8081694
6783873
2786974
7321067
6830521
3693675
6181043
2057924
4023509
5264947
3965546
4482352
845602
5982729
5461634
9659464
1289648
6690335
8666091
8047892
11353927
6494951
6431231
10580878
10672512
17332917
16138663
11272346
16582475
16585284
16250686
28513869
27098915
21014164
29451799
28037388
26064673
13032639
21978680
17624901
26480904
29277682
30480550
39595896
25186020
21800491
30226540
20695412
31722676
26205737
34103946
31108554
9947084
22699416
31892870
20165707
25237796
43321421
25970896
32450293
24481291
21004987
35213410
25244421
32375676
24349472
24240768
25936637
38294439
28233472
27970619
30781684
25532133
21562800
31987902
38394004
21976477
22397403
26421982
22994335
24683839
12473940
26787752
24293747
19676860
27697660
33987372
37537917
14097796
30171852
27229027
21915835
19899124
18431923
19518450
20184267
29888540
32012899
31418276
25659168
23991340
25794603
28078646
28948823
22666065
30532759
29439243
22171509
19554996
