29023486
36593756
40547574
31620196
31683136
27930702
32666711
18787414
28200059
33892228
29157669
28973726
21604077
35532368
30080759
33100379
27412723
29669265
25598345
34189062
34673374
26351715
33968864
26769054
26925993
15890518
20094358
31079359
22426367
29466856
23920834
29332607
32701422
27112733
20546289
24834180
21145086
24799758
40484062
27167644
23536198
33592907
32653851
21392602
28083182
28207272
22980010
9234639
22362829
21335531
22606707
22386792
31467727
18685282
26578922
30992143
31925852
25413535
17928651
17782434
27384947
33462217
26061284
21163279
37629375
29478634
17272174
21093403
23077843
27989922
26562176
28552680
30729176
23821103
32314158
30059622
25907673
30164837
41348486
33960907
25765832
27233973
16179590
34202754
29478842
31560090
21482865
18119450
35191463
33670704
31967063
34951326
24065620
40754898
20349027
30842379
35114914
19170777
21682898
47104260
37404614
36699962
18423257
18329655
24873665
46677243
27629533
13557005
21409660
54863327
19718247
27838413
24053374
29014409
26416067
27421245
23094987
28040984
15336117
46184926
17363801
25943755
54217477
17309534
37600605
14747903
25789583
26808501
31865817
24277041
23332642
22434235
35151808
32613406
28083293
24010952
17062071
50317632
16697760
38658130
15555593
24970322
16610277
16926289
49803476
22353682
17425303
27226922
31950014
54226909
19253995
18271165
25219788
32279176
54542448
30139965
32543203
53321793
23307447
29677323
38808529
51102379
16700816
20318527
30620101
43195259
28571597
37352418
33823611
34507559
29048216
21851914
16582218
20843889
31480785
17196249
30551436
25722098
31632746
81629416
27297275
28479456
25709898
25672496
20151843
14099251
10566657
32415074
27196104
30927618
51971886
31339611
23306831
11936345
27353655
36333760
22346704
12992569
25700677
29559751
34988490
25843234
39264980
31325829
23987916
27093872
20738797
37416945
33927784
18250019
26560678
28401183
15021184
27479062
28335154
28967022
26850493
22925587
15821226
16491045
20882155
20153919
18459557
17284066
15945652
12699789
13510004
13340976
10782562
10870218
11076736
9629342
9502330
8790859
7471170
6251775
6964785
5818899
6262206
5883175
4780262
4462297
4040591
4254569
3383285
2830546
3836669
3438942
3123617
3014211
2871042
2528584
2049123
2753017
2164727
2082901
2234598
1975654
2014201
1728531
38860
393394
1309268
1389602
540651
871213
290107
970121
1118467
6112
1848497
2527108
2302520
2423427
3031736
4391568
4827063
3005564
4893901
5882384
6878517
15503922
15183291
14466099
12370810
11527015
16173835
27231054
29513553
22436704
28329526
23717339
26742640
10868277
20625497
14959175
28811499
28177741
32365053
38134203
23811038
22835019
32343608
19698116
31499250
26872283
35981860
32743205
10302470
19126329
29080588
20648991
28019678
44346310
25301396
32306751
22569777
22336556
32263902
25680258
33370128
23944563
26723734
24144177
34195018
26564704
28542035
31583724
28020231
21709610
33363163
37842357
23572647
20936576
26543944
22533800
25854149
10196799
26071820
27405938
25190510
26900068
33011986
37893823
12785913
29435510
28301947
21516089
21181289
19090369
22748179
20459197
30440696
30673313
31753361
23783762
28080754
27043992
27278005
26556813
22076672
32448923
32158334
20185335
23357008
