29679754
36470892
40498809
32024865
31700916
27754772
32025560
18609970
28785190
33694252
29181126
28860772
21673618
35600227
30742928
32807198
27180150
30171828
24971823
34054934
34969978
26759863
33115492
26608868
26258512
16070844
19978535
31369009
22216026
29641008
25061311
28849456
32945551
27213409
20494400
24541500
20603051
24434694
39678925
27090322
23786337
34028743
32438340
21415021
28224959
28412239
23027755
8763931
22963681
21087848
22496052
22186112
31426931
18188362
27010998
30977988
31919641
25479249
17587192
17689680
27435105
34050515
26162379
20650084
38049155
29465746
17441380
21000624
23454705
27612501
26355289
29125772
30134784
23883226
31903902
30138730
26203450
30408770
41348720
33707015
26259824
27264853
16229223
33700759
29235720
31994796
21737064
18321983
35353298
33494491
31179464
34690812
24056222
40994060
20718648
31067498
34929849
18847133
21981846
47023617
37766855
36783536
19130685
17686619
24928592
46541724
27579989
13396619
21142177
54442735
19726798
27885012
24275134
28932863
25862505
27607053
22795657
28414957
15229848
45786009
17406773
25912379
54496127
16973753
37170578
15111224
25464403
27284885
32122938
24666757
23190081
22585787
35763802
32420156
27484867
23997201
16994596
50060166
16752738
38719035
15504888
25483284
16072067
17021006
49754889
22426757
17269871
26771735
32501361
54122740
18476414
17925818
24518940
32372296
54273994
30025637
32323257
53457529
23433885
29971019
38879027
50839447
16926281
20054221
30404963
43365595
28771412
36930219
33781162
34583540
29210033
21321824
16462161
20713442
31483949
17162245
30372433
25631730
31453340
80592050
27187766
28591178
26373965
25986399
20299569
14168253
10746475
31805406
27676577
30730998
51424854
31486183
23316200
12160389
27576884
36250420
22636946
12670807
25933343
29884204
35938652
26305113
38778701
31285285
23665915
26436640
20911455
37368394
33803280
18842765
26687751
27656861
14957613
27337191
28245080
28688824
27135199
23207799
15265517
16165272
20802485
19520622
18888132
17782731
16457064
12679715
13848837
13512636
10838286
11337467
11172569
9728340
9668727
8849698
8169459
6432765
7143774
6048242
6093653
5539521
5248186
4445330
3669470
4504205
3823468
3402551
4124945
3746174
3531807
3383613
3228799
2367803
2119340
2713100
2445916
2357641
2085934
2249382
1723687
1488837
215623
250274
1517755
1571117
724212
745852
234810
1210526
1527293
267533
1830912
1856416
2345720
3339719
3013284
5106208
4939223
3428859
5367221
6254951
7265043
15418558
15632025
14219010
12164358
11277106
16098445
27419650
29610173
22458609
28124230
23299242
26406240
11384549
20897020
14887438
28899506
28254798
32830571
38229137
23902089
22663711
32149938
19650790
31303847
26906526
35699029
32604034
10534084
19215239
28238792
20713363
28083439
43916337
24828035
32756253
22488037
22366221
32586427
25865047
33449984
24470832
26361529
24055853
34025279
26466031
28492233
31518999
27600598
21697424
33602429
37717704
23865546
20591404
26745870
22023800
26044606
10336598
25914594
27279953
25123373
27538232
33046863
38448194
13515128
29285030
28081310
21212455
21383860
18747740
22814252
20353051
30806431
30850912
31905213
23835366
28169324
27312574
27507394
27354273
22023596
32552065
31682009
19803262
23435401
