29242010
36331576
39591071
33395773
30120376
27428867
33881670
17124950
27351378
33916518
30129407
28409181
21222198
36429543
31060577
31802952
27235490
31070956
24255869
33152779
33808354
27212376
32826888
26262215
27079343
16064259
21360219
28603782
19429127
32740477
24813180
29459950
33183228
29245552
20388145
26107566
23720444
24278045
39519165
25832124
22859951
33943911
33908781
21999871
30411002
27605146
21829783
7602433
21297573
21699974
20580083
22352165
30531336
19133181
28311947
28413900
29914713
26304007
16081227
17793164
26450557
32260573
22352529
21075210
39940480
30044625
14862923
21009192
20422536
23494052
25840793
29596222
27562818
23358760
31396769
29077136
26110966
30878929
39667791
29154381
24722008
24806387
18704556
34400449
26595285
30760334
21457140
16898347
35660563
33756180
30476842
34099804
24259074
38022292
21936340
32769154
34022880
17391729
23789438
45068707
37180650
35309886
18021462
21918502
25203900
44888720
26845347
13415572
21043817
47619030
21353860
28082263
26932866
33605214
26420570
29824276
22800501
25606667
12574943
39680864
18904160
23811228
46579550
18935980
36566502
15663208
26633104
24754088
31757646
26592763
24702558
22767055
31212035
33059641
26012935
22903843
16969617
44260089
19319854
38676740
19088080
27691149
19263519
17210059
45792597
23049071
20703462
25444254
32042911
49720660
19867325
18908500
21492809
33101038
52007920
26646985
34086268
48659872
22471983
26951586
39313207
48209461
16741786
22998473
29135892
42175672
29212319
35248252
33393781
34677442
29031412
23285772
18685389
21373847
29163514
19837114
31917898
23746357
29331074
64995847
27364324
30918004
25970962
27087752
19046746
14171812
11179966
33754824
26933240
31278267
45091054
32234109
22964881
11050293
25965546
33891944
27114626
15783923
26905442
29438083
35458011
27364704
37278558
32099995
20760096
28011422
23786433
36884777
34632547
20313236
26823875
26418305
16105547
29734740
28754075
30809779
28641253
25198267
13249025
16618134
20467693
21248222
22143275
20478483
19037879
13956016
16546657
15202282
13701339
14037466
12962737
8724297
11838882
11334238
11695801
11242297
6480917
9325773
10710099
10369502
7418018
8986232
8481617
6098026
7886706
6527112
11167469
8596850
6144011
10300384
10772727
10033477
9640140
7603355
8434254
8156130
7591894
5873047
2883433
6703232
6365728
3779774
5446667
2218582
3765579
4707529
3819285
4520801
952017
4891334
5379719
8981726
1246984
6494679
7934248
7993634
10603196
6330476
6607568
10599401
10587078
17486946
15907409
11545602
16218583
16671642
16884893
28515237
26488286
21583045
28682145
27433768
25808461
13021171
22241397
17061450
26310992
28974536
30799631
39731027
25091460
21862753
30185064
20192123
32059753
25818321
34259892
31534697
10335575
22426285
31749368
20596576
25225683
43670262
26094702
32683454
23916073
21338935
34893280
25311294
32526655
24311030
24183059
25408819
38555308
27855149
28283867
30637609
25179688
21793918
32131200
38569651
21938399
22372909
26424205
23385992
24831392
12412442
26971861
24676886
20529823
27975181
33696720
37007158
14090212
30936670
27816333
21763264
19628219
17593038
19426409
20438784
30437044
32361451
30831590
25542040
24424439
25833966
28127747
28823680
22597814
31192492
29809394
22268623
19402298
