27003563
32496661
36782002
32503317
26486598
28555546
28278962
23011766
25494091
32446576
29800467
32432044
20516062
38028851
32615607
23500902
22261569
29488419
25338076
29712431
30512461
25944435
31825937
24914036
23418355
19903153
19623103
25863646
18928083
32131372
32481903
29005026
25785991
34229126
28201918
21197994
22388731
25317278
35917118
28548702
22049397
27411094
34391987
20286116
31856984
29676409
24323310
17484762
20455175
27116120
28580100
19207308
32912924
24106065
33066961
29150786
25178754
26553708
16937271
19343354
26076061
24677658
27839351
25121001
37330487
26925151
17722856
23574594
18502172
28990315
26536431
26782910
27748473
25995965
32491554
35992802
26542364
34038728
37878707
29587035
23737904
23229451
21673572
40556512
24851503
31001163
23232393
24409634
34231475
31765032
32145909
35280961
22382833
38327622
26825338
34208338
25571260
20917557
25672590
38633344
39865926
31022375
17836444
24085299
25512565
38931416
24557225
15016747
24388515
43133690
22823998
25841561
21923998
29756772
24554248
29912708
27430947
23559609
17173367
35817285
23029731
28591527
36064113
19715495
35115538
17637831
25896413
30479331
30411794
24265461
23595150
26052593
33949729
35130578
25141035
22870300
19906554
38604772
19310839
42551314
24239298
28805589
20940026
22015799
43017761
23579644
23166972
26495301
28170881
46441437
22491139
16478229
16521000
33378849
48411079
25573099
34831789
42278429
20901041
27799618
35255953
43821067
20555613
20962916
29705356
36666028
27438674
37868092
34153936
38761836
28946839
27813443
24625860
20523745
29894636
21261165
28199439
26696931
28325102
54735304
24145672
30305773
20486108
27133328
21190740
18079726
15749091
37514663
27485542
23516057
41419607
29942633
29698749
13174454
26522965
33314740
27664796
20860522
26277675
29386110
34594761
23916138
37704516
31319790
21432005
23812113
22384479
37766144
36183144
24465411
26775648
28944619
15376531
23774814
30671198
30457035
28210424
24040500
17683501
22886803
22031250
23034745
20213124
20202795
16467631
16101308
17646145
14632493
14679823
17433810
15866861
15934082
14094481
15475314
14650074
14279511
11926056
11826941
10605137
11069672
11226809
8144124
11166356
8665847
13973643
14385699
13302516
15611443
14095823
11263236
12753776
13462653
13170702
13094577
11775676
11150821
12123709
10828870
10696943
10885582
10922962
10541293
8977751
9414711
9512388
9491059
9209876
8636512
4873265
8792608
13034679
10484016
8907006
11586118
11281965
12504465
12264042
7661800
5931672
12965674
11139892
18485485
17531400
19002850
20776804
18825882
13971915
23748539
26435342
26445379
28929671
29747357
26247535
17790584
18015810
21798982
26276629
29456776
24262206
37579872
30612636
24949447
28655804
25936590
36934091
25471226
34940760
29017398
13095496
27959847
30518051
24131438
28723341
38811263
23663662
28273093
29941119
22084742
38910344
29142275
30640827
23554109
23669711
31518483
36327463
23563699
29997425
32982183
26223324
20735013
33927044
41610322
23336711
19033764
27585363
25734768
25096350
16627230
30980259
30082155
21453386
27074270
29402696
37328418
18387459
26315550
28776827
19275497
24119034
21127696
20770652
20299086
28532646
23985252
34273562
27538083
21769579
23657367
30934889
32591553
23833499
29097811
31317839
24447354
16304881
