30521145
28637194
32828068
30299626
27561630
25544258
25250195
19601260
25116074
28212905
29845484
31103101
17621621
34495659
29755389
23880877
21300384
31412563
31310451
27776195
30385362
24353905
23933832
27594169
25248877
22132645
21996988
24394882
25529620
30637567
30703020
29247702
35064724
29902952
20925846
25080615
26694789
21261022
27103767
25661738
30643376
30311580
30862041
24612483
29204809
28139899
25547146
21484380
17084220
27833675
25821527
25332402
22733845
27316729
26049335
25803557
25632836
26810323
20846058
23866509
28491315
25565866
30199015
19394053
29226206
25754932
26690543
25986248
18395521
30982567
26010152
25623247
29030964
29184570
27384318
29729162
24064467
28602361
31154966
30501815
24693020
29666804
22114538
29143851
26086163
22777643
23348140
25694563
38136477
30787491
36306946
26777563
24809095
35389245
21489368
36909674
24457077
24306123
23993776
39661008
34957486
28502265
21857274
26849185
23675030
34954908
26063292
18238885
29160173
33418457
20561659
20542061
26312138
30046637
22897781
30411989
27661308
30110205
21062970
34836392
21984046
27661556
34815217
21621787
33186889
22036116
32508839
31564406
36424892
22195333
27821436
29049456
31372794
27095439
28001203
22803762
25367397
29297716
20662028
37499747
24663167
24608685
20049052
24323455
32198136
23371557
21958201
27127778
25190251
36842560
25394161
19161018
22772017
33539804
33330473
23032237
28196373
34725889
22022667
24945369
28601589
37228677
18712559
19795030
26190044
32388137
25601126
25577081
29489621
28805913
28560869
30359270
29097413
27590693
29223516
28602458
32783538
31009497
23574950
39180767
21306433
27878428
22173731
22075375
24961807
22614375
17515003
30743374
25256736
27843787
36245856
30802782
31561605
24048043
31806633
28598604
23743833
26853336
25902082
30991824
35375006
23695363
36613248
28839637
22040952
28008703
25674865
32564206
33885027
22213472
34200028
31589091
19566210
22554017
30172398
28646041
25053079
26042519
24384609
26102299
27836166
23607029
21297526
19377113
23902362
18914007
21707486
18010889
19426879
19597679
21554734
20165636
20474508
21563186
18669526
21130395
18567993
20367829
19026846
18672213
19437779
17142657
13447127
17331277
18338239
18322899
18818097
18819019
20889043
22041681
20562102
20399446
18668554
18604760
17638266
16533131
15168926
17253785
16226429
20565463
18287018
17386870
18477831
16402342
16081438
15500278
10839879
14113552
14413044
14034809
15180610
19581884
18208427
17410461
15772286
17039865
20165468
18561816
11134341
17066421
17197979
25627631
22491925
26419280
21398956
27660071
22833313
23139916
25725755
26192477
28246815
28752712
23182013
20828906
22849068
23727365
29885391
26789712
26290274
33432937
26475954
21547830
31148346
24004763
28760997
26318100
31516230
29462273
21434272
30132309
29463533
23561495
28355384
33715476
33916257
32458430
30291339
22687732
34117314
31463516
30231764
27713208
30696036
26956173
33831654
23016858
30842272
29099698
28882715
19016946
32058326
31567983
24447383
25276176
24740469
21440095
26333083
17816304
34100675
30119455
22028848
21361523
25822836
31532114
19884406
24889339
29504849
24348362
24892460
24741274
21301669
25896108
24298501
31943245
29662667
29595172
23516658
25603548
27646066
31605755
23776811
30534580
32347580
27997828
22268480
