28897890
36981630
40090678
33166346
31095831
27763006
33769281
17521720
27280010
33981071
31259480
29054330
21160955
36368544
31965710
31653724
27220938
30437282
24624257
33409862
32674874
26760707
32425192
26011704
26400406
15666404
20797375
28392539
19352087
32852789
24910626
28959224
32702096
29454331
21757455
26363069
24283191
24459235
39372042
26490270
22886247
33759111
33050967
21620916
30798926
27310405
22141257
8273215
21537489
21410254
21074050
21656605
29993287
19192799
28372657
28578490
29767418
25804709
15819332
17773447
26476430
32553204
22608742
20906056
40346342
29981033
14848615
21985781
20392826
23018636
25904452
28717319
27312547
24295718
30998899
29117065
27364708
31037580
38514305
29010750
25194319
24066827
18328627
34756305
26652230
30704615
21132033
17815568
35342058
33511574
30399297
34932594
24480744
37524816
22514798
31697918
34227630
17696775
24189913
44318106
37587260
35052506
17000234
23080535
24996859
44816777
26419762
14338242
21948715
47035221
21918271
28958428
27135660
33039766
26181220
29136404
23495222
25308171
12259090
39453279
19790238
23706342
46331420
19078733
36691915
16711970
26763807
25466751
31373822
26606045
23909154
22822942
31685445
33129540
25837720
23401986
17510310
43490069
18380550
38862051
18442396
27128654
19074946
16568951
44375979
22668487
21435751
26456126
31994516
47869225
19597566
19003322
22035540
32424063
50979810
26330030
33912350
48261803
22521025
27480294
38415689
48072639
16818153
23020504
28912263
41095884
28841258
35469036
32955470
34854288
29754085
23098085
18733262
21323324
29114482
19277831
31661953
23501598
29853244
62465583
27156478
30264315
25312066
26800768
19385527
14539981
11346016
33535657
27386204
31553976
44040185
31719525
22845207
11441284
26523727
32410498
28446005
16013544
27456355
28750973
35278524
27400107
37518170
32226068
21964119
27867472
23851472
36207082
35791634
20360379
27283134
26531984
16489800
29327799
28330219
31138721
29771461
25128701
13139027
15904383
21189050
20503105
21927512
21703524
19610812
14308665
17001200
15026253
14179851
13131739
13164025
8924028
11252869
10926283
12235173
10615497
6000672
9516816
10343381
10609519
7237677
9433351
8021277
6535941
8850622
8579463
12389166
8875553
6333334
9769318
10809984
10752174
11478875
7722676
8693607
8155880
7752228
6555522
3544395
8004076
7253959
3553191
6916181
2323201
3786610
5950256
3898453
4407965
1189721
4299730
6011055
9764734
1481380
6799706
9841374
9294337
11632457
6569476
6250442
10100370
10109227
17516326
16275556
11724338
17114946
17647870
17680593
28653125
26864071
20254729
29601067
28775682
25225203
12884827
22236452
17582139
26591310
29674849
30628055
39511255
25052126
22316201
30057489
21687511
31823574
26257677
33901612
32115590
9710785
23298794
31795954
20000978
25562813
43359972
26315338
31942974
23860217
21310601
34894632
25604359
32218317
23647635
23550066
26002681
37226002
28152067
28113842
31567206
26132906
21442050
32784257
37900857
22553645
22124439
27233082
23151374
23788660
12221870
27686450
24878596
19018506
28824889
34219948
38202634
14144080
29913672
27504763
21877824
19784794
18962962
19363810
20276495
30314113
31317018
31483851
25844858
23499200
26001360
28594787
29222313
22828324
30156642
29118481
22236234
19337332
