29016635
36455150
40534383
31900251
31830247
27666683
32339276
18786853
28865806
33451027
29226672
29142854
21805415
35780779
30460795
32926341
27498257
30157129
25323472
34092679
34862743
26455774
33628084
26790398
26709270
16049522
19929638
31464229
22357105
29547148
24426308
29178036
32852234
27175451
20450256
24680944
21020120
24472528
40094368
27304364
23495269
33678776
32717866
21690323
28442263
28166985
23064752
9169849
22656706
21328239
22429625
22394939
31703044
18805376
26738825
30618669
31577853
25293989
17718659
17778943
27424374
33717975
25752916
21067972
37459123
29399660
17305173
20821718
23393444
27634630
26533345
28762704
30520332
23510702
32286665
30094281
25892177
30256721
41566468
33879825
26062751
27205732
16256904
34261579
29314552
31569302
21702896
18372193
35009293
33649389
31707037
34838685
23786665
40663905
20822107
30996514
35146688
18765798
21626087
47367609
37585298
36675828
18860516
18100579
24927534
46351752
27647581
13521983
21482314
54764000
19849441
27766078
24399262
28758525
25940088
27267476
23163223
28168953
15299518
46160979
17452475
25392517
54354982
17013564
37381204
15001827
25489482
27043401
31943267
24399476
23452261
22335807
35447307
32641208
28225714
23798328
16875635
50223390
16690398
38785899
15494380
25326120
16252821
17354442
49621082
22208821
17429007
27010386
32579552
54208311
18819690
18084002
24854344
32150867
54669799
30061197
32561820
53715036
23591883
29754603
38778499
50889298
16734904
19962935
30677937
43154209
28621379
37406068
33811238
34424397
29290755
21754641
16463629
21110656
31589302
17102912
30504317
25681360
31475730
81223722
27034065
28691119
26029269
25883899
19880268
14348781
10453248
32366782
27254688
31020071
51440936
31508332
23213631
11833536
27613078
36330938
22483121
12755044
25781188
29695793
35365198
25813219
39160598
31108821
23818819
27024512
20592870
37393442
33587704
18716738
26912187
28239895
14964550
27529400
28114240
29081479
27010921
23256107
15540883
16398076
20994807
19952558
18425063
17503991
16244998
12626421
13539476
13409029
10678315
10960035
11033600
9530652
9431133
8744277
7882172
6029893
6991022
5908589
6246024
5520965
4899485
4213142
3815170
4396666
3694140
3085395
3705831
3515842
3351506
3216711
2994249
2528651
2285601
2654801
2447010
2134074
2083405
2055603
1812518
1610906
173880
377728
1603690
1371502
701927
877187
288378
1363777
1128456
38708
1705191
2253449
2381283
2744331
3100338
4704217
4932365
3146499
5154502
6153538
6987041
15345939
15174380
14470538
12239801
11516238
15949616
27367988
29390190
22947660
28320403
23576375
26737508
11077149
20950036
14696948
29063013
28395301
32691927
38306112
23949923
23133405
32216327
19552144
31131612
26992251
35613779
32597205
10237385
18967370
28818543
20688272
28048702
44059283
25126940
32751940
22527021
22391219
32229296
25918498
33315653
23784185
26533824
24085291
34162675
26715008
28664389
31567879
27865458
21697348
33593319
37551840
23627952
20651767
26595677
22131680
25747700
9970524
25956609
27509867
25413118
27330843
33141073
37960840
13258470
29310720
28167107
21267078
21286046
18698296
22793151
20708506
30717069
30819851
31761166
23806432
27924640
27024680
27148030
26951824
21893217
32580245
31839141
19994957
23605258
