28995928
35773061
39131292
33361346
30700117
28063795
33554412
16776325
27114847
33597260
30145622
28713041
21250176
36978249
30619518
31983377
26899625
31008599
24376632
32365242
33830864
26975710
32731515
25711233
26689060
16428313
21464544
28145735
19205673
32983280
25115950
29455250
33156890
28278382
20251540
26576971
24148621
24048897
39291209
26351999
22743579
34197727
33277603
21254669
28137960
27130595
21777818
8147777
22013881
22296752
20585595
22416103
30850975
19413588
28746686
28301667
30151498
26419678
16696037
17846008
26159627
32410695
22549423
20832916
40206289
29983254
15071106
20882980
21081972
24042190
25926275
30307838
27247171
23402451
31105148
29250698
26867459
31541976
40142990
29703157
25368861
24773648
18680038
34383902
27144523
30750086
21284839
17981795
35654861
34049514
30494823
34981732
23849957
37789891
22039767
32102346
33778728
17460739
24048577
44795271
36859228
36477901
17460599
21957801
24814464
45523514
27849420
12989089
21108271
47548531
20968747
27896461
26239029
33005338
26598448
29789045
23455138
25610072
13679899
39695473
18545867
23903297
47001911
17937826
37131422
15940966
26535729
24364970
30903571
26996922
25699855
23059416
31515495
32947651
25990547
22527608
16969770
44712986
19393270
38533727
18745154
27981364
18925619
18040626
46242623
22819280
20319795
25674473
32223800
50420712
19917994
18648358
21710009
33061492
52212497
26833859
33709484
48866218
22556530
26809452
39766311
48316389
16979561
22776663
29425953
42474047
29384137
35524355
32317723
33910493
29238075
22877459
18697771
21651753
29846337
19606539
31921384
23338812
30028946
66268334
27886321
30454903
25809479
26913672
18981597
13482919
10450019
33602494
26410734
31182891
45441822
32426660
24015666
10406269
25819182
34043340
27478685
14770124
26700743
29055407
35136875
27077181
36978135
32528924
20834699
27715969
23831681
36563230
33621006
20559126
26274637
26855440
16303832
28966316
28664270
30861422
29391656
25399999
13373845
16417376
19690069
21207403
22046807
20045283
19030895
14284199
16391769
15839920
13728547
14195332
12559763
8811896
12215438
11874489
11019819
11328525
6768482
8822664
10134700
9888490
7837858
8713220
7708616
6058846
7396820
6910064
9881682
7819952
6106293
10641504
9587532
9259638
8633078
7871504
8144693
7582054
6901285
5837463
3335309
6035296
5880049
3922638
5040808
2241869
4441884
4043347
3576757
3840237
1563218
4911277
5331386
7819718
1707663
6644117
7642378
7139800
9913405
5806519
7425634
10951608
10610212
16333190
16249230
11781753
15679134
16711950
17179398
29009756
27241626
21407657
28826527
27468812
24838071
12668775
22195489
17333695
26183806
29513084
31031357
39410167
24715888
22007801
30618790
20099230
31843774
24801606
34748075
32018302
10432358
21960181
32008537
20499843
25437252
43774738
26561551
33142361
23627101
20983594
34772984
25907979
32924519
25305954
25140091
25137989
37975234
26478203
29486550
31193186
24865751
21244701
31963079
38913365
22430334
21928995
26545110
23119836
24958054
12707056
26491892
24894062
20965184
28251217
33380066
37252336
14042474
30406618
27346169
21784073
20085908
17650819
19807774
20405242
29857560
31604944
31496391
26171997
24322011
25062235
28008466
28365685
22901958
30977275
31012067
21638729
19429061
