17837156
15631232
11590987
11797428
19671301
12719143
15488539
14183487
6473202
18721219
16375882
14417151
11810364
12287135
15690423
17516930
8595670
13813517
13393829
19230745
10029265
11355756
9871688
12144844
14483837
13796697
13460002
10966119
12626503
17634139
12240415
8862252
11626791
10860798
16351178
12623690
15723532
16191215
13485853
6503879
16245735
13796337
14027808
13094000
23439930
15770771
8017775
18222848
17787694
15126189
20883187
17860253
12813285
7792111
20391602
13452479
7427704
18994931
13969318
9045939
15766721
20803634
12549117
14491696
11099912
17328593
10611022
16439154
14695421
16748150
16150143
14993504
16339072
20276124
12738321
12382326
18212401
14546635
12641997
10285435
11083507
13410223
13512445
11139996
13517461
8276742
13475991
11145998
15127462
15446933
13219943
13770841
15179503
14792489
17956856
16095278
11890633
14748553
17003961
15047552
14908713
22694324
15949342
13970961
10914094
8474748
10598081
8153378
26114914
8537326
14436027
14016230
16522012
11258943
13478418
14399855
10064169
14541263
15274214
13652195
19999957
12328078
11319629
25763687
13595780
12323746
16509786
10980833
18432232
14428588
12749057
8528554
30754933
15479526
15143042
15177195
11406607
38282332
16804438
10494714
20160409
9167042
16149527
12986480
6291298
10291428
12355934
34145065
9193707
15933079
11717451
16577239
10317625
30782640
12097907
2991197
16752596
12558537
8175985
30949942
12669164
17662126
13110108
16517201
16683913
16308913
30675468
10879401
11483830
13426373
15721625
20283119
14512570
16279575
10760976
23241266
9918702
10557053
14321477
16407986
22464413
18244966
14086299
11031700
12148008
11672602
17608586
15184519
12265469
10199663
11076981
14568741
18539182
9780086
13734876
11158396
13402411
13509971
13989977
13005881
12152182
11243869
9743951
9769594
9231550
8106485
8223334
7827802
7530930
7309018
7007764
6706175
6247665
5092897
5425733
4588266
4770843
3753500
4032507
3732726
2886114
3258851
3034977
2903770
497895
447609
581958
2054700
1954664
1936366
1683925
1228519
1033588
213709
1298144
1324414
1097238
893950
1040373
347641
885986
434633
405898
757958
606777
486232
527587
448767
626491
1541242
3369946
6735805
8840241
8934649
9388988
9700569
9446797
9322845
9025661
8648821
8004848
6406462
7477283
6901851
6921189
8958001
8526340
9726067
10182642
11568213
11286073
10647884
11367868
14124727
10425915
4647035
14304605
18541011
17157840
12720726
10612396
11082319
15322498
16866881
20456326
10209117
7590359
12872818
17753771
21230215
13673486
13789253
11300797
15470668
13267403
14582641
11860329
10705410
12520981
7091086
8020203
15157679
11069337
13951877
19926505
17093158
11268487
20899148
13466352
18539605
16224691
19238608
13390613
19773859
9546119
11548560
18513786
13608663
17450295
18301268
11874279
15272065
12287350
11278619
14044968
15236234
16506302
18360267
16672526
20831687
11738004
16896233
11384930
10193158
17573368
10702831
14339899
15508861
11931573
15767841
10552400
15324877
12284453
16020251
12793748
17486008
7688366
16949110
15744915
10022894
10685901
13212833
12960204
13274986
15006357
17599997
19530745
10909134
14044891
10733003
9427017
11843128
15939846
12146535
12464903
