18000436
15558911
11526772
11668054
19715828
12815227
15502873
14227228
6509066
18746536
16364402
14559703
11715519
12327485
15735877
17510005
8620088
13601217
13396263
19198188
9969298
11208542
9761177
12086872
14404046
13803516
13396141
11049753
12702096
17615299
12199848
8766883
11609180
10964891
16174742
12681280
15711024
16255328
13176619
6418335
16412952
13737132
14155513
13200905
23482147
15807200
7999703
18140038
17891150
15336085
20983467
18037013
12935624
7753704
20232062
13521508
7268926
19030531
13804329
9198161
15755292
20847093
12442402
14699118
11064719
17383968
10470858
16348593
14636155
16902328
16041600
15099177
16333031
20277128
12647586
12420622
18290249
14793419
12476805
10037775
11098210
13514109
13558472
10974072
13575915
8268675
13566150
11199640
15120256
15325663
13103275
13765716
15154319
14836392
17688026
16044936
11823006
14813430
16870263
14999542
14919959
22684839
15957586
13935579
10952167
8522609
10477100
8115309
25981105
8585938
14449979
14064742
16422098
11216626
13552057
14357726
10174101
14423873
15412386
13581145
19865974
12407907
11254066
25498298
13585144
12351871
16359030
10906292
18267266
14286964
12853630
8470371
30695394
15578584
15200174
15107354
11393917
38085609
16661642
10509445
19972393
9233269
16014298
13086251
6327410
10410923
12602331
33999995
9393342
15902659
11670930
16599550
10274101
30514689
12119014
3056069
16594598
12753631
8049478
30761129
12772836
17625166
12987193
16531960
16496782
16346120
30577323
10814584
11459167
13279528
15895068
20284816
14530977
16091410
10669388
23338882
9940683
10695016
14491153
16499431
22508104
18321091
14107398
10954548
12321825
11685813
17505548
15312396
12401370
10297099
11221625
14601280
18519740
9908469
13715076
11128804
13407258
13602860
14184513
13245515
12362634
11459800
9688855
9927720
9366166
8237278
8348974
7865294
7699252
7403667
7050686
6675422
6336951
5210228
5530504
4433930
4836827
3599770
4186439
3740031
2934776
3225548
3139394
2823749
405360
435576
625144
2210491
2019814
1987137
1730934
1274855
1086371
328564
1410116
1295385
1104805
961626
1043262
414038
791660
355427
412525
648183
639760
616114
510882
430796
509585
1678636
3611078
6878739
8877920
8874278
9434833
9705023
9468297
9524186
9160082
8712914
8265080
6452744
7646264
6909775
7030655
8850168
8674565
9866060
10139012
11553274
11198766
10705069
11457889
14194035
10547006
4789587
14240346
18594376
17079188
12546711
10732287
10949718
15158257
16784435
20501186
10132631
7636952
12983863
17641485
21231822
13632144
13894649
11318014
15566789
13168126
14550650
11780963
10660836
12471073
7058929
8105662
15293075
11067590
13830676
20041979
17090678
11373145
20999554
13557938
18453184
16345227
19213352
13247413
19648400
9576027
11579853
18667638
13632879
17679850
18267078
12076914
15212905
12279665
11185218
13896757
15244645
16551205
18387448
16734764
20929568
11703298
16760435
11346060
10214426
17662119
10743984
14414521
15233686
11890706
15650960
10536205
15273793
12304602
16003231
12769424
17526419
7608332
16931337
15823477
10111342
10754681
13299645
13009106
13314689
15072376
17536807
19533435
11078881
14197916
10742229
9237356
11811606
15756986
12310965
12299124
