18210764
18295975
11903703
11272155
19248986
12277645
16519200
18119836
5888090
17031230
14267776
12853345
12037261
10570040
16159270
14360507
6895938
12984429
14793141
18287649
10702845
12485092
10886285
11402509
11407142
14430341
13427206
14237235
14156695
17789357
11156741
7616561
12759023
11574227
16143069
12361239
16150382
14525918
12753649
5499946
13668241
14328552
14682605
12016267
21107917
14347113
7311383
16692779
15377454
13278039
20460667
16370080
13507951
8032831
19930156
13600118
11942054
19619715
15830967
8974561
16490175
20513639
12757873
15794682
11855834
16970180
9950527
14038304
16814325
16612943
16207597
14499411
16933017
19576614
14208390
11922348
15641083
15732706
13745359
12916976
11601798
14474723
14499317
11109053
13879128
8369538
14307371
11467594
12762622
16050191
14904400
12674204
14676583
14705468
13837042
17279151
13384395
12836927
14718894
15637341
17567641
21104175
13431607
13006064
11940402
9675807
10949214
9212737
21190968
9380033
17027368
15566536
14802483
9941179
13695031
12609514
10248570
17761931
13136358
12729799
19910614
12678197
11964733
22244670
12478634
12224971
14608208
12568113
15616121
14741291
13744471
6689241
27587299
13748042
14203965
15104252
10596029
33265604
17418042
10519751
16860967
7800840
12949349
14056556
8313051
11520523
11344023
29033392
13164844
15828680
14487497
18206821
11278789
24551535
11569581
5478217
16321484
10800196
6947985
27131182
12810482
17950863
13804477
12760484
14992742
15135552
25629249
9419203
12482369
8754972
15594889
19489279
12699244
14728939
8602771
22144284
9894316
10195621
11864233
15612429
19585330
16988179
14064563
13878756
9410738
13058169
20214284
13828565
15115718
12013889
12690169
11998085
19679452
11555800
13263854
10486055
15059584
13857678
14713485
15719197
12986268
13859236
10024295
12498844
13224754
6517511
12016037
10549645
7795209
10610078
9819395
6006998
7636490
5004465
7574249
5412828
5330886
6505391
6159026
4998684
5205825
4721337
3023153
3526228
2958229
2577796
2105524
3683327
3738353
3489675
3550953
3187442
3380954
3098980
3240552
3364266
3583083
3327901
3943396
3482996
3208553
4223485
3314463
3905350
3222288
3373605
3698006
3814295
3740477
4051086
7791086
7947627
8915461
9849091
9042892
11293308
9301811
10796674
11744241
10405987
10029140
7337416
8169165
8978708
7726404
10304622
8172966
10342295
11178010
11542947
10744943
10054135
10358323
15813142
9637798
5425676
11484682
15857607
14833393
10730079
11408759
10339335
16889105
15057576
17915298
13086123
7445589
13052537
15681534
20318608
12446280
9424160
9766427
15570979
13880306
13957441
11837303
12165179
11120014
7868523
6831681
17580149
11577226
9574243
15719609
16070850
10903806
20978032
15518945
15654562
14446602
15721924
12610145
20602098
11734417
12985839
17787645
13822561
19485195
18248779
12157909
15046963
11737040
13828754
13200187
15730282
17359757
17378249
17456519
19500514
11978852
16755119
11469432
10801639
19149030
11386002
14091275
12919584
8588809
13937802
12311798
16022748
11994142
14081043
10723115
17191182
9162712
15465702
15229383
11463515
11165437
12391988
11781446
13442343
13880612
16924935
17237427
13976380
14326388
11769848
8112940
12988016
13483170
10882840
13578864
