18135279
15876310
11227114
11369573
19983513
12950010
15165723
14040931
6300980
18267239
16205974
14964784
11240572
12487289
15485212
17666556
8668231
14088314
13168903
18841844
9962910
11356367
10324598
12177042
14162352
13639962
13528575
11174598
12554532
17419427
12297002
8727550
11449795
11150929
15915287
12389284
15458171
16309674
12959063
6443225
16407322
13498066
14587118
13277017
22802138
15624565
7349321
18443396
17618785
15137911
21069015
17733831
12953881
7365293
20330965
13582653
7619522
18638859
13512859
9520956
15683905
20994818
12707342
14736874
10660501
17327088
10293810
16200986
14657401
16630643
15810921
15290617
16703043
20032877
12308269
12585322
18693049
14922600
12622542
10020081
10751123
13549226
13563242
10787055
13723819
8244695
13816409
11191738
15144757
15083454
13009317
13867290
14775309
14715889
17277446
15753188
11716439
14588645
16530721
15231041
15206795
22569472
15664428
13813654
11353375
8704178
10316399
8422019
25115758
8608519
14158461
13961200
16804365
11491120
14137469
13966832
10134433
14413354
15751142
13740960
19102709
12068801
11032949
24329876
13540421
12762518
15873950
10634481
18231485
14629810
12932991
8124703
29828535
15567418
15097726
14994900
11498117
37141915
16970249
10543497
19921668
9376853
15863142
13048455
6207782
10743735
12441398
32763050
9949367
15890433
11815105
16810448
10154554
29743513
11976960
2869989
16622197
12366183
7674109
29937211
13082434
17546890
12916153
16226851
16520852
15963185
29727553
10573729
11739516
13408789
15760289
20317742
14517109
15723553
10836480
22920429
9713013
10598692
14623710
16626078
22155577
18352370
13827272
11010493
11796752
11267722
17678605
15701996
12423066
9926480
11162347
14666755
18946809
9535542
13950233
11063793
13628515
13725523
15545022
14522186
13231135
12560610
9571036
10886416
10082829
8229480
9159007
8741674
7605225
8135021
7830758
7508723
6972268
5458461
6031291
4285274
5316530
3599359
4513814
3741833
3354615
3652577
3294155
3017437
245815
232549
490611
2422456
2168173
1686927
2104268
1616110
1583671
538462
1555096
1434511
1253607
1252190
1195390
713372
861511
762597
85641
785390
832268
1572845
1539594
1068766
1425916
2857223
4804614
6887406
9868645
9426120
10205390
10273495
9903925
10227226
9934605
10031130
9191904
6132138
8260658
6902476
7441957
9767440
8771649
9825805
10212724
11592895
11032785
11137061
11458021
14023235
10993099
4996412
14361430
18362873
16752776
12886787
11032270
11322397
15670628
16845374
20126914
10393440
7667584
12678811
17412468
20994938
14131671
13628362
11577952
15472775
13541607
14379663
11426632
10760292
12912649
7308960
8251677
15546319
11227838
13729964
20294887
17307036
11590316
21282727
13504633
18383210
15871567
19248862
13131722
19490471
9699735
11557722
18453503
13387646
18010520
17778100
12132087
15223228
12377565
11633278
13880746
15236734
16460816
18374103
16629994
21292389
11689066
16914101
11168339
10178716
17430007
11310594
14435317
15288289
12239793
15695495
10503789
15438304
12457114
15599160
12516970
17535872
7611048
16502286
16072842
10037308
10324329
13373893
12874534
13140402
15017436
17798086
19385299
11489912
14198763
11285209
9835235
11623662
15573925
12453594
12161589
