17609414
15616324
11388185
11947032
19839147
12861080
15460263
14284144
6797804
18870379
16554542
14651808
11987871
11955729
16077610
17488258
8476622
13660640
13759245
19268847
10151705
11237680
9578355
12408652
14804839
13916694
13624152
10992635
12317792
17388542
12133235
8983382
11397370
10695033
16014414
12743108
15852349
16408998
13378382
6726691
15681687
14050611
14449548
12746076
23324276
15568667
8123585
18679854
18373154
14619120
20970905
17985980
12839865
7518801
20539534
13175039
7385566
19199364
14023695
9162903
16099002
20872207
12640333
14463634
11262816
17722241
10765975
16561532
14638935
16543980
16420364
15245612
16690994
20115403
12488621
12255035
18455058
14612668
12686431
10366505
11269053
13224483
13588959
11106874
13714150
8715445
13644926
11079597
15406121
15028263
12974095
13791164
14978961
14421066
18125335
15952191
12065785
14656233
17120780
15027588
15013481
22813404
15888577
14291595
10791634
8354433
10551564
8308877
26507981
8204953
14275107
14170795
16556287
11211087
13628306
14422521
10329807
14658701
14872796
13658663
20415267
12365092
10961798
26388966
13653440
12139694
16455285
11388501
18229081
14582333
12286519
8519562
31444578
15712659
15087987
14905556
11342483
38468988
17041373
10522378
20331620
9244459
16061062
12776248
6480719
10287330
12994380
35250031
9100368
15903005
11780637
16573894
10667987
31386847
11854078
2733561
16680486
12431548
8331798
31377023
12771074
17551425
13255235
16499009
16519396
16133531
31441441
10809415
11391118
13338886
15274508
20394754
14185503
16438199
10750705
24126066
10234296
10444653
14394243
16373710
22812426
18406271
13920392
11266032
12014789
12261581
17662351
15065721
12497800
10242569
10716987
14605775
17954065
9769923
13776554
11058542
13309019
13256189
12865337
12052688
11236583
10414826
9697582
9035287
8357989
8017861
7576393
7210994
6916204
6746813
6498722
6241141
5824359
4966923
5048468
4723964
4385988
3662597
3688229
3474234
3110573
3017593
2857778
2521506
392731
612824
274653
1596897
1911554
1672071
1760466
1251532
862151
213507
1251995
1048163
961780
454238
885943
224957
776951
354272
254056
640209
293830
460836
394111
433007
549579
991354
2599660
5906435
8200230
8442754
8712805
9202916
8950226
9009959
8441612
7894424
7533268
6858624
7033199
6950884
7172039
8517802
8545910
8996927
10075272
11235269
11228082
10976991
11120910
14273281
10279522
4328767
14281540
18337598
17308877
12588276
10796192
10810763
15222120
16770009
20287208
9801232
7727855
12903852
17648566
21210739
13848494
13902548
10769486
15445684
13541340
14639252
12316118
10537873
12278592
7233417
7658229
15439690
10808694
14026313
20419774
16765918
11237800
20902276
13529717
18723019
16207925
19076980
13441809
19661432
9527742
11907411
18778391
13697388
17542947
18311948
12079313
15001531
11965459
11101795
13865486
15393378
16415353
18601575
17070452
20735618
11672389
16626341
11652327
10303115
17282816
10751739
14076133
15363724
11923999
15863167
10621276
15517294
12250816
16105905
12703277
17449477
7691886
16912078
15737907
10035047
10519025
13161099
12767635
13220088
15095752
17808474
19673741
10930930
13560465
11091887
9471982
11806511
16088834
12332640
12582784
