17506534
15927558
11625228
11727527
19675365
12537445
15379467
14706599
6595161
19136619
16272999
14596308
12167768
11962079
16122808
17765006
8532544
13424545
13878418
19373257
10107702
11203666
8952266
11904222
14491274
13593622
13933579
11238759
12169040
17297898
12408842
9156200
11352078
10847537
16015167
12895510
15900728
16373035
13269187
6438151
16120115
14290135
14471614
13031185
23247596
15709264
8157481
18797746
18651703
14462591
21119311
18566359
13033602
7673043
20777158
13363780
7157993
19030616
13810800
9001461
16231680
21228168
12245675
14735165
11423508
17338219
10703139
16932394
14796913
16067348
16615278
14686432
16884932
20502862
12557087
12243649
18553917
14305389
12592557
10448110
11371894
13136909
13566426
11264210
13268624
8733312
13603562
10850023
15822083
14869917
13495514
13934530
14726871
14527958
18032257
16413250
12181668
14521316
17095176
14908338
15012962
23485495
15492268
14237238
10760207
8649726
10811210
8743831
27501071
7889541
14412695
14272895
16615009
11707147
13673396
14778249
10238125
14756941
14990458
13864013
20685168
12298890
10787638
27516765
13712582
11809478
16277208
11173142
18290041
14309840
12435967
8613474
32697233
15634464
15017512
14643496
11380461
40241468
16972206
10315908
20163423
9173434
15438523
12267120
6441799
10264886
13172964
36631091
9656905
16151432
11552842
16599868
10505359
32528178
11956784
2558384
16660007
12300016
8597524
32484660
12597032
17515787
13427043
16301447
16095431
16071167
32105007
11026738
11814338
13608978
15462112
20428862
14061957
16238350
10425623
24506433
9902058
10241740
14209343
16648264
22934408
18043915
14540018
11626075
11937601
12026584
17411588
15445509
12169490
10213101
10404072
14188807
16889747
10099950
14323350
11065945
13082551
12207416
11334688
10581382
9850660
9153070
8484916
7940021
7491583
7056518
6588280
6235617
6126281
5937711
5679956
5454738
5076770
4765621
4438453
4171268
3494874
3361597
3252746
3127525
2715660
2489092
2502749
2270769
542965
425618
444962
1419920
1695391
1486572
1526252
1382274
340354
319471
973695
999676
918947
729527
827635
39479
714731
395199
323723
458560
489359
516201
66694
445094
271526
353982
1367212
4568443
7469463
7490992
7570565
8633457
8548353
8063449
7536550
7161053
6781771
6765506
6351924
6445441
6969168
8273963
7975293
8545065
9135635
10839113
11206298
10663233
10884413
14182610
10039980
4336588
14411335
18235328
17299570
12813680
10741491
11116812
14991777
16553251
20534740
9727772
7532829
12553852
17594543
21353380
13481891
13099399
10995399
15076151
13382334
14290337
12439837
10544471
12410735
7276449
7589006
15615189
10823385
14206158
20849507
17131331
10945346
20646529
13940110
18943616
16009068
19294668
13209930
19793720
9496903
11870064
19140653
13887662
17458711
17945081
12217623
14901491
11840851
11331809
13725916
15625114
16258425
18095685
16902340
20536965
11832834
16666263
11599730
10198578
17293760
10941361
13563696
15218545
12173155
15808516
10292223
15715454
12017317
16002572
12803747
17230924
7784095
17218586
15541734
9915848
10645292
13285439
12890729
12514959
14570720
17534965
19415379
10924780
13716131
10488861
9789574
11544505
16020887
11852332
12930243
