17648610
15915213
11648814
11720110
19714767
12616483
15423255
14338503
6768056
19080747
16211884
14692210
12202427
11927992
16127453
17576905
8589822
13643013
13969163
19347272
10050891
11247598
9293787
11962968
14626095
13620811
13740085
11382146
12351382
17334597
12302884
9088585
11416402
10896398
16241142
13079690
15837272
16369113
13299556
6649121
16116598
14385210
14579404
12709455
23545702
15365978
8200177
18726344
18467741
14470066
20844342
18314510
13069250
7637202
20635948
13423630
7326578
18996288
13698763
8948878
16343253
21135125
12335251
14656940
11562591
17614405
10521349
16793515
14953866
16380686
16468770
14883038
16999785
20209067
12489701
12241531
18510723
14381414
12614408
10657435
11426333
13236781
13362022
11081490
13321336
8582643
13583734
11152094
15722114
14932040
13453954
13869471
14789913
14569852
18034687
16330671
12140022
14474471
16842088
15094081
14991437
23419308
15570070
14197249
10969446
8658885
10744462
8683664
27047515
7877731
14415815
14161523
16735538
11493044
13381858
14689389
10199798
14741077
14725259
13957765
20659202
12353865
10735237
26911518
13607678
11957423
16360967
11626228
18416767
14349259
12349986
8724348
32121225
15716038
15027282
14877907
11104910
39607968
17095049
10403718
20193417
8937109
15558430
12650723
6294054
10266377
13228790
36231818
9468262
15974225
11463571
16576927
10522865
32312864
11834519
2657871
16663000
12497740
8447053
32180836
12637240
17425384
13213642
16335662
16085594
16201406
31887231
11110505
11699737
13274107
15249764
20373899
13848270
16190113
10399716
24559107
9984491
10125526
14303018
16466739
22871435
17964191
14044021
11729459
11931866
12138688
17496162
15170664
12334654
10327445
10450613
14248621
17432710
9951159
13998875
11222508
13173422
12705588
11825854
11067424
10225096
9584961
8871406
8170806
7790551
7375349
6979704
6575203
6416947
6133213
5914116
5670051
5334571
4945556
4630126
4323366
4053302
3675312
3494368
2996197
2918636
2794881
2603259
2456242
448971
525698
374288
1154619
1790293
1701577
1552557
1189996
707728
322301
1219803
874708
973290
426698
873037
26861
675746
222146
252882
556132
544751
428478
2816
397078
267005
323488
1880729
4892531
7578939
7813066
7863122
8670962
8676479
8394893
7902256
7362272
6897012
6865907
6556476
6526774
7134927
8364926
8223420
8776543
9621438
10931509
11283428
10807239
10926030
14195101
10204788
4057025
14492520
18194241
17246824
12930248
10862032
10868516
14910273
16616538
20504325
9922529
7413212
12666175
17710797
21505455
13579152
13222034
10545624
14962532
13380776
14464068
12425555
10816369
12493497
7095129
7309634
15288020
10729869
14236008
20774993
17203536
10881772
20946690
13870183
18954730
15956907
19077470
13376462
19694688
9488809
11634872
18805780
13942605
17314169
17965989
12150985
15038435
11893885
11131681
13723266
15431457
16457732
18197322
16973861
20491690
11790255
16302871
11589403
10038990
17282902
10787715
13870206
15019012
12084972
15502611
10440528
15716763
12076203
15943407
12992336
17181306
7669648
16990194
15612583
9987356
10750150
13186224
12903592
12831943
14674074
17576223
19297510
10990079
13843393
10691682
9538239
11625972
15953683
11962836
12926122
