17796977
15577742
11511779
11786884
19708451
12695947
15514294
14138725
6516616
18764074
16413633
14469148
11808684
12276492
15712471
17567908
8564199
13860866
13411704
19193460
9931061
11304984
9848091
12163750
14481600
13859244
13450231
11006042
12645659
17637145
12167611
8826888
11605160
10880592
16360853
12646237
15799574
16206834
13488675
6514249
16218210
13848131
14133017
13059174
23463896
15797114
7984731
18249867
17789992
15102529
20887011
17892842
12835338
7812444
20433379
13433076
7388978
18994617
14024411
9085903
15779810
20844748
12571002
14520468
11108012
17334226
10663305
16384881
14646769
16785033
16086692
15033305
16314678
20231962
12693531
12388697
18241036
14517876
12614431
10376676
11044637
13459620
13484895
11150769
13520917
8327386
13452356
11100883
15142048
15426037
13223393
13700201
15161151
14775535
17962745
16093042
11886199
14714229
17009519
15061654
14970454
22677094
15959888
13976915
10886932
8453829
10562890
8209765
26109372
8513771
14481306
14048937
16568168
11224541
13451779
14379337
10067871
14542841
15204873
13652311
20009622
12354018
11270871
25758146
13635803
12315102
16545464
10993299
18411116
14432838
12778941
8599621
30803709
15475900
15104751
15144039
11468842
38273839
16706396
10446746
20197137
9245654
16207445
12963740
6314724
10334701
12329739
34220518
9173853
15965719
11707748
16542025
10310724
30815781
12098265
2946825
16685784
12490925
8139203
30985400
12685910
17687807
13136838
16521209
16697905
16319859
30676422
10872626
11521295
13394596
15785426
20267195
14421158
16276463
10846173
23241110
9997196
10609501
14341636
16404798
22461835
18273567
14071012
11117176
12088638
11661211
17591385
15232041
12205614
10142680
11071358
14545629
18522417
9836095
13732417
11127379
13431361
13527661
13914443
12981534
12061923
11242934
9782744
9721034
9186157
8097434
8189455
7748495
7533665
7278588
6905469
6714421
6263815
5106733
5382900
4619333
4695524
3751695
4119752
3824879
2918905
3241838
3089081
2846414
498497
499162
575312
2029799
1945302
1883372
1708456
1211713
1099970
188238
1240745
1310661
1079254
857458
1069587
254832
862065
422886
383997
758172
638541
450553
551487
483631
549922
1567093
3388031
6714623
8791272
8982072
9239551
9650804
9374612
9309043
9037116
8625696
7958759
6428560
7454680
6927143
7047466
8989439
8599768
9741322
10166560
11568140
11271851
10717061
11321158
14106210
10400685
4636534
14358953
18562957
17145935
12692759
10614088
11041677
15295135
16898097
20413679
10201248
7627326
12812695
17792123
21164003
13597736
13794003
11244018
15445640
13287495
14640820
11975991
10655132
12527255
7106067
7913880
15148508
11036123
13933300
19970843
17013952
11228668
20911972
13492348
18588472
16219904
19213342
13417440
19756010
9558348
11613797
18609665
13612650
17420180
18256668
11880681
15230193
12267325
11264890
14092088
15231680
16533054
18349397
16660009
20848477
11715263
16881556
11470528
10234941
17599088
10730566
14265685
15490474
11895475
15769188
10605908
15344064
12334523
16064249
12836850
17458707
7736757
16970042
15690268
10029999
10705491
13184159
12979846
13235152
14980305
17715802
19504808
10925582
14055951
10708477
9423504
11857970
15952261
12228003
12450359
