17725776
15596387
11380452
12014226
19828029
12890176
15505938
14227558
6650271
18839153
16504670
14680919
12028508
12036414
16107588
17552446
8437480
13754897
13859947
19225134
10039066
11313528
9460674
12244857
14754252
13847202
13597554
11080858
12439522
17369454
12177360
8882620
11343586
10770607
16069552
12760438
15814147
16435870
13401292
6639644
15748064
13976169
14383609
12771902
23410843
15529641
8164733
18694473
18528433
14401284
21044325
17868990
12981740
7459436
20588216
13290468
7213397
19124685
14042524
9222333
16263674
20915899
12524299
14595854
11302071
17753239
10833243
16646073
14747460
16614213
16399534
15188750
16624964
20172147
12487580
12206367
18506629
14625625
12779168
10369472
11351274
13366483
13558359
11112007
13690589
8695444
13731651
11102050
15387378
14993355
13140866
13778835
15047297
14432528
18071683
16061738
12132626
14695734
17001034
14980141
14891722
22829986
15876203
14284559
10791930
8384310
10616417
8288781
26634608
8256618
14301267
14135101
16619684
11384755
13492739
14431927
10242070
14696291
14945752
13765802
20395845
12426389
10998361
26439374
13726203
12189928
16437204
11380276
18340817
14499689
12263411
8484315
31572008
15739491
15061581
14801864
11251254
38673106
17125234
10538458
20290382
9306658
16048606
12738948
6444383
10364123
12921222
35410788
9054436
15890297
11756508
16675163
10740105
31524472
11770501
2769149
16612116
12438199
8393712
31509624
12772014
17517862
13231955
16540379
16545083
15985480
31396928
10947360
11494858
13275279
15310829
20477475
14125104
16371098
10691649
24149886
10226065
10489075
14448245
16371625
22867093
18348282
14016850
11278490
11890302
12136519
17563711
15067127
12461811
10295305
10704673
14505774
17955363
9870327
13717468
11068497
13194666
13221194
12778580
11915958
11121263
10325268
9582917
8946420
8394909
7994172
7511851
7192006
6764328
6552179
6450046
6177020
5724964
5006452
4996368
4681815
4345628
3780380
3753785
3421923
3287505
2941183
2756610
2590125
518098
499673
345005
1628219
1887761
1617704
1718057
1375750
801288
268900
1163520
997686
805084
424581
949499
188942
812960
422187
247534
622870
211662
466497
437386
512902
579299
929075
2544258
5707290
8017366
8336846
8607234
9133211
8958955
8926789
8351124
7809518
7512033
6896104
6969195
6834297
7178676
8521650
8556389
8892075
9974885
11274875
11069363
10980557
11050044
14227326
10245662
4378897
14165618
18200134
17315055
12593426
10956308
10921778
15126846
16612945
20390053
9823318
7614422
12952688
17739595
21232992
13909958
13792768
10759410
15369868
13512409
14503317
12376982
10652016
12267517
7251343
7561116
15523392
10773907
14083763
20452675
16796354
11106052
20850724
13485537
18832731
16105852
19017016
13371448
19656899
9547411
11797160
18881576
13705044
17653137
18251597
12098814
15033564
12024320
10986699
13870577
15460772
16472067
18614307
17133647
20692667
11655217
16546050
11678117
10348846
17225359
10817064
14121277
15307857
11904366
15781946
10505176
15482107
12201421
16197906
12698826
17456242
7800331
16960485
15697212
10165536
10562223
13279108
12915638
13215606
14967957
17846474
19694314
10852931
13511427
11020712
9396233
11699526
16055560
12284414
12492275
