17877295
15957563
11175417
11408197
20085658
13065380
15286014
14161062
5949016
17981398
16002060
14797548
11371592
12573387
15434664
17541306
8597609
14269098
13333217
19121062
10106663
11259918
10264260
11989486
14044331
13405535
13799108
11031807
12664041
17250603
12528468
8396564
11874637
11349539
15949982
12533735
15862810
16410952
13028565
6358160
16259037
13810792
14554923
13263602
22863844
15458169
7168092
18559369
17719337
15042684
21001770
17499353
12907245
7475624
20371235
13544572
7647967
18898297
13656643
9696815
15978690
20799556
12566177
14535940
10590226
17499379
10560495
15986286
14756585
16402904
15884266
15472662
16067477
20105441
11962059
12619315
18770012
14705977
12525432
10169987
11002999
13319932
13209425
10572802
13337686
8322568
13803503
10966220
14899578
15113246
13102290
13848008
14930775
14859598
17126268
15441066
11631104
14438223
16179870
15120202
15182086
22430202
15680412
13600003
11043640
9055419
10635177
8298641
24796017
8465434
14270601
14060993
17088643
11248359
14263484
14076013
10532776
14458493
15821822
13712711
18798878
12017938
10796093
23662830
13608826
12813205
16138948
10788899
18346917
14543708
12893124
7972732
29154948
15286001
15167999
15159810
11446393
36951814
17036002
10254896
19642804
9219211
15594030
12932111
6272825
10867366
12588873
31752611
10442265
15653725
11963299
16771390
10247368
28981085
12140939
2722945
16602232
12601191
8064671
29249983
13113224
17649944
12945354
15844939
16295958
16011372
28830601
10708065
11641365
13314265
16199718
20205701
14252441
15568255
10746706
22678957
9440751
10901545
14419708
16841354
21599949
18492583
13804646
11336677
11693443
11218773
17756579
15620551
12573491
10042426
11266668
14801094
18874967
9443197
14018867
10484469
13515175
13608372
16442028
14536852
13449066
13420771
9788582
10826359
10102992
8307337
9486852
9324588
7403473
8477239
8373931
7787743
7479274
5333621
6350374
4223111
5523550
3642500
4913652
3809048
3125086
3657084
3271808
3220276
186625
150539
297138
2511706
2448126
1658775
2235400
1987168
1673372
298206
1679232
1310483
1100168
1099444
1155011
971422
832848
994657
72647
795099
1208604
2324933
2211469
981157
1767048
3301990
5275147
6865877
10380900
9520321
10413480
10563630
10084734
10315885
9807795
10138685
9754300
6052707
8430177
7144511
7349950
9996749
8980109
9896141
10329429
11705007
10968508
10890488
11321094
14235466
10677946
4881624
14178636
18240004
16701830
12798861
10763256
11380804
15985576
16874313
20127198
10309337
7440356
12704638
17364793
21016344
14512653
13968736
11617341
15570968
13614770
14172101
11571924
10678598
12761355
6953013
8564120
15337013
11297969
13543351
20583723
16882902
11763292
21304131
13603942
18510428
15447719
19102057
13153870
19738296
10203388
11133825
18410410
13612535
17931518
17635179
11884567
15157447
12192251
11573415
13799522
15374689
16517735
18351252
16748270
21546715
11609392
16856292
10741963
10034773
17638781
11313573
14837899
15480898
12308352
15643660
10622241
14959121
12562277
15686619
12581158
17104695
7358079
16284315
16116685
10199180
10274609
13211955
13036865
13402496
15012801
17933521
19537624
11481994
14424268
11260012
9630176
11469037
15448357
12535101
11936013
