17725289
15484236
11486732
11755295
19785664
12753375
15515029
14099531
6531615
18755059
16525058
14611037
11850462
12190646
15889780
17526436
8674624
13791325
13453010
19243928
9912148
11370653
9811288
12432751
14580375
13880296
13453904
11062853
12818969
17557148
12270675
8960932
11696965
10876145
16192543
12699856
15829560
16335873
13502935
6417969
16045327
13692643
14245203
13000844
23500620
15851104
8149647
18256436
17870754
15075798
20905332
17911314
12863006
7733928
20693139
13317342
7473240
19103463
13894518
9183782
15904726
20830538
12589525
14504274
11228077
17576449
10673762
16507727
14676961
16921583
16240884
14917071
16277677
20155665
12406055
12315837
18177083
14600565
12545693
10408523
10972549
13419618
13500708
11033556
13668493
8525351
13539698
11073566
15311916
15324267
13056302
13649384
15050708
14723654
17974955
16046077
11868647
14713858
17029970
15022894
15087965
22577336
15663285
14072696
10850381
8368203
10495104
8412413
26221520
8446946
14503558
14225709
16590694
11216317
13457243
14431066
10254811
14517799
15139981
13644634
20089403
12284164
11211309
25879582
13635537
12375682
16674252
11001637
18278498
14541791
12749883
8528333
31001791
15485091
15056101
15015874
11474117
38254467
16697811
10467483
20388236
9214306
16045236
12831490
6514367
10305228
12481809
34652571
8989463
16015830
11649805
16703028
10366962
30815053
12193487
3007862
16653970
12725177
8354458
31080648
12890865
17577228
13184471
16544321
16596497
16336375
30864832
10838067
11368517
13467872
15611002
20276437
14416898
16481934
10961087
23486623
10088121
10450125
14451707
16256664
22633144
18166983
13827764
11200655
12139663
11804895
17645842
15061656
12253767
10119312
10956429
14658249
18588813
9822683
13921584
10936889
13512803
13407322
13602545
12726430
11853445
10956575
9732221
9446952
8998267
7991210
8006721
7656686
7387529
7134716
6855298
6549186
6138933
5110415
5301363
4689147
4651868
3725144
4038319
3648893
3087888
3167158
2924240
2710880
736842
411725
425470
1774716
2050232
1815997
1739779
1230527
1226438
180696
1314215
1214042
1105056
705730
958345
267584
700776
521959
375291
628664
547717
404681
512324
357007
542090
1364615
3269237
6528548
8527864
8791803
9169226
9561510
9113543
9365777
8884524
8461750
7876490
6546422
7448544
6908135
7121063
8821511
8602756
9404110
10275781
11594351
11246303
10557584
11280346
14124038
10281861
4646539
14158539
18453293
17213966
12709984
10647094
11036338
15125180
16738389
20218915
10108592
7576989
12809892
17886476
21125477
13618425
13816905
11097090
15542361
13365363
14706758
12122079
10661902
12420999
7099168
7863330
15257432
10889771
13862675
20057805
17037965
11340462
20862772
13579044
18621739
16109713
19241521
13576394
19870726
9454735
11652516
18654989
13589138
17417771
18498957
12033041
15167658
12113447
11257593
14028726
15307582
16443187
18341141
16897228
20895742
11789998
16863573
11528174
10314725
17418544
10745464
14200322
15424254
12004620
15806798
10713390
15307445
12261610
16083903
12695953
17254819
7829947
17015553
15638576
9975478
10484779
13054393
12858023
13156376
15156940
17765561
19527291
10942337
14014458
10974575
9477435
12032417
16023232
12173443
12378937
