17657347
15645351
11335063
11988853
19873891
12884775
15467068
14212292
6736966
18841028
16518733
14643571
11976460
12021187
16139839
17503852
8472635
13722306
13861398
19318354
10100713
11245424
9534610
12327090
14778831
13919908
13657108
10976855
12402423
17413689
12193376
8910199
11376185
10732055
16025952
12747705
15842243
16481849
13409360
6696526
15704255
14067182
14426211
12737482
23371326
15602587
8081257
18688972
18437740
14479906
21049812
17887449
12927759
7425880
20600376
13260175
7296947
19145638
14102981
9250691
16162403
20865518
12495013
14501877
11312285
17767182
10796762
16645559
14648404
16623935
16360547
15205380
16641414
20203872
12540118
12254317
18405498
14609285
12718433
10334015
11274939
13300887
13563801
11094692
13672384
8755780
13732505
11076456
15381696
15004247
13066318
13750241
15019935
14404435
18140497
16036253
12105500
14619301
16993883
15037885
14885379
22824902
15859541
14346178
10755987
8418146
10613300
8277572
26624169
8288600
14262766
14171312
16586643
11317351
13524688
14441853
10259227
14746467
14974231
13673001
20383104
12377881
11000821
26425775
13767273
12127462
16402249
11444581
18333179
14535786
12266547
8494579
31485700
15735313
15069895
14812747
11289918
38658668
17139704
10602754
20327029
9247886
16091748
12734380
6500447
10323663
12937137
35349221
9077795
15891395
11783037
16650440
10723711
31431342
11751628
2812101
16672106
12433884
8381212
31450921
12767499
17546556
13238342
16532923
16538354
16040767
31361651
10949144
11469233
13264534
15338234
20483419
14137323
16365584
10728189
24171994
10228931
10501625
14395183
16309850
22791247
18396562
13977698
11245332
11937023
12134989
17575290
15106444
12547481
10206798
10719558
14537841
17964379
9852976
13762966
11074857
13228395
13246362
12803262
12018818
11103989
10388712
9658975
9009518
8385309
7978518
7565103
7235276
6907677
6706027
6485943
6144580
5766197
4971028
5020672
4708159
4343691
3725772
3716691
3379694
3231275
2959342
2852332
2503602
407420
496223
356166
1605760
1866651
1644041
1730350
1334940
801464
270828
1266686
1012892
920955
435261
907910
185757
775112
471556
298930
642395
305008
474569
350837
522376
570721
971319
2518592
5730238
8042370
8371117
8612771
9176437
8953803
8904698
8397381
7850715
7545466
6848569
6989357
6865509
7226097
8555487
8550467
9006543
9966651
11267668
11094433
11053303
11086866
14270490
10245519
4394597
14204075
18239345
17296404
12563225
10880471
10943174
15103410
16661300
20370141
9854224
7635281
12933030
17702030
21223466
13900403
13895792
10742567
15335184
13511972
14454964
12351880
10612496
12254322
7146422
7613309
15476781
10763282
14076629
20465687
16850187
11137370
20845909
13513352
18800103
16121721
19045035
13441786
19691850
9508227
11858639
18853592
13675045
17603925
18235752
12132282
15067066
12027906
10949649
13854833
15492074
16457642
18635980
17051128
20758499
11674912
16627729
11662571
10400077
17244811
10748111
14065985
15260355
11910260
15795797
10534092
15597421
12207442
16083243
12676519
17485263
7783710
16981561
15756420
10139843
10544612
13244719
12920286
13157152
15041044
17850097
19675122
10865507
13556682
11013081
9411081
11657864
16014055
12288940
12466011
