18274958
15547203
11454482
11572794
19941442
12795483
15234113
14304991
6241023
18495001
16272037
14861855
11121734
12352110
15731396
17304516
8516948
13836826
13298279
18934535
9861591
11566257
10087849
12027506
14343024
13486174
13455979
11048655
12461950
17690848
12183299
8889270
11604593
10794105
16135636
12380338
15535181
16448342
12868084
6533004
16414004
13498064
14396647
13334465
22899100
15569871
7587960
18523421
17587755
15156095
20888831
18077608
13030876
7693179
20123919
13878666
7359821
19104595
13816404
9489534
15836073
20918304
12373622
14708983
10816009
17325249
10389216
16099103
14432235
16548821
15961061
15129885
16594166
20338299
12441819
12640997
18578499
14722261
12663769
9955529
10775613
13496733
13417028
10733800
13715542
8092748
13638350
11310467
14848866
15220890
12990923
13722081
15195235
14546370
17769053
15747013
11859891
14636993
16861590
15426202
14905129
22317645
15806542
13731576
11137065
8440539
10432142
8446322
25731395
8564340
14423134
13729367
16457114
11311027
13724489
14225397
10107802
14327674
15468310
13577828
19485955
12278537
11277275
24903295
13452454
12427990
16316176
10880743
18178715
14209033
13015289
8235867
30220869
15756541
15150533
14925880
11763622
37593771
16902673
10669369
20053129
9393128
15813468
13206638
6173960
10483518
12481350
33218522
9728763
15818007
11613730
16577907
10250658
30124164
12111949
3107134
16674042
12520105
7846777
30388590
12898388
17652251
12945150
16386794
16690602
16279274
30130672
10732049
11626379
13330005
15629637
20336447
14395062
15815068
10651288
23239579
9935777
10651106
14362196
16328838
22403421
18297014
13967190
11161097
12121688
11605670
17747799
15467638
12533267
9943595
11240282
14600639
18561691
9675755
13873297
11058165
13433516
13687802
14941644
13960953
13003668
12032556
9471973
10422689
9859731
8158819
8819206
8391236
7777126
7806698
7495550
7170469
6696695
5095585
5784550
4270871
5083243
3388683
4396075
3799084
3213711
3565389
3283090
3015897
261962
406774
557438
2376296
2153599
1759919
1963416
1406152
1080995
258684
1500481
1299081
1035421
1076502
1003357
693550
769683
454351
294639
689355
750029
972527
868798
873071
852237
2161339
4048032
6882259
9315097
8993970
10083779
9951055
9620644
9771123
9719929
9272923
8655030
6394050
7999974
6941499
7427323
9309752
8824482
9778292
10289284
11560386
11194882
10872256
11472026
13972510
10742491
4806211
14113756
18680114
16969088
12811717
10715556
10931376
15289378
16833906
20263334
10210309
7803379
12803740
17374556
21102081
13953445
13904473
11261922
15600823
13362396
14641479
11534286
10792572
12643440
7319645
8178309
15411037
11160350
13779110
20038307
17249840
11643531
21038428
13689048
18309393
16207885
19182969
13318126
19695233
9765795
11504149
18420589
13362942
17633875
18121650
12237766
15394526
12325756
11638126
13911169
15217938
16280791
18330228
16667963
20878654
11667821
16670042
11228977
10114754
17540533
10974365
14433187
15323847
12293081
15483826
10632062
15386487
12403456
15692843
12750879
17660188
7418758
16727596
15783768
9965823
10544991
13257513
13233486
13186589
15099501
17859570
19378486
11329117
14162781
11046174
9318382
11946634
15710699
12285055
12349859
