18143033
15499096
11547952
11701680
19941172
12812740
15458677
14317127
6515866
18831834
16382205
14570205
11645411
12398405
15726575
17453559
8521828
13691682
13313875
19114839
9988761
11185752
9879883
12028433
14462060
13742008
13354335
10951734
12743090
17609856
12213960
8911802
11769148
10835902
16149270
12613581
15684516
16333181
12957052
6421819
16379866
13566454
14257577
13270132
23446001
15741282
7775310
18280269
17726846
15242678
21029084
18031478
12990348
7800345
20176111
13636609
7334711
19040304
13888436
9261161
15789485
20884578
12459077
14641944
11046297
17477661
10325537
16394264
14456065
16843943
16010181
15084992
16490329
20319017
12617302
12526153
18308877
14892422
12496501
9994065
11028772
13475331
13530696
10725229
13546964
8294062
13565580
11122737
15043450
15271327
12926256
13812320
15190511
14800667
17686500
15963843
11769520
14833260
16819780
15144207
14967245
22659769
15837519
13837456
11094638
8382878
10490884
8382628
25878369
8531103
14383054
14027392
16424163
11129149
13606408
14155253
10066565
14318492
15388525
13589112
19841981
12418466
11314224
25451555
13464008
12423025
16333406
10936921
18307264
14347672
13032414
8375123
30640828
15576588
15181916
14981869
11353493
37898420
16694396
10513473
20023283
9322945
16021880
13090044
6180566
10322741
12599701
33792329
9359662
15768918
11635712
16663006
10304331
30324952
12088438
3031585
16748315
12745990
8065177
30678188
12827960
17599505
12992211
16556800
16474100
16278163
30399560
10797365
11525176
13420217
15809476
20183199
14495157
15974669
10500510
23307635
9876309
10643934
14320394
16410836
22545014
18348525
13964253
10995589
12246390
11680653
17622059
15310917
12528653
10262366
11282696
14516105
18610882
9803830
13732004
11025611
13384875
13570541
14357716
13425833
12471646
11627477
9607573
9887213
9488818
8083425
8469114
7955012
7777958
7523440
7231439
6891197
6479645
5229015
5625669
4413832
4886776
3410910
4148072
3634319
3093354
3330706
3180651
2894479
502651
461557
615382
2204594
1987455
2060074
1677569
1322302
1173255
276739
1420971
1382465
1228182
1070586
1031689
472389
895885
331546
403390
623606
661942
656410
475174
528315
524663
1685257
3681693
6747767
9142734
9008562
9560456
9618656
9444411
9610689
9337213
8798933
8255772
6341493
7771538
6856609
7137549
8922120
8565420
9887033
10187723
11382634
11277785
10816004
11419919
14169422
10556480
4762944
14198724
18526998
17012775
12633099
10777069
10968459
15255786
16690367
20445986
10160356
7636580
13008358
17580206
21194971
13691348
13825416
11353774
15495192
13071407
14597378
11696426
10732615
12364157
7146281
8145480
15340373
11110382
13738784
20000133
17041163
11505169
21028603
13633972
18406489
16223940
19193251
13306376
19670385
9680033
11639518
18652622
13573306
17621508
17951255
12230418
15182876
12259308
11188677
13881207
15259272
16409955
18365100
16827251
20960211
11849205
16850044
11301838
10266630
17711898
10884447
14423386
15435154
11910249
15576992
10492966
15291077
12305874
16083274
12687252
17498256
7527835
16885189
15796255
10096569
10831583
13299982
12976378
13319783
15026605
17598087
19449465
11177324
14123058
10817445
9345379
11748652
15714851
12286515
12249819
