17581180
15903742
11624821
11675847
19852106
12582913
15411500
14220576
6753607
19039011
16263850
14785099
12163445
12056588
16023061
17565473
8530559
13677744
13886635
19044464
10073276
11427590
9416116
12127076
14558454
13676439
13698704
11265577
12418282
17195809
12103245
9036662
11415549
10928966
16196441
12918992
15885181
16371226
13103855
6840917
15967966
14286409
14563974
12634839
23364115
15190070
8023966
18768548
18620914
14600626
20833462
18117709
12999967
7480687
20648672
13363247
7162030
19169696
13728399
9007678
16366575
21174918
12304976
14719209
11338439
17612095
10612944
16770966
14885514
16574978
16282576
15015009
16903363
20368509
12374228
12266563
18493093
14559765
12789112
10716990
11483285
13389171
13508491
11067409
13487467
8614522
13701725
11032414
15473717
15185680
13440288
13747067
14772747
14392482
18174899
16464203
12092153
14629067
16943626
15082057
14949766
23205493
15590723
14310418
10788726
8455712
10540375
8387159
26884059
8106493
14308970
14342224
16588802
11415149
13426815
14627671
10214371
14887850
14812114
13928561
20611127
12442952
10928619
26770164
13777720
11965055
16458130
11618499
18394242
14344742
12216264
8768195
31792096
15661374
14994079
14945684
11124776
39252520
17238707
10391966
20434257
9078006
15590177
12757029
6355467
10297044
13214112
35935699
9521823
16111568
11470853
16720815
10685638
31932246
11753750
2563742
16636612
12450172
8493561
32090621
12580621
17260430
12994589
16467395
16298761
16028971
31747607
11046031
11773551
13471009
15172611
20362270
13953241
16152674
10506164
24455715
10084353
10218715
14294687
16394750
22902425
18225202
13970110
11618171
11984394
12203873
17417020
15131517
12231556
10396009
10594339
14436415
17687552
9913116
13857976
11159542
13381944
13049071
12140217
11324427
10542222
9827328
9113738
8398592
8037732
7555419
6992329
6834959
6531778
6369075
6127932
5841119
5439865
5042270
4659286
4456187
4141178
3682536
3501528
3075862
3081020
2796592
2608930
2442107
432184
388218
328227
1405368
1810140
1753977
1441114
1254176
684351
435722
1094073
1050079
863824
385091
856383
107859
565538
292567
94923
589008
439828
451019
194384
280993
35324
571493
2167962
5058120
7785187
7889684
8107211
8793057
8773591
8524686
7952190
7591552
7091065
6761324
6556343
6629427
7253077
8361681
8289282
8732905
9878931
10992389
11266969
10850969
11072330
14327413
10219165
4231048
14290258
17997955
17219647
12935768
10804614
10870511
15020424
16807401
20518001
9766727
7339164
12541094
17637748
21301352
13665765
13311802
10741583
15047257
13492169
14478480
12528508
10698096
12349430
7440220
7459305
15327785
10688564
14144866
20873013
17078035
11012486
20994823
13824681
18826646
15989877
19095198
13319547
19625340
9597264
11644131
19102735
13884779
17296574
17998691
12032766
15095773
11953014
11071382
13651196
15408957
16448835
18397502
16947611
20410278
11719867
16338600
11721599
10195861
17270998
10791944
13792241
15101645
12094230
15577188
10394492
15493145
12168417
16091667
12739682
17368635
7762843
17032252
15543320
10096882
10849006
13102213
12934481
12900688
14692421
17522060
19297448
10862546
13746342
10787790
9599957
11635632
16035048
11897381
12909620
