8283537570
11764046801
9878947454
8566117322
10284372480
10292182527
9315772415
9696842214
10230692022
11144371751
9788512615
9960077012
10267261378
9631047428
5671092239
11369393697
6937871929
10580120471
10747568446
4905329111
10650314095
12587879721
14492468374
6910452859
13059361759
10411099343
9622058577
7191091104
10961071769
7436149507
7609413553
9823204165
12021185978
12196304500
7543836493
12332085191
11281590518
11912228463
7739787649
12686141272
7590319855
12928538091
9050387849
13949074349
8865057197
7540929748
9723786650
15191173861
7188090302
12365907370
5836747164
8932495994
13020717496
7100030653
4790399506
11217106319
6409162680
8938402700
10965015974
10189974541
14712268878
5538402343
7214684455
10874347033
6490358595
7097503946
7198903202
12698151118
9833561845
6200932550
4505341869
15984605681
9223732086
10974536400
8409923896
12054814062
10746305794
9493310112
8580513534
10384182035
6157973201
12992256123
16119299105
9776666080
8740992291
11084884509
9358567592
10297588418
12695597055
9637021048
9893493528
11821621366
15452214723
9909768487
5467108924
8697249476
5474355708
9050259367
13068576517
7508123009
15124583509
11198356645
9152328395
10260287335
12299178345
8507817040
8289792348
13960341487
10379949067
14067055012
9887384942
9197042643
9551173888
12195438753
8571286728
9429747282
11196881716
11266628521
19815987130
12577118183
10904671851
8974764761
11496083680
16301001609
8463115676
17256804753
9477395425
6509470116
10361200241
8453502031
8047698133
26621776741
8520009416
7492287400
7584581266
9484173195
9976115667
9539088118
8208816311
26880071860
11845168567
6175951900
13918785836
8255212754
12322443544
10134481339
8919479562
10885122940
6643640815
7584855688
16499797453
13419462952
7741009485
6568607562
15252177820
7172123218
16943089400
11332518378
9695247575
16509504531
10863434443
20309833050
14436344466
11308695639
15005535706
10687080051
12827827234
18536076223
7004984786
17320232156
6122959520
7585972352
16743044572
6492710196
8447727055
9962311599
11187444877
6546004299
10320309959
7320221821
10078197616
11021400365
11124144637
9830157079
10587199041
9165034814
8584577625
8137101687
7864751964
7836691406
3427194686
5299139899
4704247921
7212799233
6690080270
6326374822
6016910395
5596968494
4286531874
4838888998
3706039620
3938816062
4008202297
3790261230
3328091119
3324405265
3094478903
2876762712
2676774970
2502128003
2262168791
2200009589
2070722921
1941529160
1520755370
1722537841
1461489226
1541236637
1455344580
1338758455
1262557151
1173622881
1091706163
274941223
969815671
831506885
875957257
832687315
786225070
11623596
689359963
654886144
610003312
19958150
3014104
37145932
461205876
419412620
103707193
371446625
198226753
324532260
301875090
889735973
1000937292
958403241
348439439
1284444595
1645038233
2969559932
2444603832
3265388003
3572919208
3582434253
3540984616
5479783046
5517730539
5414941724
5263773539
3087566820
6847453851
7108528928
7102164624
7101641069
7616238904
7240403925
7171178242
6251026167
6279148840
6016141492
8452272065
8401071036
9990858176
8713380723
6864396958
8033998214
10335016290
11237114741
10875285351
9778558572
8300865038
8872307427
4410189154
9773389586
4301499056
9941646026
9904638102
9198895952
8228482200
6520559980
9725501118
8847519530
9440521274
11586126163
11012071682
13637019139
9285534106
6543407571
8368238168
11446949842
9897258144
10418971763
12423713442
8234616839
11151126578
11943930610
11994571342
11613435562
11204249049
12279482979
11345017041
13381550263
11168920596
13373180223
9117980951
9632355409
12696435436
15605452500
10569858401
8132340547
6484643349
13158421878
9524377517
11099561007
10417794277
5762708981
9129497745
13719578249
13605713206
9661605892
7302218746
6004932874
11794150510
7634494983
10181099915
13657231103
9631818591
11889134971
11868428042
8711229111
3095510172
8240897978
7529800809
10943711099
6145663658
12481551469
8318272125
4737073914
11553791531
9516378236
8100092996
7740916763
6527935756
8570878197
6973868916
7656645054
9441292604
13665771385
10771038537
10515311475
8734095772
8039125008
10556136075
9598241128
13219859158
