1.035345871998104477e+10
1.035418288750197601e+10
1.035448539271723938e+10
1.035459862289283562e+10
1.035300143729176712e+10
1.034935217271364403e+10
1.034398872180454636e+10
1.033750853277823830e+10
1.033136054819407463e+10
1.032235642519556236e+10
1.031219289652710533e+10
1.030046887260297966e+10
1.028961702448121452e+10
1.027837103652748108e+10
1.026733023343407631e+10
1.024526057473467445e+10
1.024111953197842598e+10
1.023479512668746948e+10
1.023253188982803535e+10
1.023558917742341423e+10
1.024063517591806412e+10
1.024758688749293709e+10
1.023660434768719864e+10
1.022783028033383751e+10
1.021291999484852600e+10
1.020003920638520432e+10
1.019259532965698624e+10
1.018287499227938652e+10
1.017196947621225548e+10
1.016558852903597641e+10
1.015581043606702805e+10
1.015013439580294800e+10
1.014557922498229790e+10
1.013971579171698761e+10
1.013583978119896317e+10
1.013600585836674881e+10
1.013977426709786987e+10
1.014606764219448280e+10
1.015003493083323860e+10
1.015965542468295670e+10
1.017192521006064796e+10
1.018748358749602890e+10
1.020125202832276344e+10
1.021606504675080109e+10
1.023129848160975456e+10
1.026952776000731659e+10
1.028421503429771042e+10
1.028805062572417450e+10
1.029055121994763756e+10
1.028487940492266273e+10
1.027933309492027664e+10
1.027391110636867905e+10
1.028005149967903137e+10
1.028683428043619537e+10
1.029598823297048187e+10
1.030302858071357727e+10
1.031612892265880966e+10
1.031913768045785713e+10
1.032393530681359863e+10
1.032462214745224571e+10
1.033522338362612915e+10
1.033999582775573730e+10
1.034155888666881752e+10
1.034686356682880402e+10
1.035240471306705093e+10
1.035577142795138550e+10
1.035689905441278648e+10
1.035533816136651230e+10
1.035720445638934708e+10
1.035733794071259689e+10
1.035631383342362595e+10
1.035395957184473991e+10
1.035429934915092659e+10
1.035760847066793442e+10
1.036059830516062927e+10
1.036465725910757065e+10
1.036201437343665886e+10
1.037264352075517464e+10
1.038518990584393311e+10
1.040722581892824173e+10
1.043133825665256691e+10
1.045788389392799759e+10
1.048489160239381981e+10
1.051229845091358566e+10
1.053913939528841782e+10
1.056553883797760582e+10
1.057159589545227623e+10
1.060245240586353493e+10
1.063062154209790421e+10
1.065852932554695129e+10
1.068152110184836006e+10
1.070810663140719986e+10
1.073935825364011955e+10
1.075568965687163544e+10
1.077044671447612000e+10
1.078423815524627686e+10
1.079868118631622505e+10
1.081596725748762512e+10
1.083363389662287331e+10
1.085163173521474075e+10
1.087113788413190460e+10
1.089233761477794075e+10
1.091201003493695068e+10
1.092648580666341400e+10
1.094233893266678810e+10
1.093373411029863167e+10
1.095084242924247742e+10
1.096586297628928757e+10
1.098093331601067543e+10
1.099194870686181068e+10
1.100005487861064148e+10
1.100395467442871475e+10
1.100524967930147552e+10
1.100509875321443939e+10
1.100936930076711655e+10
1.101856926505916977e+10
1.104334692879694176e+10
1.105231868939695549e+10
1.106397235249108505e+10
1.107709581750641823e+10
1.108973046698925400e+10
1.110140779470024300e+10
1.111308052601756668e+10
1.115210021755491638e+10
1.119632877388146591e+10
1.124477916902047729e+10
1.129433457932896996e+10
1.134353763045077515e+10
1.139121188318607330e+10
1.143750761716815567e+10
1.148193709702621841e+10
1.152436342782737541e+10
1.156632532762222290e+10
1.160948427275063705e+10
1.165107930196235847e+10
1.170176585121627808e+10
1.173950017561873055e+10
1.177556448185876656e+10
1.180928590644011879e+10
1.184331806915410614e+10
1.187940319928978348e+10
1.191866844959314537e+10
1.195784056128232956e+10
1.199640456845766830e+10
1.203091037397462845e+10
1.206163177148116302e+10
1.208756340483050156e+10
1.211568851020532990e+10
1.214671037161155319e+10
1.217799491588665962e+10
1.220960605325464630e+10
1.224143749348270035e+10
1.227145724619749260e+10
1.228692064936488724e+10
1.229857567722137070e+10
1.230764887913299751e+10
1.231533430791667747e+10
1.232179705713375473e+10
1.232899188306444359e+10
1.233692295516391373e+10
1.234509221927421188e+10
1.235330234632306099e+10
1.236372795854217529e+10
1.237741098149391174e+10
1.239345144077009583e+10
1.240666073566811752e+10
1.242007826361064529e+10
1.243459218404803085e+10
1.244927597246481323e+10
1.246180195807017517e+10
1.247199798223221970e+10
1.248077845260639763e+10
1.249181635125107956e+10
1.250057257043568611e+10
1.251195806015317535e+10
1.252545049216332054e+10
1.254179844004588509e+10
1.256217581846413994e+10
1.257986982189071083e+10
1.259671912523529625e+10
1.260928967660848427e+10
1.262117957734601974e+10
1.263285035897707367e+10
1.264489244320928955e+10
1.265665097139879417e+10
1.266444937248639297e+10
1.267329973892053986e+10
1.267477244073114014e+10
1.266893505421383286e+10
1.265501172657596970e+10
1.264306578190120125e+10
1.263320975123648071e+10
1.262311713627410316e+10
1.261140756535617256e+10
1.258384022502739334e+10
1.256945480392658615e+10
1.254738878064779282e+10
1.251356435707748795e+10
1.246704502589449692e+10
1.242411616032319641e+10
1.237772332213462830e+10
1.231787858480500412e+10
1.225405190083108902e+10
1.219783129667764282e+10
1.214039154959086990e+10
1.208013025396278191e+10
1.200737768462108803e+10
1.193283362736940384e+10
1.185856302414906120e+10
1.178532129762509537e+10
1.171952226668607330e+10
1.165499076810005569e+10
1.159191572812328911e+10
1.151965324379843140e+10
1.143209304028805923e+10
1.134517648294249153e+10
1.125651395165153503e+10
1.118335306061936760e+10
1.112391633746321297e+10
1.108099533637794876e+10
1.103796146523456192e+10
1.098842785874226761e+10
1.093652053532719421e+10
1.087266704862028122e+10
1.083251850222683716e+10
1.077088819988836288e+10
1.071652015537973022e+10
1.068297475119457626e+10
1.067688009388544083e+10
1.066855152343331909e+10
1.067052753738103485e+10
1.069988750250831985e+10
1.073284675811851120e+10
1.075898914673277092e+10
1.078313399931789589e+10
1.080864200596270180e+10
1.085592589546643257e+10
1.090117765607160950e+10
1.094609475576305389e+10
1.099053591085917282e+10
1.103154795542478943e+10
1.107108033619009209e+10
1.110824105760334587e+10
1.116292367967715454e+10
1.124841178474358177e+10
1.134392425730903244e+10
1.144144915724305916e+10
1.153193039810441780e+10
1.161512159927275467e+10
1.168773015803825760e+10
1.175452927207121849e+10
1.182785169406943512e+10
1.190036403643157005e+10
1.199149606034266853e+10
1.207339967761000061e+10
1.217170737087383842e+10
1.227205083679081154e+10
1.236117477820037460e+10
1.243360741206801605e+10
1.250403753929261589e+10
1.256086059231161308e+10
1.259639194056086731e+10
1.263041866228580475e+10
1.266703937621710587e+10
1.270514597929611969e+10
1.272705261634348297e+10
1.272148279946914291e+10
1.271004256609612846e+10
1.269083573473766136e+10
1.266821830416636467e+10
1.264355680105094147e+10
1.261720076637408829e+10
1.258944194221876526e+10
1.255093066095800781e+10
1.249481134004972076e+10
1.242898247928378487e+10
1.235891869074336052e+10
1.228449699258671188e+10
1.220765546579112816e+10
1.213080823952112770e+10
1.205620008722683716e+10
1.197861252710617447e+10
1.190162317499328804e+10
1.181137441973799896e+10
1.171797371893537331e+10
1.162264454559879684e+10
1.152505204993281746e+10
1.142412151097448730e+10
1.132497912531533051e+10
1.122473229312870216e+10
1.113528760140153885e+10
1.105342728691320038e+10
1.096758770975465202e+10
1.087952415500871086e+10
1.078556305391245079e+10
1.072003035935873604e+10
1.068300530982311249e+10
1.065460670007984543e+10
1.063710670303730965e+10
1.062292827298216438e+10
1.061063365036736870e+10
1.060067777544603348e+10
1.059210108675049973e+10
1.058446533479732895e+10
1.056535418812849045e+10
1.054634150138596916e+10
1.052824760158648682e+10
1.050094178528120422e+10
1.046972827350297165e+10
1.043913648766935730e+10
1.040965698394153976e+10
1.037998095769588280e+10
1.034797303030811310e+10
1.032255573841667557e+10
1.029882618875264549e+10
1.028091292941142082e+10
1.026478810166142654e+10
1.025513018747794914e+10
1.024924266599811935e+10
1.025356299826974106e+10
1.024823956968682098e+10
1.024396692936528587e+10
1.023242255582195663e+10
1.022282475273899460e+10
1.021523310668622971e+10
1.019139831319602394e+10
1.015242243833791161e+10
1.010842525517025185e+10
1.004767341330234528e+10
9.973804524395822525e+09
9.894230940159587860e+09
9.812284562871551514e+09
9.726718862800273895e+09
9.644074991590061188e+09
9.585079366078893661e+09
9.529504756700136185e+09
9.474955201517332077e+09
9.443032855054065704e+09
9.420530672478252411e+09
9.396623023544969559e+09
9.370359268624282837e+09
9.342114596573301315e+09
9.316051224280723572e+09
9.288508198864532471e+09
9.259711181604520798e+09
9.222772834781944275e+09
9.182381180058425903e+09
9.137766497177093506e+09
9.082818638743610382e+09
9.011685444283727646e+09
8.950922755062618256e+09
8.888488334814483643e+09
8.837318911674655914e+09
8.785628347821495056e+09
8.737559722893207550e+09
8.692980239761436462e+09
8.651085082195201874e+09
8.611553507232955933e+09
8.584901082608728409e+09
8.570977247167230606e+09
8.562587493909534454e+09
8.556347979877276421e+09
8.554546081041824341e+09
8.550813639360946655e+09
8.536952561679685593e+09
