9.772318273301864624e+09
9.774788912152301788e+09
9.780927476729959488e+09
9.763342066579727173e+09
9.746466726333129883e+09
9.728849496798446655e+09
9.708655102478200912e+09
9.687884379148788452e+09
9.666554245598251343e+09
9.652433828165035248e+09
9.634788374932151794e+09
9.614487899700071335e+09
9.595224084133043289e+09
9.575620018251207352e+09
9.557917514183317184e+09
9.541002742725147247e+09
9.520698891208087921e+09
9.474993111157394409e+09
9.444984182273368835e+09
9.414539483064708710e+09
9.380596459840435028e+09
9.346659961205947876e+09
9.313990037134552002e+09
9.281367163917812347e+09
9.252345531155605316e+09
9.224366635282886505e+09
9.197412059597415924e+09
9.172310005128557205e+09
9.150148446088396072e+09
9.129374645842578888e+09
9.107524354572990417e+09
9.087752886963853836e+09
9.061314697201469421e+09
9.058600482176506042e+09
9.045134534221603394e+09
9.045629364378787994e+09
9.052226695378639221e+09
9.060834626740360260e+09
9.070671207928176880e+09
9.058560060163185120e+09
9.051291653411739349e+09
9.053242630445009232e+09
9.042911779189075470e+09
9.033197057091518402e+09
9.018069784959222794e+09
9.003676080174360275e+09
8.999203193320892334e+09
9.012944777358629227e+09
9.016096135236991882e+09
9.024329379512481689e+09
9.043178965295406342e+09
9.066548874851230621e+09
9.091370476990732193e+09
9.117643595541320801e+09
9.141750955511161804e+09
9.164410788078514099e+09
9.186036951214576721e+09
9.192740610740467072e+09
9.193986185188026428e+09
9.193316344188144684e+09
9.193194643003990173e+09
9.194287873493717194e+09
9.197083738708610535e+09
9.209955551862556458e+09
9.232869028048332214e+09
9.232841712496219635e+09
9.229225702224597931e+09
9.225551803249578476e+09
9.219631857011789322e+09
9.236629874815652847e+09
9.254759814712501526e+09
9.263162248347557068e+09
9.296794440354579926e+09
9.333274824605234146e+09
9.376705456602731705e+09
9.420007670344997406e+09
9.444899327128107071e+09
9.464655414684150696e+09
9.484353750742832184e+09
9.499819587491962433e+09
9.508132207532360077e+09
9.512458349208320618e+09
9.514555823020647049e+09
9.523266220596307755e+09
9.525775461508491516e+09
9.527399402079051971e+09
9.528503444722461700e+09
9.556559062961166382e+09
9.592213931258348465e+09
9.628257663549753189e+09
9.663275040696773529e+09
9.693232521910768509e+09
9.726857614677040100e+09
9.753229472530261993e+09
9.793346531397113800e+09
9.854020475154602051e+09
9.918565407683937073e+09
9.983886292304239273e+09
1.005539573895005798e+10
1.011940103263085938e+10
1.018058991380297470e+10
1.024367773990484619e+10
1.029187105270944977e+10
1.033582852356653214e+10
1.037566995840812302e+10
1.041396188750845337e+10
1.047697071926227951e+10
1.054241173261557388e+10
1.061370078678545380e+10
1.068455580061328125e+10
1.075495297829008102e+10
1.082521694346315002e+10
1.089605723764538956e+10
1.095110774082745361e+10
1.101707584751334763e+10
1.108511454858988762e+10
1.115315128808449554e+10
1.120401728009598160e+10
1.124263314527004814e+10
1.128017282092303467e+10
1.132195325866142082e+10
1.136549289966107368e+10
1.140765138394916725e+10
1.144741958866985512e+10
1.147408390049576759e+10
1.149073982198261833e+10
1.150416486632877731e+10
1.151546440840191841e+10
1.152289881621623421e+10
1.153207393457083702e+10
1.152889253910388184e+10
1.152131445725122070e+10
1.151029497871330643e+10
1.150207687586571884e+10
1.149529769042078781e+10
1.148912641609414101e+10
1.146994169625213051e+10
1.144917007213337326e+10
1.142569650079139709e+10
1.140450685435274887e+10
1.138572280225495720e+10
1.136857910302083969e+10
1.135238950929296875e+10
1.134476910392618561e+10
1.133492182565379524e+10
1.132570594723211861e+10
1.131892673233642197e+10
1.132004349824180603e+10
1.133836588162293816e+10
1.136311002811531830e+10
1.138805600814811134e+10
1.142002920682973099e+10
1.145323632324322891e+10
1.148839032151165009e+10
1.152412084050629616e+10
1.155873213733566093e+10
1.159232325727214241e+10
1.162620605622515106e+10
1.165966494190620041e+10
1.169015159439875031e+10
1.174825462940277290e+10
1.182051272906584930e+10
1.189943992980806732e+10
1.197943062769256210e+10
1.206183532441244507e+10
1.213698811831629944e+10
1.220649589988030052e+10
1.227721316882877922e+10
1.233989664238365364e+10
1.240010753892684364e+10
1.246110309779572296e+10
1.252269446874946022e+10
1.258424636686278915e+10
1.264615631068823624e+10
1.270721313339842415e+10
1.276768617411597443e+10
1.282542517113809204e+10
1.287722410812317085e+10
1.291842158277155876e+10
1.295332512319567299e+10
1.298458881203640366e+10
1.301004400688784790e+10
1.303341619685523033e+10
1.305398105267811203e+10
1.307274982004261017e+10
1.309223630201126480e+10
1.311259808708347321e+10
1.313305771904698944e+10
1.315426793423002243e+10
1.317305730933308220e+10
1.317364815822318459e+10
1.316320805668628883e+10
1.314588212295520401e+10
1.311002815209943962e+10
1.306327423632294083e+10
1.302869337237244797e+10
1.300556285031521034e+10
1.297315529782049179e+10
1.295894467344783020e+10
1.294512246311803055e+10
1.292738126432429886e+10
1.290605898266170502e+10
1.288150764148251152e+10
1.285323164393960571e+10
1.282157666897920418e+10
1.278558994146109962e+10
1.275000653724034882e+10
1.271568236530921936e+10
1.268120258895176888e+10
1.264646552429892540e+10
1.261134327236950684e+10
1.257556849129569244e+10
1.253972665890844345e+10
1.250496083202898407e+10
1.247062021955521774e+10
1.243525632962460709e+10
1.239923787719833946e+10
1.236188174138092613e+10
1.231843930219157791e+10
1.227199601451515579e+10
1.223344979274699402e+10
1.220077536774980736e+10
1.218209268167572784e+10
1.219360881076386070e+10
1.221934557168461227e+10
1.224342211928733063e+10
1.226517146498313713e+10
1.230450927117425537e+10
1.232954544799504089e+10
1.235663012235551071e+10
1.238427032856673431e+10
1.241245171662899780e+10
1.244198081491760826e+10
1.246346972379823685e+10
1.248814273476537895e+10
1.251807368615469170e+10
1.254797521743677521e+10
1.257776791053229141e+10
1.260954368774382591e+10
1.264347806556849670e+10
1.267870914982263565e+10
1.271414372710852051e+10
1.274751881852499962e+10
1.276473901500322914e+10
1.278273586284155273e+10
1.280164962020998573e+10
1.282013494606787109e+10
1.283958729680811310e+10
1.286771495319268799e+10
1.291078228796616554e+10
1.294729730736283112e+10
1.297855853880725861e+10
1.299722381707594299e+10
1.299846669017951965e+10
1.299074633262172508e+10
1.297762101932258224e+10
1.295923451372583580e+10
1.292963446130822182e+10
1.290099211973392868e+10
1.286955754368913651e+10
1.283835931802096748e+10
1.280767251994068527e+10
1.277510048506848145e+10
1.276071660367117310e+10
1.273948531839294815e+10
1.271339014729288864e+10
1.268529283379995346e+10
1.265577419758541870e+10
1.262454473626213264e+10
1.259131674855168533e+10
1.255637904263140488e+10
1.252055409331901360e+10
1.248653434677529335e+10
1.248119653932094193e+10
1.247339486066532516e+10
1.246381755655381393e+10
1.245203400209973907e+10
1.243605175054800797e+10
1.241168555102542114e+10
1.237474712445167351e+10
1.233802600376593781e+10
1.230005051865183258e+10
1.226306026877777863e+10
1.222788659458406448e+10
1.219520248905683708e+10
1.216350513919692993e+10
1.213286364177877426e+10
1.210287951462904358e+10
1.207388808865181732e+10
1.204482737250460052e+10
1.201531105822365952e+10
1.198258769008931351e+10
1.195290663097912216e+10
1.191243323265780258e+10
1.187135687773233032e+10
1.183057951541235352e+10
1.178929552358528900e+10
1.174711430913059235e+10
1.170038655789759445e+10
1.165290411537783432e+10
1.160184765365011787e+10
1.155147413459268951e+10
1.149735764910909271e+10
1.142684686702485657e+10
1.135534058776868248e+10
1.128278807189536476e+10
1.121213035611821556e+10
1.114573482370314026e+10
1.108432437580472374e+10
1.102354648800314522e+10
1.096302706098007011e+10
1.090612665629000473e+10
1.085193796476070023e+10
1.079802821080063057e+10
1.074216188482411766e+10
1.068530858472599792e+10
1.061644377890806580e+10
1.054619056894068336e+10
1.047677051064558220e+10
1.040550131547347641e+10
1.033623743651999855e+10
1.026994604951057816e+10
1.019914296210986710e+10
1.013220657831562424e+10
1.007465428680937576e+10
1.001901635894364166e+10
9.966639529907888412e+09
9.912515877329078674e+09
9.865279888009925842e+09
9.819771693422555923e+09
9.778695664227144241e+09
9.736108445532711029e+09
9.697491424604385376e+09
9.662031482630044937e+09
9.628086103904876709e+09
9.594079824876758575e+09
9.559480041480983734e+09
9.523074890475900650e+09
9.484742238778188705e+09
9.449988304890323639e+09
9.414919643021970749e+09
9.377232392818792343e+09
9.337148916390098572e+09
9.296122776447216034e+09
9.254646738684280396e+09
9.212420104752845764e+09
9.192298157127429962e+09
9.173156141972042084e+09
9.150008350635314941e+09
9.129102002279716492e+09
9.102684677908271790e+09
9.076921838870286942e+09
9.054872227992187500e+09
9.031747332410522461e+09
9.004853072120521545e+09
8.978416729766304016e+09
8.951183982117170334e+09
8.927973695800037384e+09
8.903325280279758453e+09
8.878744296778678894e+09
8.854437077231712341e+09
8.832066527100563049e+09
8.809648874055973053e+09
8.787293407820575714e+09
8.766259140551200867e+09
