1.075588528416660118e+10
1.073571125643386078e+10
1.071409346376741982e+10
1.069240582664227295e+10
1.067132681990394974e+10
1.065065759489215088e+10
1.062949510998601913e+10
1.060969826957423210e+10
1.059544882778289032e+10
1.056906209317012787e+10
1.054193682379723930e+10
1.051338106584231567e+10
1.047860727479142761e+10
1.044262093040477562e+10
1.041016609343857574e+10
1.037875417407127190e+10
1.034846125757571030e+10
1.031909656076674652e+10
1.028638877611410904e+10
1.024994948428204536e+10
1.022588933651228523e+10
1.020800100162980652e+10
1.019628447963460922e+10
1.017077568557485580e+10
1.014546091043543243e+10
1.012229947746692657e+10
1.008952720002588654e+10
1.006189938714884186e+10
1.003566346558259773e+10
1.001083404980056000e+10
9.988404754577337265e+09
9.967719600665031433e+09
9.948750737727169037e+09
9.931320605788887024e+09
9.912554383677453995e+09
9.892474299881830215e+09
9.869587065126916885e+09
9.832147481506135941e+09
9.783000831635343552e+09
9.757634088452297211e+09
9.732101358584224701e+09
9.707490046679639816e+09
9.694390334861495972e+09
9.683881734553569794e+09
9.669054159244499207e+09
9.653114029061632156e+09
9.636680901781360626e+09
9.620377230238746643e+09
9.606006411960830688e+09
9.592820798216770172e+09
9.573608708364717484e+09
9.551990097238220215e+09
9.527701226865434647e+09
9.528845102063663483e+09
9.530572644308954239e+09
9.533568471997550964e+09
9.558869536005945206e+09
9.583040164914478302e+09
9.606396873503765106e+09
9.631318843975223541e+09
9.654142394045063019e+09
9.670162519798583984e+09
9.685918225470382690e+09
9.697431017135437012e+09
9.709982575503353119e+09
9.719898087927951813e+09
9.747916730299507141e+09
9.800461013737468719e+09
9.859898157245872498e+09
9.908665911027326584e+09
9.960846416814176559e+09
1.001626903467848015e+10
1.006246117571849060e+10
1.011357035282761383e+10
1.016532443968221283e+10
1.021717284722607422e+10
1.026783154489282608e+10
1.031744020697239304e+10
1.036646544963097763e+10
1.041606808736001587e+10
1.046580436239161682e+10
1.051449530329099083e+10
1.056333165985183334e+10
1.059651005999892426e+10
1.062880947384901047e+10
1.066069063361045456e+10
1.068260723037596893e+10
1.070516173249116135e+10
1.071550560764177322e+10
1.071714476966333961e+10
1.071978249042673874e+10
1.073441822997318459e+10
1.074986925496800613e+10
1.077038664092956543e+10
1.079210859814574432e+10
1.082385609134423828e+10
1.083150707064770126e+10
1.082931826013228607e+10
1.082736608815261269e+10
1.082507122731696701e+10
1.081912334384147644e+10
1.081036293746074295e+10
1.080959781349530602e+10
1.079631143557007980e+10
1.078579619072099686e+10
1.077648930385453033e+10
1.076891081171915054e+10
1.076180569376871109e+10
1.074674909334461975e+10
1.073086254348896980e+10
1.071519091496990585e+10
1.070214074803668213e+10
1.068887202401154900e+10
1.068212694582812881e+10
1.068040711895555115e+10
1.067759105194189835e+10
1.067275361340391541e+10
1.066620942773018646e+10
1.067202748378042412e+10
1.069201488560454178e+10
1.071217163369658279e+10
1.072872608652536201e+10
1.074606625285723114e+10
1.076210686287614822e+10
1.077816629976864815e+10
1.078896193893371391e+10
1.081150288640117836e+10
1.083553502694692421e+10
1.086112214214432907e+10
1.088821432382495117e+10
1.092052608576634026e+10
1.095468312174106789e+10
1.098687462296406174e+10
1.102613087179674911e+10
1.106119326877169037e+10
1.109626978350382805e+10
1.113158021719972038e+10
1.116863645381772995e+10
1.122304479049870872e+10
1.128036408953466034e+10
1.133727045763916016e+10
1.139158160721306992e+10
1.144651609378411484e+10
1.149987971957036209e+10
1.154646719110723686e+10
1.159493145048572540e+10
1.164569924901161957e+10
1.169670171263172722e+10
1.176225492656043816e+10
1.182367353211838531e+10
1.188642897334578705e+10
1.194570670489826393e+10
1.199772490066015816e+10
1.204956321875271034e+10
1.209989400010221672e+10
1.214843698178623772e+10
1.219322902724949646e+10
1.222793856813384247e+10
1.226048173906189728e+10
1.228738021293852997e+10
1.230916858150794983e+10
1.232872195066500854e+10
1.234095507070230675e+10
1.235383122311804581e+10
1.237112387698340416e+10
1.238862229115280342e+10
1.240640641125706482e+10
1.240782208562526703e+10
1.239191098050131989e+10
1.237254409705279732e+10
1.235588614415200424e+10
1.234209907556581688e+10
1.232901272087766075e+10
1.230941975056103516e+10
1.229239090390845490e+10
1.227415610343258667e+10
1.225496785449182892e+10
1.223766059621655273e+10
1.220534752999908447e+10
1.216874839480690575e+10
1.212955022245754242e+10
1.209331041248743629e+10
1.206857851192707443e+10
1.204273538016761208e+10
1.201668832889905930e+10
1.199130608625490570e+10
1.196764330713507080e+10
1.195677337860969353e+10
1.194372882151511765e+10
1.193630160738076401e+10
1.192918490857570648e+10
1.192196250358295441e+10
1.192566259160014534e+10
1.192686643154963303e+10
1.192468607591425133e+10
1.191925659666063881e+10
1.190991202814803123e+10
1.192963828034347534e+10
1.196663452589201355e+10
1.200838421339662552e+10
1.203778715300822067e+10
1.206600373017669296e+10
1.209389695809436989e+10
1.213352964578034592e+10
1.217377205948158646e+10
1.221461018335428619e+10
1.225524320480356216e+10
1.229569454592094231e+10
1.233905692605082512e+10
1.237801372327334023e+10
1.241879635110765457e+10
1.245753200146870422e+10
1.249007635946629333e+10
1.252253618968878937e+10
1.255515422576582336e+10
1.258801423567848015e+10
1.262102082984628677e+10
1.264937936043217087e+10
1.268104484092423630e+10
1.271175320006145859e+10
1.274425080964878464e+10
1.277796937538790321e+10
1.280673578787945366e+10
1.283655027778309822e+10
1.286686668388117599e+10
1.289901701514913559e+10
1.293324528045236969e+10
1.295321335295356750e+10
1.296370727572018814e+10
1.296915804025474167e+10
1.299149663881336212e+10
1.300969077244654083e+10
1.302496753620681763e+10
1.303277483934267044e+10
1.303840589622763062e+10
1.304116861591249084e+10
1.304153345945468330e+10
1.303795157815430641e+10
1.303032011782287979e+10
1.303565365886472321e+10
1.304016762266527557e+10
1.304799453302215958e+10
1.305835748717259407e+10
1.305996414011455917e+10
1.304717050116314316e+10
1.302862023902795982e+10
1.299414140037539482e+10
1.295541989999826050e+10
1.290321142835666466e+10
1.283471957663589668e+10
1.276371882211662292e+10
1.268388198349650955e+10
1.260216092062071991e+10
1.252085257589484787e+10
1.244057304479891968e+10
1.236115211224862862e+10
1.228286807088158417e+10
1.220453543375031281e+10
1.212469824014215660e+10
1.204701216910494423e+10
1.195576393629709244e+10
1.186522685728453445e+10
1.176190882277985001e+10
1.165526938554247284e+10
1.154766366213373947e+10
1.143641834660091400e+10
1.132377680125417900e+10
1.121011030067966843e+10
1.109222071305933380e+10
1.096140439825777435e+10
1.082669990184064102e+10
1.068427855407568359e+10
1.053640370367986679e+10
1.040493529511130524e+10
1.029864957479474831e+10
1.020077564332283783e+10
1.012806750850160599e+10
1.006037188437026405e+10
1.001563558996316147e+10
1.000081997787096024e+10
9.988286908436794281e+09
9.991125828439874649e+09
9.996035816863676071e+09
1.000096123731206322e+10
1.000119494809864426e+10
9.997261583067607880e+09
9.988166833009321213e+09
9.975373705605119705e+09
9.960527983027797699e+09
9.942995568217010498e+09
9.936839120907402039e+09
9.933958739603487015e+09
9.957844121976840973e+09
9.988025151806818008e+09
1.001765795528057289e+10
1.006576593350456619e+10
1.012206017944297028e+10
1.018213727263014221e+10
1.024560652161660957e+10
1.031533408170674515e+10
1.038631750830074310e+10
1.045973531987794876e+10
1.053015722041632462e+10
1.059292331136751938e+10
1.064328117575311661e+10
1.068768604023299026e+10
1.072314291720368576e+10
1.075430758517451859e+10
1.077183223667880249e+10
1.077144673165771103e+10
1.076199612196531487e+10
1.075146043966868210e+10
1.073824459811129379e+10
1.072143962551805115e+10
1.070951023010380363e+10
1.070189435283875275e+10
1.069916915771837234e+10
1.070181297462221336e+10
1.071267967823641205e+10
1.072562831555588150e+10
1.072988029754755020e+10
1.072029492271629715e+10
1.071035993835482788e+10
1.069991940154112053e+10
1.069075695477852440e+10
1.066416122861592674e+10
1.063219989113359833e+10
1.059667672103357697e+10
1.056344607375918198e+10
1.053150640906057930e+10
1.051061984093047333e+10
1.048242391374509430e+10
1.046487860831909370e+10
1.044721481400723457e+10
1.043193685730728340e+10
1.041892265781713104e+10
1.040634086164627838e+10
1.039652450539124489e+10
1.038934252560120201e+10
1.038556353708528709e+10
1.039594381547259521e+10
1.039249985777736664e+10
1.038990824583266449e+10
1.039066886758064842e+10
1.038974209537206268e+10
1.038680872467652130e+10
1.038327518074159050e+10
1.037665908176614380e+10
1.036469848592194366e+10
1.035234042329344177e+10
1.034589435006348801e+10
1.035229273070862389e+10
1.034682474305186462e+10
1.033958380976456070e+10
1.033380285569447708e+10
1.033242249574773026e+10
1.033148431212764740e+10
1.033367776495380020e+10
1.033600322385265923e+10
1.033657448229516983e+10
1.032847586577846527e+10
1.033003003047619247e+10
1.032718075712449646e+10
1.032483850108266640e+10
1.032175478298877144e+10
