1.029964142107645416e+10
1.032626713291308975e+10
1.035602373532882690e+10
1.038931746638085365e+10
1.042129644646480560e+10
1.045129351323734093e+10
1.047972233552018547e+10
1.050940049766689301e+10
1.053616642758128738e+10
1.056387171936075211e+10
1.058658379386798477e+10
1.060798243148986053e+10
1.063263105819480133e+10
1.066225493929038620e+10
1.069701087632498360e+10
1.072590337326559830e+10
1.075367087210068512e+10
1.077945297489971542e+10
1.080640846977077675e+10
1.083071088535098839e+10
1.085181379017245483e+10
1.086994312917287064e+10
1.088117472555902863e+10
1.088843189707821465e+10
1.089318568959241486e+10
1.088534821223057556e+10
1.087359272223336792e+10
1.085391193795125198e+10
1.083611266098419952e+10
1.081013082806331635e+10
1.078053550691884613e+10
1.074354437256194687e+10
1.070074344886913490e+10
1.065289719635517502e+10
1.061220348763856697e+10
1.057395212897336769e+10
1.053493848918631363e+10
1.049432511629667664e+10
1.045789757801796150e+10
1.042267513483214569e+10
1.039494931709941483e+10
1.037068461031485939e+10
1.034138694963059998e+10
1.030224666540615654e+10
1.025232422205714417e+10
1.021135511603211594e+10
1.016611708924150467e+10
1.011178496910135460e+10
1.005155374333564758e+10
9.991678531609302521e+09
9.933577825490943909e+09
9.880390104317262650e+09
9.840514944430286407e+09
9.802747745048404694e+09
9.765965678993179321e+09
9.749603648736961365e+09
9.737194972411033630e+09
9.735334484517799377e+09
9.721994782952758789e+09
9.720093652844970703e+09
9.722000857209400177e+09
9.734928325943893433e+09
9.749636681230598450e+09
9.753941104699348450e+09
9.746385263417089462e+09
9.727161332281497955e+09
9.712941077416961670e+09
9.700199591954338074e+09
9.686399414917451859e+09
9.670862736481664658e+09
9.653467625791065216e+09
9.634023782718139648e+09
9.613914749098085403e+09
9.598445888237108231e+09
9.589094591380577087e+09
9.578817236301822662e+09
9.579418262787433624e+09
9.601635576516435623e+09
9.626533540604946136e+09
9.651619102868049622e+09
9.676398368382432938e+09
9.695377478409595490e+09
9.712740396402814865e+09
9.729008137390251160e+09
9.744113337641521454e+09
9.749961789029628754e+09
9.749008958477859497e+09
9.742762587382879257e+09
9.746918306702266693e+09
9.745095993504037857e+09
9.739981365542892456e+09
9.727712706487878799e+09
9.719286920768362045e+09
9.732255473168025970e+09
9.762007617810047150e+09
9.813605486722339630e+09
9.863933334579000473e+09
9.919518460173742294e+09
9.973203216597927094e+09
1.002315794584362030e+10
1.006719883164895248e+10
1.011018690334931755e+10
1.015406175256659698e+10
1.019951151761970329e+10
1.024625683781689072e+10
1.030637744861604691e+10
1.036406046060962486e+10
1.041167650306673431e+10
1.046164700215570831e+10
1.051397339837929726e+10
1.056797409708285904e+10
1.063041208780806732e+10
1.068354279878925896e+10
1.074467426304632759e+10
1.080814929124489403e+10
1.087155212313291168e+10
1.094400813275275040e+10
1.101896544917935181e+10
1.109061246327429962e+10
1.116327984202261734e+10
1.124039112511506653e+10
1.132135942999504280e+10
1.139967788732925987e+10
1.147230951768553162e+10
1.152755748987254906e+10
1.157601443474430847e+10
1.162314550410850716e+10
1.166183430815964508e+10
1.170685987799962807e+10
1.176022252787569809e+10
1.182255186646197510e+10
1.187538918985803223e+10
1.192852883554442596e+10
1.198211824695265007e+10
1.203410330475362206e+10
1.205793896905642700e+10
1.207854568162670326e+10
1.209876727325806427e+10
1.211980121816083717e+10
1.214044376857364273e+10
1.216034485869075775e+10
1.217559685311921120e+10
1.217956508849238777e+10
1.217094095560180283e+10
1.216100845092134857e+10
1.214755155264149284e+10
1.212446122940261078e+10
1.209541550738155746e+10
1.207050751550758171e+10
1.204933291724973679e+10
1.201805389229756927e+10
1.197758327673187637e+10
1.193836928262315750e+10
1.189751949832416534e+10
1.186402465147285271e+10
1.182354382173123169e+10
1.178369553974116898e+10
1.173495530462418365e+10
1.168089076729852295e+10
1.162230239248614311e+10
1.156342914682264328e+10
1.152891559706705093e+10
1.150400820294669724e+10
1.147867433354003143e+10
1.145577560310621071e+10
1.144778225910394669e+10
1.144271724458549118e+10
1.143830959949620819e+10
1.142271351590648270e+10
1.140310597405004883e+10
1.137488348153010750e+10
1.133783253239097786e+10
1.133071517382585907e+10
1.132719994983557892e+10
1.132408852715274048e+10
1.132842285669034386e+10
1.134514172471907043e+10
1.137040794664795685e+10
1.138345286885063934e+10
1.138965227220873642e+10
1.139776327866709328e+10
1.141096896423890495e+10
1.140755747734194756e+10
1.139600295892083359e+10
1.137713144650508499e+10
1.136316744414403343e+10
1.134291027454668617e+10
1.134459588172684097e+10
1.134766554747292137e+10
1.135092059948496056e+10
1.135137588862460709e+10
1.132933106810382080e+10
1.128503892585403633e+10
1.123945812738684273e+10
1.119122286120916557e+10
1.114062803471286774e+10
1.108710093621928406e+10
1.103186893054565048e+10
1.099596236408295441e+10
1.096603935240444565e+10
1.093621206604944611e+10
1.092363776709698105e+10
1.089730754492454147e+10
1.087372544070399475e+10
1.083924089513391495e+10
1.079891619322340202e+10
1.075087613778272820e+10
1.069402807201982307e+10
1.065563380578661919e+10
1.060721701505064392e+10
1.057559020931740952e+10
1.055567541312554169e+10
1.056622183697988129e+10
1.057389175660379410e+10
1.059281256696264267e+10
1.061335103812496758e+10
1.064513832399301910e+10
1.065166070947078323e+10
1.065881658712998581e+10
1.065538570393013191e+10
1.065216540669159698e+10
1.066640969862271881e+10
1.070728066958044434e+10
1.074646794068787575e+10
1.078444315843453979e+10
1.082140562385605431e+10
1.085801325899179649e+10
1.089379257655728149e+10
1.091820512257015991e+10
1.093781647546333885e+10
1.097999502692749214e+10
1.101125141326233673e+10
1.103968537128436089e+10
1.107595435360928345e+10
1.113332341739960098e+10
1.119166694694601440e+10
1.125067518152492142e+10
1.131752171889479065e+10
1.137229155347509003e+10
1.145526067495208740e+10
1.151919800862804413e+10
1.157228491719473648e+10
1.161058370547673798e+10
1.167309293185323334e+10
1.173243056788158417e+10
1.178629648400751305e+10
1.183535946078668976e+10
1.191194019973833847e+10
1.198511462592642212e+10
1.207718791513122749e+10
1.216698009679743958e+10
1.224674124283921814e+10
1.231356306783982468e+10
1.238069110652112198e+10
1.244836997149014473e+10
1.251624435231297684e+10
1.258337181855721092e+10
1.264994928912378693e+10
1.271558120195676613e+10
1.278086756533340645e+10
1.282996323740266037e+10
1.288075475763382912e+10
1.293377178735270309e+10
1.297890889143755341e+10
1.301308344888354683e+10
1.304687559673148727e+10
1.307937014886607742e+10
1.310723943759655952e+10
1.313685873002425003e+10
1.314973541781593704e+10
1.317612855647832108e+10
1.320220633853459549e+10
1.322603847182536697e+10
1.323288354446770859e+10
1.323364197142234039e+10
1.323537871559520149e+10
1.323511126275483894e+10
1.321733692646164894e+10
1.320381919300736046e+10
1.317701356446634293e+10
1.314683904107141304e+10
1.311407344839137650e+10
1.307959181563642311e+10
1.303821269457931137e+10
1.298315492716590881e+10
1.292629012612269592e+10
1.286692820583043289e+10
1.279992309311136436e+10
1.272957655881960678e+10
1.265920102753247070e+10
1.258144076561535454e+10
1.249327625085817146e+10
1.240078423778927612e+10
1.230323105587471390e+10
1.220342044568964767e+10
1.210222252294794655e+10
1.199742485331687927e+10
1.188856200651057816e+10
1.177546702423580360e+10
1.166040130914416122e+10
1.153616422222404671e+10
1.140973951278712845e+10
1.128160138808372307e+10
1.115199612509077072e+10
1.102812009065033531e+10
1.090205670181997871e+10
1.077627924001022530e+10
1.065658268891646767e+10
1.052948209153183365e+10
1.040805721747313309e+10
1.029150303457553101e+10
1.018862214963266945e+10
1.008952254557791138e+10
1.000398397272186279e+10
9.946033302430549622e+09
9.886813963994312286e+09
9.827585653868812561e+09
9.782295424395641327e+09
9.744478973144226074e+09
9.705693838358531952e+09
9.680475090402738571e+09
9.663130751605504990e+09
9.648450831338537216e+09
9.636392367658052444e+09
9.623011596274044037e+09
9.610063361124393463e+09
9.602867040466365814e+09
9.602184488688381195e+09
9.602157886216783524e+09
9.604169569239398956e+09
9.612841547128807068e+09
9.627630908203947067e+09
9.643934601964241028e+09
9.661543636373302460e+09
9.678588070035984039e+09
9.699799706317596436e+09
9.719675787941379547e+09
9.735831002288528442e+09
9.755856972865482330e+09
9.772937246060668945e+09
9.790036308418262482e+09
9.786521164058254242e+09
9.776546028164611816e+09
9.760730500395843506e+09
9.728797695601722717e+09
9.703255663683883667e+09
9.685018740614635468e+09
9.661649572808677673e+09
9.634086421065082550e+09
9.608992247163631439e+09
9.578178184905986786e+09
9.549925766053995132e+09
9.522670538197360992e+09
9.497517232706480026e+09
9.475976634557628632e+09
9.455889510981384277e+09
9.434676625400169373e+09
9.411787712245666504e+09
9.392835603977844238e+09
9.375164500338932037e+09
9.353709740775218964e+09
9.329408959715297699e+09
9.306945347667343140e+09
9.286280102620544434e+09
9.265042169464113235e+09
