3.48
2.69
2.44
2.44
4.15
5.55
5.86
7.45
6.29
7.14
6.1
5.49
5
4.64
4.33
2.87
2.93
2.81
3.85
4.27
4.7
5.55
5.74
6.16
4.58
5.49
4.46
4.58
5.19
3.11
2.81
3.36
3.91
4.7
5.62
6.04
7.69
3.78
2.62
5
5.55
5.43
6.59
5.68
4.82
4.88
5.37
5.86
7.51
7.32
6.23
6.53
6.53
4.94
5.68
6.77
6.29
6.16
6.16
5.74
6.04
6.1
7.26
7.87
7.51
7.08
7.51
7.02
6.1
6.53
5.55
5.74
6.9
6.84
6.77
5.86
6.65
7.14
7.69
7.81
7.39
8
8
8.06
7.69
6.65
8.48
8.3
7.57
8.3
8.06
6.77
6.1
5.74
5.55
6.1
6.1
4.33
5.31
5.25
6.41
6.04
5.31
5.55
5.8
5.86
5.68
7.57
7.2
6.35
5.62
5.55
5.68
5.68
6.59
7.57
7.93
8
6.77
7.08
7.93
6.16
4.09
5.31
7.51
7.08
7.57
8.24
8.97
8.73
7.87
8.85
8.12
7.87
7.87
9.52
9.77
9.77
9.52
8.79
8.61
9.28
8.85
9.83
10.01
9.34
9.09
8.12
8
8.73
9.03
9.95
9.34
7.93
7.02
7.57
8.48
9.09
9.46
7.81
8.67
8
8.61
6.65
5.49
7.2
7.45
7.45
7.51
7.32
7.57
8.12
8.67
7.69
8.67
8.18
8.36
7.87
8.36
8.54
8.67
9.4
9.77
10.31
11.05
11.11
12.27
10.5
9.34
9.34
9.58
8.12
6.84
7.14
8
9.28
8.36
8.3
8.3
8.06
8
7.57
8.18
8.36
9.4
9.4
9.52
9.09
8.85
10.13
9.4
10.07
9.22
8.91
7.45
7.45
7.32
8.54
9.52
9.83
9.03
8.85
9.28
9.52
8.54
7.32
7.63
8.06
8
8.3
8.06
8
8.79
9.46
8.97
8.18
8.91
9.16
8.36
9.03
9.52
9.34
9.46
11.29
11.6
11.29
10.38
10.5
9.52
8.48
8.85
8.91
8.85
9.52
9.28
7.81
6.1
7.45
9.03
10.01
9.4
8.18
7.45
7.69
8.54
7.81
5.92
7.93
7.2
6.35
6.04
5.49
7.93
8.36
8.06
8.73
9.64
9.28
8.48
8.79
9.09
8.54
5.62
6.47
4.39
4.88
5.92
5.98
6.41
6.35
6.53
6.65
7.75
8.12
7.32
7.51
5.86
6.16
6.29
8.06
8.79
8.48
9.4
7.93
7.26
7.14
6.96
7.2
7.14
7.69
7.02
5.68
5.68
8.42
9.28
9.46
6.41
5.86
5.68
6.04
5.98
5.31
4.64
4.76
6.04
8.3
6.04
8.3
5.31
4.09
2.69
3.17
6.53
5.37
5.98
7.39
6.35
4.33
4.33
4.33
3.91
3.17
3.97
4.64
3.91
3.6
4.21
5.74
2.99
2.87
4.21
4.94
4.39
6.53
6.23
5.31
5.31
3.36
3.17
3.3
3.85
5.19
6.1
7.39
7.81
