0
0
0
0
0.1
0
0.13
3.61
1.93
30.28
26.72
12.59
0.05
0.07
0.35
0.04
0.07
0.07
0.43
0
0.1
0.02
0.39
6.19
0.19
9.14
2.04
0
0.37
0
0.02
0.04
0
0
0.02
0
0.16
0.52
0
0.52
5.36
6.38
30.32
26.46
2.21
0.14
0.65
0.77
1.02
3.54
0.64
0.22
0.9
3.2
7.56
34.38
8.08
12.7
4.46
0.29
0.44
0.26
8.45
10.02
18.96
1.14
0.16
1.87
0.77
0.09
0.04
0
0
0
0
0
0
0
0
0
0
0
0.15
0.02
0
0
0
0.07
0
0.01
0.05
0.05
0.06
0.04
0.14
1.65
11.67
0.92
4.49
0.09
0.21
0.02
0
0
0
0.02
0.02
0.03
0.58
3.67
4.43
0
0.03
0
0
0
0.02
0
0
0
0.01
0
0
0
0
0
0
0.01
0.01
0.01
0.01
0.15
0
0.01
0.04
0.01
0.03
0
0
0
0
0.01
0.01
0.02
0.08
0.14
0.18
0.03
0
0
0.17
0.13
0.07
0.01
0.04
0
0
0
0
0
0
0
0
0
0
0
0
0
0
0
0
0
0
0
0
0
0
0.14
0.02
0
0
0
0.01
0
0.13
0.44
0.44
0.1
0.01
0
0
0
0
0
0
0
0
0
0
0
0.01
0
0
0
0
0
0
0
0
0
0
0
0
0
0
0
0
0
0.01
0
0
0
0
0
0
0
0
0
0
0
0
0
0
0
0
0
0
0
0
0
0
0
0
0.09
0.16
0.07
0
0
0
0
0
0
0
0
0
0
0
0
0
0
0
0
0
0
0
0
0
0.08
0
0
0
0
0.07
0
0
0
0
0
0.05
0.03
0
0
0
0
0
0.02
0
0.04
0.07
0
0
0
0
0
0
0
0
0
0
0
0.02
0
1.81
0.37
0.03
0
0.08
0.32
0.01
0.01
0
0.01
0
0.56
1.82
6.86
2.13
0
0.05
0.05
0.03
0
0
0.01
0.07
0.08
0.61
16.08
0.47
0
0.06
0.15
6.94
0.18
0.29
2.07
1.59
0.09
0.21
0.07
0
0.02
0.7
0.19
0.19
0.04
0.08
3.43
0
0.07
0.13
0.05
0.07
3.92
5.39
0.13
0.07
0
0.01
0.06
0.01
1.68
4.08
1.69
0.41
