770780218
718687828
695298029
634305448
266712928
269927607
447164356
418722334
524225547
185845626
610235147
233363728
628058576
318560096
392632995
638332560
348891901
436953944
446019276
518637758
361375465
326121350
401754398
256215292
480986604
416526482
427722180
503616645
409112796
436395763
563706527
267514495
461884967
776323796
330011809
627234986
868267137
315871898
395806389
393349876
338801713
384542003
17137188
297552374
487062187
446859964
348844320
774282412
420636551
555015291
633427107
537770617
358277741
577617555
559844877
359323291
523955141
508682198
173906138
844530347
486008208
679996485
549000731
602649409
649825419
329716441
538347992
478881281
753333289
420663690
321898067
631826854
311845854
267707525
1169216179
528932159
330733301
549594848
435625961
556274954
432341504
345082259
536079193
396353690
444162312
653332528
419402932
163731918
405106290
583899284
404167975
410308646
581944986
478389938
631268496
501302729
349995116
348105867
596509848
493371988
677066933
498217114
508406122
346007288
487008455
559618998
536727338
361801898
770829842
47846292
402935430
506294593
538397778
450814275
661913658
764964219
803855459
413292394
516629825
408897885
692540174
327812921
442862987
457093712
514927263
722120890
464229632
412753516
772649525
317147363
548852084
703720086
535512482
475576200
281779699
508448905
359676401
422991362
556782593
659114482
319883950
534210868
398348903
688787328
393657642
304508207
392963850
255660833
593925200
513962036
372173137
625050539
510935304
387465083
617723315
650699336
536794885
336150885
503953146
315158347
284011188
510303130
440554598
517853715
551452606
740720824
387363531
484633206
330165231
378229179
338874768
521045225
653222591
565910751
735127491
546294766
654755534
590306218
443266169
343569258
238449214
811797503
139754432
711284552
797924995
548136110
907665045
666481599
330280309
469823080
212529715
443810337
333702509
674424729
719872039
420117319
656521959
437248985
392714407
733594479
812526367
667562399
592566368
367928335
492202585
437831210
450748260
636108260
404129165
531677820
495591619
524800060
391497074
290657263
482746934
419138013
417685397
282976914
503285942
520192011
472418694
308103779
481377413
709377483
415852135
452776451
693014254
619923370
375165143
496627625
283498832
329850936
517136923
521993874
497138027
283798920
219966096
431910621
377496531
378478692
296997209
350326335
373192370
347159334
287476474
294925264
228374841
159434297
244945109
116899491
165700849
208524519
193318035
95550307
93916662
69065153
61931128
124740100
104646821
114877951
79542575
57630871
61029164
100021138
43775233
83224531
44428235
23473940
10461672
70653497
20170565
36517867
38572521
54774768
3248697
20569142
29287059
134562850
117618835
133906680
182989877
175102286
121401741
156520460
97437483
177747886
254830518
293587286
194216464
234025694
450502433
395339612
370270443
399661292
143452832
577080333
344940464
514491586
415778506
672564424
553035737
365317277
558511293
512787632
181815915
531477981
706470016
351396234
537371052
475777998
518019503
429175461
632380247
545163981
487471463
296361668
486828650
424438629
344763531
52079278
591686117
489170460
564586158
677141485
698279709
429847901
641068888
376024560
437917928
517867670
509991726
544020536
434058492
854562767
429158405
697858753
675178168
702380017
720857165
513002925
378673877
680796079
464619029
650759839
351842673
741677670
401693429
914394472
413686329
315052035
307162186
457681412
430146222
698958312
119209795
686201574
647263901
713642405
429922664
337369278
652992093
715941975
483990722
668781817
486891768
