779464121
713675865
691396930
633210778
276916527
274795419
446650315
422433498
526867365
186338914
606166810
243710474
635932991
319743749
396831796
638900294
353089580
434337230
445467471
515764792
363672563
330469831
396348295
254288933
482866734
422503596
427413781
514471206
417560773
438228109
561720043
268446054
470129006
777844593
326149998
629500897
870244448
318572539
399244491
395612061
341262566
393508168
7860170
299601943
493112118
439463246
350332762
777650495
422966807
556939486
634332316
544105728
350801845
579680494
556659633
359252821
520807414
515308663
182942892
853120849
493298977
678035404
552818131
606468959
647831488
331257633
529921410
479976270
759343577
417232693
312423012
633040935
310180160
265945702
1182575697
520995386
332757578
553310987
435512231
552684682
430404603
336884154
540811263
381847597
447587233
661837840
412769089
161806747
401425278
582182765
404574327
416303242
585056390
475656635
631751725
512910216
352105633
345982080
597685497
490123695
682477587
502063034
501357413
353103947
490969393
569475116
539497090
371927451
778417843
47146141
396471440
507179191
536258255
451380444
661935525
764306058
819728801
411474629
514710147
407105163
707190906
322683466
438397185
457205743
508290164
715201007
473834470
413274681
778824870
307563113
555755881
708782120
536410207
476255647
286347172
507399233
358880541
424173030
561610948
663029998
320836357
535561506
398625357
692400376
386980013
306525739
383597599
262944664
594277950
520295639
367807199
629245761
502234743
384699172
623160792
656300629
534718414
331123107
503605649
315046043
284539063
512834526
436808276
513546670
558126244
749178207
375809903
482084934
326085068
383931824
342726786
523186756
650820268
564360466
739256461
546706743
652262235
597422950
450033592
355595994
234216834
817913197
142365910
710847353
796180864
546879565
930402302
661406786
330901150
475252356
212224263
448129625
337366104
669581714
731025841
417461673
656428537
437566198
396812429
733694248
826339528
667050207
594394803
365513456
486941683
437091310
456608814
649290983
398979996
533818944
494046346
530819261
389464849
289904666
489370720
428212741
420878676
279436726
504287625
532043764
470777514
314225187
478596933
691304946
414087211
453356616
675819893
617606967
371105899
492988734
280228964
325557750
521581780
505734058
485113318
281874971
222041447
418989884
384964527
379213582
289228619
341431067
358476707
337475228
285939595
287138724
224292170
162177822
240690697
115521587
166671863
208944354
193681783
87747267
92695353
60672406
70866605
114518567
100571170
106033848
80866014
48006873
59029359
97715236
38585499
80045919
40219686
21225505
8718667
68652848
22883563
30436546
39500685
55858492
2518769
20904580
22860325
109870136
107535923
106216185
145605928
138850047
120894276
125595111
105273675
162193854
243217214
268626701
191558513
229275036
434337730
388174242
367394355
392735850
135007158
571927655
348348603
510346500
418864270
664197809
551868338
366357325
560439738
517843595
190422340
542080833
712119730
343112901
542566089
478561148
513131255
427759187
644741854
537380974
486578545
289784672
486182069
426828917
341124428
56407977
597886693
492888378
570296844
673724716
699069625
429169288
646315627
375084174
442686732
517527601
509720786
550028344
434180556
857194626
425906616
707423250
675608972
699223254
722889347
510040163
379144969
677998130
466290946
644745771
352618136
745743900
404971106
916878736
415539513
317301124
307682296
458893028
434483433
708148380
112819014
681230897
653123278
713085203
430426726
331255511
643161703
710603895
475653657
667233560
482227650
