779474003
715208631
689751027
631690986
290160271
281088376
457308229
422320177
530495564
181347952
593948352
239326589
639824529
318605970
390793406
645246046
356165524
431855196
448734099
515747126
361737017
333259561
388589492
247537677
486945888
429776276
425236063
521121753
427851730
450788793
565669696
275125141
462213565
772746450
330940400
633806827
863628135
314425935
390935151
393688905
339298333
387167517
6110034
314402959
489697969
434794030
345184523
773549304
428346669
552576004
628439176
552509384
349735999
589087984
569731504
361555299
521013668
530040624
183430549
859502695
497050635
688393435
547939331
606465696
658908388
334032807
531816095
477614769
756496976
416301290
319111514
641591148
310832696
270753854
1184612727
513914346
334436379
553993003
437990192
564857205
429870624
355824219
548669188
385326567
448132131
655063208
407456346
165630426
406245643
571250352
406925684
411484663
589434282
477981447
632917004
524670553
352159020
347414666
583972845
491782277
679894806
511356518
500128189
362427365
500408864
569984846
538216464
374496235
783995332
53134357
400140280
513443297
532545471
454298460
658791457
782479964
812234046
408020291
513831367
407641089
690276916
321479672
434660890
466116449
507268959
714853063
470560033
415512967
785429152
311931062
561597708
709003733
531527975
472699235
285453524
506403315
344480843
428047303
570206454
668033395
323803612
535952299
396890042
698565157
377251166
326280148
396831533
261446309
594217851
519842477
368953536
633224984
498775194
388963784
624611998
646903846
538654283
331805571
497020028
306012144
292987190
512258785
440385192
519988173
558024922
752648243
381477767
486404097
332889001
383924607
355879464
522761723
651202981
560568623
734210285
552551155
654171080
599051612
455513004
357269566
244097642
823515646
138988211
702482771
798465897
545862405
945640001
666349399
330329084
490453047
218787584
449739504
344265124
672347687
741437706
400269061
667468332
432810952
394318266
729334136
851907153
678157847
600101731
365787436
495961518
426370712
449762990
685323058
385509164
529837145
496809126
535947295
392353706
290263976
505283738
420890770
430801910
281660595
518418301
572683726
479193641
315222967
492183602
707285829
426478043
458111904
667181815
613046633
380804027
491051456
278132102
335628004
509826096
503682891
477005088
272334458
214147552
426170682
386042555
376122516
293640882
330816713
362961218
333541388
295705056
280331015
229748709
165011399
238406065
96579068
165326671
201047249
195892391
95521427
90528890
51695334
75050785
113024357
96081284
109310730
84752886
47423290
61842733
90245735
40912687
73885952
43085807
28324575
9483802
60616970
17938749
36230300
41319544
56588267
2191005
14601616
28769060
59071972
60049517
59542522
69916162
69392721
68419912
68883990
70868324
129985481
208634220
212119109
187380082
217124327
402920055
384440516
356348758
371038135
140015524
556372643
345806359
502267221
432035622
656807088
554133241
370803351
550530903
514293544
189319748
534662436
704339581
338124309
540268563
466807616
514002326
428567096
646798517
535598130
489887814
286839498
489537603
434154759
325055751
53128494
590928910
491682709
579390796
675994130
694877132
423774502
641007772
371485935
444568453
513607313
514148410
552935057
445099900
849422989
428607084
702061940
678331509
694612529
730949011
502591237
371317675
672715887
463825102
637098113
355346779
747378322
415849604
911683619
408310735
317829483
308678428
465166132
437002349
713483950
122169304
683809043
657271523
721877792
438422190
336474666
641769273
712340086
472377304
660552489
482103708
