777770405
713241909
687909554
632602784
274626212
274716206
447623458
425290050
527967460
186560464
605894593
244164606
635800917
318305981
396353342
639507147
352893916
434039724
446823516
513874049
364596304
331970682
397949061
253858487
483007954
422793883
425701476
515930669
418953271
437990552
563008522
267322618
467622901
776139491
328167257
631225485
869249007
317774719
397193555
396712142
341553690
391607845
10391721
300334076
491424810
439227401
348967278
777680681
425797040
555388102
632093183
542546495
351401213
580773891
557647189
357174351
520334523
515619331
185863660
854281174
492753083
678302003
551337167
607221190
650039111
330615131
529033538
481646096
759112945
418482211
311046648
633124676
312033743
264467783
1183392771
518888130
332334671
553039425
434421828
551407362
430907504
337481331
541423072
381293075
447842885
659976180
412616016
162031928
400626096
583489978
403872907
416574258
586010995
475013482
632234468
515071098
352393714
347330202
596462476
488646659
684216158
503910211
497725323
354351827
489082614
568480246
540468452
373227500
777533077
48296894
399382365
508150582
537821444
453850989
663374133
766027182
822483928
412212636
516097938
405990521
707694998
323049497
438747798
461231531
507483233
715964131
473005536
413567790
778710604
308992372
558071339
707782394
536276883
474536026
287803078
507412748
358176858
422964017
561933849
664584210
324055712
533358585
398753767
695598653
387495495
307371697
385621135
262417278
591588491
519186632
366580526
630392808
501534161
385622052
621955551
656294273
532594414
332585831
507941466
311734620
285735055
513476578
437979602
512548400
556650397
751227237
375665538
480632415
328062619
385629926
344070357
523479437
649399993
564279857
739874784
545984551
651972197
596829955
451156918
357554764
234401981
819912493
142286278
708685390
792784685
545400340
933906308
663251792
331566360
474920948
212161211
447207934
336428353
671435554
732299609
413824394
655248756
437278284
398178470
732356125
826111294
667377453
596790642
365970697
488935136
436516226
452596025
651007245
398698718
533317607
495994365
531840152
389709563
290224968
488891288
428634558
419329655
277918466
503234280
531754192
472704825
314482722
478950908
691516776
414789614
453897988
675861860
616334412
372147333
492057342
280191878
326903538
524041487
506199770
483640703
283039445
220551723
417796012
384229411
380753022
288150733
340207348
358201976
338246183
287760072
287403978
222365810
160245512
239410142
117307051
168972790
208027414
195529342
86987162
92282661
61942669
73779144
114976912
98033369
106053147
81903301
44504261
59806423
99101535
38894127
77019249
38309307
24635376
9289411
64544139
22096403
29239757
40015771
55650554
3493733
19175092
21714285
107451767
104680569
104417003
143771797
134438092
120264332
121386864
105432132
158703751
241763449
264962632
191096474
229147980
431975760
390827438
369244142
390565058
136324798
570879402
346373615
511199988
419707938
663378540
549857492
366447547
558996939
516888289
191142667
544245722
711447079
342693622
540887216
479146085
511962918
426740188
644543266
538037929
488659555
291028926
486004112
427445959
340726594
58515523
598758903
493580417
571206912
675235967
700418614
431550480
648699730
375654758
443903672
516427585
508672341
547585511
435717269
858785104
426362751
709096803
676564812
698766425
724362737
511239217
379647233
676403106
467283417
642295557
352149794
746737188
406128551
916581124
415003237
315736907
306379278
457624120
433455461
709069798
111740738
682667829
651346688
712957420
432459088
332264400
643220242
712733864
475306382
667777191
482927198
