765833357
716032885
712727583
627848525
279604799
278355121
448676016
429553226
542313652
182347047
591042000
233062870
652312188
335328054
393703638
635245498
352950375
428680619
455775490
525811742
363690349
334242842
370065497
248829685
486339987
440472962
424214773
502491245
436639130
455488939
545180806
268376485
457389423
771803619
319344078
635008707
824560663
335333779
386441648
401676884
351738736
391992135
7789243
329364546
509355087
444366343
338866574
754488542
425521586
543174089
646856097
560281444
349496857
580320139
586196146
349186984
515627779
513378322
180395329
838621645
506497902
674195458
533471961
615254991
652002448
339723124
532959382
487947646
727437865
429030271
323629962
618627957
318933538
286449702
1132341427
519895569
340723475
585223808
428870830
577657296
433355007
352616243
548710507
378288897
454028240
638782779
408684178
155628471
419147797
555980971
417596641
412007148
580637325
482313348
638792949
513649603
354508348
342128360
551152342
485516141
641471258
508132198
519292933
363280383
485418270
553662130
519719895
383318046
742058213
54405308
403765553
507640961
562943228
451119816
627959743
778933323
784512901
409692678
505343722
393230503
670389753
297270437
445828560
446154643
515551816
692309718
458738297
429846355
775954894
314402845
581988474
685493604
515496035
466502091
278860548
513614560
338974410
431028464
544408314
661736493
340105696
528651899
385787240
679773149
373643739
319925001
375646627
258148697
581491408
525772554
362146241
623349573
514829758
383736091
605812588
636910859
518896779
337198404
517866239
309936809
280780399
501060219
437833843
528665450
561830641
724994773
389585637
487623341
337637982
370708869
369977339
511230320
654562043
564737187
719646500
561983780
657101743
607191585
458783183
353840269
265050542
839054318
143484008
699056481
802857168
542470184
962192600
663395402
338709514
486768953
224756478
455044881
339733255
667227579
750877696
404237825
686090374
447607812
391851131
754560752
948431208
683045040
613992661
361029691
483650366
427662848
446226024
830569434
379747325
544484696
497888639
517088538
380597362
301917578
545937814
429836445
427588791
274154909
577831860
811401124
466457324
323573171
516056405
715401285
426723881
467911950
668549548
608039584
398711036
497466955
277152554
324826552
509474578
507562697
486010294
269315620
221254465
426234556
377533221
389444416
296424946
333890477
358116102
340553924
292658063
292942188
232540488
159891090
243217953
100383996
147727290
188986441
198616012
100090809
98581226
27979741
60353796
122650335
107266158
107480046
83162567
55444507
59403476
90524935
60561461
62689855
66175925
16952241
3074396
51580345
39113740
46308802
42697580
48923588
5997069
23458949
39041534
37966929
30499804
31449401
36151238
27156970
24095635
29428408
20872929
22157438
44747012
52179400
72251141
118947718
311413719
330196021
321674174
308664639
124535019
519030896
339844517
483984361
448987761
629724930
557196733
360886965
539923367
493284785
173824157
548169917
707286164
340078869
533579236
469011884
512969873
442807488
647448967
538178317
495512706
260423995
484832788
440614144
311756322
44649214
585457187
498711926
585134585
660607799
692504728
428380450
655546882
381552866
451206051
506030098
503254890
537900553
449062615
871828836
431333496
683995485
696123128
719021832
752288553
469581015
360348139
648435914
452786099
629075325
358457570
738596421
408082624
889526874
401481868
321128279
316406337
456755630
451898484
715252460
118975128
674354255
648822985
724023827
436771835
331439975
640772169
730097903
474450668
679472144
474341883
