778952775
714505819
689877652
632774019
277325117
274958819
447652089
422750559
527450611
185536197
606069259
243987516
636558536
317937252
396602498
638670150
352835781
434934438
446829251
513451446
364473689
332014713
397748893
254521751
484219958
424014830
427197675
515557501
417746803
437786753
561717651
267265082
468079119
777271624
327551910
629581975
870590984
317363925
398904993
396027722
342199628
393850476
8440656
300334544
491380715
438579556
350203354
777041507
424176860
556605036
632775503
543239970
351354424
579401043
558265204
359039971
520887229
514642156
184748659
853665251
493215616
677772655
553149101
607206107
648592541
331396406
529778751
481057028
759069548
418259712
312913334
632666628
311403836
264535679
1181832114
519534402
332794035
551930839
434442431
553869638
431690291
337218413
542185869
380198682
447929161
660312989
412209584
161908902
402644660
583184827
404516208
416636315
584504594
475748128
631950864
514226948
352731147
345740867
596561397
489431445
684198194
502737377
501066587
355216628
490821963
569848966
539985401
371999657
777567931
47578031
397321489
509854484
537347776
451968918
661624947
764402289
821102415
410524261
515362551
405987042
707912596
322364827
437201313
459568155
506986159
714933988
472832717
413600196
778827438
308093489
556494558
708702026
536152570
475348496
287188166
507328659
359710217
422848038
561794541
664595270
322219263
533948165
397908265
694526166
387001888
305488979
386314196
262884425
593710737
518600978
366599720
631060999
503470284
384724042
621917009
657268488
533496426
331431743
507161951
314512542
284514456
513362803
437550806
510532000
559454967
751031914
374853016
479832286
327930035
384845541
342642334
524223413
650847836
562934775
738902870
548059568
653379980
595516555
450822001
358483875
236296854
818933912
142884863
710856071
794714082
545797367
932986656
663122777
330493654
474459987
211336490
447431616
336224513
671166777
731418823
417669768
656403465
439423441
396584133
733558199
826059071
666966618
595229607
365760659
487566654
436241892
454064132
650009381
399002801
533223727
496253107
531762624
389212478
290516402
488833880
427742115
420369925
278415726
503788494
532087646
473337199
314353534
479074098
691056591
414393939
453858036
674319383
618090512
372436402
492784928
280231670
325180869
521882716
506135452
484358948
282877800
221510256
418356718
385914101
380004450
289705123
340306024
358759958
337366266
286231851
286922148
223443124
160943610
240319246
115716318
168249257
208088497
193328544
86438686
91701171
61214967
73275519
114843552
100406737
106358751
79607046
45034709
59697489
98813427
40315620
78079720
38438106
22013005
10629917
67025170
21643648
29790214
38186905
54929629
2551217
20230216
23258365
109187594
106671778
105684280
144588654
136168015
120840975
122654348
104394209
161483576
242576936
266459195
190888871
228808810
433899390
389501006
367149730
392661809
137039534
571208317
348140002
510733656
418615973
663282492
551920539
367506197
559519634
517344448
191619476
543754326
712485559
341606305
540092084
478717727
512319118
427889118
643994463
538909721
487440914
290655390
485847006
426212450
340201230
57450446
596850703
492989562
571259642
675121122
697487956
430839856
647129172
375416736
442577622
518131293
508664733
549178277
435966228
857346352
425123064
709263506
676963740
700473302
724087743
509554564
380921583
678071884
465506591
641851334
351557661
745585603
405352842
916664739
415293974
315737754
308295760
458241145
433420356
709502654
112358876
682440603
652562615
712320560
431423866
332229290
643400076
711270447
474935742
667042982
485354917
