708834027
763012945
714203058
570246473
185199430
456578765
452578561
363544807
406891223
164432097
619094236
293669334
542802880
216351779
351630905
570094944
435551739
441979134
440155129
407184650
419186054
478456192
465062743
354093001
406134378
439811919
532829281
452358097
303105445
395232134
601445966
200383512
369810592
781720726
396276628
610324120
809923562
321059999
400940666
484144786
260093620
349046049
122584321
262883956
520954574
441120332
323427516
800141064
434860090
553284844
675192503
460746258
457006692
512107866
511979859
425828990
485097119
438105983
130803065
840398624
556659470
566355886
635214747
568305987
655873019
268542685
560313608
346418834
801909799
411400702
272481004
647663430
384969521
258406251
1057313127
520133538
308594743
553839742
472456452
515758610
366140980
288682504
618567294
303236611
430486187
511604827
540368333
195859245
365356131
481361922
511505664
499775497
544954544
450300757
631891783
425161171
536604974
329120319
592418732
527665820
740046859
567831762
481214059
424362431
517785943
565951557
494883533
310694629
731333980
64796411
464244554
537462860
521711142
598213572
504326693
727763688
579793579
470119119
464740347
462045353
629381611
429226294
455431369
384750186
497824450
552095463
547136913
360003011
643988176
426844595
452464099
675271944
507070592
657861063
236314574
442006412
418719786
425021287
589187114
649331694
305984682
451059920
577023418
598407665
359200162
342493705
453347632
411196464
639710902
550757388
422110702
644233943
516221441
243799833
674291341
656076489
479112990
284810509
441593437
398698433
294444157
536346963
475206735
500075966
521776382
725541534
395616737
574468881
498166715
376962325
406363093
425346365
639121463
445621882
664034890
450614305
546329737
562736518
419899806
356998037
257916899
688863667
226727919
702061718
714808514
542100271
802526831
609081758
338540843
545288810
256010362
547900426
358483431
610900976
672838939
420710283
641414248
387537651
332264845
715373942
757506252
667207585
703631542
467551726
545206138
559799193
494297417
563931139
538398525
522488300
493700117
593719882
428664814
359528060
501404223
417019434
424688813
419082273
433062745
460636458
412123620
391891937
389647775
628830721
357037290
433132549
623596238
662279615
401950675
553307073
296602705
328642360
542450349
539079260
618492821
393316743
216804615
532272351
427136636
517212582
278758553
493843582
471308245
430107584
366993363
360855485
275315020
330775332
275043752
187861059
240495435
210881857
249124815
214334804
221257746
91111343
144290728
145841989
119174054
148827682
134876560
76226441
102476488
111017263
101227896
67478527
86935528
90434226
74592781
66693217
71588377
69494664
7723367
41502005
36524884
117397819
108950214
223202547
201220752
280305507
282366932
281674497
137202699
260388478
205730859
168255137
341034322
425495048
209109521
344999748
405109237
425624811
381722183
424885194
185246505
554384331
353787291
406807724
464148102
660660105
561628996
386284151
536380668
463237849
217258975
571022963
613611186
394251617
613503114
480198690
459815923
375361971
622444374
569164218
472353314
334202040
511394891
497520919
353632695
144283126
505158447
487349631
576214358
787444853
686417221
475297192
687159441
346009846
546578474
544035588
423952413
468419177
497125878
735430159
497772692
662418960
507575129
615171943
619507888
500552558
387933088
693191907
449492317
664503011
381502720
749465229
368778341
814985164
418158935
346973682
292441781
523791548
445270963
636201621
230640253
662464373
592365542
669811662
472877025
452223432
696088308
617959947
470517423
762737142
493181437
