780206535
712719503
688950658
629648224
291476080
284197574
453481624
416328256
529128245
182698811
590016047
245808825
637485938
316852308
393114833
645717144
355518652
435350704
447771709
514439688
364572417
335679108
395071819
250380185
483538985
426159752
425752185
518002745
421015976
445442091
567408406
269956020
467417145
769916193
329940697
629712338
862212084
313195273
390831116
397403828
339347287
390218446
8459590
312239205
487339225
438566973
346412635
771006630
421310019
556569674
630300591
551833482
346664179
589936080
565232910
358303925
519967961
528292737
183082644
858180609
500347258
687848647
550773326
609951649
659595688
334847389
529672998
484565435
758686915
416665603
315602512
643944687
309004408
270413422
1190370785
512073976
334099900
555780449
439021222
556709889
430369365
351212480
550560584
386036775
444157242
661414689
407706346
165987358
401730490
571019106
408640938
415430082
589489986
475933800
633307034
526611246
352940345
347966571
584417452
493851289
677079063
510589061
497236554
360385309
493965611
568310930
545254029
375131250
781418798
53192192
398712762
515733900
529082897
450897750
656919888
775750186
816668234
406463836
514152103
408708878
693622138
323247502
434084308
467759771
507559780
711669747
473474637
415831958
781456946
307664819
563019274
708788721
531434151
478012916
287001576
507266158
345448705
423529821
567103505
669403979
324566513
539452619
398186935
690473968
376508206
321245303
392236546
262684831
591396567
517248331
370040552
633349417
503385030
384903813
621270749
653688286
537832292
332333783
499638389
307448984
293742492
517367594
439872939
516019906
557055590
752084926
379458873
483731872
329633284
381815339
351555753
519931238
652754464
561387474
733395768
549604466
657080592
598854004
458536268
360163250
242338628
825442293
136960759
703431822
798443259
543203031
946611677
667671899
327773471
484657839
218589214
450773263
343457809
673647006
738483540
404507195
667420174
432362423
394405184
734192974
846273274
673922915
596964779
372769369
496363607
432042928
452943744
674827878
392028668
530757095
496641041
539169581
395080496
291018048
501780095
422850041
427399612
281610150
515859839
566393628
480325868
317212038
487555072
702216402
420676703
452559927
667439846
613988331
381281886
489664274
280459098
337481013
513583181
504723113
479524977
271112038
211896444
423833784
384728188
381549305
292267113
333263978
362303579
334358665
291408027
281884856
229347285
163700076
234887800
99226620
165249173
201062593
198758243
92292254
94980091
54761637
75236173
106709365
97845547
101916365
81941286
43916065
61383383
91269502
41317368
73428098
36998966
30570331
10581524
65347110
13478179
33278402
38826677
55595780
1650011
19422169
29427901
69624817
69552888
67218143
83813579
81301429
80182302
80033585
81358802
131038399
217316069
223032878
188452135
214420025
415548340
387452437
363669318
376618923
140103739
555231038
347798262
504749279
433291935
654562475
549306241
374844497
555439513
517394995
190725928
539322668
705574934
337902970
540419249
469670459
512939853
427284654
644767193
535987507
490686321
287226666
489836370
434409232
329340669
55750780
594064228
492557905
576102526
671220377
696868470
426090156
638597784
371691918
444020497
514726113
511248621
553579937
444287114
847435513
430866695
701833853
681843541
693919584
726047913
506088353
372764672
674408747
468757346
637081685
352812829
742331697
415062599
912155543
413267711
316926610
308388457
462432845
438931746
713161124
123557593
681079193
662397007
719301364
435269433
335300879
642201039
710247725
470203772
663667320
478073324
