776552291
714636598
686710932
632858664
273528572
274245670
449557290
423621158
526286802
186181763
605342954
243928668
634067070
322090358
398918940
641549448
355028505
434068039
448778030
514276916
363951924
330073712
395613171
253470013
485102144
423561822
425555428
516523325
419959168
438042516
560969605
268697528
464146900
775120100
329577319
631563109
868122931
318177947
399546143
397072419
342412334
389204530
10746794
302218353
491553632
438814720
348941386
776487854
424731082
553593793
633116878
544252695
353175736
580614853
557400318
356887091
517126804
515844141
186006243
852016790
490139080
677464663
550417818
607026696
650855000
332643990
529532383
483927476
756909117
418774546
312350265
634132739
314272320
268527795
1186722579
519516205
333873318
552903129
436136135
550746371
432237205
341334470
545128504
382406864
448204294
658822418
412289079
163435352
405271628
582510629
404485241
417759929
585789535
474799074
633514908
514401025
354564690
347846408
594730171
489147168
682410194
505825266
496279783
353681561
491151162
570810814
540957906
375684453
775535781
47607142
397605884
508915028
535252194
451160387
661337121
768723321
821894840
411765379
516088742
406285811
707344069
320373034
439008274
461842826
503702488
713133526
475127470
413386551
779707200
308692466
559799332
709414483
534475206
476919442
287272558
511403599
358835599
420109717
560727009
664714946
327139870
536525559
398783454
697052107
384106096
309056635
386185663
263822683
589550639
518229775
367094168
628652540
501722821
386164505
621332905
658542342
530323729
330742980
507551903
309461623
287913057
515466905
439661545
511214422
557673624
751779676
375346006
482214315
325020671
385355239
341725835
525619164
649435614
562105913
740013696
546876602
652486812
596022766
451942034
357019832
233175597
821042423
141663036
708747270
794048116
547947232
937004287
664566357
330752012
475478110
210268175
448681964
339062080
675605544
736144200
409451475
658900459
436961758
399214449
733343207
829655794
668239097
599241035
364026985
492443621
435408806
450893436
655277929
399824031
531843582
494527458
532141067
388381129
289077985
487233001
428736113
418380998
277184024
507107162
536452845
473387816
315093383
482949940
689854431
413655890
452631158
672927743
617034695
372098620
490492576
277981726
329872082
521655214
504918731
483392340
284010171
220378179
419366360
384681041
382731173
288996478
340272936
357219559
336662541
290237183
286568389
223947956
162191416
240219030
115824134
169922238
206570996
192176150
87540581
93492852
63201307
74007200
114379230
96182474
105361147
82381102
42457842
62041289
98493098
42779739
75420422
37182803
21686018
10057750
58081824
19102709
30168934
41531680
55483334
2402940
18712400
23009429
103769311
103690903
103013496
137173735
129666933
120470757
113298709
104723886
158615923
239211180
258952338
190330679
229168197
429912236
392615112
365854970
391203181
136483902
569971665
341451926
509282710
421526362
661289239
547196873
368327253
561682004
514628824
192188213
543311817
711349317
341939840
542170788
478063036
510420082
425029376
645405240
540013356
488825173
290593518
485759969
426119403
338901588
57616279
595531414
491464914
572547041
675634046
701270417
429632968
646621655
374998824
445584536
516905944
507683029
545717345
438745009
858226038
429757752
709365275
676410394
696691864
723019438
511885032
381383768
675546347
468319684
641882161
352687785
745690867
405304980
917922289
416129544
315340046
310193315
456279971
435954056
709616701
111017553
684745347
654158447
714250172
431841175
329552085
641285999
716882505
477622645
667113675
481158593
