778024109
713412600
690139113
633037085
276952082
274244449
447091978
422267224
528179747
187305611
606384207
241722087
635247557
318767083
399162669
639582493
353011843
434483306
445836933
515878645
361550950
332049632
396159057
254290728
483859032
422332637
428073103
513693097
416485285
438685380
559939319
268239653
469061677
777738478
326256453
630098222
870402519
317719937
398804591
394767594
339828007
393271705
8455203
298470322
493367535
439175024
351229955
776356359
423805870
557700249
632460689
544017493
352104434
579390193
557851492
359756823
519362064
514522367
182474864
852971034
492952367
679095875
551301125
605599437
647687437
331744744
528838160
480795332
758011298
419129317
311565552
631891050
311077896
266168875
1182440523
521483723
334059916
551783189
436019773
552920278
431832296
337443631
542534749
382561482
448907457
662545605
411697712
161715845
401200182
583151993
402838580
415432405
585127659
474947552
630068507
512474285
350635732
346281123
595620989
490715554
682812462
501168054
501453530
352213064
491704802
569046971
539828331
370988777
778683464
46802587
395794632
506181264
537337485
450878033
662228683
763716016
821113758
409926756
514021477
406365854
707588700
324190984
440609917
456361569
510859613
716816125
472896530
411580800
779319034
306186462
555035666
708774750
535291903
474966051
285449214
509081405
358967756
423516730
564090164
662618847
322201634
535840750
399613225
692250345
387352174
307208554
382513528
263267210
592824888
517556944
366776619
628888361
500732113
385362639
624270127
655428878
534072699
331055528
504629361
315093195
285954638
512084878
436319974
515149357
556966818
748157936
377062381
482246693
326902637
383885271
343279308
522084314
651404162
562772120
737913859
545318528
652600542
599417106
449692168
354600936
232784852
816447658
141489295
711430311
795622171
545148461
931177094
660459066
331077368
475781699
211722148
448612239
338795761
668541584
731795182
418790997
658012573
439438944
397205488
734739327
824873597
667234737
592786862
366790196
487896818
438976053
457310915
648419132
400617410
534075728
494353246
530359597
387890615
288855421
488848790
427336399
420289801
278805333
505299277
531276400
468068491
313694589
480420478
691533285
414891930
453692518
676591793
618107649
369890407
494541861
280272862
326749175
522548445
505959943
485024534
280698616
223733888
419981506
385066094
377270286
288108472
343222654
360294766
337017861
287365018
289205210
225158817
163033373
240812676
115661905
166348145
207000871
192042662
87031190
93202707
61994351
70466040
114500792
99037146
106578577
81828403
47773637
59151308
98088113
39661140
79849468
39279973
21588382
8637532
67464235
23249955
31669307
38934858
55321844
1545109
19272856
21344955
111227582
108940308
106124987
147264708
140434425
121553020
129328741
105026567
161743968
244544400
270186658
191752768
229435661
434455853
388878978
368423936
392685822
132632810
574341085
350236430
510106961
417950052
664011344
553235390
365976725
559042442
517073258
189793508
540227235
711684010
344996304
541034543
476801140
511985403
426589872
644837040
539515968
487494383
290652862
486095608
427446119
342514849
56233692
595887224
491083210
570768748
673376636
700398153
428742535
647341044
375787780
441990847
517987109
510841431
547808542
434148821
859090070
426278718
707754814
675393564
698478483
722501642
510762826
379330154
679476092
467003183
645200064
351941644
746823060
403505035
915120803
415982963
316465726
307760744
459434925
433946000
707175769
113097375
683517398
651601710
714088830
430700510
331367689
644173767
710456584
475510473
667433800
484680836
