769288396
717664766
692869739
633715540
286159098
287248835
458981182
425099275
533584665
185122084
594430781
230800268
644986924
326716702
386233105
635559238
355217351
436100641
448034283
515127350
364438450
328864868
389611568
242797464
484658084
429616918
422202743
509427014
435521060
451729592
571007854
278451718
457691431
770911451
327557592
640323838
857470442
327532123
388258896
393977039
340616618
382630304
5749147
313105933
487015988
431840380
335478466
777369676
427996106
551275911
635434652
552429279
344337615
594036057
576817169
361337714
513427219
532091497
185632583
854022374
498812633
684738016
542062519
608333531
652373768
337617570
534402395
484057239
745334719
413101454
324111520
627100397
313142663
266370240
1177238653
522201467
334051102
554742999
440574187
570061750
431468932
351673997
555538086
388607729
447287459
651130691
401634399
167013335
411014277
575892493
412942743
412056685
590824425
477066303
633601547
526954754
350609374
345033936
575268868
484554187
671300326
505704109
498739599
356720587
500011042
564587291
528271371
376254982
785033181
55449261
403675153
510686795
543186201
459662403
662416439
779191898
812717607
416883213
516639513
405430534
689997093
314417779
431810091
457762806
499696113
703734920
469121188
420135881
784810762
309349179
569221330
705298249
534048001
472210132
283015295
504082714
342283085
423322496
562945407
668841601
328119510
528913214
390501016
698090351
381110151
318767700
394968624
262883923
595256342
523350660
366899275
633990862
499063022
388621265
620660106
650947894
527162669
331956365
497175224
304287811
290146895
513196376
438835109
521331922
560183459
749661456
374074621
485206544
329585829
384472041
358712255
522069071
654307143
563345058
729158484
549273391
658303445
605681029
460344219
358605842
256151262
829524642
137200605
699766411
802120400
549497345
942327141
666844193
327455153
484280725
212882237
453739633
341514073
662774785
746483858
402340964
668347334
431726872
395079767
732857320
867066411
687302055
598231137
361609431
487878717
432094164
450479985
701419494
392948858
525596677
491453651
539960709
388776997
295867824
506803082
422629431
427164692
268247774
530050991
596700934
479370706
323628078
496544343
723692150
417183742
457117295
664967217
614476754
388938064
494269465
276228384
330042497
507460975
501044472
484244262
267885780
216088949
427512042
375943839
387748090
301061630
325678267
362582617
335533810
289416018
280724460
234263441
161181180
233373145
96335493
159920857
194773499
195540586
96839978
91767515
57266301
67054967
112671304
104749130
107049211
87937545
42752532
65232433
89095825
46620114
71514625
41480231
26539950
16474810
46484222
21331042
37704912
38962446
42545169
387471
19019416
25208836
37401677
33832902
38558009
37673811
37719978
39157677
37158713
45259075
115543507
189054695
187541280
182976379
208154300
388039701
374847908
355582925
358686789
135999350
549136590
348666452
506794896
433461453
655292752
546027855
366502401
543784213
509534400
181928598
541235508
704800040
331354755
539599512
464912186
514635618
428374515
652482218
537118830
493256387
283030037
480494196
429326390
322232645
52079883
579515059
496134798
582883773
670660524
695189287
427233747
634914346
373530504
441373467
506482363
518351728
548250757
449254485
852515364
430771205
703397029
680575289
705928850
741527528
499955155
365821329
660315405
463700004
631912039
362910740
746628948
412171634
909112304
401781863
318741455
314282086
467077002
439112647
715921507
118963228
682957506
657824840
719037322
444815960
325323724
641786114
721024486
477831065
664687153
482328054
