770539030
721054307
696124942
636039396
271552486
272055083
447704058
420028021
519810782
189761113
609285536
238165640
632728622
316641210
394740943
639558691
346331703
435121416
448518309
516082736
361839472
332233773
400600433
258426106
482632769
417314801
426474912
508131095
411333091
440448963
558901580
268253014
462059051
776510792
328068925
626780341
870058713
318840598
397098100
394802900
341054901
387346891
7989793
295133864
485750422
439961850
351452967
772684761
421235543
554811832
634194332
539716093
353929369
577131209
558568490
361159381
525298292
507230575
181857825
846683808
486689523
680656883
549593450
604329964
653168297
330257635
534130789
480523381
761041691
422199241
317095232
630153072
309659794
265092652
1173655819
521492291
329807065
551082715
434912164
553454543
429815008
340655517
539917012
391178848
443801999
658122419
416128155
164372348
400215265
579324815
402722310
409363381
584370206
475336338
627014968
503785060
349134539
346332226
597097927
488473752
679732280
502839169
505822360
350087314
491517963
564348002
532540772
369201622
775867646
43510400
401850291
503728956
537531867
453881514
661861014
762614017
808329144
414781984
515637256
412936646
697924553
328062867
443682775
459176695
511235406
722140120
463967888
414043001
774374543
312662152
551839190
705600051
538774047
472038791
285390388
509628646
360277361
423450523
560829462
660776738
319086161
535682522
399045250
688135853
389369935
306203304
388830992
263954002
593478163
511484715
371490002
631826840
512479110
385487258
621970706
651790205
537186428
336963271
507775148
313356757
284502453
513343492
438489187
517277244
551983691
745481282
383835262
485172307
332783054
381148952
337917973
520729715
654073136
565066347
734716859
544459914
652436246
595074806
444039441
346343613
237108473
811351674
141082050
710544761
797232353
551140645
918183460
664507399
329077447
472254627
213181193
448514400
333669757
673658505
726136153
420462310
657814065
435431467
393700313
732898223
816287022
669193428
593231580
368713290
489966491
439688403
456530362
641858230
402918024
533780756
495090088
524285095
389926947
290691510
485378036
421719045
413411725
281173847
502648575
523495343
477278216
310614498
481153401
700742554
415771645
452141509
685227320
615742445
372014410
497499292
280413261
329903737
519738099
515746744
487583280
282292983
219017599
426367651
382772005
378113855
293687771
345788283
366768800
344217228
288908567
293067553
229471345
160763549
244208990
111538692
167508761
207069068
189633759
94483719
95988642
68866912
64638081
122203525
103686467
107524940
81069917
55493765
58975576
100108344
36554021
84074550
43065530
23154313
10450250
70859434
21489750
33063998
40286248
53252693
3846512
19415643
25581685
125843934
118195539
121215120
169687461
166733368
120137856
148003167
97005334
171377527
252224916
286420365
192569547
231598094
442715334
390083898
368846971
398383284
138690749
574115493
343924552
515137009
413273120
671266678
552679938
368122876
558719832
511764873
181111839
534466607
710995031
351243886
537645104
476190731
513141223
429115986
637381211
542969772
488747755
294414602
487797851
424663302
343451001
53983239
591220983
490109639
565875973
672808542
698724194
430587139
640701227
378536762
438408360
516595470
512582229
544105900
435500737
853778681
429521763
704895182
674983955
702075384
721528216
512106387
381482809
676067925
470396645
646260388
351217769
747203944
404454161
915409854
418247811
312394445
309925876
454624970
428920421
699292629
115894985
686099427
648315348
711421808
427207323
332909628
645403586
714760876
484344590
667905320
485055565
