777176910
713593137
689644626
631386390
289503485
283848542
456654649
419456704
531125737
183171585
594090833
240571852
640003214
318743386
388924281
645574328
356373571
430333502
448889333
516201129
361562142
335149873
389722264
246451423
485100211
432224728
428968314
520452438
425095675
449262114
566266676
272203672
464577459
772220152
330532517
632055322
862502861
312697001
391983832
393570786
339637277
388644531
7853581
315154281
488673173
435292411
345424209
773126323
426876815
553443137
631284341
551894645
348246045
589487873
566650669
359723604
520236887
529193622
183551608
860276019
500160851
686975256
549848269
605651709
659181848
332953786
530672057
479479918
755954002
416187487
317706794
642918713
310860534
271030280
1187091776
515133719
332099170
555309044
438518143
560724351
430139792
354009609
550756367
384573904
445797173
655592173
405941479
165438146
403492584
571127724
405464805
410646511
589956069
478359671
633785273
525312012
354838035
348927462
583983845
490398150
678487360
510713681
500238870
359872724
497218214
568987856
540653693
373815350
783522013
54169287
400548494
513651646
531473019
454490321
657353981
782218284
811469105
406343555
515749638
407652842
690489364
322831167
434720347
468154652
505458291
715171584
470754467
418035240
786255186
313173907
559660886
708448449
529693506
476518032
286345687
504099856
346787433
425002995
568728411
669759002
324348052
537130994
398320625
694419860
376673349
324507846
396703593
262834470
593170488
520051557
367951802
631284984
500095136
389322389
622307984
646408390
537032770
332163732
497322945
306928756
293925689
513120343
438691853
520169457
557727940
753799927
382890818
487148367
330881480
382993782
354234904
522996388
652500303
560783495
733357078
552358085
652974550
597900437
456596739
356831553
242766278
825047255
138826462
701622943
797323437
542019258
947676039
667206308
329034331
486229227
217746039
451051176
342283758
672832040
741006216
401302463
667568415
434676339
395153433
729343874
850190259
679326916
597470399
368026451
495514393
428304060
450031719
680908255
387553617
531748144
496282100
536609315
394948970
291629716
505593304
420976362
429460029
282260831
517236881
571001367
479941203
315821150
490246333
706338967
426197734
457652430
668336269
611532600
381242211
487640919
278960251
334338782
511341642
504735889
475783412
271651168
213382645
424931961
382592272
377721210
296116649
334366405
362762802
334412914
295098223
280731641
229540997
162732388
239585766
96344240
166765236
199773981
196807570
96047317
91279470
52391453
74408870
109687197
95719373
105149676
82671059
44859634
59486516
90788725
42394584
71740064
41243850
31401319
7603936
62638840
16818993
32061252
39232273
55963546
1307398
15391744
29340787
63044537
62602393
61282876
73356272
71536503
71937164
72775111
72439581
130937723
210618353
217541097
189224267
217011322
404142221
383542893
357288800
372423988
140476474
556087367
345221175
504014116
432396046
654690140
553555987
372450775
552064204
518137245
189292868
535673368
705463499
337995191
540074867
468101497
515398430
427627950
647490960
534843373
490940018
285528102
489455730
435065102
327261422
55815012
591370555
491479424
578403823
676912948
697143371
425846352
636737576
372573717
444308390
515543221
514100190
551784177
443242158
847617603
430510209
700496394
678819375
696583507
728912162
502515997
372637491
673372497
465570102
636969517
354633235
746476100
411763939
911477376
409169581
317551045
309799852
464806775
437252301
713737481
123918815
682785551
658295764
721553698
434743967
334047596
642417727
709741051
472156365
658582391
481214285
