779768006
714920459
689837308
629114585
292049594
285784032
454261067
416001277
529187293
182148110
591385175
242616228
637044615
316804840
392872889
645290640
355388612
434343418
448623666
512620983
365990617
334897217
393903045
250532513
481887913
426651800
426477064
519199183
422711584
446516818
567044745
270312139
466898379
771738533
329966572
630012500
862997110
311988418
391513538
396293767
337816401
391323807
10651043
313164351
487620760
437492954
346001614
772765938
423404615
554789332
631280974
553897160
347080338
588242329
565878197
358292026
518358634
526827697
184780848
859102856
499859054
688692386
550186084
611985523
660041619
333106627
531710396
483122060
758648610
416312271
316945058
643230020
309104314
272078223
1189732918
511791976
334258855
553580958
438393359
556738231
429419653
351204650
551917127
385826260
444290517
658537465
407318480
166375132
400847263
570595887
408404907
413283670
590700354
476118584
632527482
526927835
353023202
350305401
584670038
490712136
675340898
510927625
498777026
360564037
496129014
569786234
543901162
375515425
782440009
53793811
399046658
515634255
528852790
451914827
657183562
776495435
813554711
404320292
514670341
407844129
692503500
324085553
434870184
467909105
507414138
713125638
472546571
416648564
781024561
308050604
562303021
707762899
530179951
477259335
286837373
505978352
347692318
424090541
567123028
670544645
324221996
538898130
398644878
691978807
376841831
323877861
394274643
263857824
591678527
518096448
370045656
633190994
503747486
385213160
622143705
650801806
536233697
332051446
499093211
307535775
294859448
517305538
439702545
518456231
557113562
751209873
378972822
485772958
328312164
381159843
351236047
521121957
652531912
562244727
735314901
550859296
655669138
597992216
457864356
360510308
242451037
824351548
136151341
701434458
797045803
542298846
946822585
668147854
329213873
484529540
219487348
451288291
341918527
673678674
738627059
403702263
668555694
433965331
394373862
731548237
848229341
675622453
596663185
371932227
495403472
430242386
452289821
676107124
390578684
530557740
497526406
541238022
395145356
292013367
501679293
422227602
429297239
279513148
516443054
565943668
481573071
316559577
488790558
703341796
421819616
455587318
667810815
612874611
381517158
491662371
280811118
337399057
511975300
504002182
478106155
272093127
212844578
422429943
384622414
379906152
292380931
333150605
361460119
337088889
292203227
282760663
228777303
163869105
235105835
97031171
164425875
200824847
199516901
92685601
93370845
54073682
73972737
108847149
95626164
102488460
81075270
46155588
59838349
90654426
41116179
73096185
38187324
29781334
8211087
65481079
12392896
33840849
38402359
53793464
2202903
18001698
30396330
69650578
67054565
65510631
80515946
78919339
77749928
78640443
77704617
130538544
216536601
222357469
187532904
215157707
413325582
385960450
358967896
376349690
139500763
555855241
346394738
502401218
433803061
655790669
549238718
374906373
553265148
518171700
192174934
537233272
704151790
336497577
540939901
470471135
512289528
427465811
644383175
535538890
488817837
285050963
490955242
435107029
330302663
56647194
593418206
491555497
578906051
672141454
696912240
425792243
637302250
371756592
441934174
515889806
512817103
552360722
443510874
847757833
428867084
700570026
681264911
696639911
725737322
504112567
374165875
674745227
468049450
638075792
352957923
744366871
413956190
910480475
413462823
315916810
310880291
464418970
439668010
713918615
122618168
681035955
659788578
721854628
435281295
335145781
643520026
709390323
470058877
662344714
478128777
