779069776
714329134
690158172
631677300
291880031
286882076
456579546
418845092
529107292
181373813
592387824
242296612
639342566
321087797
389417890
645579519
356235796
432624181
448905849
514427238
362934193
334592871
392091156
246427801
484745515
430655186
429629367
520986181
424387057
448072854
565490405
270824659
465097057
770339099
329489219
629550256
861169048
311849754
391723018
393659882
338749008
389334092
10038643
311797847
489431039
435779487
345405741
772950732
427447062
555267959
630902598
551177244
347903724
589340511
566001674
359946257
519353567
528526993
184015688
860080167
499960684
687879884
549628902
609342380
657885715
330947727
531278277
479391011
757178604
417164043
319042206
643627384
311295500
271775610
1186906286
513737697
334846463
556682405
438831529
560121801
428764513
352773112
552213310
384703869
444235203
657231138
406672963
163844639
401080565
571254154
406731082
411695436
591169681
475414366
633117917
525063537
354204226
350892525
582306103
491592865
677275923
509909132
499620019
359312775
497276632
569443716
543558009
374683836
782194994
54654040
400543187
514885791
531675645
454671791
655492866
781588917
813431665
406125853
515498623
406565023
691210092
321098360
434230882
467624955
505487786
716489265
470140534
417609635
785682217
312005236
560639851
709574603
530577172
476488311
286333511
504567715
349433181
423072966
567853131
670084646
323118204
537310200
398492111
693241573
375645516
323669784
396420623
262478697
592873645
521108667
367915344
632258465
501212288
388082844
622764624
645783934
535734012
330465514
497130282
306964165
294386648
514314234
440402540
518777872
559006979
753341916
381077998
486398869
329663693
382729419
352024861
519777696
652087738
560735270
734288687
552296685
653741588
596077997
459179663
359687835
243980992
823880926
137798358
700572957
798305138
540364372
946467007
668070951
329401105
486019247
218569119
450726631
341482867
670125588
741721409
402938604
668008778
434921268
394587212
728792329
848361065
677220963
597526713
369109070
495162551
428229317
451163751
679452683
388632645
531059885
495579347
537788595
396533613
291752469
504785207
420815485
428330662
279613183
517206222
570447803
480050229
316766156
491402962
705891923
422203821
456158153
667863647
613016950
380013207
487691846
278472441
335312689
510902376
504342392
475543714
271688348
211815603
424534597
383677357
378833889
295660833
333604498
363427628
335708117
294129228
280238703
229615965
162813748
238866556
96410528
165630866
198172963
198068871
95185447
89394949
52851386
73185714
108365553
95751666
104806110
80944824
45598077
60626487
92913146
42678454
72244753
39561795
31296601
8137533
61643516
16553204
32078573
37376954
54829074
2785657
14989640
28109704
65485669
63920955
62411278
76851376
72460089
73698692
74903168
74938262
131536173
213406892
219766448
188824591
215138309
407448669
384196024
359933537
372694044
140783701
554884033
345202485
502842176
433273805
655202436
553203184
371294115
553514998
515312574
190873999
534238413
704574840
336829428
541140637
467854174
514612654
427418585
646422269
533595883
490747556
285776431
487705766
435567780
328001909
57278164
592390828
492377206
578732503
675086972
697915249
425261753
636497032
373190019
442772973
514768969
513241860
550707945
441811471
849595243
431497358
700317911
679950411
697259912
729168063
502260189
373153387
674562202
466840076
635665556
354916464
746236812
412418054
911855747
411057444
316943975
309398141
464877191
438797739
712249243
123313145
683748276
658201940
721937687
434661530
334677494
642616376
709306555
469944405
659655665
479742731
