774729652
716725904
681687808
631815288
273524315
277461718
453169260
423692234
532078814
191391820
601958583
246811157
633722853
323337437
398790102
640813979
352787330
433233879
450391445
511048140
368508784
332212386
396185899
254094384
482570941
421792698
427466446
516207088
416112665
441074244
561493535
273206606
467118329
774879649
328688759
629916849
865331054
316528058
398315106
395859990
345574871
391427532
11869425
301618634
488954064
435267338
346377259
776614936
421609547
554983137
638232624
546687671
350513491
584694174
558654724
356425400
516262913
516751172
185343645
853247487
491842804
677776007
551394652
605302201
650563063
336379810
532391706
482003502
757830254
415230501
310638326
634418557
314446427
270340430
1189464941
518922451
330631800
551259167
435789899
551889977
428760268
347248631
545856739
386927026
446841260
663048122
409553302
166485751
404923731
577537614
406676412
417648962
585482871
473595210
632773218
516309704
353931494
345981551
596289827
488865890
682241491
505547663
495435856
351594651
491078647
572114228
544718713
374364729
774804424
48234805
401393159
515739466
534694817
446891369
660103392
769920724
820243987
407711813
515434376
404870867
704884270
321283854
438841990
468688565
502403652
716707937
479977311
414689335
780570555
306580332
560434012
709631647
537843044
475692926
282767420
510851337
355620300
420850773
561639675
669320900
331360343
536935074
396777664
695054352
383530574
313881451
384141365
265329850
590173417
518887957
370828473
628731418
505008178
385300461
621459163
657696989
533950357
329051829
505571703
305116460
286760283
517911420
440957810
517274264
555953330
751471796
376355516
478425743
326407534
382450703
344592487
522593481
653105801
559997442
738981080
547655534
652932757
591970956
452904358
359657502
233361306
821274989
138462372
702854451
791112440
546836831
944066549
664776233
333001899
481311024
211613832
446387581
338483682
674476949
740972568
409527789
661683986
437049770
395944247
738504707
831227153
671459712
595910598
366761728
490967633
432408381
445980646
657761169
398376051
535467663
496853723
535271990
391015393
290791798
490325390
426910544
418778009
278756936
508520587
544425338
471740443
317628753
481707578
689800860
417263906
457647814
670021133
611293018
373377350
486865439
276409487
333658864
519722911
504990806
481746049
276837933
221941049
420627449
383378110
382238219
291428150
337841192
361168510
338307142
292143996
289730923
225799795
165188286
238722526
112166142
166342710
205796071
193103013
80805061
102540296
62857984
73327197
112035893
96171583
106083540
84598090
42584766
58593827
93674949
44223782
78988968
38048068
23634015
11575853
56972473
17525828
28671093
39994405
55383477
1352142
18601859
28412333
96793757
92644470
92394363
121780172
118912021
113464438
107970113
100372097
149870096
233542205
252560766
189899996
224855926
428777525
391937072
363078877
389156563
138567938
565180707
341559878
509733143
425353033
661207675
549522182
367059940
565405979
514589261
194261208
545952485
713796574
338628773
541707083
477088344
508713774
424853481
645235120
538798417
489000323
289273960
485898922
427179556
337002195
53257493
592792749
490424889
572923693
674854247
699332567
429730734
644506162
372678542
443955561
512687091
509537382
544600475
443425372
860044549
431114303
704014840
676127289
695089796
726771475
508501562
380385408
676743365
471136852
639999066
353619916
743210858
407013115
914204388
412867181
310825530
312044990
458210980
436459132
710592100
115084977
683242911
656425780
714908510
427267962
330150419
636380220
714637673
474885050
667821168
481570352
