774785982
716907456
684129381
630355794
276134222
273846796
458555346
424278086
535298406
188339788
599777656
245074081
630960283
322655278
395414830
640022213
353394288
432074406
450657932
512968918
367371531
333830020
397407442
252334615
486921378
423369249
427456381
517104276
418337721
441402222
562444060
272420794
468362642
776261600
328164567
628854118
864540818
318880156
395932818
398686302
343038795
388539557
10485721
303527010
489161809
434465198
346816177
778584537
422549835
553188148
637498873
549267046
352874165
586531172
560017438
355259656
515902970
519794257
184995868
854481755
491702441
678020302
555099832
605000049
651868274
337162384
531106567
482591806
755336831
415036271
314094654
635492155
314803695
273670876
1192639652
519430636
330948363
552467278
432948000
550992977
429890733
349063022
545381362
385672439
448512166
663325712
409858332
167888780
403155614
578823052
408458997
418744135
584526655
473470530
632885957
515016091
350864914
346563585
594510880
488974782
682991800
507332793
500197185
353603339
490053974
571642464
546181556
376070726
775361618
47930880
396553267
515260641
534060913
450692694
658833691
770951688
818664229
407835371
515302070
408186146
702777727
324645643
437090574
469972334
504473802
712352476
481786583
414153201
779316239
305952897
562179376
707024426
537537272
478093736
283459623
512944257
355311156
420840957
562955493
668778685
329548515
537924743
396956133
690302859
379690738
312686710
384104762
267126400
593359666
513229261
368777743
631485220
505918063
382976085
619812947
658813426
534493664
328500202
505589788
307036882
290737467
519302224
439141998
518257667
557694788
753496699
375729752
480096357
326702312
379181971
343364116
524172640
651508717
562179116
739836070
549043726
657639105
589324395
454866133
358158822
233573572
825597624
139653927
705423581
794283017
545413091
941415811
665289879
328886718
484416260
215711098
448777440
340613294
674766724
738333139
410792853
660812233
434795697
394408497
737661729
831334670
671159354
596230622
366355542
487806613
432798462
443785650
660024374
394936150
534310311
491409964
535783105
391949269
293191183
494478553
425851399
421044188
280183598
508621329
548127417
472521847
313679373
483326501
691991471
419479116
459869293
667879574
610728433
374682511
489418588
276592816
335410756
516885525
506902169
480372413
273992383
223075946
420543537
382776318
382515774
292260538
339359298
360189921
339714521
293367790
287477643
229496488
166347945
240797627
112295816
167547531
205721757
194803415
83955244
98931466
59759140
73652162
110920166
94208879
103857575
85401200
42028946
59958794
92689361
43238405
78032993
37284969
28209591
7682716
57512867
16327887
30080601
36070322
54388147
3428937
19307604
27812667
92237406
91050785
85906603
114010021
111786013
108484808
105487399
99440719
146809099
232314364
247895190
190267576
225258375
425807022
394289662
363965553
388527862
138551943
563399349
341055308
509800898
426484071
662787111
548606116
372042406
565071506
515326731
194817710
546783014
715025022
336429102
538157730
476452626
508447138
425337000
647299079
539557919
486445588
289495461
484829619
425358757
335161178
51679350
594276641
492472446
575928446
676465855
699889685
428076473
638155159
372482689
445255718
512122969
508526007
547920273
443498435
857344989
430323561
706105031
676375768
696500865
725592542
508840653
381335936
673499643
467687292
639752841
354145150
746674344
406609432
916652516
415380245
314376707
312962515
460786806
436408314
712623708
115178499
684884141
658082381
717511916
429019186
330669956
635345060
713019161
472476509
667362203
479358657
