774848793
715158321
685009801
630717191
272881081
274030009
451121596
424182945
530295990
187704342
604491126
245222547
632129667
322146131
399862939
639412240
353698389
434593406
449545651
512904835
366523194
331739506
396902597
254178602
484064629
422074746
427585758
518039850
418831775
437643594
562214639
270869233
465771566
775109165
330160193
631012656
865363158
317188882
400029975
396469373
342610140
388321286
11550824
304690345
489483422
438546276
347286164
776965908
424015439
555795177
634406479
544543476
351203245
582805217
559164160
355315772
518109069
515828216
186563888
853380904
491835270
677443183
552844015
608564731
649824972
334300326
531542792
485262575
755982440
418242454
311507109
635366332
314079267
268916574
1187816862
521370297
334398200
553478880
437080179
550531348
430378396
344314335
544014927
383106198
446964199
661069467
411280435
163599142
404989200
579424709
406041829
414607923
582885403
475583261
635117709
517392898
354872278
346720516
595527795
487279645
682026049
505254919
495483973
353493948
492996993
570864304
541555828
373444361
777075127
48680609
400442498
511783714
535609297
450128152
661520229
769297608
821934737
411439994
514269846
405497018
706194312
320197256
437395722
464311019
502970886
713935342
477058584
411850915
780138548
306659425
558019413
710288865
534289572
476208124
287004881
510555090
357301430
419780587
560683160
666008779
327544092
535246433
396821303
694799843
384583592
309938485
386127012
264889428
589043914
518245669
368402473
626222715
504471833
385682651
620148403
658217962
531653418
329599173
504005633
306865632
286141754
516742517
441642956
513207665
554522317
752821568
375736636
483455434
325732985
385913915
345034403
525176637
651835037
560408626
740659535
549779063
653835020
595371723
451622233
357318373
235763199
822821262
140260573
705217434
792881447
546059141
940620527
663713301
331362139
478609337
209237705
449218639
338611455
674275183
737497126
409648672
660796883
438148123
397834938
735026357
829679945
669907155
598272112
364413878
491105472
435759879
447738150
654340320
399747894
533531041
495403215
533450742
390555129
290665127
488391587
427455641
419990163
278737999
506666628
540053074
473912231
314325484
483124068
689985299
414228579
454604745
670196082
615255487
372661722
489280986
277436986
330614080
519517656
506158162
483017664
280925072
222687786
418979209
384667389
381913568
289119731
339349482
356991358
337514354
290499905
287724544
222434850
162387477
238551577
116193632
170712747
207369700
192828328
85071231
97748127
61766794
73036674
113233252
95675800
103507888
82285976
42380750
59764426
98481261
40966309
75308425
37214279
24302833
8608331
57362416
18182454
31140106
39009302
55187793
1906206
18832218
25529379
102051606
100021400
98969300
132332633
126073559
119158517
111015673
101350081
156357672
237338004
256142427
189333194
228247856
428922507
394053066
362906586
389355902
137280277
568171185
339815996
509780857
422199313
662062670
550011171
367231733
562237451
515571977
193481691
545620706
712437699
338595130
541386714
477489284
509631523
424858166
644407864
539243261
488716373
290678089
484264411
426264681
337894057
56005315
592189929
491730632
573239395
673884202
698364248
431295390
648185989
373359321
443296372
515812257
507589763
545464369
440381688
856828931
429849464
707613772
675049204
695631046
724759988
511323315
381568598
673990627
469376239
643314308
352961386
743409974
406500082
915452030
413597809
312940027
311284302
455657909
437837071
709656268
112736192
684434362
655782878
715350345
430919842
329949850
639329093
716948544
475153021
667101326
480804994
