771589912
720446023
695424320
634300628
271494298
273361939
447072088
420640690
520550285
189697410
608631734
237811660
632208177
317695116
395620417
638568557
346090054
436184783
448732304
516841519
360849945
333944037
397771371
255655932
484792929
417453273
426575068
507771309
411686523
441048008
557146235
268262270
462593903
776813032
327349161
627183053
868927035
319705013
397375306
394652595
342369294
387339100
7279564
295184460
486835811
440399855
352975335
774247039
419756828
556600019
633391946
541289857
353692031
576943119
558790221
362766133
524190580
507893976
182007007
847330449
488353259
681322907
550563943
605191560
655005492
330993396
534730936
479466250
761858465
423157965
317647858
630465770
308670843
264949010
1175067702
521479568
329163916
550982345
434195199
553213355
430233611
339953482
540924747
390684708
443585859
658661402
414100801
164987224
399884727
576802442
402086704
410138389
584017827
477707054
626686728
503728207
351792711
346576643
597489979
489296816
679574804
502681967
504448759
350165328
490825277
563630417
532385693
370531708
776205415
41808229
401573085
502855458
536347886
455705603
661149852
762523163
808669965
413660234
517448631
412593343
697508004
327588470
445095785
458578244
512974207
724518758
465075942
413836004
774973943
312202371
552368040
707466213
537747775
472190829
284072176
509804481
358855201
423376749
560350627
661191888
318125036
535406363
399011736
687617674
386399620
305801431
386752378
262797090
594176331
514315691
370528547
631769719
510258363
385126334
621932767
652218242
536266341
335571081
509220896
313275691
284206020
514308893
437200208
518626207
553328811
745585039
382380133
485100709
332724984
382637854
340283207
522262723
655188262
565169929
737928687
542422980
651938132
596120233
445510244
345971670
236481116
811731906
140187470
710664059
795685643
550772962
918979400
664702561
327377347
472800890
212888688
446621119
335285859
671046217
725696299
419226672
657718964
435487388
395053850
732167660
818493362
667145443
593075627
369300881
488253721
440865094
453813091
643947321
403091743
532771219
495095010
525522527
389744283
291071306
483817329
421332820
414001373
281138522
501879723
523323856
477269044
308698886
481689092
700241310
416118150
451722888
685011882
615295966
371385421
497948781
280453310
327096960
518725385
516093880
489189241
280247377
219430348
425210210
382707092
379535742
292907794
346863341
367634753
342202564
288767074
292290514
227147550
159344411
243201150
111863085
169032132
207478356
190316724
93125256
97556021
66495805
63936073
123157927
102504788
107770650
80665135
53435094
57894589
100299923
35216177
85243721
44505850
24629553
11548403
69541190
20839070
33308365
40151487
54094672
3418335
16593709
24510364
122907612
117510214
119165900
167323141
162721027
121887381
146368317
98982944
171875603
249196182
286234037
192727909
233418179
441678677
388695825
367771076
399215276
137642076
574144740
345448887
517083810
415793301
667360294
552201210
367984100
557250344
512430307
182198454
535500565
708808348
349864876
538567556
474646322
512783067
428931396
637666107
542802709
488759836
293722440
487693553
424216621
343912175
54432421
591878829
490340375
564510067
672942326
699072487
429936485
642645814
376782340
438836458
517896421
513848910
543164621
436001247
855107273
428868657
706394205
675333035
699516967
721084656
514502569
381243211
678213518
469439393
646536766
350857692
745721405
403215434
913567386
418848898
311229710
308471605
453654475
430235508
699781222
116762723
686624918
648650913
710385052
429111463
331509116
645822282
715489373
482218956
668864453
482980981
