770162870
721850030
695957512
636038997
269508194
270952249
448005607
419099770
519107406
190451417
609163073
238929430
633263636
316221677
394866906
639623909
345249491
436472805
448543383
515529111
360463368
332813858
399763081
258888680
483092764
418375244
428039615
507826380
411108772
440341773
559462583
269392893
462934576
775544099
329146581
626411690
870520097
318803091
396353196
394688452
340024068
389183327
8952991
294316048
485882819
440667477
351878667
771980415
421042938
554768412
633815553
539522142
353950333
577961984
558185872
360370706
524944115
506556097
181912824
848027794
488149854
679319928
548063133
604368510
653343568
330126237
535771852
480106888
760944209
421549321
316996243
630030928
308943922
264069020
1172485327
521954975
329206991
551351838
435547912
553962976
429219916
342822168
540456445
392007761
444288272
656700637
416509820
164976104
401855914
579984325
402450848
409922162
584999205
474867495
628035975
504362061
348242575
345336732
596486775
489962206
679010171
502329937
505201967
349645430
490570076
563832860
532383424
367851064
776122133
44221663
401024903
502937253
538605944
454848598
661966536
762775523
807834712
414412487
516489249
413038277
699175064
328015717
443791159
459175108
511455603
721195581
463943824
413268975
773721844
312518157
551764554
704682759
538548573
472348267
286447804
509572791
361658900
423051155
560394251
660658199
318780459
536594105
400405782
686948563
390465416
306186583
389105540
263270395
594190968
512894378
371707899
630858130
512869735
386250342
620959846
652115277
536946741
337190469
507371038
313492970
285238885
513607988
438037490
518113494
552038797
745177875
384106138
485008904
332249399
380872023
336907058
520210483
655020491
565517374
735039018
544378307
652696959
595246818
443071295
345622927
236853584
811116424
138969421
710013111
798906350
551526673
917160532
662650651
329166696
472395667
213068880
448854587
334053208
674034447
725709656
421006579
657813005
437568763
393945821
732872534
816829269
669138381
593113053
369096920
490155133
440408538
455724583
641391707
404035917
533019019
494959092
524548004
390207422
289819586
484981486
421199100
415141422
281503510
503299070
522871254
477234833
311228407
481684792
701327568
416861790
451664360
686554620
616485424
372370641
497405614
279986911
330533028
520090143
517023836
487033005
282431621
219448303
427650891
382338398
378298801
293456080
346670350
367485328
344541973
288935411
293792090
228609580
161130939
243872962
111217732
168046439
207623950
189783476
93312297
96132592
67646448
63678637
123210836
105465268
107072083
80306351
55899542
60496802
100400587
36622531
84421725
42235991
22906394
10797568
71624008
20616952
34055154
40602022
55049820
3227892
19938303
26267615
126166129
117729198
121195439
170224137
166785671
119878481
148773021
97586829
171885531
252937867
287194267
193320832
232804552
442103170
390115184
369028285
400027339
138970694
574486587
344852938
513494434
413557687
670770809
552572020
367698656
557728592
511779428
180465609
533442620
710792296
350241315
537489600
475969514
513479230
429542005
637816754
542605168
488962085
293550144
488710837
424732902
342895804
53783101
591433358
489029299
566406105
673178898
698437544
430413095
641483708
379591771
437400575
516838379
511553192
544427827
435597409
854086340
430463598
704585988
675134728
702306127
721537930
512083938
381085726
676269788
469520687
646740222
351128063
746337973
404646805
916303856
418269785
312717362
311681544
453989486
428879023
699264592
115810964
685895123
648585341
712954211
427482660
333583123
646731392
715132303
483968169
668626916
485898684
