768996187
719763472
697306411
636071092
267804317
270261958
448944884
419701138
520607477
191576698
608223604
235947769
632691247
316349667
395701209
639124012
345116743
436244984
448300117
515725734
360463889
330438605
400647942
257816400
481747398
420237182
428155286
507848493
410851441
437882942
558200440
269881584
460976650
776462234
328000756
625823056
869194235
319781031
395847551
393231524
339099947
387575130
8675914
295505603
487161925
441242769
350671834
774757183
421141423
555229915
633184260
537826112
355046718
578371377
556857589
359638293
525676650
507224647
180964082
847871142
489191535
679843621
547781669
603841294
651333427
332366048
536215178
482570252
760543206
421264867
319614154
629532663
310328315
263765685
1172089708
521824270
328746159
550602204
435160535
553987212
430518047
343693167
540387882
391508988
444807765
655511372
416655320
163827320
401713469
580945006
403992698
410007293
584172440
476187990
628099673
504423836
348229774
345655954
596930724
490930913
678486870
502190694
507022036
348165858
491311431
561792430
535258379
366115351
772848261
44141004
401240625
502510145
539576079
452808341
662791133
762351158
809536990
413229015
516431855
412119846
699569150
326095372
441605328
459154840
512444258
721726713
464867264
412730469
773412220
312701557
552252497
703399098
536402623
472425078
286300614
509839306
361965672
423012500
560608092
659594441
318093885
535225288
400768984
686651330
390576998
308414110
391447098
262277944
593964537
513290855
371664437
630240608
512890826
385887581
619663740
651319340
537891914
335932965
506455048
312857911
283006233
512341944
437873189
518198288
553701994
742422533
386336901
483572818
333685149
379534871
336828975
521261081
653635583
564164895
735114079
543180322
653065238
593041551
442084690
345204161
237524085
813095822
139999203
709240849
798273270
548108840
914689796
662217906
328123468
472588919
214334719
448030582
334643987
673987004
724567751
421581433
657872807
437507827
393729308
732230173
816486621
669219152
593742542
370810238
490439768
439399648
455400951
639151181
403662581
530422050
495109043
525873373
389528437
291290780
485130176
421875523
414971038
280503154
503863527
522689244
475907207
311873955
481652526
702806431
414512914
450967784
687227664
617290314
370364470
493959226
280995201
332789654
519677096
518076623
489523402
284376025
218620932
428604647
380619840
379675863
293823122
348895262
369197575
345463288
288845331
294466796
231676639
161515344
243649466
111714304
165867738
208123177
190305682
92701738
97211336
68006290
63442750
122610549
105673678
106792878
78899138
56590568
61704426
99816439
38548009
85266964
42547859
23051349
10894923
72577149
21585089
34945434
40273567
55893124
4184922
21585804
28053417
126956513
119931837
122685243
174011057
168494169
119977579
150965028
97244212
173257788
252894911
289767661
194197346
234000686
443734925
390573089
371823364
397212507
139927457
573482431
344796687
513805552
416056567
670117299
551383025
366406107
558463420
511759596
179596797
535352220
709293229
350688036
536909984
473619572
514098789
430747007
636818006
542999031
488115025
293537685
486360024
423648310
342525023
54608265
591165154
487989014
566488069
675700408
698477693
430158891
642332779
378719310
437923254
518199772
511194814
544176973
434850666
854592233
430084887
704413652
676201602
700512592
723258497
511689601
379323599
675310205
469094517
649773129
351514082
746682688
402669624
915762697
417360438
315939110
312009070
454920467
428195583
697825618
115288647
685581428
648662692
714352342
428402770
334407732
649290831
716731416
480581807
669124183
485240588
