778391757
715140438
687146470
631987555
273340924
274832114
449311417
423253372
525969857
186784233
605272970
243229104
633177027
322794291
398452085
640552138
355661052
432693122
448118439
514978099
364026572
329870964
395409247
252765370
483706495
423626066
425794372
516300311
419721237
440193701
562091272
266742106
464783235
773877885
330334809
631080151
867933338
316980262
399330841
398458075
341324925
390814230
10688146
301654246
493059610
438169922
348065138
776788973
424799951
553886976
632687079
542625022
353316358
580230947
557444253
356110411
516869459
516073307
184686857
852498900
491078849
677615809
551530381
606640587
650265350
332889776
528618101
483402955
758262333
419107345
311545724
634074675
314456796
266860505
1185835440
519294690
333267091
553351816
435658627
551155395
429973743
341608454
544145367
381237434
447852896
659064096
412111054
163505132
404960470
582101237
404799352
418855486
585770796
475228475
632720627
515502643
354383747
349047336
595544993
489287009
683862697
505257124
497162756
353708184
491345773
570858009
540864625
375109969
776284265
47556002
399366011
508631635
534664787
451064601
660998594
768100919
820857614
410531510
516042341
406025899
708070594
322152225
439442826
460475423
503698830
714373203
475470711
413449604
778564101
308421070
561784154
708683907
535504065
476828650
287854538
511234369
359534815
420213634
562067399
663500508
326682268
535362629
397558736
697184415
384483167
308652394
386942862
263301919
590006366
519223483
366507012
628854975
500897745
386928584
621252102
657299124
530397757
331482978
506213226
309170036
287201062
514815102
439966970
511271174
556950638
752463409
376958376
481099016
325605810
386335113
342232019
525623689
649271111
562455010
740213164
546272243
653642475
595743585
450970638
357252287
233225416
820830245
140884839
708621547
793640469
547246173
935415714
665314083
329713712
476450700
209199103
447873579
338724621
675806398
735485763
411475240
659677412
436940918
400062352
733701565
828856955
667516779
598102197
364928690
490950582
436125067
449913926
654119674
400041500
530942168
494747568
532514682
388655625
288503764
487912947
428552201
419239221
276693111
506777634
536694155
473497251
314179670
480446014
690428149
414141750
452801432
673708208
615943275
372262961
490595895
277216531
328569254
523702459
503510070
483572893
283307714
220728837
419904367
384328873
381348995
288854160
340423491
358274481
339104024
289306381
286852843
223319580
160245780
239936180
116548097
169935061
206793486
192508796
87660069
92083272
62713842
74634681
112452492
97789879
106010251
82503080
42258848
61252638
98665384
41888231
76302310
37929811
23581967
10884578
60188067
18642412
30306313
41959750
56250865
2197355
19309741
22274179
103449644
103641177
102524847
139977640
130358495
121703534
114285288
103737784
157765941
239443572
260719851
191367827
229140391
428922993
390753725
365767415
391434895
136504148
571447514
342531025
510220598
420853815
660573412
547956594
366994244
559815559
513026244
192328208
542270161
710648757
342956548
541286811
478669501
511365657
425722863
644617637
540698920
490329296
290356079
485033702
425994769
338672806
58386891
596644806
493642982
572646619
675063454
700674399
429977548
647548010
375584370
445968705
516872065
507937095
544886576
437409952
858512543
427907931
709671296
675549875
698285392
722306956
512374037
380791284
676501026
467224357
643190946
353702609
744448243
405370638
919357667
416136891
315156532
308522123
456770850
435384447
710452352
111300200
683517800
652700365
713386327
432217057
332450190
640611295
716277279
477717825
666976276
481446878
