775465116
715635679
687412832
631611265
284325219
277096371
455452573
421274237
531958063
182940686
595828083
243881673
633055348
323324712
396488706
640392415
352852989
432868292
452536584
511294653
365301307
330314059
396478881
252049534
484559565
427192120
429991893
519254489
419076574
445787337
565308110
271267147
466640350
773237384
329908235
625509497
862889174
313958355
396722342
394593191
341029342
388676552
10977721
305314970
490455241
434825061
345028671
776176313
422813846
555667723
635031015
549811631
351082262
589425868
561589416
354654700
514703231
524396272
182053590
856562314
496206492
681572207
554556695
603479432
652260896
333124480
530563552
486598797
758739549
415552804
312354708
639195309
311285472
271804280
1192256213
518020861
329389517
552489469
431761939
556204158
430944913
349190313
548203251
384093489
448890332
666846061
413638743
169846936
405173324
578022337
409198965
417187292
586946591
472529512
633809492
521188498
352810109
346773123
594435445
488151894
680803769
508435745
497946218
356883905
493044119
571943998
547272247
374802314
777379382
49883833
396549267
517294373
534025585
450878469
658403722
771153157
822430833
408022176
515009549
407980309
700239530
321672876
436709412
474002596
504482683
713086677
478219497
415765232
778534525
311297871
559614425
707932339
533370387
479083909
286568826
511743659
351344801
423990426
564042375
668268594
330012273
542810183
399849934
689200100
377158210
313229528
383895495
263704772
593110862
516866917
370888863
632288762
507829911
383175997
623361261
655141950
535091762
327218158
502321396
305209623
296221197
517840133
439871572
518225696
559471275
750515880
376014907
483393571
327787127
379724669
343589006
521918370
652092631
562668998
734335404
545973934
656881025
590650376
457471113
360084126
238360573
827220425
138349854
705751830
796521610
546660976
939709596
666783350
330095344
481237366
216808164
447389944
338950233
675347316
736177025
408482786
658091191
429094351
390526821
737020857
837580030
671061741
599410630
367011484
487350696
434597616
445507802
665198279
392829364
532883053
487035111
539484715
392359852
294915997
497942267
424244280
421228061
281775837
514985774
559352254
478012718
316352577
483930745
693202989
419894414
454020928
669510655
611973813
378372331
491011717
276621357
338280101
517752982
507001461
478964100
268276415
220647542
421189452
382904717
382314114
293753487
338021510
359706062
340186600
295584017
286769596
228758903
164620997
240587507
109520551
169371619
207129372
194963175
84615823
97158757
57628404
71221349
111445362
95963886
104506734
80688503
39813547
60429288
93454912
42377838
76165760
36810348
30122889
7893146
57905523
14421231
32291783
34667243
52373105
5239951
15920046
26351785
84577941
81181842
81323326
106986736
106713667
102951618
98712074
97736898
145556785
232676418
237982167
191702642
220732876
421516865
394397678
364568283
388831744
140999231
561753493
342885156
507080421
423321239
665252944
549792905
369701014
560813354
514472358
195004898
542311379
712930640
336529568
538136961
473914541
511179142
425486281
646016955
534596103
489177981
288167153
487986984
428017442
336611898
51465297
596179820
493141729
575043428
674469142
697808327
426514336
639700019
371886729
449405806
513870695
511827817
549692419
444377124
856656759
431478659
706715951
677387333
694048075
728530323
508724068
380149013
672594008
470170327
636035878
352078387
739612051
408527757
914813909
416201507
313916124
311710053
462872685
436605652
711146458
119100521
683684788
660150091
717091828
430965508
332887942
636856549
712055011
472471977
664505991
479430404
