775449857
716089729
685300767
630903435
281803040
277331411
456843712
422014373
532541850
186168893
596866502
245204320
632985884
322007388
395634542
639859158
352692168
433565231
451963310
510854781
366704878
331243897
397929073
252810369
484897526
425676651
429559053
518110604
418832921
444136994
564571294
273022660
465485692
775032321
328902123
627564831
861644906
317731738
396119845
394330294
340432376
388245883
11415273
306041108
490076564
435097815
345273381
776134685
423127872
556397401
636378490
549382883
352610884
589630392
560599415
353633497
514614239
524379837
183629351
854962952
493826805
679589970
554878662
603068116
653080326
335411281
530675180
484508906
757861740
416002757
314778657
637116940
312425824
273008216
1194062750
518859497
329056837
551879590
433184581
554486762
432232267
349315253
546866773
384385910
449072673
664371020
411333265
168342927
404261254
577065559
408245904
417888391
587206111
473786244
633927497
517234366
350810473
347448254
593504541
487261254
680451323
508141224
499175695
355679183
492417455
572248350
548263424
375822954
775278499
48972967
394840806
516841982
533888048
449761382
659039007
772844514
821404425
408139261
514667486
406679321
700501190
323032308
436019759
471678518
504182762
712631100
479051213
412858183
780081084
310670652
559896698
708164966
536009948
478743453
285247474
511197203
355647230
422436685
560170283
667471440
330499169
543351533
400361919
690616726
377985241
313488450
383932987
265634699
594647820
517794703
369573077
632218839
509298173
382633413
622910264
656916777
533963201
328847726
504032271
305520543
294284935
518254053
438723757
517423708
558277727
750681140
375332596
480530983
326844166
377514834
344162741
523717883
652510036
560916074
735736755
546782562
656302115
588559513
455533849
357223051
237570198
826749033
139665714
701503646
795331366
548806602
938868181
667375790
328776403
484638666
217298672
448018087
340541958
674217196
738001429
408517745
659600234
431494468
391164388
739221922
835537232
671414230
598537818
367792134
490775245
434242928
444892358
660971559
394611911
533469468
489234018
536176095
392978649
295679040
496292181
424520221
421881557
281314699
511743577
557909639
475991807
317246884
484107562
693287466
419922971
453937511
670578893
613075133
377838228
489955586
276874572
337421580
516621129
508103722
481191524
270798888
223857496
420244933
382291493
382049792
294141788
337531990
359015508
339832331
292796511
285790491
227871406
165247352
240778936
109973085
167697664
207704784
196180095
85767052
97796159
57041792
71411091
110396059
95658127
104621568
81393743
43126376
60049933
91662260
41649143
76071191
37193044
30667201
7191560
57650005
13617326
31473670
35991186
52842198
6175700
17820023
26169115
88075304
85766375
82976346
109720643
108412633
104239730
100931158
99240606
145208155
232443580
242348835
190905823
221963999
423874974
393245062
366565872
389381145
140076819
562203476
342071874
507444732
424376099
664684103
548786721
370452932
561478345
515571888
196118022
544036577
713498888
335853559
539152362
474187083
508879920
428000089
647567749
537101048
490845284
287223597
489558186
427821654
333971470
51805833
593292333
494142501
573477337
675544805
698075190
426919655
638777286
371395144
447617877
513348272
509425506
549632378
445262249
858016813
429646393
708552094
675654627
695308190
726642137
508801028
378492290
671446321
468260607
637101204
353637280
741023738
407130212
914585113
413519384
312394813
312676552
460907470
436768806
711980376
115581448
682656161
657973883
717089456
430826959
331997730
636298224
712760366
470504515
665847415
478337710
