773587270
719547268
693422820
631968271
265149009
272180151
445857315
419099322
529947191
183935575
607250683
235194794
628888873
315015466
393156994
638423225
350642474
436928747
443452390
515572132
363591145
326927975
402366348
258845981
481450449
413903343
427503439
500211081
405965887
440064368
562382854
270559947
462907699
775113812
328902872
626819219
867718796
317401797
398477063
393501082
339135927
384168004
16641679
297082598
484120998
443772839
352655536
775363793
420378335
559291595
635730225
541001000
358913486
576935266
562291292
359266459
523093442
509423410
174340597
845150323
486158517
680973925
550385806
600859045
649620413
331127790
538309905
479526103
752747308
420603745
322173312
631980752
311759302
266233958
1167708904
531334455
332960870
546922639
433309415
556124805
433377972
344960959
533997010
394663665
441863334
653751004
419229247
161618767
407466679
580019749
407889724
413322673
581098118
476978229
631945815
497313386
349626266
347450027
597850328
488919831
676045984
497961610
507060143
344167334
482968762
559594755
535050004
364127626
770062479
50313188
402311686
505134361
538868672
452528156
666335282
769711065
798599237
415062829
513245043
405795760
694429987
328618285
443892976
454657031
515073584
722200238
468351883
410004980
772940261
314479474
548462941
703527725
534243071
475786497
279236018
508726263
360340748
425773286
556528294
657664328
322874333
534711076
397739629
689313071
392462362
307391673
390328337
254855557
593978878
512021527
369073038
623069905
508589992
384435135
618414872
650364990
537410663
337003177
502169239
311630123
285858322
509657472
442385710
517608875
547978234
735830664
387046820
489172692
329972983
382774475
341329779
520733612
656306913
562270062
732068327
548504760
654864365
593205857
444719778
342383322
238808672
811459341
141799080
710769003
800187278
544286085
900045793
668523504
331490475
467460569
209106862
444228226
332620007
674458266
716733306
419901956
654048859
438999357
392364108
733238503
810954985
667664729
589868664
370541625
492153229
435993482
452208718
632226014
403255792
535127916
495485762
520168295
387366523
289785330
480258550
420513472
421670006
284120022
500937190
515477671
471758110
308695198
482085202
714647438
414806777
451784988
699149428
617567890
376543311
497436839
279173887
326785898
517199335
526511230
501197397
283488237
221222886
432052853
379332465
379500859
299306964
350863915
374653955
350893223
287625947
294420811
223783063
161674285
243553761
112071468
163419506
205875567
195060273
91281649
94255584
72662504
65839932
125034166
104982005
111109339
78943023
58254491
61291573
101298029
47102414
82523776
45158986
22858567
12191878
73326315
17277924
36174816
39414714
57706382
4562910
21111234
29869787
138693510
115890645
139174541
188319150
180875481
124443989
158427727
98602137
182049118
256549498
299606396
195722391
234705729
448520546
395486636
370079550
398695316
143825319
575359436
346070856
510070561
416462458
674937989
555868603
369220229
561005628
511102379
182819005
530471015
704745963
351417723
539485373
480393617
516670438
428905919
632383126
540942834
489951465
295867060
487806171
423062172
344156846
54128617
591842153
487908167
562856599
677700153
696890722
430160792
644607907
378253362
436432073
516223922
509655409
541852999
435262825
852730565
425733683
697927360
676375598
702170257
719682002
512363691
379650864
677919306
463844322
651205195
353056089
742409090
400425807
911852580
410371772
313319340
308584564
454804556
432652397
695945659
123175602
684042022
643536760
714288076
430602004
338575511
650146112
716486825
480401866
670094515
485976705
