761394112
711374209
712358909
630502283
286134235
282421452
450067341
426148612
534608206
186115491
594859422
229967392
649477349
341271545
386566694
629145122
351944636
427951086
448995705
520616019
367132301
332821441
378883452
246483589
476035167
430205926
420212989
494744304
437738272
461625167
563627405
275024474
455345700
776387562
313917774
642480757
845815138
330684061
384975806
401124612
346708268
390933915
9662297
323130209
495518207
436411123
337934436
770702192
424138246
538244986
643901796
557515818
357295090
594662906
578605481
359069110
515238487
520453200
180718984
846005186
494681853
672584694
537812215
609002842
648647406
337341582
540531775
490635531
744905940
423152120
323029840
627962123
315619901
285649377
1157771276
516397557
345450465
559655046
435131704
566682237
422386296
352354372
546849049
393352210
452268110
646007174
408476642
158151537
415112292
568433573
414683026
409730032
583691990
478715947
630196230
523976308
352447062
337798407
567111811
487627346
651561819
515584276
505758134
359981986
491300472
565646478
522022135
383072674
758846724
63659516
401359440
503783884
550995324
454369789
651750005
770716025
791914242
408227180
514747662
395242575
683607110
295145809
451781173
447895898
512950269
697504051
468854161
434582649
773667418
308066589
573736037
700428278
526085056
476954552
277667500
519451502
343698052
431824665
545008095
667985913
335154008
524526587
396923093
692585995
378567374
323148441
390482155
264935992
586437116
518813792
362125808
630142539
505062530
384875149
618829073
636968494
526669624
336549128
510693158
310797747
288021528
505925775
436097437
528136566
558267138
735284565
388423228
486535160
337813271
378148082
363799078
516741891
656823819
567473629
731841094
558876759
649597646
600470881
462793573
348599951
257142205
834036998
139138451
694844491
797907871
547032458
956070424
663855787
327950369
484106609
215137534
458195213
340187102
668647318
747683921
402421128
682074814
452237224
387349988
744264897
906316581
688776138
597868193
350780255
489714959
427419350
444025583
757270129
387498344
542867564
492624808
531517890
383377562
301445061
537105720
413180682
439324523
270070447
554672296
694591243
472948884
318474859
516272881
721339270
415049417
464864466
663391554
617641304
393544871
489884183
276931603
323391395
508238576
495670054
488294104
274167535
220448494
416957905
377669852
393688426
294705422
331625078
353169601
331568087
288532188
275551720
231894310
161005065
235707951
99081276
150326719
186857937
189859679
112281556
93112680
45904133
62768028
116460146
107388197
109993706
87086846
59400443
64691390
83826472
50139758
71688672
50620904
16504956
15133618
57110472
31351955
43013039
33842799
42932462
5940405
20897436
37167183
41107539
32554316
38139214
28210516
28165538
24591471
28857853
22774929
27847848
116944173
124963747
137283505
165211834
350849624
349950040
346071876
328376121
128833926
531784951
347129569
502073217
438328952
639000678
544223481
360860235
540280421
505210308
175646678
550001454
706162106
340195055
541764532
480760126
516400369
430904801
645806363
539298285
497026721
274227070
492168114
432813007
315944448
47753929
582116968
497445648
589839472
662065143
691862956
423339535
643992757
375296386
447401760
507809113
504427955
539795992
448058491
854153093
442518091
679120567
689104615
704498165
744600622
472526735
361618627
651828494
457699723
635885146
357175969
738667367
410040429
902877525
396211634
315979561
310664275
460746575
449329991
718573860
108863021
671046426
644416076
718572382
440957207
325930527
646600969
717882914
473101846
666824809
478116797
