770110983
721631868
695294728
636314241
269767273
271624820
448630061
419211604
519390498
190089354
608895210
238135110
632567326
316137910
395201240
639241958
345748895
436363671
447972012
515753622
361434411
332435938
400161617
258839186
482888179
418234595
427990292
508106560
411241152
439953857
559160717
268492367
462765712
775729174
328124273
626355030
870814403
319001620
396586624
394494243
340528055
388260007
8693790
294666352
485921276
440439628
351736428
772434930
420812744
554810906
634426974
540055467
354128686
577945698
558003076
360415037
525199952
506411201
181936965
847717117
487674653
679425811
548540190
604629800
653705336
330302241
535693854
479896029
761157674
422025486
317069126
630205670
309343337
264271012
1173139318
521536822
329445315
551267865
435356821
553537931
429515687
342581004
540527147
391480140
443918225
657487477
416949729
164872492
401360383
579713739
402562181
409394768
584797437
474994919
628122648
503914906
348028664
345368562
596389670
489627399
678955335
501978443
505628962
349228985
490480441
563680363
532700509
368384327
775966609
44227979
400767820
502977815
538323837
454746981
661477312
762389420
808041810
414073892
515836124
412731191
698895429
327780041
443319807
458973215
511301193
720638498
464217297
413127804
774019557
312283634
551667856
704136575
538522753
472491100
286397268
509766686
361576681
423131272
560369550
660533285
318328413
536212549
399954920
686705143
390719291
305970569
389166470
263459309
594034127
513183704
371892419
631214878
512869279
386003982
621104159
651895587
536953707
337445841
508134923
313613995
284962325
513755788
437875234
517738386
552147715
744909225
384445473
484847821
331465108
381113589
336915050
519825005
655398172
565180930
735244244
544708504
652313605
594979824
443075312
346287249
236633262
811271602
139335015
710165583
798567626
551676090
917435922
662930620
329778035
472509662
212633691
449011311
334489839
673479729
726071777
421116143
658049380
437273902
393603203
732753826
816342507
669261962
593520092
368889156
489831632
440653680
456200664
642168755
404372495
533031249
494660412
524193604
389940657
289642978
484536418
421037964
414912864
281047750
502271009
523029676
477784288
310973216
481246522
701217131
416499838
451958972
686625346
616450268
372233933
497352239
280624163
330174746
520329141
516815641
487361013
282781898
218846090
427223320
382174564
378381109
293712874
346797471
367468268
344205521
288709402
293588748
228913715
161225077
243932341
111863459
167778427
207550532
189498577
93475892
95894838
67678302
64134315
122645742
105573279
106935919
79990551
56125204
60126451
100048619
36474392
84822188
42495506
22460605
10431393
71555477
20676159
34083020
40926330
54796123
3143062
19622691
26065778
125925102
118084963
121424768
170437985
166660374
119838649
149198680
97369712
171518243
252429792
286457156
192987875
232846786
442403612
389795805
368912558
399640657
138745745
574466680
344707452
513470786
413243882
670799745
552176882
367199696
557986860
511935934
180193347
533749201
710804080
350053911
536858960
475944459
512912288
429772701
637240398
542448460
488613900
293657797
488913601
424696118
342763208
54202448
591551803
488927055
566205955
673431799
698130102
429828666
641064229
379672168
437564756
516738990
511829728
544375212
435535861
853811794
430402423
704625099
675153188
701693117
721781624
511679849
381268400
676600944
469758308
646810814
351258389
746487966
404482267
915999751
418129093
312639305
311946186
454108807
428044465
699802547
116417307
685783288
648394389
712724025
427342481
333297464
646166377
715283787
483868657
668578730
486000084
