776883951
713984845
691145502
632590103
277293741
275655968
447575267
423834101
526681342
187144722
607355683
240963338
635468993
319222796
400617562
640997437
353027730
433268563
445106546
517437234
360802856
332979881
395859920
253975513
482841393
422675292
426832459
512915003
415007873
439716357
560213795
266579077
469043090
777979028
326373628
630446549
869886399
318129313
397932696
393483862
341196306
393159578
9831512
298612374
491938682
439355430
352397684
777260076
423658620
556622154
632969341
544471174
352172786
580389763
558335434
359832205
519486516
515142468
181520578
854481208
494437303
678510703
551178928
605413338
646673485
332044211
529938726
481984591
757053832
418539517
310664592
632199273
309009541
265656162
1181934812
521162858
334643277
550840213
436197521
552303364
431171630
337816611
541847183
381884022
448453695
662732033
410975262
160857644
400836009
581252942
402606311
415183574
583514440
474653266
630073640
511710268
351098588
347533817
594840621
491208763
684038270
502385824
501216742
352381713
491584902
567266992
540877956
370337801
778995095
45951554
396616560
505261152
536158782
450948207
662698820
763255965
819954648
410263884
512726789
406472691
707968628
324145562
441014142
456035071
510203367
716650008
474009479
411167056
778572613
306619555
554798208
708640179
537325292
474193932
284485579
509484329
358345941
424229644
563419415
662652809
320803447
537007526
399009505
692344432
386936189
305893364
383276819
261570254
593706843
518001120
366684871
627255367
501689486
385669125
623979368
655965268
534820412
330066272
506207585
314393162
287728354
511892359
436145548
515575553
557333173
747933434
376787330
482461698
326836001
383889866
342259028
521294067
653070257
562966346
739495600
544923749
652641813
599032255
449055400
355600824
233792807
815087994
140886206
710898325
796735010
544780717
929208687
661237193
329988821
474238408
213105382
447280996
338647330
668898007
730410974
417915615
657669132
439769424
396286247
734596697
822165400
668175159
592320054
367459333
487017234
440344633
457512819
648087571
400459147
533741913
495433075
528864437
389029041
289436201
488889169
428423855
419120795
278003308
507842146
530619113
468304596
313255956
479523965
691966853
414836375
453566874
677291182
617644671
371246984
494069329
280025676
327389034
521672493
508638453
486013365
280165078
223147965
420922967
384316331
377548926
287912913
343693040
360763180
335253092
288365505
289299449
224877421
163517310
240252467
115448933
165562672
208011241
191093755
86554199
92703847
61319666
70108689
114756031
99561900
105259024
80915814
47768608
58907906
97725789
39827816
79985412
40252515
20626915
9240298
68191457
23929330
31110687
38411102
54929366
1607978
18960917
21636895
111620492
109541235
106593637
148876347
141598889
121875628
129438624
104560506
162628000
245928137
270577396
192575515
229359771
435738199
389130309
367767731
392369300
132696299
574316767
348961347
510073110
418314949
662871229
552442341
367489228
558567623
515336639
189168854
539668082
711855256
344853063
541118062
476713601
512312952
427526395
643659347
538825135
488536184
290817842
486578048
426882614
342590857
55672766
597463254
489428059
571547037
673216427
702468912
429923025
647298494
376168917
443547258
517681342
510964071
546895420
435404972
858066365
426985689
707028077
674056188
697920072
721770458
511747874
377350814
677958878
467019058
644997335
352740552
747246293
404527428
913886360
417208882
316425188
308597997
457612404
432040356
705538751
114508175
683745170
651919626
713235244
429544373
331287967
643908100
710125805
475793671
667551264
484585469
