779725182
715401962
689671553
630041765
292111850
285599570
454287193
415468665
528503541
181692498
592391452
243972112
638133334
319020009
391100856
644594322
355774590
432798486
448903638
511991133
364012330
336015388
393602275
249426818
483044485
428175354
427296294
518829118
423059124
446768419
565905086
271173851
466426515
772248976
329829542
628505388
862559195
313961089
392200160
395886234
337914183
390563999
8747538
311744753
487813940
436275900
346663142
774634503
424140579
555796116
629108383
553752896
347504697
589012400
565922774
358579194
519668799
526279279
183765443
860684339
498843221
688964717
549293332
610925076
659290254
331694824
532615505
481530936
759217245
415830810
318694804
642555735
309958445
271469065
1190402389
512210907
334117142
553368596
438301833
557415195
430235869
352335415
552078372
383893736
445061085
658475953
407228734
165541439
401891269
570570739
406944322
411900764
590360185
476691830
632789751
525879865
352805379
350880340
583593682
490932422
676723800
511138122
497376123
357774005
496992295
569167964
545502051
375102981
784558747
54555611
400396831
514094308
530871803
452819307
656533507
777616761
813360509
404581946
514117800
407662623
693315360
323706769
435143410
466899360
507065669
714413345
472563085
417855140
781747802
309834610
561248845
708877055
531088582
477261186
287278127
505605649
347634729
423606575
565711586
670406728
323634106
538081862
398271209
691301126
375717400
323499051
393193956
264289119
591276873
517836386
369473860
632891126
503337771
386607313
621553164
649320798
536683828
330838273
497541974
306467317
295164384
516905610
438368655
518505153
559261760
751429308
378943567
485336525
328226471
380868800
350395391
520379098
651273003
563358042
735532508
552617271
656136060
597669906
456390697
360075200
242707114
824323031
137017391
700371728
796873227
541397998
944535175
667808997
328547941
484545262
220618883
450096511
343106196
671137564
739090239
402811187
668262822
434829248
395275058
731402670
848520121
676441835
597408203
371751787
495370982
429040449
452046386
677836865
390347522
530055220
496977579
540876417
395545334
291359177
502177616
421130628
428717991
278902141
516078131
567333012
480669609
314693848
490005350
704262302
421781717
455467892
667521075
612677438
381423514
490529136
280604118
336292771
511853470
504021878
477688971
273018971
212936854
422970109
384946758
379893381
292547441
334191649
362324692
337877012
293044994
282470270
230599268
163568978
235095839
98155586
163652254
199147943
198601529
93087616
90715236
54948336
72402131
107342162
96133651
103968572
80342851
46633628
58523101
90149308
40466675
72887447
38610096
30883525
8907377
62891604
14922871
33878959
39365588
53854286
1885758
17620192
29496800
68795764
66900289
63611216
78568167
76685415
76239567
77810336
77923921
132514077
214454055
220413844
187293860
214771121
410415217
385184279
358121242
374861487
139823186
555824416
346075145
502315495
433346052
654258794
550532996
373413561
553122708
517121931
191740226
537140919
704601462
335093729
541016091
469107558
512212382
426542569
646274327
534800013
489544512
285833702
490082038
435070202
329614369
58875637
593513607
491789430
578291321
673603500
695395895
425684465
635963101
371248282
443143535
515678508
513000290
551425453
443272612
847982163
430336112
699978519
680835676
697303218
725947242
503869537
374497076
675249128
466772561
637932791
352874133
744996417
411777775
910196702
411236862
316639050
309767607
465446580
438278056
713133758
122970623
681157077
658552092
721492656
435284074
335767039
643137761
709827801
471254043
662591255
477742404
