777525826
714558873
693476909
631453920
275593208
277243355
449358652
423941654
526991438
186262546
606223217
241400693
635036491
318676489
398749677
638543810
349075622
433887784
447351539
518908875
360097692
333273303
396960415
255881579
482802426
422353504
425871043
510304510
414522859
440880814
561973891
267548627
470944938
776267333
325717518
631748082
871764969
320524483
400609135
394873672
344023010
390899512
10150930
300117500
489559540
439814473
351749511
774989070
421544416
555711898
631709817
544176315
352777289
579065929
557474452
360716162
524162640
512615607
182558417
849004241
490496492
678518398
552515640
605358152
651755466
331731888
531568018
482473196
757863061
418821778
315236848
630133885
307521803
263587863
1180164708
521056580
332620978
550266511
438450589
552112888
431310354
339848143
543053771
383720537
447662836
664586665
411096154
160503933
401212342
578804293
403960495
413988851
583032117
474992277
631795074
508260152
349684018
347412556
596675537
490724604
679774752
502047515
505075809
352659275
493461597
563747214
537422722
371112252
779613994
42899228
396930563
505651502
538013632
455202616
663295605
763134269
814085175
410770124
513250646
406407636
704637130
327473390
439439849
458777689
508507682
720828860
471182668
411389775
777192108
307310374
551043335
705123457
537629327
472336215
282445514
509666365
357982662
426196571
561005620
663717813
319759748
537737918
398423549
693861870
386651513
304689317
386501317
258475850
595940168
515346311
368138851
629856513
506773458
383597922
622187957
656206656
536830614
331082009
506691563
314030852
287090243
512940807
436485769
515438310
555011506
746968349
378103560
480697747
328164458
383825229
340392166
519608948
655756335
566611800
740057526
545011941
651516968
601023326
452010600
352334557
235161629
815685178
140129454
713655005
796267306
547561110
928303083
660373626
329297117
472246250
211392652
447165978
337967725
669464614
726171449
419090863
659192138
437382250
397945261
734692714
821754816
667510381
591239788
370126827
488334577
441923214
456847185
647996707
401855806
535394541
495742361
525865046
387028107
287892560
488886235
428142560
417517922
278236155
508406050
529876230
470567338
310695337
479399641
692646349
414794070
452708471
677935047
618082425
370150008
494749544
280001188
330559137
518744360
511119273
486191806
280169780
220775823
422703859
382076283
380646192
292470490
343175359
364588164
340039431
288977240
288693154
225815429
164367769
241090898
113609006
166512274
206312999
188711088
93777098
94360380
60170818
66918420
116030410
98874593
105537259
81727949
48508615
58286945
98983932
40842953
83076947
44821482
19551399
9365247
71129509
19890349
31312858
40199253
49576087
1106376
18681814
20569199
114882909
112665607
107898421
154196958
146783584
124243586
136802876
102653568
166090136
245514315
275258738
194117563
232053437
435014435
386818382
370448499
396393617
134524351
575784727
348068942
513434953
417779214
663955696
554071699
368156512
559576713
516267542
187719742
540995199
712385082
346415854
543594524
476412463
511860819
427349700
643806934
538776685
489223830
293281887
482204003
429235470
343673592
57596223
595703278
491741915
568855642
671064010
700535096
430358524
645895867
376041347
443000694
517539602
510466248
545279051
435795147
856088925
426906693
707668099
671144200
697119532
722517859
513067521
374739376
678759066
466677440
644602236
354239645
749410235
401948571
912692101
417922258
314397576
309788249
453743772
431747098
704516043
116912221
685327707
648269994
713614973
432844258
332167750
646448234
712426370
477391096
668712513
484427314
