776668102
711508256
688990937
630610434
294591845
286391648
455931295
418351498
528132024
183876698
591219549
245752035
636542358
321182735
393043754
642099429
356110885
435101388
450767225
512719736
365467246
332708394
395118174
247594536
484016153
428551885
427111422
517721513
422572824
442490468
565926392
275243222
465931030
769844958
330793837
630229456
860162921
312360135
390961219
398771816
339292992
389579079
9270239
310222941
484821344
436665705
349076866
771088957
422787122
557042608
630948077
552026179
347065859
592436287
565395240
356428973
521118493
530509820
183385963
858363373
499884431
688432730
550633270
609692705
658616130
335835871
530742279
485382383
763534178
414054137
315273529
644367513
308497806
272383087
1193237820
514497801
332934233
554065499
435945733
555939746
430054784
349535904
550541056
382491218
445957027
664180036
409943227
168403344
400798915
573302621
408723027
413887490
589558216
474753097
631839453
524765208
354838372
350248193
586338894
493886273
677597248
510976830
499568957
357406696
495922524
571586018
546650764
375667074
780259196
53764825
395925277
515466855
525717998
451040454
657852021
773409808
816126217
406958711
515478550
406813773
697469018
323171545
435580377
468046120
503814552
712473669
471961673
414168973
781463693
309301134
563317433
709503454
532628216
475645330
286062570
510763668
348318145
424123041
565764312
668518154
325592430
540687880
395706729
690747510
378186104
316646554
387157604
263991725
592601687
518242520
371918009
632589614
501632421
385380010
619900171
653152147
537537022
329481046
500977921
306072274
292285310
518528146
440320729
515249773
557205687
752707668
377565394
484060099
332713240
380717432
349163056
519669043
654258108
561582105
731958345
549497821
656216650
598103889
459709277
358302410
244705867
825538901
138746852
703581629
796897071
546427399
945986817
667439573
326913064
484874794
219034476
449407721
342129134
673778555
735268321
403926569
663271403
432614780
394978412
736318228
843743468
672518636
600065564
371807162
496720779
430603003
450750293
673781479
390677024
530886857
493525755
538707989
396220926
291788529
500590379
421990895
425471744
281568850
514162308
563389071
480902054
315939577
487199224
700125597
420744273
452663136
666004637
612190019
379538842
487643246
280427674
341071679
513126617
507289586
477827561
268495593
215539332
423654475
386442569
381202737
290893915
333917093
364751836
336990935
291557318
283373034
230831010
162934286
235905692
101997545
167730914
201069192
196670886
90766493
97980486
55522167
71971563
106123361
98397703
101449116
83725814
45075598
62527719
91060855
39805950
72908962
38499334
29394311
10033300
61125993
17003684
35705962
37380631
54765239
1120301
17988456
30101112
71252781
69512709
69261979
88761792
87071480
83915002
85095092
82581877
135995797
218630472
227234675
188089627
215195495
416049001
389695139
363432532
381180524
140465093
555553750
345147400
504076576
429083254
658616013
548312495
376573546
555023169
515844702
192556094
539548587
705726785
335668690
539632577
468808394
512327989
425158004
646801802
536092180
491290970
289841139
490693645
432876091
329895623
56094100
592987409
492632438
576002319
669670277
695406439
426376398
638743245
370436993
445935728
513942151
510896022
551886473
442559642
850388146
430165707
705705591
683985347
693549008
724876875
507409837
375563680
675553043
467467309
637872432
350523220
742795030
413557543
913733163
412838405
317883700
308836136
465399247
438946495
713589041
121078131
682174117
661249424
717644841
434628629
335770003
640493476
707536540
473081491
666776553
479764421
