771716985
716925625
691991460
635693025
287266007
282019912
457554371
427045692
532033516
182610308
596052235
232751650
643872823
320971906
385411720
638880416
354093382
436437615
450031680
514637172
367760217
330120154
386032086
242990503
486564090
431712182
423359309
513552044
432638949
449460032
569390943
281379571
456897793
770606555
328409172
644309023
860868653
325800140
388098649
398824592
341495781
383122110
8942541
312632871
486189979
431679710
338173907
775434139
426423249
550724956
639232450
552450571
343203805
594260835
574625792
356890275
515248931
532852635
185360265
855853998
498619434
684773343
545838575
613658450
653961774
336946885
533615372
480682036
750493605
416153002
319549784
628679266
314000264
271481075
1178731061
519266549
333041925
556379438
437019350
568172250
433615806
353882024
549771620
389881087
446570906
654149351
405214116
167953632
413944181
577438046
411124766
410548535
591156315
473374803
632353151
523742157
352422761
343594824
578100089
486577348
673135792
504497088
502078572
358315558
497657041
562222412
530245943
377798060
784918846
57266307
403630202
509535367
539215473
458611136
659764116
778276496
812413778
413780317
522060013
408906210
691731338
315577780
431284373
459989325
500854788
703434453
469867554
419921840
787386453
307873612
568208570
706934836
534708436
474156843
286046276
503829145
343112251
423272564
565429828
667768868
328919287
530022940
394651521
699519354
376747039
320714458
395559770
265947471
594683900
521241027
365618318
632697511
496964658
386658098
618033884
652852225
527367790
332045504
497916879
303554309
293254379
515536993
441792572
521687240
563274589
748074446
378469035
487660871
332059231
381196493
360418460
520705972
651508459
563723270
729610908
548576679
657330638
604318362
462653033
358464354
253721333
829252923
134282000
700759992
797921098
546203920
943081188
665726903
326258396
487053143
216054567
451770425
342343765
663244527
749061741
399867931
670433337
433291832
392077739
734025456
864513528
683681089
596332205
360954912
489969327
429006354
450495497
692836061
392484576
527452544
493379905
539030792
389633474
294026189
505947061
421547288
427172436
271833976
527438332
589762975
477915938
323836359
495978071
719243897
422613603
459218280
663737989
614382663
385418847
496254896
277932997
333270344
506362232
502714645
486377703
268430706
216383902
427290211
376881013
385162536
302010910
326089482
364453596
337351459
291480128
284479116
234004663
161063555
235176043
95425283
159294513
195493040
194895961
95498971
93800271
57011959
68103285
113845295
102672369
106232758
85963726
41282147
64508105
88268052
46108841
70946457
42204161
28780078
14587599
51734419
19178941
36677615
38560088
47344657
1427590
18197613
24426563
41635389
39271488
38261968
43212130
45627724
46894539
48823193
54000032
116243197
194717242
195181219
185278626
212377001
391763120
380227678
355854965
361483929
138720679
553822343
350748845
508309136
435876704
659275683
545704937
368878904
547964801
510227531
182575870
538420302
708156840
333192099
539660216
462013505
515982428
426621304
650472418
536648499
493540101
286067701
481893731
430608116
321063556
47941565
582993389
495643947
581212337
672717934
698449188
428330655
636477861
375821624
438946812
507775539
515765319
553329608
445819139
848919953
431702449
706629312
677022761
704697775
740162797
500261240
366964305
664426963
460352933
631281937
363680334
749508849
411905606
910766324
406678499
317976110
310419063
470633628
439619519
718027067
119696678
686607145
658005202
722766248
441588808
323804830
643000233
721595712
478133010
665786219
481745196
