773534911
713820811
692168803
635256347
287362779
282848378
457298255
425077230
529880907
181017761
594266423
232289779
644163170
320670783
385043813
638478895
354089380
436199714
452231727
515923288
369856117
331067169
385234378
243187177
486258961
429063881
425898381
514100395
432011737
447967415
569770066
278939124
457119633
773065634
332092711
644097377
861328196
323313380
389140927
397426577
339098523
383920183
9873837
312539659
487698727
432041003
338276533
777000815
426168731
552045094
638816626
551540459
345184976
592767713
571803765
356927586
514363225
532561280
183114322
855714702
499885158
687175549
545746015
614361821
655444746
334941380
534427029
479220955
751123000
416567438
319636265
629943575
314912289
269870853
1179582728
516626981
330784602
557406774
436774415
566484564
431416162
352496661
551262428
387593171
447794145
653424876
405241725
169406752
413700588
574437932
408113332
408698300
588619957
474457034
633207205
525929788
351114189
343017417
579831726
488482908
674632632
504960876
501931222
358402979
496777338
565157440
531761422
378896653
786357578
56152727
404570162
511312180
538876077
456435192
658424994
779059712
810840972
411484674
519532937
410272531
692705341
315791883
431311497
459633553
501621007
705387646
469309293
418773820
785479496
310085800
566364314
706055185
533752561
474599448
286880805
504775596
342147096
422200336
566907282
668071636
328039080
529876146
395153766
699733598
377175393
322041246
397835197
267317932
594608163
522292539
363757509
632409848
496915632
385724133
619456115
650274584
528214843
333305206
497655510
301879696
291810704
513333940
442708309
521379507
562757695
749883506
377833875
488098347
333821088
383200929
358588318
520570817
650645807
561183850
729444368
548923788
656556898
602974587
462395598
358135927
251088614
830115490
133590923
703684390
800331575
545954406
945460785
667559082
327156659
485607191
215637973
451127676
341363373
664695207
746477333
401000406
668229299
432470577
391185628
734208625
863372687
683091104
596291314
364335446
490612219
429393703
450360015
691043581
390650310
526608529
495453082
539421755
393211174
292875647
503685377
422108305
427216965
270833088
528190222
585981524
478174902
323973798
494880681
717939526
423108790
461388109
665853877
612316010
384261989
497265262
278810575
334342662
507955214
501550097
485872897
268468077
218124939
427176963
375901405
384476934
302421748
324738548
361182882
334017463
294784713
286062704
233455298
162045439
236399653
96452500
161107764
199393593
195911221
93491918
94543670
55953379
69474022
112972429
101773364
107321599
85987113
42553830
64936599
89161038
45444749
70587233
41746780
30375855
12895799
51817559
19106663
35694161
39302050
48854538
1253357
17698089
24381126
44595461
41354668
41123717
47875681
48737796
50920781
50022833
56341249
117277965
198648784
197532680
188132139
213042727
394468678
379583091
357532132
364102028
138729119
553318763
348368635
507851571
432836773
660107482
547931930
367402169
549881508
510901761
183153575
538383217
708526806
333177836
538894508
462163144
514063434
426381296
652514992
537361199
495176009
284063569
483288381
432272129
320249978
48382041
586903587
494178278
581935890
672201731
699316662
426845630
636895933
376292413
438361722
505919953
517493729
553484983
444906705
849097202
431901402
708099989
676792563
703027902
738082222
500094433
368841090
667171814
462218651
631437859
364068806
748310271
411871980
908738857
405315282
320616975
309050031
470706464
439716490
717433034
122772302
685552162
658162486
725395824
439305596
326051419
642432783
722134320
480525009
663715695
481138271
