774559837
715065498
688066439
632763719
285429585
277970047
456366896
420280364
530791780
184840494
594904568
242047684
632177407
323234548
396209269
640481631
353452449
433008839
452957305
512652896
365202365
331227772
395918592
251882882
484407273
427808867
428720764
519365391
419032522
445328885
565298590
271889952
465851679
772642532
330088889
625577186
863176522
313864717
395399806
394625222
339743111
388385763
10963211
306482699
488743184
434281024
344547971
774635619
424222042
555340979
633735226
550069069
352501350
590712594
562347062
355255199
514292218
523991116
181162179
857620802
494326217
681401203
553792015
604358359
654327756
333027567
529606322
486306699
761150113
416704005
312800525
640237812
310916095
272532782
1192377266
517429483
329770841
551568181
432287655
556842698
431291103
347868585
548216632
383836355
449892679
666673150
412117745
171537459
405306165
578217599
408327132
417294060
587474899
473982570
634311332
520442171
352311952
346591331
591980547
486867672
680247229
508658651
498014426
355237051
493431833
571968665
545928612
374117728
778258332
50386264
396094867
517615675
535371991
451191641
659670201
770819798
821522186
407324098
514932681
406451444
699134655
321501522
436055836
472905214
504984759
715761084
477950041
415460855
779676909
310124902
560177286
708587979
531070004
480256494
286408662
511493863
350710999
422890353
564782942
668533183
329923855
541627006
399494660
690636758
376460653
312913669
385313220
262675466
591902557
515754555
372429020
632615194
506003966
383385235
623355151
655993486
534296072
327182118
500966360
308057270
298136899
517714341
439021045
516592915
559990652
753597701
375924821
484290242
327859619
380094712
343981253
521869310
651738326
563256821
733262681
547412696
657854151
592120196
458194141
358839281
237591489
827929151
137715054
705594952
795244333
546810844
941019583
666007011
330525655
481965166
216565205
446265138
338699109
677534781
736162015
409328149
657441521
430729034
392455806
736694626
837499755
672034752
598277276
365796396
488490944
432819744
443945241
667281019
393842594
532397269
487458985
539606259
392221512
296060974
498069106
424977432
422238597
282210442
515820277
558222400
479463549
317758649
483230422
692889834
419432456
452634951
668411242
610394473
379617798
491525603
274915126
338337271
516740302
506009670
478903079
266930929
220458792
422220339
382242169
383300605
294403805
336674485
361040770
339819480
295460319
287327186
228866720
164535460
239648225
107979998
170784533
209081019
194660220
85974759
97424560
56570365
71582442
112179115
97658722
103744272
80384615
40633736
59493783
91693355
43441948
75395135
34519428
30998334
8625296
58853320
14556693
34710056
36404516
52667660
5875908
16350456
28435693
83008109
80266565
81855833
104738155
104429530
102776543
97820865
96938478
144494149
231775119
237095298
191993146
219650249
418540632
393434708
362324762
388712628
139499219
561730749
342969808
506536468
424080637
665348797
548388146
369528875
559362453
515046375
193620752
542252638
712067123
335815926
540692356
473395042
512834236
424166619
646613969
535509599
488784696
288750880
486188370
427950939
333747581
52243255
596568673
493314281
574091038
674387748
696910387
426721490
639382453
371677476
449245392
513042860
512278120
549812406
444582437
857383098
430641212
707570380
680659295
694611663
726864661
510579799
381036559
671927265
470917398
635881487
352117466
739113164
408844918
915342277
418128456
314661412
311919367
462684567
438342216
712476835
121272241
683740628
661149118
716268987
431700281
333158358
639478635
711659408
473815932
665713555
479814334
