778040147
714271144
691793495
631446511
275817153
277133742
449812161
423569943
529358232
185761279
605774531
241379109
635342861
317187915
399371666
639984921
351654678
434169587
446629786
517895837
359303754
334231271
396149920
254473484
481191060
422032719
425229137
511258162
415154602
440105067
560949420
265407407
470290711
777189641
328552586
630568689
870977270
319098059
397435249
393435813
342173690
392111818
10524736
300101615
491845447
438212822
350860114
777635504
422866306
556032435
632379439
545406495
352639445
579382879
557172113
362444588
521714563
513222488
183330629
850939978
493720925
678855328
552867554
606408862
648447881
331525757
530676208
482192966
758637569
419452556
313576350
630318533
308464453
263681410
1180344271
520692599
333800710
550240165
438124870
553930902
430954941
337211787
541855252
381772176
448548880
665259600
409955147
162744587
400826996
580550547
404669809
415399765
583026119
474982500
631130556
511445469
350563909
347294213
595198121
491539060
680584381
502686215
503625397
351687108
494311665
563933714
539656108
371585164
778916555
43450171
397864090
505622741
535793411
452129281
662842138
763574284
817160460
410291987
512077215
405336138
705434405
328210629
441503535
458209371
510382983
718354076
472277205
410458332
777298352
306281354
552062028
707038156
537814846
473641495
284003666
509916919
356918169
424859343
561306710
661244611
319596518
535823042
398631891
693393065
386822404
305760567
382715313
259368908
595058606
515564662
366771655
629650092
503401376
385203422
622770175
655721788
537906297
331168214
506067865
313532876
287679158
512820753
436628701
517093690
555629427
747475131
377776666
482737966
328564443
383860913
340379811
522517634
654358582
564788672
740809214
545029514
650972733
600799806
451791698
355396009
233987398
816342234
139746962
713498926
795285637
548366043
926701960
660532695
328941553
471376857
212861701
447619143
338178669
668311136
729278673
417316871
660007764
437632636
396695122
733762592
823197342
667893275
590829725
368639031
487321242
441121539
458457331
647144986
400736709
534283424
495226993
524996392
388309158
289663636
488228175
428330693
418001747
278874442
505956187
530395596
470240929
313080455
479976145
693576823
415728015
451717569
678011590
618226270
371788722
494732771
280186596
328929059
519969227
511239462
485976763
279851793
222214072
420860125
382651537
378422341
291007665
342927481
361962781
338739121
287923393
288852939
225174188
164404300
240822122
114188386
165433255
207265493
187343193
89731677
93365570
60681606
67818325
113824492
100009680
103788189
80444964
47951085
58728103
99508056
40843047
81240747
42617513
19288542
9032403
69272680
22795799
30492306
38593920
52338923
1471844
18022401
21656154
112935234
110822867
106899735
151480346
143958758
124002463
131629341
103479745
164509478
247801707
272243399
194595385
231847607
437956474
388545161
368860551
392832814
131925914
576929880
349127669
511114598
419467440
663418239
553775114
367625161
558059895
515995616
190046584
540601369
712483044
344513121
541547685
475765360
512483587
427344683
644453553
539626183
489848710
291540933
484130073
428953053
344204590
58935360
598535654
490741676
569910501
672079407
701141913
429263928
647340671
375546055
445583674
518121364
509374389
544220218
435823760
856647072
426816574
706380027
672297883
695975387
723010688
512390767
378584669
677434190
465443888
646317153
352224131
749780993
403778241
912375822
416948288
316669706
308901055
454073758
431220133
704681283
116409235
684694153
648936248
712998914
432607039
331685279
646880700
710765516
476555332
668167582
483031681
