770828597
718378961
695071450
635452914
267851820
269881018
449535515
418226105
521219240
186316538
608249305
233876401
629628750
316202342
392749102
638063831
349488125
436025167
445258391
518465893
361583040
325444770
403986039
257586127
479644819
415895560
427188120
505535266
407984988
436700979
565388031
266451833
461594939
776247888
330829596
627002974
868533448
316456089
396471369
394392462
339723333
386177111
14574381
297131421
488953266
445026729
349273236
774548318
423619892
553561533
633510297
538159709
357127002
578211206
558852744
361536443
525281353
509606310
177596166
845101374
487713442
682164425
548995750
601590419
650005375
328846006
537975622
477969312
754283958
421802390
322869773
631110258
311865585
265140615
1170493709
526469713
329941354
550735913
433910965
554526577
431478498
346418472
536481014
395558394
442065814
652701916
416923419
162678360
403044753
583309964
404000822
411029640
582755911
478280673
630442404
500946450
351114707
348091781
595744170
492310838
678058494
501354099
509318641
346677126
490669327
560372386
538632698
362322939
772179098
45841683
401741344
501652159
538602152
450577569
663607670
763774017
803964522
412864536
515919462
408910976
696499173
325835267
443477508
458280741
512136856
721671513
464992925
414077053
773207398
313560306
548425873
703360790
535264444
476781488
282907501
507341039
360067462
421461531
559817328
658334478
319936262
535097089
398669757
686393283
391036366
304951044
393657386
257854447
594429224
513598926
369933630
627379417
512172886
386143740
618023215
649282322
538150822
338356208
504753338
316038707
284916002
510354746
440064539
517380504
551679684
740641817
387274618
485736073
332231539
377314668
339854804
522299238
653099121
567497892
737999480
544685705
652565645
588437294
442156161
341402087
238609658
815429695
140811387
708292154
798414418
548620940
909796894
664598655
329398398
473458657
212449907
445609301
333664076
674012447
723413192
419553826
656954511
437309420
392493061
733173067
815596595
668236187
591109755
367961315
490963782
438686611
452051133
636141178
404658924
531591476
495360241
526649778
390029274
290050089
480996799
420255167
418442675
281213774
502666871
521113771
474497102
307742602
479938361
705358788
412805111
452653886
690231341
619752963
373557630
494738639
282054996
329237237
517399648
520757502
495155111
284706434
220152523
430286037
378126682
379939106
295898304
348896586
371337302
346722178
287480547
295157915
226736869
160377055
245484902
116946475
165146648
207272474
192474001
94376869
95514910
68393254
62786355
125094040
105962242
111662931
80135982
56622930
61213337
98998661
43000771
85477446
42270443
23747891
12524115
71111068
21642380
36072174
38227448
56208123
4090074
20386164
29188885
132377959
117998547
130659734
179343732
172719297
121029434
157013771
96778406
177274946
254831127
293129705
194132344
234269341
448683323
393091266
369889088
400143792
142666533
576708505
344404323
513097660
417218650
671733568
552701987
365901156
556222503
512649489
181927680
532245731
707998890
351117512
536428339
473608720
516277122
430204175
633858170
542955316
488081811
294121085
487879972
424374580
343944797
52538616
592480919
488447241
564472961
677303365
697652160
428044658
641429275
377793573
438397897
519049554
507680739
544765674
432121280
855601626
430057409
700617648
677814177
700378562
721298550
511290452
379031650
677319638
464942916
651309719
351201757
742587359
403468507
915944586
416144222
317183203
309827746
455406199
432781026
701129896
118160668
687036377
647958288
715717545
429945405
335542533
651870463
715853002
482457035
669956944
486034753
