765497518
713799252
713070396
626331203
285594566
284537341
449249986
427804423
530335207
184281096
592925666
236424841
651625136
336633084
390041067
628378910
352715051
423344997
452317325
522704823
366390344
334804447
372453876
246383302
477486106
430101919
419710252
493250310
442870657
457648977
553523285
269906527
458259102
771504930
316842450
639675781
838415428
330990628
385584615
403749306
348659908
394801195
10782672
323131870
500677334
438832513
339704205
769062220
425211626
532868913
642665955
556546928
361670147
590644090
583545005
358391553
517388875
515000115
174200625
848483271
497064822
675602018
535158785
611398300
651847391
333292090
541009873
493319610
739536782
427675115
323746666
626059538
314839907
289060034
1144305443
513458001
341932291
569790492
421585383
567043116
427897152
354459125
544064770
395659112
455823382
646486265
408789762
157698474
417240944
573312893
418789107
407267673
582690149
478108199
627792179
528869963
352959653
336032475
566157163
485762999
643336202
512055664
511812769
357953534
490007185
555972797
527959805
382158267
756311652
57707445
404337270
508926802
549931668
452497086
643961635
773434740
789460298
409246996
508532892
392206620
680020127
292607982
447847849
446532106
509405855
700647112
463762783
427442490
772941229
312028370
579966416
697315220
523239512
467832448
278027461
518086040
344905282
427811528
551059676
666973999
338392661
526829675
393938561
689119950
369898465
316176554
386059372
262024604
584555639
523479481
363578950
619815934
508733668
384830973
613233550
636413174
521744961
335613180
512020466
309873698
282606702
504639898
434111534
530279999
564372314
729693274
378389210
479220396
338589599
373832843
366860646
515564623
653046745
567674410
734550005
561189782
648859266
604003488
462533430
354262055
260851852
836991211
139344010
700954298
799257007
542718881
961749674
669182825
326509505
485628955
222294187
454307487
340784748
661432044
748609049
405712762
682478666
455117849
389050457
751168128
915957361
691952520
606770531
348960402
492951214
427105678
441753828
780085107
389519217
543133233
495048618
527974607
375473223
297900804
542370202
413302103
438638972
275905602
561037593
736015270
481093575
319830521
518732642
718599401
421323244
462269654
665796079
619366517
391889756
491820003
278284215
325488718
512455414
496644209
489652358
269773019
225263647
418207879
378554197
394019509
291308647
323066053
357869024
329769094
291663177
279283936
240333709
164886013
232596805
104453559
148204820
184322899
188964051
111493284
94761942
43050862
60688068
121022887
107042088
113201700
86202173
59298244
61470167
80005826
51085760
67334889
58205343
17129151
12018576
61883356
36600439
43014080
41759664
44275540
775730
25258513
37900784
34442875
30367627
37152657
30192111
33587025
25892717
29243129
24005343
20542639
91050513
104835496
118124489
152664861
338146615
345242856
335825359
320300167
126453999
522910921
340577439
496719243
445764051
630151541
547838109
361696446
542681961
498194286
177292224
547626075
704123178
338729436
538340792
476536521
517201116
431252431
644934704
537945726
490886617
267363773
491449014
435330239
314838292
43456109
587364582
497474683
584326940
662037783
690561729
428252061
643612801
373886409
445696084
513341053
500116845
543909839
449936067
859518855
436983402
682651017
697813897
711538351
746177090
472391101
360510099
651434286
453093269
637942274
359949891
732597987
408326262
898810786
395349362
322949651
309084950
456470390
446427384
716190881
108698528
673072931
645691450
722413779
435054944
327483425
649172497
721154482
471853896
669889195
473536831
