770087430
717778911
693349703
634054358
283876833
286031208
457382624
426473359
534380048
184173055
593292759
230135890
647288228
324587835
386437363
635528892
352253973
433906576
448228344
514346226
364708890
331001650
388759181
244750071
484670965
430594701
421905776
513754958
436131138
452412829
569288478
280681981
457954626
771753199
326416785
640446184
860566831
326995115
386172333
394997920
342710063
385319897
6018526
313370756
485847998
433044011
336626145
775990437
429164650
550464482
637445416
553466990
345287488
593853823
577973344
359081609
512445293
533114697
184570375
853839726
498733485
684393710
545302959
611598350
653317923
337016201
532730760
483163629
746211664
415097923
323091211
627010096
314070587
267028565
1177859522
521857119
332240968
556460989
437143437
569178824
430760404
353216816
554133674
391510779
446456216
653412915
402872942
168706868
413576660
577244202
411164570
411476034
593216157
475609102
631069066
527654997
355361231
344471537
577956305
483147942
673642215
502644763
499551389
356562896
500577456
562798118
528554450
374054027
782100240
58306332
402212945
512233892
541644469
458755661
663655950
776824572
812247489
414487336
515383321
405754037
691051755
314591893
432073239
457866006
500274883
702830126
470647137
419739340
784649908
308624145
568819939
705633086
532603963
473581289
284367734
503155294
342550986
421915529
564296895
670279848
329041424
526925648
392069413
699683576
380142365
318502790
396662307
265536361
595210886
522324157
366947807
634058844
498590538
388938668
622486980
652850656
528019207
330166489
498670168
303837441
289790597
514643551
440627071
521935006
562239556
748245059
376649692
484397112
331191680
383310324
360378655
523142594
652373767
564012152
729419551
549898233
658089676
604398744
461248456
356583616
256498202
828107906
136862671
701389831
800604769
550293556
942267391
667296212
325816204
485769071
215194006
454074522
340748906
660538299
747195864
401970614
668608809
431637959
392833685
732633662
866150765
684147209
595805172
361904602
488164506
431312559
448711401
697214633
393692107
527004852
493206430
538743627
388885916
295938152
506214443
422604464
427225496
267959110
529821006
594797001
477906756
321566470
496086597
722413538
420565307
457844321
664998129
615482330
387646538
495946908
277503330
331769989
507570256
498461435
484624170
269193148
214153415
426293400
375859840
386727917
300521201
327263667
362589094
335350750
288539665
280246362
234420302
160408436
234305586
94590351
160395679
193825963
195335212
95689012
92848564
56609717
67546590
111999621
103566566
106388612
87211377
42344801
64496429
87911813
46900536
72216815
41609062
28867876
16749873
47323993
21432430
37391029
37348360
45031459
2582794
18222623
27163243
40361733
37716625
38644582
39209604
39705945
39248131
41018893
48370841
116725769
191292465
191892033
183011808
209743496
390433312
379619718
354980927
358334631
136700364
550089790
349284373
505778178
433619594
654637145
546936397
367379172
546650954
509812892
184372665
542313187
705043149
331106977
539809040
465182652
515289893
429256488
653863314
537968878
493684234
283758256
481729898
430429699
322486729
51112593
580797963
496598443
582172783
672165236
696996025
429772991
636625299
372474020
441442471
507614166
518342747
550275945
447354320
853693085
428744440
705239518
678745114
705383562
741555604
500381668
366300060
663399613
463246242
633687138
363124918
747476343
411727144
910135461
402869046
318515592
312678802
468626484
439587504
716396802
120959860
685593786
657961928
720470326
443372354
324216982
640960434
718949806
475556012
665882372
480003418
