769738561
719704005
696335854
636423507
267571552
269235955
449445017
417524389
520412442
188868107
605411488
233473408
631328816
316202972
391741274
637271389
347462292
437248095
446954096
517272402
359901512
326665005
401363635
256719277
479912466
417774638
427744958
506885171
408327865
435446252
561483172
267729767
461416064
775135100
329374126
626834110
869666718
316785635
397040980
395372596
339367368
384761215
12945973
297135522
488419306
444276986
349983940
774103012
422033941
554188508
633362982
538336022
358207250
579192616
558001975
359669380
527322633
509042046
178975560
847074133
488008584
680968106
549180863
602608991
651003424
330062779
537563288
481061815
756764080
422234096
322863727
630082882
311417695
264957478
1172583782
525145614
329783593
551717216
435526729
553576699
429158888
346114081
537643044
395950310
444449493
653127953
418312939
163844424
401195608
582450026
403119748
411642294
582718269
478153120
631624287
503160243
350298410
349148883
596428388
491804264
678400249
502116390
508324964
347381137
490116321
559717183
538039273
362925415
773122796
45098149
403819106
501351132
540676933
450923101
663646927
763327203
804843313
414412079
515551905
409616578
695652521
325109626
440870836
458340569
510791767
721671764
464345263
415463371
773567598
313868626
548370441
704220802
535935011
474500718
282176650
508612236
359579874
421196047
560742509
657948037
318273576
534914548
399572489
686751470
389949107
306609467
393622386
259524147
594308719
512843234
370599438
628566226
511344979
385817170
618612930
650314789
537508201
336896807
505429684
314198895
281130899
511423631
439806809
517067259
552855960
741302992
386737011
483684937
332178738
379539153
337075950
521844717
652954221
565891808
736163080
545328087
651933886
588682310
442698536
343057038
237226986
813967627
139797572
708135551
798247864
548143556
912274569
664035826
329843163
470557764
213182208
446685057
334079878
674329809
722236246
421725018
657091361
439126006
391536094
732506141
815388794
669085658
592294616
368003869
491615311
439428821
454854189
636453227
402490614
532867354
496706397
525454232
390960495
288943480
481922956
421223902
417094593
280946540
501876056
520414978
473629839
307910244
480999014
704104851
412928022
452292750
689133511
618041916
373316150
495492530
282259675
331722838
518425533
519012391
493112815
284785435
220143881
430121083
379785397
378583194
297212150
349399647
370577982
346604864
288528569
295322300
228797545
162069452
245501114
115748421
165048199
208012255
191925807
94099672
95559961
67298921
64160775
123418497
107002285
109605063
81735238
56368424
62339318
98581967
42231810
85438402
43429442
22463351
12793769
70326872
22009179
35657059
36933407
57114397
1481148
19983283
29166257
129932763
116484785
126828154
177950975
171084843
121166555
154747394
96430505
174026199
254493257
290722719
194995692
234770240
447440312
391956092
371679941
399130198
142110198
575441952
345266166
511637330
416660259
670905178
553338675
365887149
559610894
510911365
181988159
533921995
709241488
350313400
536890546
474186260
514748331
431105426
633592012
543499950
487918435
294051358
487301787
424746304
343757018
51792923
591988133
489795866
563322131
676670910
698576005
430206203
642283534
377008017
438727604
518546818
508235288
545744555
434943703
855269696
428083565
701959468
677665049
699027331
723515792
510765159
378249902
674826169
466683836
650891641
351915427
744685702
402032566
914107745
414447384
317729059
310215818
455461862
429757129
698383448
114688594
686315073
648256007
715431556
431725454
333793121
650490428
715784843
482469765
668499168
486095025
