779047627
713715001
688281803
632399196
275086867
273508857
447925629
425024130
527539273
187569822
606464816
244334024
636595049
319024675
397150011
639128837
353523351
433655285
446761753
515109553
364252266
330712588
397760296
254653859
483258511
422485517
426693863
515917692
419269926
437350383
562668898
267317480
467218015
776039527
328686914
631622772
869032016
317431246
398546546
397262777
342423597
392053257
9816630
300422348
491857723
439464893
349030817
778281230
426694408
554902970
632264719
542694009
352034186
581043769
557408591
355581612
520653238
516469775
185177453
853737850
491850883
678569201
551475903
607210743
649872875
331173752
528677564
481766225
759361256
418500095
310089402
633449442
312947361
264484397
1183166626
518557239
332206967
553464074
434637017
550995612
430392163
337870687
541612528
381145121
448097585
659822129
412243509
162389743
401510188
582573175
403316230
416585769
587106830
475260816
631294258
515475448
352988724
347591384
597416394
488329303
683206471
503934732
498416930
354010134
489654087
570216301
540417685
372827535
778232142
48205107
399822438
507579786
537652303
453049295
663289662
765662129
821518500
411611413
516429232
405404484
708402675
324029928
438756954
460947335
507610193
716824513
472841122
413363650
779812516
308364825
559313845
707790465
535386357
476053671
287632285
507211083
358932899
422977271
560719329
664951287
325109759
534593416
397716232
695652805
386174704
307312475
385153323
261673876
591708885
518760458
367516027
629613214
501623887
387158746
621156202
657296180
531937126
331404607
507843365
312103523
285719402
513197574
438843532
512887424
556970584
751340107
375662230
480443447
327489482
386984615
344873944
524860885
650438920
562406818
740578255
545896615
653131752
595962530
450683668
357739602
234109285
820160218
142775964
708004308
792343371
546370189
933743293
663379305
331127101
475230254
212072294
447736936
336453306
672619720
733916727
413449339
656115521
438225538
398647260
732786641
826719840
666607693
596470997
365017328
490070438
436373292
450981708
651984615
398850003
531357273
494995631
532945725
389921506
290098714
488748455
428504622
420116997
279246148
503937634
532266953
474074098
314636730
478903809
691125114
413825519
453447583
674852324
615730032
371188672
492252802
279976649
327100292
523819255
505315005
484109587
283228863
221355433
419329239
384582682
381005792
288560124
338994303
359147640
339087350
288491057
287165496
223041620
160974049
240638784
116920450
169510166
208010738
194356794
87535824
92304008
60786512
73942734
114375701
98014926
105032924
83217399
45082597
60456811
98891434
39097877
76004886
37584976
23992259
10307996
64103546
21484300
29365769
41131379
54893436
2855407
19787307
21426696
107407420
105611598
103755158
141422257
134165027
120940639
119720303
104845221
159386419
241126729
264275066
192155509
228511604
431510065
391204697
369082588
390755121
136944963
571193752
346066032
511408789
419136953
662625186
549064128
367038721
558203745
516876424
191475193
543079108
710880205
342937398
541561390
479403077
511460102
426803051
645470111
539056353
488810536
291009272
485795153
428130022
340473920
59313832
598160732
493703841
571762198
675053339
700991611
431165261
648654900
375730460
445153365
517273215
508235327
547489286
435087649
857524904
426691157
708526449
677112663
699439012
723991245
512048383
379901994
676656576
467287574
641915910
352528780
746997976
406163612
915828563
415650609
314917974
305206969
457054443
435426779
709533918
112810031
682282930
651959452
712829136
432254750
331894419
641961463
713199254
475381041
666727437
481890193
