774156244
716603220
681611612
630882014
274147231
275987372
457039351
424300786
532686169
191164357
599791254
245947567
630951343
324313596
396699117
639596377
353584534
431578368
450468702
512300004
367403836
333180737
397393759
252142021
482312903
423119655
426630786
516949301
415852627
439797782
562009161
272763806
466367700
775075821
327395847
630347940
865371931
317890805
397027711
397115627
344922490
388995420
10556359
302262154
489904064
434379216
346083916
777907520
421286783
555060921
639036195
547468717
350312165
584969851
557132794
356315383
516753382
518725151
185162480
853479904
491940454
678130704
553607487
603359351
649330141
337650728
531497735
482715626
756044151
413849691
309832685
633790156
313238962
272711592
1190660536
517250220
330603608
552622593
435401612
550694883
430050368
349627443
545907798
386146722
446751888
662192980
409368696
166163275
405063913
579641658
408241935
418268445
585910582
474667869
632804017
516066411
354059014
348405358
594361479
488613097
681919590
506963325
496862426
352597778
490752108
572141581
545100135
373222258
775037874
48452648
400119200
515284364
534917779
449076164
660727254
770942394
818291105
405926193
515597669
406329367
704824792
321599141
438528208
469335754
503066268
715452438
482408027
415647949
781590244
305826309
560494382
709105904
536616146
475646257
282909346
509564097
356247841
418458430
562587695
669045559
332821001
536502855
397049858
693673102
381514340
313994847
384569409
265553795
591371806
517769495
370506616
629373746
504169414
385150642
621091866
658624050
533442874
327898048
505196232
304981169
288359065
518091173
438927084
518373781
557286965
753042221
375778268
478759592
328394046
382710566
344636743
523313415
651133253
561108136
739286221
549484152
654669883
589524976
452599797
360405215
233117025
820895482
138381827
704607861
791573846
545057775
944177617
665262628
331609037
483178989
211975115
448351845
340091276
674043414
740352912
408717071
660673765
436531416
395823945
737002929
831733971
671388394
597820374
365825662
491260244
430237603
445179272
659041330
399171604
535016761
495786987
533841565
390694003
292319298
492044285
426599950
418889780
279022528
509694279
545100422
472036209
317362133
481628308
690252776
416542421
457961458
668780313
609968523
374388982
486129947
275418012
335403175
518968907
504840976
482005911
275859841
223590831
420753312
383776392
381112975
291415691
337818273
361567212
337931109
294991145
287720238
226906672
165011513
238498465
111048553
167206872
205461895
194048049
81534930
101140178
61058185
74624308
109948549
95953093
105024652
85254516
41487562
59561366
92827224
43558189
78712509
38455035
24059707
8667490
56922834
16986008
28402010
38706102
55420863
1781774
18072334
27830114
97238787
92824618
90545422
119391696
116415953
110320203
106942694
100862428
148877268
235203423
249957026
189929797
226694542
428659508
392785336
363215796
387752928
138677700
565589324
341140843
510112278
425645225
661169196
550875142
369133968
565530515
515895979
195508600
545895966
715502546
338192398
539311858
478914885
509000798
424519365
647515017
540834835
488370707
291464494
485328509
426932440
337736161
52369603
593454260
492130944
573502270
675168670
699323895
429258170
641845835
372471482
444601088
511363975
510460479
547874768
443335281
859024536
429483121
704433371
675357570
697764768
726977645
509800766
380675952
678539939
470430835
639886781
353588091
743396232
405965913
916154415
412670143
311987244
311131025
459786527
435857407
710404309
115602449
685123789
657621718
716072226
428198837
330269973
635802872
714241637
473165129
668541739
481693947
