778306411
714995636
686817068
631895709
273574312
274761608
449570755
423313445
525708833
186647515
605390988
243440657
633193199
322899020
398753420
640557329
355734626
432751865
448090094
515061760
364193319
329603476
395463541
252671100
483731271
423484134
425648939
516307245
419462249
440076633
562149301
266572024
464973859
774012136
330215450
630950511
868051581
317001780
399045344
398665584
341687282
390776926
10795316
301903106
492706647
438358656
348141896
776964606
425154499
553799151
632274397
542564476
353331411
580120057
557575919
356106664
516846955
515956474
184733996
852503807
491264546
677560719
551698649
606647442
650368787
332763043
528730999
483433240
758256170
419073533
311491120
634110050
314395778
266666780
1185485697
519186286
332916319
553501072
435664878
550823592
429760591
341378432
544189761
381252564
447814062
659081747
412217366
163483478
404593687
581934957
404581295
418833854
585907697
475156429
632586041
515676927
354081884
348922627
596149223
489133468
683624989
505092205
497272900
353707545
491133489
570979229
540667075
375325953
776343638
47655114
399143545
508430961
534321631
450950176
661458020
768332044
821045805
410334905
515963994
405658933
707938211
321949835
439629945
460434429
503327008
714629599
475373928
413689034
778477848
308799417
562052184
708063223
535733706
476601362
287682095
511565987
359222607
420237426
562314276
663409905
326899612
535217788
397762869
697335405
384142098
308987501
386709514
263064995
589782045
519406035
366699483
628784499
500814948
386776503
621181960
657046747
530471048
331261316
505803748
309488658
287098846
514661514
440103381
511049016
557107565
752285617
376764845
480881887
325515689
385990511
342538616
525590899
649536030
562751279
740190565
546480405
653656390
595820359
450778227
357098973
233413158
820567819
140978021
708633027
793457300
547312575
935734400
665239179
329905836
476353507
209048832
447643454
338737435
675780302
735469991
411481151
659590473
437210595
400034183
733494259
828927314
667550665
597973895
364973568
491031605
436352474
450005477
653841439
400003350
530743853
494562415
532426995
388848405
288438163
487772420
428609904
419271872
276535893
506719955
536431989
473581961
314179207
480432302
690462343
414078555
452725187
673821385
616289006
372373445
490769568
277213875
328647684
523887822
503393604
483566323
283152521
220825401
420106104
384033342
381417017
288796475
340423419
358407158
338936419
289445052
286809417
223328018
160643012
239624006
116601202
169788527
206960634
192286691
87948653
92275656
62294993
74630465
112466380
97541880
105635841
82483005
42187004
61220534
98393011
41970588
76300748
38022154
23902108
10524605
60330885
18629949
30174013
42000738
56197701
2287422
19362669
22109072
103095016
103727452
102592293
140042621
130478809
121700738
113922745
103474845
158172900
239391940
261027450
191552954
229160801
428587112
390620405
365949546
391223123
136664969
571419530
342690955
510557093
421300188
660756817
547643058
367189096
559918807
513183650
192185068
542215340
710484261
342974953
541329242
478556143
511257403
425940646
644656502
541059003
490513075
290432097
485034534
426300012
338815933
58306407
596550881
493465454
572643985
675113184
700638915
429715670
647808458
375744937
446053624
516749874
507913619
545028866
437468453
858872623
427912623
709330933
675467957
698672167
722236922
512158184
380818317
676638158
467317457
643114062
353646440
744135570
405256128
919368745
415933624
314965767
308092799
456671831
435466593
710274196
111398356
683589739
652683537
713194263
432235660
332591367
640764301
716403684
477769020
667271421
481659720
