779037427
711946336
690144798
630371739
293407454
285784592
454302487
416217726
528533769
184177126
590119516
245710404
637169559
318615296
393468834
644953395
356050632
435796956
448740865
514448820
364243381
334941154
395571518
249014055
484303828
426676608
426629768
517480934
421147329
444108229
565940208
271222324
467254765
769182758
329889573
630806695
862307537
312326457
391394589
396891576
338613822
389116048
9191587
312586133
486381838
438244062
346163350
770898391
421010168
556749931
630086655
552809947
347058013
590037931
565470423
358654191
518927318
528137813
183318652
857510148
501741733
687292454
551385113
609274991
658994401
334854967
530447039
483099251
760128614
416646489
315800746
645227834
308984057
270613949
1191787769
511695015
333453495
555914888
438829342
556094440
429660652
350940870
550976448
384652404
444502550
661825456
407842335
168095370
400926145
571179571
409253862
415875436
589394183
475872875
632016095
527061417
354308642
348339771
584351374
494124306
677252761
510279938
496753677
359058326
494172725
569544159
545362083
375526887
781133932
53094462
397744374
515433997
528094270
450338768
656925258
775210894
816132927
406433614
514848242
408513188
694265591
323011394
433291175
466049393
506815515
711823619
472679310
414031020
780414116
308588434
562931872
709071329
532635543
478696035
286522447
507148986
346034582
421509826
567509870
669078486
324619566
538677044
398263427
689984143
375937441
320877328
391429942
263607901
592567624
517656032
370307358
632992509
503830067
383516399
620376756
653418420
537427888
332103280
500017106
305698219
293173587
517999364
439315288
515728908
557254426
751167139
380150649
484558365
330012020
381382406
351101733
520895704
653503079
561035835
734310307
549414652
656274341
598256882
458247490
360040286
242550068
825088012
137897969
703122862
798015136
544894619
946543689
668294125
327565020
485152483
219237519
450881401
342665892
673410455
736251638
405983269
667379474
431978001
393743470
734761441
845195099
673480014
598199563
372219662
495158954
430328342
452131858
674817026
392605706
530564553
496484714
540068259
395314816
291317176
501781013
422211931
426778737
282050792
514865944
566053693
480205568
317759174
487905076
702355237
420193309
452430254
667581026
614782858
381402345
489226382
279632407
337128186
512131871
505976531
479595493
271311298
213028072
424030681
384760614
382251023
291644390
332430122
361917546
335513789
291301011
282354432
229883887
164301529
234764025
100037036
165098027
201339788
199325834
91861558
95646050
55165730
74249622
106783676
98272606
101456700
82742452
44325065
61071823
90449946
42176721
75223607
37326369
31198460
10466013
63625342
14415242
34230788
38095385
54877456
2107260
19171361
29389161
69257537
69700200
67992037
83853385
82158629
81345878
81303460
80413764
133044118
217234663
224609058
187348788
213384071
415206727
388629630
362791186
376051586
139247125
555418645
346387110
502577600
433094829
655058818
548791465
374828827
554738250
516338952
191055336
538527154
705889990
337501970
539932724
469727730
513551589
426083424
646194545
536194500
490730637
287369958
489752229
433924194
328837611
55044282
593898930
492106868
576570181
671549953
695712320
425777554
638840195
372577854
444168563
514082634
511933172
553780491
444381433
848257597
429622204
702002787
681996568
693193741
723921885
505601371
373116223
674068281
469109018
637431846
351896242
742276119
415573841
911916920
412073656
318019072
308563546
464068354
438841535
712402044
122728107
683117381
662666279
718624036
436638829
334753014
642289354
708801153
470199223
663962651
477372994
