773412383
719154410
696463612
631616074
272177616
275885719
448596947
421628235
522756038
187306549
607970164
237707772
635213925
317749828
395926010
639065806
349112931
436682554
450268674
517118273
359310662
336362931
398197088
253961326
486012231
416174563
426420288
508258860
414540749
441641580
559842544
267153985
465050590
776772561
327604748
624454933
868281190
323489155
398552549
395977558
344324881
389535277
7297319
296119127
487986986
440207515
352475362
774455844
423091313
555859119
633917649
541039296
352506147
578295768
559136492
362658533
524215489
511523807
183025675
848075810
490169467
679530503
549224582
606396595
655458469
331888291
531976524
478901122
761964047
423254034
316570969
631870662
309113903
262839991
1175161933
521135577
330822069
548188756
434824166
551593254
428886390
340435624
540652576
387629035
443624727
658599993
412478473
162905620
399335466
577269391
402583702
411735905
585459873
478603265
627956346
503862003
349737528
347027507
597636897
488377683
681678892
503994623
505824235
349010352
490039085
564316689
532876811
372067080
778096469
43415325
401881130
502731714
536086737
455203878
660335375
761665691
809511060
414921776
514926631
410507831
699082810
327719173
443084218
459666247
509944458
722676977
466527005
414269117
775598371
311206186
550420401
705397677
539983397
471398973
282537714
509939006
358973377
424071800
559499603
663602466
319409907
537886770
399526712
688396330
389210698
306045506
387867731
264768112
596010042
514603177
370422400
629727416
508575044
383598119
620880091
654131248
534154807
335142735
509503422
314206563
284378752
514853475
437964848
516551797
554377455
745057005
381824688
483615040
331370451
382731223
340503000
520558658
657381468
564235839
736649590
542250435
652490837
598773844
447095431
347960493
235185763
811439212
139303122
712987336
797189859
551691081
921629031
664005486
326102189
474162558
212597813
446016769
336642564
672114982
724487462
419272302
657089779
436516191
396451577
731225961
818898251
666731975
594481006
367439484
488817467
440047227
454690635
647761078
403511310
531464387
496313785
527452054
389153985
287301525
484812722
424240310
415719537
281615206
503405162
525437570
476525412
309783497
479263755
698699253
413805412
452632357
683424483
615792812
370173477
498147196
280490281
329061403
520364156
514886798
488373580
279118895
220266839
423447401
381793723
378941421
292412482
345702692
365254966
341985005
289600066
291137876
225881167
160323305
242166409
115564809
167806830
207810295
187041916
93257845
96350465
62871361
66313797
122139127
101614551
106760859
81410972
50157573
58997183
99878211
32006341
86495707
44243354
23739276
9802395
70958851
21223642
33639404
40072898
54846249
3000787
16013169
23806587
120400845
113849931
115938124
165054695
160627098
122780143
144897033
102009965
169097374
247739580
284643559
190834992
231665702
439991230
390203265
369273635
398866948
139246428
572563446
345965165
518034503
416220256
664825600
552393197
368687137
556531019
511495719
182784414
536454108
709808107
351089325
538006367
474813703
513926163
428761453
637187553
540666882
488058592
291750677
485748445
425486230
344809386
54918999
592574343
492056882
565794953
671376314
698676377
431307827
643490368
377290733
438621479
517282936
515029544
542856673
436650437
856815200
429851740
708308171
674623309
698219461
723480643
514000788
379235344
677519754
468092374
645031067
351301448
746185178
401403329
912632179
418655541
309986446
308010096
453498455
430432544
700535579
118453968
685975658
647821432
711389991
432586783
330488065
648331432
714698999
481814425
670434225
482423929
