643278104
755854973
733758429
594275056
235268397
504975070
530857812
384718934
497980347
184237660
576163288
309847098
559391776
237364634
383403997
588647785
423017398
458299177
509738479
399635836
365205600
442537982
503118770
371187807
452301504
404151869
526541488
526061772
360685681
471041431
556546469
228348140
377717856
772246185
396683379
623273613
790794773
317706590
347224966
497251208
270423314
398191939
208559406
364135335
560568691
458869945
333663054
786856055
418878979
523755071
627055061
498039071
450485809
545468809
542528661
407283904
399660034
376062214
196436703
851461149
503915373
499920522
658667780
597358737
640191059
239780930
520943243
288301450
762656910
467575612
285985870
626678952
444805540
324784539
1058670968
512662798
308778235
574596571
484299766
562955312
401907158
322975714
539851457
426706318
446002700
509863945
520953979
85842273
402292487
490964502
484457319
469781660
550681308
358944860
604383265
471709696
525293778
382890200
576031019
588626254
717248414
615793755
535019123
372364130
547447581
540876286
530643972
401931920
722022350
143134172
465798431
552361221
535611267
592541740
572225222
730157984
613708234
446032910
469326009
445359866
594921276
487420313
462877370
407484119
490427855
515363182
548159653
347631289
626998793
396170572
411751990
608869801
479254106
638880164
265418298
428566864
387520139
429713741
595297351
626726999
394849028
493990052
513974283
608250467
308444719
323417584
484277164
325587170
612723644
495770871
381181923
590554741
531768507
228278023
733719112
574283428
516975159
243769546
417052550
409192697
321355214
597781163
473635540
459553492
506632752
694448102
387649255
600393433
438791998
387525786
427664911
431102711
642852672
459474952
597462401
429958221
581395848
616569669
430896552
357909886
268311552
703141449
282086717
750182573
654778689
523753780
712564428
588009978
318744967
607175780
289204628
543731330
384644589
571541990
675207620
447862870
578403801
411216793
328147951
696668683
741922767
632823702
597382836
433314277
512728250
588358914
393788461
538040137
567127281
536301264
485421651
607651679
467670864
341126403
487846005
388597233
506972845
363958097
476806393
435292154
453490691
376947583
364988377
546278695
410698587
389349334
617085011
691881973
350652873
540192883
359955147
268840436
508485678
583968829
633356694
415980796
237983988
560940603
457112976
549677929
266787572
516342286
457981555
426765054
409140924
400375760
316543678
304433931
319368631
207249156
304793755
259794428
279205054
216217915
247087398
173744876
123285547
127817866
60284546
171974120
159196896
41933113
124512733
144254362
122625811
102931743
106600944
127049951
116550586
110258998
80184942
63702410
22836578
110723638
96130996
100885712
133636854
264764263
228218584
267837135
318739949
295264729
184621538
272857451
223101836
175939608
372661737
406078907
293199523
328475146
418413121
422697398
391335965
451655645
191052292
496715461
378524889
386744697
431796326
562521181
543746661
395814565
563068282
465118147
268277749
568539797
587300881
364061843
614314022
489698791
391362058
423074032
629434344
547375849
482291373
329589989
465220063
496050272
368025417
184115868
501467132
462936598
589370861
758720767
711218264
470600260
646150829
352404173
444443676
628369886
362009622
521585752
491223604
705453757
582805521
554421510
501058140
616152808
592196878
511734153
364647060
571131390
435540751
636904636
376598910
661706757
386733602
802641787
461587537
339142325
330716916
545545735
499051699
626186197
213311074
601386080
612178415
627287257
492048036
472792300
678415684
623393733
523279857
679467879
481883799
