773495252
720487925
693255423
632155377
265795752
272178250
445134980
419191072
529579079
184910910
607282931
234461228
629363203
316375194
393872713
637628447
350757334
436767993
443656068
515434021
363097459
326605178
402036038
259732863
481659508
414913614
428644827
499869665
405486580
440235364
562636376
269798410
462761883
775180141
329373347
626257927
867646133
316984430
398476218
393365780
339219269
384572743
16109204
296371164
484444797
443545328
353008682
774991499
421305220
559789614
636477974
539374370
358470011
576571600
562397803
358578247
523123161
509006829
174132219
845321169
485382708
680950527
550604737
600694910
649491605
330561788
537893918
479008867
752396183
421204417
322399116
632146817
311658897
266435528
1167931883
531731640
331974105
547149122
433323668
555578369
433317675
344557236
534230302
394788492
442073263
653429293
418767243
161212006
407348353
581219881
407152179
411876329
580314216
477101471
632810362
497813248
348214909
347188872
598016390
489608753
676846294
497624266
508081240
343649003
483636585
559870591
535709632
363823636
770460345
49690405
403073926
505662871
538653156
452754032
665261824
768920256
800163574
414341493
513629625
406776681
694089607
328302629
443620789
454491737
515115361
723162645
467223381
410198977
773823749
314683899
547781689
703584673
533087651
475405271
279481501
509748394
360692698
425350267
556913874
657048877
322447998
535308671
398193874
689454068
392318011
307178708
390489151
254840220
594502778
511764572
369560550
623767149
509305654
385164893
618515833
650104417
537679268
335212743
501208381
311991250
283806964
509318136
442081291
517792612
548131839
736133697
387435083
488560276
330870570
382253744
342095735
521117308
656073311
562244722
732868962
548555846
654345690
592046013
444762031
343406438
238761097
811387118
142120019
710247782
800050054
544265185
901262716
668617691
331775889
467445988
208329185
444428305
332439717
673247872
717487848
420774474
655086727
439591275
392375032
733898024
811051052
667539764
589846597
371328195
491616725
436750446
451232074
632883079
403897511
534694681
495521722
520466405
387246084
290023438
481173936
419725750
421569274
283660243
500500036
515625862
472478003
308119047
480939968
713439059
413733394
450683647
698186301
617544831
377183952
497882009
279073789
326088361
516304473
526266008
500557836
284795602
221557229
431504256
378820037
380112432
298804077
350719868
373789136
350433369
286728929
294022992
224259556
161339073
243138709
112602156
162197762
206320127
194886895
93173278
93925199
72491711
66640153
125218068
104863184
111001562
79316441
59277478
61476683
101946598
47171922
82034173
44803504
23207594
12877304
73588460
18271092
35734380
38666837
57649638
4282057
21474760
31042649
138217752
115256240
138771580
187861039
180070082
124208379
157783989
99441458
181284871
256354676
300101295
195854990
235504873
448377415
394786955
369526108
399397314
143304143
576038292
346090540
510163836
416918051
674923331
556649330
368355404
561156273
511231332
183164903
531289260
704482497
351718812
538341955
480316330
516843310
429624916
633038693
541838247
490383245
296062811
487352172
423276275
343860233
53628750
591909335
487686172
562079296
677493909
696918317
430017415
644002380
377524272
436907685
515503836
509577840
542364620
434795657
852927337
425384555
698441994
675831821
701948694
719928919
512590255
380085207
678709228
464743205
651308540
352498778
742622193
400181231
911433729
410328025
313904920
309268865
453986584
431914046
696645923
123042692
684626169
643733622
714337589
430357981
337145381
650935180
717461873
480955925
670735425
485751771
