775599173
719340290
693853705
633329323
263343277
272667543
447062118
418746924
529786526
185333769
608009161
235107084
627552953
314690375
394814570
638452500
352605794
437313644
443933234
516369328
363614336
327695801
402291558
259556853
481254682
414372263
427529202
500012936
405696180
439779630
562317284
270180947
462946025
774741821
327958892
627379555
866680239
318097017
398005149
394106378
340325102
383590311
15335489
296875067
484805425
442730881
352448696
776039562
421638731
559810791
635749961
541480488
358419075
577178663
560918490
359946291
523690165
509912638
174771912
844833195
485650852
681028219
551039676
601151566
649880855
331662823
536896340
479365312
751865728
421707413
320784159
631786861
310905800
267791632
1165414533
532093787
332935191
547472088
433535862
555970540
433925226
345037440
534498810
395272826
442675537
652322337
419252484
161794112
406312789
581351064
406844973
414572674
580380985
477711698
632347527
496185903
350441232
348720366
597675649
488761991
676006174
498820223
505947868
343281740
483465037
559113029
535246571
363737076
769745693
49141679
401672586
504707651
540205139
452986478
665660168
769568984
797980471
414459821
514198872
406899087
694390816
326978944
444672986
455797076
515200357
722775121
469010747
410346368
772839843
315213672
547714567
703062637
533829978
475454649
278764236
508953493
360594614
426074083
556139888
656893925
323324842
534824583
396683249
687516018
393489034
308096614
390547850
255828069
592758722
511600837
368820526
623019712
507413824
384279653
617689363
648186901
536712016
338217156
502867642
312634874
285380392
509142552
442676645
518098101
548126305
735224433
387440844
489702895
329581304
382146621
341276706
521081090
656548478
562683930
731668382
548704859
653942165
594060425
444394234
342565666
239010634
810967394
141561983
712058356
800242580
542896463
899547155
668363473
332085191
467452983
209389219
444610624
334018473
674134947
717002389
419105966
653613376
438910087
392569375
732857487
810607521
667176673
590560407
369506818
492113233
435904246
450778399
631604122
403503695
535125263
495451251
519366126
386571313
290881272
481073652
420055376
420084165
283088749
501897117
514483152
472600052
308513988
481731724
714318580
415007404
451903438
700626869
617646877
376584943
496738755
278810945
327344123
517114595
527458000
502524348
284071663
221973931
432051027
379725907
380052246
299806510
351131615
373938587
351010811
287025618
293171427
223319787
163438948
244178150
112506516
163500875
203398566
195731898
90354582
94207132
71844666
67183551
125124854
104965124
109640923
79305232
58332046
61221063
100680045
46566614
81736757
45493222
23638669
11880810
73981584
16115244
36422698
37937755
57872398
4705147
20578869
29777802
139726625
117122077
140475112
189200378
183001785
124762921
158791274
99281941
183469329
258036377
300365338
194699133
235333093
449688633
395301731
369972165
399704599
143185542
575067543
345760691
508967288
416421113
675658668
555946958
368777175
560926027
512177592
183684991
531039735
704942775
351122135
541133296
480949736
518281529
428003042
632790090
540637755
489918503
297093180
486880222
423183026
344110116
53296847
591282625
487179749
563053544
676821277
696792519
431296084
644185501
379020751
436250753
516152395
509711693
541110416
434961863
853320838
426270801
698913381
674589677
701560402
720233581
512698142
379563892
678685992
463606120
652038292
354044102
742120043
400548387
911612788
408801556
314383271
308132761
453477033
432134054
696311924
123223089
684773314
643252229
714316350
429591949
338427623
650002706
718836648
480433694
668695195
485603665
