773817351
716464976
682277676
630902528
274453024
276323410
456069510
424342691
532784753
191465206
601156724
245591918
631815850
323813900
396710048
640156119
353053101
431763360
450080493
511272161
368360536
332888230
397370430
252646880
481266499
421455228
427385156
517091913
416107318
440052793
561069334
272662029
465926506
775310057
327930649
629840347
864720304
317087573
397968768
397482532
344741701
389944143
10942167
302840789
489567003
434480428
345611481
776619901
420666918
555419787
638693558
547882427
350944992
584906568
559065829
355666211
516337177
517131777
185078611
853569096
492309624
677545153
553134685
604028707
648859839
338508381
531308018
481799196
756489588
415436087
310945412
633954799
314943169
271524489
1190183203
518335797
330922029
552158100
435751476
550952467
428723674
349211765
545501773
386655178
447432363
662527466
410090200
165879515
405165272
579635567
407984913
416921208
585685844
475101431
633439411
516114873
353531025
347334218
595970245
488525908
682333363
506452014
495483541
352144530
490567081
572761555
545073438
372995909
774902342
47074525
400894791
515223249
534761232
448410539
661368360
770708047
818576498
406775153
515906066
406169053
705124745
321249357
438542139
469131259
502370086
716034469
482424372
415946909
782018775
305942406
560971028
709270397
537337455
474724865
283544672
509380619
355840842
420385037
563029654
669061450
334200866
536698927
397974907
692738995
382342511
313819112
384627128
265795032
590498509
517791075
369979748
629310354
504512967
385972499
621805840
657531807
533958049
328732620
504680758
304867872
287552457
518985650
439239356
517843650
556680360
751199591
375912267
478884210
329040865
382252128
343314836
523337154
652110116
560637983
739281835
550007845
654095315
590706336
452561131
360682202
234325364
821575320
138363781
703947161
791864616
545831164
943871734
665704229
332447330
482512947
212020271
447303728
339405071
673743347
740770379
408477316
660860840
436847725
395275737
737204881
831330413
670403216
597181896
366698808
490707286
430924697
445619565
659247042
397886700
534666839
495458672
534862925
390948293
291899954
492146636
427174058
418416116
278881050
508891767
544386975
471689170
317180118
481679012
690523670
416292841
458184779
669550772
611690280
372981234
486369288
276016777
336326276
518969819
504691937
482360572
276430163
223187050
421218722
383163825
380859695
291397771
337630565
361256687
338924686
294279198
288773220
226823307
164946194
238628931
110669159
166451798
205394481
194471174
79802160
101232707
60800060
74706530
110377236
96542085
106595487
84549376
43310760
58656401
92650909
44480860
78385206
38469440
24530664
10448125
56367776
16623252
28577011
39597434
54579790
940319
18434024
27506157
96834023
93122394
90524443
120171823
117295845
110902442
107260903
100785720
148972477
234601944
251008051
189389667
225941858
428433808
391507336
362746315
388085084
139002778
565569854
341041184
509487714
425354483
662021701
550153163
369313836
564672786
516046276
194542623
546773115
714755354
338257550
540476070
478552813
509063708
425075890
646074207
540400245
488709620
291422633
486050069
426829389
336477253
53741613
592602523
491426561
573701837
675470549
699950326
429918394
642382723
371667710
444679465
511563438
510404060
547053971
442909425
859393053
430338638
704490484
676026937
697048510
727420690
509416710
379168666
677150055
471077046
640106392
352843900
742530700
405526388
914700857
412477775
311844890
310897094
458571147
436382400
710466463
115796166
683704485
658175866
716049521
427220836
330467858
635522435
714274499
474259918
668285868
482073404
