774298655
715865893
695941340
631911699
272311702
275228314
450187889
423217932
522366683
186922758
607437559
240942632
634965894
318642101
397207929
637942158
348872909
433911736
447928625
520130010
359160120
334514089
397077747
255029380
483387819
421669718
425660406
509017327
415910235
442961407
560473659
266291226
469928826
776410377
327483228
629507980
870768028
320056561
400260624
395086554
343815748
388480844
8870998
298386193
487747297
439531381
350164628
773694707
421639399
555210679
633627623
541208774
353423441
578956207
556823580
362882097
524930678
510856810
182726896
847613790
491285777
679103569
551880301
603847529
653914168
331417492
532722427
482114277
762172592
421163373
316373652
631291082
306861736
265753159
1176587203
521781391
333901246
550032723
436741029
552821970
432011071
341039678
543684393
386086220
445532183
665223589
410671981
161879952
402106176
576926241
403428436
414372041
586326834
475321745
629357104
505391334
348421463
346269628
595993769
489769539
678145772
504866203
505864641
351971771
491959307
561038256
537253534
371975174
777876277
41034200
399741355
505169898
534492894
455319703
660982994
762893816
813383844
415591834
515046929
411163577
703049774
328076206
440531525
457581567
507688786
719910506
468942874
413274991
774966996
308550042
550446771
706491621
539056821
471763055
282963495
510085811
355839195
424419775
562135996
663740961
319683859
537828920
399620951
691340540
386775390
303180422
383388141
262124630
598055058
512597908
368387978
630968128
506145077
381631196
619325993
654853393
533922657
334260753
506577872
314302173
288061253
514764517
438758213
516276247
554157079
745138256
377836144
480410972
327256808
383674632
340223298
520193886
655982882
565618903
738215973
542621537
651668863
599906159
451271980
350041957
234002278
813651976
140494290
713675216
799050089
550079393
926300609
661329634
329511911
472605962
212336784
449602681
336437857
672168808
725120375
417056045
659206452
434821454
397375554
730066805
820815598
667353773
591520673
368357497
488851786
441897615
456136603
648552813
402037121
532862947
496013976
525149978
388785630
287658161
486541635
423886688
415367566
279221684
504443528
528841378
473734501
310462204
481592479
694759742
414022152
453623481
680050818
618156186
372714260
494377018
279590084
330716908
520609503
512222731
487005228
278934127
220798111
423061180
382355935
378110605
293845380
344403297
364854195
341057598
289242907
289750927
225312105
162616947
241101126
112591053
165009950
207554623
188032643
95202769
92603311
61592654
67400608
116754918
97722158
107349837
82970762
47817346
57466184
97829422
37590668
85279195
46498297
21401834
12278523
71376232
20340057
32863571
42364336
50867413
778339
16123622
24927811
118477537
113958295
110143613
157306204
152303024
127253709
141627261
100682441
167937280
243478002
278125768
192238527
231161504
436992696
386515424
371643763
398464354
136418950
575483719
349859883
514671393
417359840
665556818
555784499
369055370
558500451
512049471
185163164
540694217
711800964
347810260
539593141
477601543
512488231
428317639
639462819
539393796
490403716
293347656
481939051
429223145
345653693
55637657
592991403
492733853
567994155
673300430
699880128
430654293
647099592
377050716
438135627
517589606
512143142
544323081
436506766
856423292
427686897
705630981
672016124
697409012
722828309
514066819
374881445
679576650
466762032
645281015
351887953
748309683
402299883
911736151
417863925
316047443
309682166
453213762
430649394
704978533
118148368
685450037
649739643
712380829
431791721
331935500
645168816
712460450
480587532
669734127
483537471
