778106849
713547365
690033054
632848229
277283873
274244050
447068954
422907497
527839933
186970016
606363689
241542340
635411721
318918578
399707011
640126512
353362663
434558224
445873496
516197247
360890841
332294698
395830903
254599690
483636874
422128256
427575247
513323565
416414353
438916371
559743892
267974017
468461305
777759891
326461111
630426185
870133845
317340949
398754339
394566395
339841032
393484969
8162975
298746813
493649144
439662153
351684612
776820989
424182103
557889319
632650926
544143160
351880032
579697867
558333811
359854824
518592126
514462126
182528185
852925509
493294352
678609859
551384916
606027620
647378479
331511208
528891915
480619942
757492437
419110989
311196794
631732554
310751181
265924447
1182799087
520950177
333621732
551601282
435782473
552746994
431780399
337460898
542436211
382372687
448712678
662206663
411374586
161612109
400902949
583304398
403000860
415440476
584906220
474398149
630024664
512464769
350516617
345763517
595746210
490822401
682430777
501011375
501418468
352664769
491568323
568524652
539849180
370911841
778297557
46273984
395959403
505956302
537216372
450534993
662349753
763717060
821064251
409541177
513907032
406334929
707223429
324085194
440462785
456126777
511337358
717337193
473129216
411698301
778853782
306231837
554818879
708612130
535478564
474993549
285459050
509456436
359270025
423435826
563331127
662356173
322678346
536055769
399170051
692058802
386952379
306766494
382973053
262845952
592755219
517673112
366602485
628291103
500452346
385319600
624366543
655636308
534258448
330486390
504945401
314646117
286199753
511720396
435731004
514923808
556886728
747871330
377188483
482104066
327498372
384012253
343565969
521986286
651670183
563146460
738199921
545393020
653033584
599583909
450051717
354057461
232692240
816304301
141207122
711247975
796121100
545025343
931255817
660514286
331007536
475584842
211726322
448196958
338621246
668409647
731515102
418846044
658175481
439743975
396987165
734758824
824475471
667097456
592626374
367271110
487526001
438763775
457253744
648116116
400787134
533931760
494635582
529971168
388066345
289002588
488621040
427787342
420349362
278689069
505313884
531066378
467931930
313777430
480343270
691888367
414571326
453860690
676809667
617843936
369936226
494502035
280501119
326860601
522425010
506340513
484554577
280886648
223728844
420119356
385449476
377578934
287685480
343649712
360116402
337019707
287183351
288887094
224921719
162366225
240855486
114912111
166244397
207602811
191438946
86820623
92789321
61480192
70333242
114542215
99142104
106138206
81700568
47853781
58883692
97817882
40004810
80043968
39089742
21933237
8436066
67465863
23419806
31506699
38458930
55816612
1617450
19424943
21042801
111383190
108756814
106345633
147124345
140274419
121271245
129191157
105100673
161606899
245058176
270562949
191626614
229766982
434647399
389068191
368128431
392621848
132331853
574062105
349556783
509997859
417267696
664165259
553210755
365910256
558786452
516664660
189929372
540580440
711565035
345288047
541204384
476825220
512630570
426390407
644518287
539506930
487261040
290508141
486202924
427338671
342657762
56118850
596083435
490829046
570792119
673653656
700265239
429218491
647431305
376185175
442030513
517937877
511167680
547610862
433939922
859201333
426293010
707503382
675365417
698365262
722479193
511028467
378610289
679305357
466324521
644928809
352300596
746869171
404240075
915117657
416214350
316215691
308020929
460122172
433617403
707241685
113268252
683028059
651508191
714687556
430584400
331913940
644095489
710636795
475314730
667783337
484518743
