775583604
716916875
684556203
631916611
280399330
276081040
457206861
421247789
533742108
187871994
596038273
243574083
631561106
321939744
396455029
639422326
354291218
433324162
452268212
511224906
369257142
333237869
397373289
252794423
484800338
424696621
429871607
517748822
418464950
443802755
563324233
273668564
468361302
774599545
329164842
628088549
863375707
317688002
395215841
394004449
341344386
389529281
12182895
306700271
491895681
433213855
345664657
776504220
423411356
556419448
636497606
549989044
353359939
587640053
561118811
352905522
515028089
523079370
184512609
853932142
493511198
679293716
554788201
603734296
653630416
335837012
532476021
483191874
758135327
415447993
314630647
636358629
311773105
272568252
1195472276
518361436
329602165
551384076
433149278
553668824
432585038
349181410
545652130
385459068
447625224
664107732
410039372
168672302
404466814
576682275
408345099
416701009
586351543
474975829
634809340
517085033
350430793
347138387
592971256
487155477
680850283
508620028
499603668
355248825
491640658
572529659
547618923
375964081
776240529
47218550
395249164
517662192
533930407
450129938
659759976
773723234
821507405
407727779
513932222
405919419
700142529
323744864
436561917
472286096
503612219
712420555
479799080
413442083
778972360
310306070
560661950
706550560
536316353
478069142
284697034
511386158
355422124
422920846
561609181
668184167
331297152
541411867
398700314
690023827
378522685
311773463
383607108
266862774
594824274
516761265
368410161
632216374
508602498
381877384
622304117
656408022
533664699
328868556
504808993
305122820
294018203
518548193
439094821
516560297
558492318
752452819
374511619
479032371
328033490
378156634
345056333
524112032
653253688
561101041
735377990
546274701
656751424
588206238
456898217
357851997
236514845
826535811
139461958
703076108
795383292
547871859
939008208
668392661
329469100
484958747
216903847
447578414
339821620
673585738
738461506
408703839
658484306
433638888
392209255
737820369
835392889
670935290
598213047
367126498
491646478
432888382
445533139
660787951
395236840
534363711
490051862
535438146
391872430
294548678
495990826
424634995
421826294
282232590
511207297
556142994
475041528
316871781
484429026
693239977
419394981
455246855
670208390
612022490
376900852
489937643
277186850
336317943
516050155
506662090
481047349
271064265
223912366
421047121
382998111
380810076
293912820
338230761
359348223
338945490
294942542
287135559
228435825
164630774
239808483
110039551
168488152
206462857
196356649
86305922
98612395
57297103
71877562
110840776
95157429
104277954
80710928
42978703
59353521
92174652
42763651
75952024
36888518
31132233
4961539
58342866
13046758
32776001
35782987
54255836
5788932
19010818
26344813
87623942
86936227
82984037
111037577
109157273
105473395
100877653
99482003
146269784
232714457
243148428
191164685
222346651
424651430
393636586
366767220
388965736
140526630
562666131
342883387
507347015
425092982
665265274
549751484
371234545
563812332
515376455
195828306
544305044
712865914
335685901
537956506
475301783
509850789
426135033
647459514
537000670
490479345
286694826
489388795
427763465
334244256
52218597
594216661
493879636
574205373
676041932
698276747
427332091
639105824
371859388
446308991
513024499
510637691
549645117
445926293
857679327
429541317
708040619
676105068
696407486
726701580
508355565
380025435
672610266
467190434
637659064
353350137
743734210
407264270
914564621
413168746
313626160
312413215
461508289
436312906
711893597
114415257
681542478
657998433
717886495
431815150
333045329
634690513
712497194
471525273
663746776
478404284
