776468884
714469350
686980150
633057058
273380210
274480058
449682783
423646218
526373311
186161630
605138605
244072825
634193110
322372832
398487035
641510657
354755737
434272086
448451279
514415843
364082986
330013836
395633114
253319400
485102123
423700282
425737442
516455462
419913560
438065182
561258249
268590357
464146608
775388633
329309738
631678677
868385906
318270715
399409238
396997100
342303405
389007674
10625540
301888437
491709814
439142090
348746123
776374555
424695544
553636586
633100136
544099458
352954961
580249246
557479504
357154913
517262216
515763175
186240459
852122834
490379059
677373280
550598572
606774977
650894331
332822919
529499412
484181955
756960644
418856923
312433539
634107685
313970693
268580341
1186782706
519692208
334018807
552802860
435924016
550623164
432126204
341556580
544669480
382118842
448456120
659025104
412259199
163543081
405270463
582765789
404829157
417427812
585682945
475092654
633443439
514596473
354787316
347811034
594535908
489310588
682413648
506055592
496310962
353982572
490950236
570826238
540479391
375480300
775206222
47420514
397707717
508864794
534795895
451231643
661221207
768646624
821903658
411937091
516101708
406141319
706949559
320283328
438929271
462016216
503560926
713250432
475235340
413670955
780062213
308499328
559751507
709154588
534627209
476899578
287507904
511370834
358700478
420332955
560601998
664688312
327097087
536523537
398621726
697484076
383976286
308986585
386089020
263767409
589406751
518303182
367275111
628345516
501690219
385967303
621292913
658485335
530454127
330740342
507640729
309210990
287771618
515590098
439895250
511186024
557860743
752145384
375232206
482303502
325054177
385526757
341979279
525361721
649593078
562141955
740401142
546959889
652538395
596134940
451810626
357067547
233456024
820992876
142019622
708962548
794249971
548236628
937037008
664485429
330509215
475263193
210083354
448604038
338821164
675344748
736356703
409365604
659090363
436672473
399246503
733077890
829812396
668566235
599453467
364407068
492412921
435266655
450757299
655288042
399798049
531716777
494742585
532221406
388730461
289283626
487262971
428760822
418743750
277358106
507242965
536483828
473380668
315129433
483282427
689737554
413750174
452594604
672772935
617028482
371919969
490546852
277753406
330063078
521387574
505138782
483273015
283859539
220463966
419361449
384779457
382561606
288899828
340160037
357357891
336612640
290162779
286532638
223894131
162255961
240215856
115926874
169919745
206662994
192319715
87495705
93471349
63098278
73769230
114497407
95942156
104976177
82348992
42817586
62072917
98777423
42325230
75490329
37070160
21955845
10178240
58132259
18777331
30036692
41660340
55613640
2772579
18709825
22605071
103611679
103380875
102865951
137206222
129955396
120549618
113224816
104491491
158526675
239201406
258981502
190480882
229172102
430052992
392680282
365702416
390887245
136945328
570197544
341445388
509176011
421746499
661470218
547289738
367877177
561658655
514922177
192175220
542989751
711110542
341706795
542386449
478252570
510518542
424674487
645534753
539725901
488830736
290679659
485773164
425976515
338864812
57646750
595154095
491543753
572605571
675834030
701137098
429823742
646607674
374858986
445377788
516280760
507637193
545402012
438942662
858025071
429861069
708976894
676354534
696618320
723083404
511632127
381339307
675665321
468574397
641840015
352473211
745756195
405317273
917876267
415982071
315455691
310247317
456372552
436016202
709834508
111051500
684723624
654034029
714443622
431748754
329097458
641134085
716761626
477716911
667169240
481093236
