778877918
715971365
689147963
633485665
290184610
280866812
456718373
422275788
530422744
181715054
594418552
239032853
640340667
319860775
390167220
645406395
356882069
431130415
449557553
516143438
362392418
334507993
387806832
246825637
486374468
430930465
425485838
520809622
428112917
449088234
566166259
276265065
462347844
772558780
330055438
634473991
863358042
315833682
391796807
394984789
339356877
387570157
7783794
314402061
488681088
434315838
345191359
773688886
428721163
552981332
627245425
551302834
349579074
589902388
570045945
361293422
519956581
529716419
183703635
858820656
497506817
688211226
547798830
606096614
658174991
333801901
533348892
477391320
755898892
416189549
318129034
640773646
310259579
270559773
1184983384
514181446
334111925
553285278
438168429
566228442
429609331
354378263
548326643
385152258
447260553
655568046
407307854
165737273
407225800
571543696
406234680
412433852
590471503
478311922
633545003
524636675
352643369
347089160
583512306
490585592
678741178
510556580
499846672
363076379
501151554
570825538
538017800
374480520
784004830
52988158
400968768
514176307
532576562
455333135
658115493
781939267
812212713
408801928
513468089
408975408
691435514
319624470
434380522
467590094
505986360
713758035
469905036
415562968
786532063
311668148
561346342
709503968
531629468
472019000
285048033
505625473
343657559
427499397
569321198
668532844
324305010
535978600
396794124
698652962
376760568
325959117
396882873
261215995
595647603
520240217
369339399
633136017
499183562
389908314
625428345
645924660
538212569
331364528
497815530
305028750
294586785
512125897
441471653
519746492
558757994
753018342
379732889
486893081
332816492
384594406
355922373
523137575
650628994
560723845
734335187
553210905
653186248
598670097
455151241
357324644
242831066
823973735
137957534
703563049
798690112
545394741
944225386
666979143
330523146
490251061
218104233
448621799
344610299
672069623
741718341
400632237
667271586
433138023
395407917
729910902
851670401
677709338
601185103
366536222
496902883
425994813
450261684
685210577
386279234
529121373
496566775
536494738
392259520
290573139
504830039
421582236
430186095
281158840
518570272
574103181
479745797
316480168
492487875
707516709
426313165
458019617
665930707
614542220
380528485
490984646
278908154
334991535
509561610
502964609
477987383
272401140
215995281
425692776
385809751
376281308
294308073
329955769
363223498
333560681
295366644
279827815
231072331
164864121
238639341
96582816
165449839
200333272
196009797
95621563
91262634
51929048
74657757
112247942
95898876
110005940
85293695
47451086
61558120
89925252
40974174
73316700
42433180
28545140
8789546
60467710
17010669
37206870
41020128
56108492
1286725
15059876
29030603
57652794
59411726
57899275
69314192
68843651
67459689
68457463
71601957
128916392
207639235
211639635
187154395
217431255
402300305
385757557
356756975
371945301
138936728
556325741
345987291
503289171
431861397
657578399
553832991
370457399
550432175
515024826
188173780
534230664
704114805
337785767
538933385
466332989
513512336
428186536
646714139
534903025
490032155
286176829
489784133
432922483
325784067
52581737
590545405
491935448
580317523
675843784
695167071
423430088
641378359
371628312
444186101
513211157
515364669
551569267
445792169
848858740
428980298
701487630
678430713
694269573
730930729
502341771
370145754
672569146
463918958
637249877
354761372
747529110
416296482
911112602
408797279
316777931
309640959
465113668
438059782
713010643
122177859
683924161
656501702
721927021
437862628
335904826
643344930
712489243
472220509
659702756
481732501
