770732962
718095994
695177332
634018159
266628590
269304441
447425853
418280020
524196992
185287300
610013937
234047810
628232948
318611690
393016362
638576209
349030156
437263786
445970303
518376145
361789372
326121200
401629923
255679723
481305775
415923772
427256011
503409790
409077145
436786311
563760016
267507462
461974928
775927337
330677741
627768296
867677979
315443412
396147573
393455320
338829536
384612018
16625351
297829652
486813847
446689326
348918732
774069823
420889903
555059325
633302199
537634496
357355835
577791329
559902941
359418761
524083776
507898467
174307932
844084749
486182816
679645795
549062735
602404366
649948076
329493983
538501061
478737103
753955140
420797893
321783850
631792109
311956621
267231249
1169117804
528950546
331228844
549789007
435255756
556446450
432478391
345789322
536659602
396112858
443930801
653741450
418977130
163651854
405106112
584039398
403602936
410626016
582552882
478441270
631302178
501380874
349516970
347677225
596273601
493097728
676657522
498014802
508514207
346383023
487403155
559969206
536696467
361759365
771269034
47773894
402945779
505986923
538355251
450891413
661981041
764522646
803796105
413494442
516340094
409222951
692805170
327222299
443349888
457968476
514610280
721782782
463870931
413102081
772305516
317220350
549228327
703994653
535306759
475636460
282133958
508381838
359658018
422253583
557316600
659005125
320493219
534033121
398537859
688025334
393898618
304631446
393023364
256072760
594115710
513784104
372213734
625133989
511254357
386871750
617894053
650969647
536739038
336337943
504228622
315269264
284384913
509661182
440898806
517379866
551387225
741217984
387527360
485070103
330059130
379016050
339212062
521090488
653183005
566373380
735199430
546187081
654583134
590624890
442633605
343030003
237886245
812555106
139489451
711412400
798104153
548696736
907584032
665995383
329739900
470023145
212702363
443980061
334390298
674746416
719773706
420658069
655842159
437833047
393193192
734088070
813101530
667690155
592556477
368054649
491274755
437996962
451803093
636363350
404181632
531806117
495589856
525033996
390982787
290888928
482458580
418905683
417747715
283130458
502635395
520023012
472525903
307907167
481567272
709437897
416282703
452863874
693185169
619895389
375228013
496302378
283501543
329860039
517553774
521890982
496697503
283644597
219802975
431502449
377138749
378614353
296838738
350102788
372914175
347843234
287789264
294929909
227902617
159231376
245226483
116189172
165936833
208745254
193609674
95293240
94103892
69657160
61551961
124132898
104480641
115331671
79620716
57690608
61529108
100152995
43133047
83384428
43947368
23174268
10482511
70829302
20122577
36742950
38796976
54853661
3288053
21082647
28776131
134337832
117002310
134295000
182508477
174724367
121627491
156728825
97669236
177687424
254989522
293335434
194591113
233903255
450271564
395332194
369925487
399485449
143554991
577529385
344547060
514913020
415476737
672053857
553268703
365368922
558554589
512814939
182166299
531840149
705948303
351215651
537222853
476300988
518307607
429733223
632629147
544696173
487617890
296541049
486510338
424761161
344665025
51815609
592094906
489501333
564209241
677257157
698339077
429894926
641380965
375945839
438010820
518622201
510267420
543858381
434068911
854236567
429353241
698340011
675792737
702387980
721311759
512504027
379016944
680281091
464350070
650661807
351568120
741746935
402169126
914665129
413640882
314686512
307385265
457957073
430348628
699659869
118875894
686285668
647472437
713868076
429967104
336899199
652924058
715432379
484292787
668709979
487052526
