771518051
713080211
697690107
634364257
284891485
286316741
458375841
422881915
534125773
185308919
595780312
228977600
641540323
334651859
389506234
630315237
357472986
436298833
450724916
516196385
368520072
327892835
392256208
247136389
478957939
429948369
417942662
510911398
439398260
448189905
571509852
272157858
457398333
773370965
323280970
641005553
854416106
331586152
390512501
388615381
340875875
382832296
6269192
315551126
480641582
432724109
339242177
773939055
427309891
550729362
637687655
552525628
350759991
599808042
575294311
361426976
515354089
530073685
183880901
851618107
492928446
681401396
537774513
604889041
643173923
332679948
537062483
491191305
742858328
414657024
319371706
630939050
311278276
271180268
1177232339
518800470
339805623
553158399
441569580
567214647
425956678
353866756
553870226
385835985
448561867
651078049
401310218
160850901
416051545
569967847
407241979
410363677
591908767
473456495
635366043
523824292
344911569
342782687
570910453
483720699
662088598
512127821
507234491
352699967
493971920
564520445
527693274
378523280
781566587
58224227
403801375
508420806
547992478
458612954
661316104
773597406
806376971
421014241
515755602
401794392
689955106
312395896
437644769
451438752
505791240
708300171
472789172
419008215
774704441
315057625
567548144
700456866
538070546
477293950
285230468
509492371
342841611
416969966
556495125
670543298
330715532
526840162
389013353
696326090
373554947
323784739
390657990
265475558
590726568
517521146
365724801
635698355
499918677
389306873
616370358
642806295
526704783
329250915
505290578
301931764
285407145
511002938
434601533
517246383
558080932
746379630
370197286
486547668
324212893
379197484
363504981
520305835
660878284
562667013
732446758
549064356
655619139
604244307
460615963
354559623
257023028
831584583
136162684
693982157
797284766
551476363
952357770
663758491
327684690
483354063
208611153
456202682
343236825
659526747
743152283
398835539
678295465
438045703
394426175
734114778
874159013
686550210
596452450
358902859
486022963
431020971
450494715
709844141
388145394
535237560
488993673
542390841
385969709
301615604
513608044
414822033
432184793
263994888
537783281
617587949
477444868
317501002
496481306
724455925
417601267
461481031
665407984
610415728
385179081
497388050
274113016
333532334
509193065
500481616
486674278
273658607
217383895
417461261
375917476
392852915
301960413
326858416
365656616
340032343
287721582
282877576
232875699
161836080
237016827
100459705
153946015
190512429
194732322
104019692
88383168
50822968
68969501
113599912
109614512
103767716
85807469
49269921
62632453
85185839
49054351
70699928
49238091
20286330
19782727
48646072
31022712
38940240
35053835
42949845
18285
19107103
30682373
42392708
35716252
39037272
33130993
33153502
29051291
27939391
27416624
93466662
166239653
169977215
174621624
197731597
377828431
371118856
358113208
351935334
135398631
547745637
343119246
507110456
432860154
650572835
542912616
364135611
549222374
509640952
174091702
544578446
706529814
336210490
541788119
466262331
514876720
432705896
653015850
540208264
497118631
287233158
482149198
429624674
324652478
46635904
580366172
500022657
583960945
668297676
688765797
428433700
637765674
376731092
446813308
512815022
519586281
544163607
443635052
854933984
435066218
699224525
686776021
709782145
740017805
499906470
371238789
658759417
461845026
632690722
364994998
748705275
408490549
911044752
397415926
314728451
311631240
459293549
438482190
718827020
112312799
681425371
652415192
721343878
440379899
317510307
645716183
714587804
475897073
661333378
478455614
