778234503
714352800
691993121
631647505
275794046
277189723
449445044
423740812
529027278
185479412
605855553
241450126
635360147
317135733
398993011
639608386
351423925
433904412
446475894
517919642
359675044
334201589
396129220
254754955
481090676
422490671
424907442
511243265
414636650
440470699
560913786
265334125
470428558
776989280
328589474
630645268
870725048
319510904
397883702
393664613
342130973
392133224
10898612
300531097
491846511
438373214
350887711
777758510
423018814
555703734
632365501
545493444
352701093
579130735
557033150
362492317
522085182
513514568
183203840
850916021
493776837
678906204
552683882
606584299
648704547
331586680
530995812
482135583
758704286
419202632
313813659
630266551
308517755
263736696
1180089134
520454795
333916393
550087226
438231857
553758742
430852911
337079937
542470177
381805223
448509368
665384609
410100730
162686247
400781676
580593475
405019386
415457461
582974509
474946378
630982750
511574944
350478100
347201350
595686267
491422320
680665919
502725877
503576836
351288296
494416776
563825465
539698695
371434936
778891782
43474519
397988189
505754910
536489095
452273651
663105966
763915947
817135744
410182522
511986738
405378842
705478927
327863040
441072201
458416971
510431933
718878904
472284575
410368523
777638938
306201585
551923673
706565112
537577226
473548857
283893751
509909383
356966377
424938226
561048386
661088552
319785896
535895621
398541135
693427939
386746663
305684692
382792356
259543209
595110509
515540963
366773822
629480455
503407973
384906192
622842460
655791416
538059785
331350523
506150633
313216582
287756941
513046952
436843367
516967406
555731988
747564118
377457639
482405333
328517469
383457996
340218438
522742919
654264662
564903671
740924162
545033524
651074240
600680235
451420948
355267952
233989414
816563282
139719891
713347188
795462930
548214055
926964090
660752677
328882653
471036134
212791505
447465728
338272533
668601500
728975684
417633107
660110997
437333409
397026898
733923407
822911309
668048982
591058937
368415201
487247557
441371040
457960909
647164529
400838342
534290965
494792607
525009380
388167187
289505944
488119964
428259936
418211101
278768557
505935086
530350386
470256339
312981002
479904179
693306689
415628956
451774315
678364313
618016783
371541887
494741041
280027592
328650901
519684397
510912324
485783245
279719914
222421220
421109719
382783639
378454638
290866383
342916275
362068551
338669462
287907189
288734388
225606494
164069641
240759148
113952599
165348331
207330414
187016742
89727375
93771217
60761930
67758178
113754436
100017815
103857058
80355306
48111847
58828261
99375699
41041208
81270033
42768958
19154928
8664942
69621777
22406040
30395839
38734649
52080420
1291794
17928298
21473179
113052948
110731648
107052961
151691499
144195927
124041227
131744963
103526420
164716757
247861784
272277045
194518448
231869470
438322356
388383006
368663041
392991479
132218000
577037905
349092403
511320947
419477582
663228040
553760182
367550665
558199139
516187868
190058176
540698354
712307596
344891432
541636882
475873797
512386717
427133157
644266232
539629008
489972360
291476255
484410891
429157623
344217509
59154239
598918855
490878330
569916717
671955062
700952348
428925073
647464197
375817418
445826656
518336768
509716751
544305915
436033607
856761809
426924071
706987319
672351775
695970563
723084633
512294634
378342651
677536040
465619432
646459515
352345398
749997934
403910593
912012345
417063956
316799558
308663201
454036379
431205597
704917516
116195401
684663831
648889466
713013591
432622632
331525955
646591974
710794099
476209189
668145810
483146996
