778627803
714194394
686906269
632705303
274609133
274224253
448261533
423572731
526010433
187546250
605956865
244894418
633764657
322813784
399076145
640372348
355283416
433624926
448398040
516687732
364093699
329864417
395386972
251789761
483312596
423601017
426451359
517284433
419105378
440346686
561582845
266553980
465739239
775206741
329850527
630489532
868320693
317682710
399344808
397771131
342243658
391377360
10339551
302707482
492634278
439035472
347816683
776533710
424879260
554920134
632502889
542276904
353418142
580221364
557606559
355976527
517638284
515821437
185438162
852864048
490503628
677726695
551730719
606899364
651075820
332928549
529531073
482828884
757658488
418692042
309950907
633960327
314367115
265119698
1185425759
518661228
333771210
554269114
436174651
550775532
429534322
340269169
542969477
380636592
448588662
659655599
411774782
163977086
404783579
582116300
404277053
419050976
586978178
474212090
632251752
515241503
353892353
349381225
596720227
488937922
684539407
504940063
496847581
354197945
491445370
570535046
541100635
375348731
777071135
47958990
399569369
508879384
535088081
451164681
661737790
767877017
821198562
410324866
515309803
405896089
707844059
322386937
439395937
461554840
503780866
715392998
475673415
413818771
778567053
308963657
561538791
708310929
535869696
477365595
287631107
511143086
359469406
421424222
561366709
663633076
326199393
534581601
397045992
695882484
383490427
308447796
387366876
263235127
590422624
518980033
366816227
629309040
500312520
387329075
621022483
657728219
531155818
331012427
505017526
309772931
286452596
515239987
439343953
512212305
557421290
750924849
377157656
481002349
325572290
385207432
342552978
526252278
650524402
562706304
739346014
545798130
653005425
595257039
451392081
356361994
233487718
820297016
141362865
709675561
793537010
546980887
936180996
664828184
330812254
475778230
208343767
447775913
338037188
674956926
734910577
412079344
659032556
437642570
399548582
733590482
827376450
667400427
597766851
365467561
491003644
437006756
450187276
653899050
399912543
531346381
494694917
532718195
389358957
288005134
487830879
429944079
418814148
276214460
506017775
535593106
473777161
314325423
480771794
690251852
414422185
453491515
673711091
615588272
372496553
490762845
277439222
328279960
523837308
503903025
482749484
283346336
221549086
420239665
384305063
381438722
288210180
340074642
358963262
338975742
288815901
286852632
223095763
160254831
239976361
116323119
169381981
207849318
192758116
87559524
92262860
62023720
74641724
113158249
98032881
105387711
82069404
42713430
60821035
98042059
41398493
76227701
37604356
23867226
10325621
62119725
18772584
29733139
41219324
56025366
2852091
19815521
21556595
103156950
104663945
103253918
140290798
130870493
121111721
114669093
103051840
157952299
239963392
261744961
191818049
229420893
429433855
391487526
366416061
391144416
135957830
571128729
342309240
510593206
420410186
660618007
548299625
367247979
560133452
514187133
192568058
542750784
710575288
342897374
539634350
478356590
510824961
427038525
644741149
539959253
491027127
290802735
484594246
427201363
339663129
58569847
596342205
494117208
573521374
674560726
700926340
430138067
647980552
377165008
445824824
517389293
507643871
545618086
437256988
858987642
428430650
709189271
676423857
698754054
722192711
513197434
381174749
676753388
466880613
642704766
354159726
744872938
405406761
918825546
416982337
314840624
307524211
457418232
435841206
710629957
112219850
682160097
652790223
713252470
431636972
332183508
639546786
716078617
477124747
667452058
481341043
