770719246
718537257
693350215
634091490
283882892
286761917
456667848
426293329
534358431
184008146
593119827
229872026
647802798
325301690
386010341
635727901
352533281
434135784
448483834
515998236
364417015
330240973
388918550
244125154
484464628
429374517
422322028
512692648
436238152
452557842
569485987
279412291
456052201
771738038
326159005
640511513
858749788
327078066
386287121
394959851
341888915
384551720
6178357
312759417
486979267
432510986
336096270
776234358
428954056
551069004
637910646
552897067
344598203
594237877
577603428
360330367
512948530
533497497
185725868
853826274
498983112
683830140
544649530
611009033
653154937
337255498
532987558
483328613
746949618
413026453
323127457
627675070
313734564
266780095
1177598817
520334850
332585495
555132363
438697005
569685520
430712614
353612177
554345211
391110655
445802650
652609933
402526313
168129900
412848220
577604207
410726343
411923475
592697671
475233000
632510713
527735861
355413691
344787652
577620893
483492464
673387649
503009773
499574897
357043127
500563697
562934251
529249914
373944240
781451456
58099355
402307351
512642106
541520735
458499089
663225703
778633463
812015040
414197547
515432390
406832727
689887459
314984738
432113958
458106167
501326981
702263409
470414620
419523537
784073933
308948863
568684303
705734906
531737020
473047983
283887889
503565069
342603417
422777910
563966974
670634825
329363839
528969036
392050019
698691133
379680384
318679971
396259011
264819323
594638236
522093837
367352006
633663330
499981212
389523733
622293594
651932355
527157087
329320523
498522419
303969879
290119034
514888592
440032732
522429648
562115195
750009213
375942461
483998254
330422364
383867608
360048507
522052996
653035137
563638667
728477579
549104481
658574078
604957696
461242133
357261028
256324245
828473955
136537207
701379336
800099496
551359990
942801596
666866138
325504549
485154230
213562639
454277278
340733607
661372123
746794524
401944279
668381721
432937832
393016220
731810518
866948143
684461526
595644658
361957719
488302508
431096032
448451082
697545121
392169701
525948688
493614156
538688463
388725911
296490138
505295496
422003831
427030597
267993090
530768786
594973706
478076976
321450491
496627355
723613791
419664313
457683330
664158495
615807551
388251131
495969436
276631465
331990263
507972763
498914886
483574217
269164359
214786991
426582656
376389942
387391392
301139466
326434637
361998363
336108766
288484746
281983777
235120101
160777288
234024313
94008641
160253182
194427600
196483474
95945224
92508879
57539790
67866409
111987892
102847083
107090159
87374215
41833162
65083618
88948921
47068636
70933453
41558797
28396336
16133731
46313181
22149032
37708427
36853394
44087136
2989830
18818323
26574500
39308284
37111606
39128144
38730436
39688909
39058367
41022742
47568101
115875392
189574930
191267434
182515080
208514997
391186773
379081754
356127250
358000468
136901720
549904142
349172133
505861051
432859862
654562086
546931171
367536457
545422196
510423317
183932587
542436464
705381969
330726708
538973016
464821011
515132071
429860441
652576030
538060790
493833520
283632183
481171890
430382283
321697769
51271197
580463749
497783427
582392927
672088318
695589161
428821629
636779800
373378458
441192899
507647307
517931379
549273934
447244536
853759880
429045160
705490478
679540185
705925731
741746290
498622913
366281699
662869098
463697761
632334965
363630229
748049222
412210276
909902436
401723241
318697056
313677270
468245761
439565354
716059467
120458325
684832262
657756905
720128325
443972002
324794724
641376543
719582512
476981873
665046427
480731936
