774266454
717010430
682739066
631202675
271768808
276418909
452054637
424142936
530015441
189851322
602401724
245320143
633212766
322147441
399881897
639775009
353726567
434444840
449856079
513544912
366335437
331328005
397532302
253175358
482942590
421927643
427399646
516626827
418431320
437576022
562234989
272762448
468753659
775479992
329773881
629670581
864829036
318052039
397860059
397273274
344047587
391921250
9980281
301384494
489609098
436624659
347882805
775975232
423176747
556110828
637886944
545915346
351882474
583715516
559127674
355263209
516898662
517123802
185552665
852645716
492309770
678614763
549776980
606347102
650770757
337043614
531120973
484391517
757165509
417650386
310749098
634922174
313630397
269330292
1189889617
519628174
332414286
550962318
435860731
551253987
428569233
347216072
544397108
385509480
447942676
660662768
412152954
164835933
405278808
578162888
406684229
416920582
584436647
474658773
633867564
516147684
354749415
345882504
595754588
488845564
682013438
507169029
496481508
352839039
489589244
571049742
541218385
374029546
777478925
49263540
402019484
515105647
536290300
448793394
662754587
768966270
821086675
408024798
514755027
404641520
704849332
320695830
439674883
466807725
503048923
715306522
478381643
414331908
782204602
305832587
559535208
712079420
538478697
477204893
285981015
509608406
356539927
421328843
560342861
667231447
328990330
537038709
395202084
695675251
385678892
312042178
386029534
264917303
589713479
519066841
368709812
625910500
503793501
384234390
622708947
657973893
531450683
330562041
505656659
304636593
285412506
519519016
441299787
515351221
555700579
752341376
376263014
481651339
324785220
384203248
345212013
523367390
653381546
558410845
740808619
551463788
654078459
593234783
453055572
357347231
234240449
821175955
138843187
702873875
791850142
543949708
941394100
663009033
331110747
479018026
210496861
446784968
339339599
673653358
740611150
409949618
661963366
437908697
396780237
737514008
829485923
671748427
597926344
366137107
489840090
434678937
446569519
655488892
399482800
533118569
494705471
534590428
390553030
290333610
488970714
427384885
417957316
278812332
506818638
542675972
472950907
316624354
482727102
689991374
416152199
457135781
669962041
614587067
373561351
488679070
277533609
333384736
518713275
505746728
481037092
277567812
222589356
419832299
383126446
380928651
290848452
337575918
360955429
338075428
289565702
288341510
224747665
166100554
239296724
114026946
168111135
206356500
191804318
82259178
100980202
62188601
71599835
115346524
96486386
105774113
81898514
42552865
59404874
98350373
42952903
78551864
38543588
26412896
10293745
57549253
17779891
28758326
38581062
55979876
980006
16490901
24957184
98204342
97427252
96927025
126317333
122478098
116539164
108513280
100665576
150325562
233612516
253851675
187966793
227138238
429135778
394627311
362885871
387868780
137503087
565362216
340275976
510030194
423456843
660584321
549964508
365740070
564425489
514917044
194579749
544621581
711016170
339984615
541970189
477741993
509287261
425602352
646579936
539315618
489552490
287693027
483829691
427927949
337551514
52761879
592532620
491994846
573274328
674509014
699808420
432423036
647069514
371637338
442704394
514640485
508183225
546110433
440690928
858641878
431171036
706475536
674288081
695914951
728511674
509798089
380690860
675772292
469937968
640674341
353635128
743586319
405102540
914502327
413171372
310402920
310798091
456981412
437833521
710051740
114760503
682944008
656290501
715253602
428023425
331036028
635743577
716551056
474878412
669463579
482914018
