775019359
718049780
681771143
632158567
272086642
277641492
452753948
422743499
530310507
190809445
602138280
245333579
633068336
321871765
398516046
640004346
353898346
433810983
449837874
513529718
366339069
330896423
396739024
254681752
482836054
422669371
427510456
515776173
417744059
438759501
562220264
274267657
469242722
773462270
330375140
630971417
864943762
315914037
398730595
396771693
345380073
391405504
10471344
301159402
489873552
436629467
347374852
776336565
422378485
555508839
637256187
546991761
352206429
584320760
559381427
354410601
515801764
515821385
185322980
852251082
493001690
677793780
549746498
606547529
650261173
336100091
530729974
483989337
757647070
416759021
310140522
634798070
313230364
270105682
1189712985
519872673
332082051
552041958
435201666
550747414
428317238
346842657
544325833
386245518
447081527
661318805
410382819
165402030
404141216
579229290
406822445
416104857
584292267
475412558
633399476
515031146
354361477
346482681
595892042
489031451
681988472
505648771
495950704
352259103
490780511
570903466
542170274
373960752
776944819
49279331
402986598
514925340
535294703
448305230
661632103
769037860
820870088
407079617
516689382
404023887
704943157
320696046
440953048
467823630
503185600
715266670
479404838
413968772
782900876
306246634
559856945
711470188
539014541
476657521
285533271
509783300
356498452
421265990
560020494
668783751
329676854
536929662
395170634
697117448
385461721
313980504
385489374
265651618
590450834
518343748
368915985
626354687
503976800
385518112
621924824
658134296
531584548
330518682
506137552
306416538
285478715
519278442
441385101
516925962
555743695
752577720
376586825
481307780
324442410
384122744
344389332
523239685
653324041
559200869
741098206
551175449
652622905
593974914
453634836
357107746
233526521
820910204
139033849
703187821
791090896
544636398
942234872
663167153
331513315
480360893
209486793
446676030
340190967
672968698
740044568
409426370
662233325
438301326
396296907
737193820
830136978
671136276
598156546
366873681
490886075
434223101
446274519
656373663
399240636
535272962
495391298
534360423
390569111
290551125
489711127
426914578
418274998
278019814
507624586
543599441
473435498
317751063
482266034
689264475
415913910
457107321
670328681
613555895
373877782
488161392
276426409
332293872
518079007
505318474
482785003
278047704
222039849
419775823
382465059
381876499
291283865
337460526
361006068
337897773
290208335
288475126
225214445
166741470
239949225
112783260
166777958
206544913
193232818
81868699
101229021
62620719
72712918
114695643
97014230
106053657
82368770
42879242
59051684
97011018
43331156
78469450
38708276
25698937
10793418
57614067
17995154
28924235
38583783
55201366
151987
16531035
26996722
98422398
96521814
95074538
126350583
120859798
115652941
107993844
100955583
150350273
233468572
252332827
189332258
227580895
427815259
393459891
362591532
387844919
137035139
565726933
340739972
509646721
423614277
659862809
549199069
365921025
565072549
514119929
194797330
544795333
711863205
339555138
541346410
478324360
509371482
424909080
646485097
540117802
490805234
289539482
483665127
427884881
336986245
52956737
592807638
490559434
573487167
675068976
699196642
431407975
646034447
373051517
444014998
513549689
508480051
544748571
442483255
860310940
431350564
705462505
674045087
696022869
726001799
509202340
379772337
676792761
469976187
641125173
353707707
742239491
406310844
914370221
413551745
312041807
311064239
456281969
436711281
710711115
114129456
683034082
656050217
714617844
428861628
332535134
634711173
715324277
475957146
669253262
481787026
