773501116
719930704
693342326
632246937
265632607
272079222
445605272
419046466
529728720
184744416
607384054
234386269
629354793
315936969
393922123
637612033
350812159
436814320
443429455
515949692
363210131
326711946
401837404
259292773
481638868
414805466
428744354
500140197
405090598
440042339
562460003
270062444
462794032
775127303
329443115
626116141
867564686
317282041
398517134
393584318
339381125
384331308
16265398
296398590
484330436
443244821
352867652
775023231
420772060
560078258
636593859
539975106
358642708
576528513
562564055
358435205
523296084
508968012
174000022
845427863
485336406
680987342
550348034
600803053
649916072
330865292
537667670
478726236
752385033
421212703
322136673
632462189
311491966
266583770
1167827682
531712144
332026188
546836030
432944673
555570327
433459356
344202635
533907394
394621646
442098061
653832664
419171067
161152246
407589774
580845033
407299922
412208761
580692445
477201271
632646264
497949025
348611900
347553591
598124867
489594033
676804039
497494104
507803778
343641527
483550248
559738367
535746307
363668090
770653478
49770097
402720128
505852060
539097020
452400840
665408569
769144541
800042165
414249526
513491237
406526182
693808355
328539307
443456246
455191909
515219333
722988349
467243632
410457753
773732538
314237609
547743030
703332954
533120201
475351217
279620223
509401739
360486698
425601133
557048889
657227168
322724977
535450714
397981024
689484585
392049318
307138536
390465748
255046624
594359975
511693659
369645919
623368083
509204184
385222548
618860128
649982282
537327032
335287331
501634996
312145673
283979067
509804223
442005267
517797341
548306063
736029037
387344483
488579463
330462298
382407582
342234729
521296329
656161549
562269322
732504544
548605736
654214577
592041187
444619483
343089288
238578994
811472240
141726156
710076546
800115072
544433668
900995482
668343844
331356089
467473495
208535976
443835074
332513659
673119591
717621120
420784555
654733708
439272521
392529140
733899430
810927276
667631268
589603162
370999267
491395405
436858181
451302964
632665080
404017106
534950878
495728591
520413618
387275605
289726457
480751584
419978972
421630376
284025550
500573578
515789262
472086644
307792362
481180321
713512996
413735442
450911328
698102259
617660961
376925797
498096437
279175361
326189924
516467474
526351401
500775489
284594195
221235249
431469493
379575547
380075048
298392721
350939260
373752671
350153735
286738463
294113183
223813112
161519803
243826771
112511896
162753432
206453824
194912786
92996503
94359406
72440870
66474812
125117999
105141681
111140460
79560352
58603065
61764843
101538851
47310456
82045832
45022129
22713765
12477337
73836027
18050143
35674686
38774057
57973823
4464675
21165904
30431434
138286878
115143178
138719409
188016215
179883646
123996059
157986669
99509514
181280360
256338098
299983093
195874019
235132001
447898646
395158353
369849395
399146380
143255719
575816310
346562185
510068954
416731706
675042426
556448094
368694205
560781557
510757255
183048135
531288804
704772049
351574462
538292573
480133251
516794858
429623858
632785644
541903754
490264695
295487708
487508291
423170034
343686487
53531151
592277485
487556278
562203241
677699257
697008123
430043761
644374274
377613036
436481363
516046037
509809098
542355052
434545270
852605959
425456870
698527923
676103943
701825219
719981756
512352645
379866204
678700268
464474087
651383133
352828989
742624916
400513817
911605938
410639804
313853888
309194510
453824938
432191470
695895920
122868195
684674338
643557891
714444829
430826371
337257418
650926148
717260138
480736132
670861535
485474688
