772430333
718845845
695015124
633981182
267051724
271116767
446666074
418824277
527943061
184893500
608920043
234985469
628446433
320341343
391934168
636175238
348803310
435610137
446165864
516740592
362254509
325052708
402489851
256833395
480613581
415335777
428942649
502076342
407225435
436561804
562516686
269367580
461714906
774960576
329507560
627200295
869655564
315109348
396171986
394698984
340002764
384871473
16565971
296198881
485373047
445410684
350544305
773264895
420870127
555815907
633744953
538516997
358055388
577126740
561868235
360219280
524334178
509477272
173061251
843287477
485932866
681727496
550137087
602717246
647771949
330946074
539153599
477728943
753879513
420721043
319988463
630641340
312501132
268894186
1169299144
530218121
331494474
550397001
435169728
557091397
433706220
343193342
536389672
395269713
441903582
654559749
418008420
161709602
406092121
580422940
405853600
410213935
581724652
477614318
630552567
499188434
348181509
348695458
597679977
493927226
676588707
497570264
508005660
344241695
485235707
560215786
536415770
361821655
771452366
49652467
403026943
506554954
537533110
450278804
661728122
765639332
802545949
411974980
514919021
408048288
693034890
327692048
443227663
455398970
514820401
722930385
466305807
410228371
773567067
318425878
550651266
705593799
535206078
474835905
281233138
508102283
361687036
424868991
558413701
658809310
320112069
534379639
399542508
690252505
393370578
304603010
392059958
256404095
593987327
513196692
370584765
625776281
510518429
387322523
617527421
649540589
537390559
335348909
503092944
312926899
283380633
508174308
440582095
517184996
550406290
738094236
388389726
485091273
330588415
381347978
341134521
519994813
654120273
564379125
735590003
546805970
653080494
591144637
442147157
342691197
239802480
810165153
141535111
709583871
797645821
545882281
904816044
666499774
330188723
468572463
212150573
445315966
333313318
673007493
718188060
420612730
655875159
438968651
392190169
732791096
811107260
667619974
591615844
368152774
491960415
437014691
451793506
636384659
404651547
532823849
495260301
522885384
388484329
291912075
481259337
419128014
417832236
282312737
501488899
518353613
472713773
309801253
479971199
710328612
415313032
451566768
695403813
619210152
376844423
497842364
280520867
328741874
517106479
524066728
497744637
284037387
220227563
430299535
379072475
380188587
299299933
350490759
373830591
348938715
286835197
293768934
227590363
159809279
245400245
116066512
165182071
207100112
194939000
93947790
94270466
70032556
64067082
125201839
105647089
113037419
80147042
57012437
60218853
99809785
46140124
83829704
44191700
21930746
13712077
72115423
19712758
37120206
38457330
55458951
2873218
19341832
30810722
136427379
116044683
135941108
184052763
176412252
122741771
157745019
99250609
178798073
256448354
296157276
193584801
235806808
449396359
394146291
369441095
398813417
143280600
577382236
344252447
512066110
413885293
672831875
553641749
366176334
560034914
511551101
181363262
531432262
706177621
351355451
537316395
477987061
516703955
429139322
632443001
544827902
487681450
295929988
487670263
425530473
342679234
52558374
590770672
488555471
562860883
674920236
697565743
429873538
641555537
375677127
436728663
518223655
511680215
542208256
435442362
853867415
428388341
700177871
675528764
703915619
718721687
513237531
379901724
681008811
464280991
650350823
352328875
741245867
401623180
912352702
412913097
315900090
310573859
455122742
431142444
698017071
119488997
687392405
646657686
713523920
430319302
337023587
652785481
716888543
481206198
668786061
486255140
