775778905
719559095
694720139
634392045
264171143
272105226
447199874
418787802
529373606
186011898
607355556
236371317
626957024
313979035
394705272
638036414
354522540
437855579
443882316
515923500
363798029
327759821
403038978
260150349
479959626
414426046
428133143
500327972
405735913
439153118
563208992
270431198
463446343
773498034
329105067
628458310
866404713
318782774
397649605
393853082
340067203
384072826
14790563
296099465
485207976
441618582
352988309
776056373
421469684
559130950
636738531
542010742
358808595
575847090
560649426
359756830
524603830
510246747
174373733
844658596
486238053
681823507
550636218
602119997
650753104
332672553
536844667
478754021
750877180
421541456
321484080
632714273
311176956
267888193
1164192495
530214140
332814529
546016654
433531234
556748404
434410068
345265918
533707443
395321802
443061412
652348007
418573338
162525439
406476236
580190219
405251368
413906036
579341333
476955513
631355754
495731985
350573547
350606474
597006280
488702011
675862542
498844717
505490202
344146803
483102717
558371003
533985618
363718370
769547847
50706434
401101804
504740861
540393775
452695884
665474977
769258058
796800483
415162001
515163224
405479786
693508710
327064950
443765043
456758728
516154740
721657943
470359123
410507572
773555883
314934943
547688741
701533645
535221204
476360449
277832065
508242398
360599495
426755237
555994094
656553901
324040505
534860634
395318807
686206675
394481849
308945092
389926069
254329938
593397043
511685231
367722663
621160693
507685825
383471245
617491506
647528724
536610370
337749995
502564225
311972008
285601458
507281983
441967061
517817883
548528843
733577416
388122349
490851585
329810930
382657448
341319540
522071294
656134556
560816913
732058710
548760746
654473390
592983729
443438503
343360873
238972363
808793649
141592781
711902748
800835919
542288232
898444690
667562588
331214205
468713446
209564798
444073484
334211783
675378803
716347660
417658554
654874974
439650465
393443758
731896907
810339751
666384283
590540820
369334104
491948092
436383985
450152555
632079569
403250866
535389568
495721625
519939942
386733057
290852977
480316612
420179197
419848460
282860516
501564178
514833090
473631667
308490467
481307505
714044806
415598930
451684184
701776594
617346511
376014357
496083180
278962835
328427935
517374040
528839892
503571706
283745065
222098736
432764973
379874466
381158455
299236499
352178900
373953953
351851632
286793057
294160006
222884879
163509470
246164862
112728134
163313286
203449639
195596782
90030997
94332186
71945192
67759008
125404510
104350463
110620567
79006640
57786099
60799531
99830282
46891778
82694865
46281446
24030899
11537044
73419571
16007950
37290205
38278683
59456629
4704407
20630474
28787034
142270152
117347930
141421058
191357456
183628729
124899089
159238025
99213391
183246811
257341385
301343543
195305873
236358098
449904217
395713736
371021624
399155870
142597820
575277197
346359163
508086746
415472214
676187057
555625689
369003474
560315392
512660013
183695564
530985950
705450149
350862152
541918685
481126703
517693338
426924207
631880946
540792708
491690909
296731117
486328271
422380386
344466323
52925388
590711111
487427320
562704219
677263144
697355542
430550095
643160524
377719874
436217985
517358441
509505612
540954311
433363691
853882982
425933568
698005452
674747891
700678409
720222564
512556994
379563336
677680247
463886079
651076408
353776005
743198210
400188686
910565495
408413315
314799562
307467791
453412818
433809608
697737551
122990340
685474438
644198868
712466716
430315394
337917020
650175795
718784716
480257678
667642362
487271979
