765628332
716950719
711012562
626553432
282150908
277733326
450285370
428421547
540834186
179841219
590123270
233044940
651410240
336266611
393833103
632106864
350702002
429148395
456743046
523243617
360277943
335326776
368820589
247593325
483905311
439276083
428030137
501872814
436878957
456222461
545214142
267533628
458797262
769572558
318806264
635329055
824876317
335446982
387187650
401055737
351027254
393714928
7942880
328113993
507428246
445173875
338056092
750822172
425877525
540352635
643678181
561460006
347212890
580516615
584900841
348625495
513899757
514309889
182498538
841319576
506513291
673967335
534485097
616014419
651157583
339019419
532082813
485597097
727243833
428548583
325280416
618891683
318727356
287272896
1130147121
517269094
343219681
587038474
429670152
579092133
435214141
350398454
549114044
379661673
454468799
639813344
409766016
154251552
417098113
553456210
419779211
411865359
577461673
483493211
636297700
512763753
354705656
344602415
550811359
483714071
641101125
509111910
518235227
361440153
482486562
553061876
519653254
381633380
739581241
54693937
404260665
510132172
559829843
451730851
629550036
778298287
786742274
410104302
506409970
393721409
668842031
297944309
447042933
446075547
515201198
693322985
457842927
430854096
775804216
314019515
582910139
684453711
516958516
464803466
280051775
514276045
339586711
431008009
543722252
660536688
339380315
529289257
386607100
679841025
372836780
320548812
374435851
257772246
578595403
526079239
360902295
622679240
514389022
383662855
606135648
636599758
521497204
334369397
516593126
307109108
279970882
502342236
438074971
526875766
561013091
725749361
389401916
488668618
337770162
373030723
370982119
510527627
655898176
564071654
719098314
562128130
655865250
606506638
458579316
352768594
264641989
837815693
144786856
694877816
801693471
542865011
963810530
663078392
338866387
489128614
224983910
454517769
339406076
670167171
748779182
402669879
686180213
449509374
392022983
756342207
950292440
683503801
615364632
357109105
482617443
427367520
446142794
833888131
379514235
544121455
495177405
518273481
381161152
302571167
546149951
428854176
424748412
275054750
577750966
815220142
466349989
326499241
516692624
715643265
428533875
468252721
667590153
607302291
398067600
498369817
277116268
327100417
508180249
508653054
485829157
270788496
222490629
428280196
375390334
392004050
295583879
334652764
359315181
338522100
291832480
293025687
234425710
158830328
245795913
99396043
149245884
186304850
197183441
99803079
98642289
29656990
58337908
124283455
108921183
107575794
80385362
56297389
59054806
91684065
59477005
64455792
66721639
17633180
4447189
55073061
39193891
46753350
45156001
48581122
6032859
24636224
37404018
38373744
30653726
30188370
35743509
26059800
26960476
27426563
22251510
24199028
42321610
48890568
70053205
118619706
310849199
328438610
321301912
307309555
123625728
519419891
339513981
483727127
448866609
631610648
558210515
361775079
541004815
492167100
174175420
547297379
707213663
339870336
536751890
470180822
513603571
445222924
649082307
540390810
496431404
259693113
486495132
442442461
311346622
46955562
584888759
499096473
586842712
661322739
690761807
428165834
655985344
380718455
450538588
505017357
501214871
537321893
450299339
873687431
431601556
684369655
695481105
717062946
752296220
470547651
360320321
645797896
453193898
630440824
357924780
737955008
407044817
889978388
400326519
322149921
315089696
455573375
451544330
714624269
116052428
674568956
648629960
722323134
435614993
332815643
642668313
727944824
474644759
679306981
472726303
