769281534
719871973
696563202
636738474
267908507
269408221
449620456
417409973
520753186
189147133
605366441
233405427
631243255
316526710
391669351
637300473
347441978
437005020
446844962
516937180
359985621
326573631
401597956
256523309
479689305
417498811
427745002
506884695
408371103
435676914
561358589
267626509
461019250
775058905
329651473
626830109
869804879
316646838
396834423
395164736
339780525
384878839
12801647
296965103
488441939
444178232
349855973
774075381
422083961
554026624
633118709
538203063
358140862
578893966
557967016
359738513
527319366
509120912
179195045
846913100
487794866
681083784
548989053
602393993
650697076
330000677
537816237
481330914
757043125
422440315
322646968
630188296
311286202
264792077
1172434648
525285244
330160221
551640960
435591855
553246071
429327479
346027457
537800918
395603830
444681080
652981577
418313187
163795729
400832227
582281279
402784206
411567211
582437913
478240065
631442736
503319022
350192930
349325767
596151277
491935877
678139404
502079086
508303584
347356619
490132466
559583116
537821863
363024681
773332980
44830239
403870587
500705866
540505743
451462356
663747328
763144561
805049150
414099809
515557246
409467158
695683408
324859083
440963218
458132544
510788399
721739670
464531244
415224767
773416593
313742535
548220850
703951749
535807251
474142675
281881827
508601269
359565184
421458076
560623197
657980482
318238920
534754625
399425093
686661904
389909172
306477523
393504290
259419706
594191431
512878891
370607351
628673961
511157625
385504373
618386971
650239327
537525777
337010935
505591491
314189547
281023195
511331925
439629038
517244014
552441222
741410350
386697638
483435031
332024828
379531511
337268635
521864206
653154452
565797549
735957130
545459650
652234120
588908853
442906453
343212387
237077295
813956127
139730834
708362451
798247146
547738596
912561592
664100101
329952161
470645642
213124494
446613986
333944024
674107069
722506365
421547759
656710407
439365843
391602334
732490288
815730858
668890021
592083361
368105101
491751763
439286645
454538751
636554188
402551102
532849053
496541208
525103175
390739198
288902727
481948696
421214931
416916820
281213495
501876291
520475134
473830702
307879372
481039943
703980064
413356131
452382888
689143043
618169228
373184016
495076897
282365532
331585537
518454606
519003136
493420341
284501513
220199287
429845593
379812147
378505590
297251724
349458395
371007698
346744497
288556362
295240561
228691896
162226232
245832815
115845180
165053067
207708215
191746878
94225052
95600239
67673670
64102761
123060779
107038248
109831786
81561715
56370525
62302145
98566594
42079734
85221989
43143693
22198629
12761953
70307092
22041032
35790882
36993105
57084602
1748151
20386383
29324854
129871621
116264955
126326430
178241347
171168143
121375156
154625500
96587537
173943685
254487328
290532538
194995077
234800366
447688508
392079474
371570753
399386192
142036617
575632007
345407538
511524031
416721064
670908433
553428863
366164348
559478224
511229528
182233882
534040427
709003665
350334055
536841594
474472484
514794162
430873407
633708144
543366050
488327605
293895752
487103226
424866351
343671389
52104369
592036760
489752275
563086442
676617710
699049816
430014209
642216386
376982989
438778707
518247656
508108513
545854962
435184127
855396462
428445672
702125948
677385278
698635197
723183010
511246543
377898243
675042585
466985601
651236853
351676252
744489229
401771582
914352550
414322089
317705630
310245223
455745360
429748822
698151218
114693183
686345287
647952109
715405231
431846020
334380625
650356288
715887548
482450215
668325086
485870827
