774672987
719270617
692166714
636681729
288225063
279956090
457397605
425949393
533633138
179167230
596156996
237384651
644486077
322380496
381250151
645558907
356545737
433666449
453066011
516673477
364678269
330299375
387429340
245656417
487936403
431156686
421953738
517667992
428108691
449241075
567361656
273955668
458306443
772450375
333452528
637612497
862845930
319262483
386892966
398091434
343177181
384894116
9122214
314361022
489132378
435610242
343349894
772703717
427022078
552622443
633941558
556087862
344963787
590931587
570552291
362972106
515210458
533617456
181463438
858049680
497081010
690035512
550748938
612860361
658594054
334310905
532997558
475029862
754336592
416067664
319523972
633832408
314841200
267310020
1179956456
512923010
334782286
553239185
439967489
564808310
429245873
353935903
552102996
384617437
448937699
655052726
407592845
168875844
409531889
574704849
409616888
409583405
586146356
477588697
635496824
524479628
352670439
346714820
583054078
490145895
676297174
509577049
503983992
360874034
499851807
568628346
532401326
377381379
785563639
55283396
403865615
514666263
534241457
455624310
654035987
777325200
809525882
409986468
517080230
411817979
689603099
315765199
434527043
461740925
503501976
707292205
467068975
412880128
786153837
310727750
565305882
704935139
531897390
469715295
286664333
505384117
344216059
424431478
569028495
668324324
324182626
533021826
395291717
701104610
374175523
324811177
398554458
261159741
596954651
522879149
362639098
630041665
496916660
389955730
621767377
644881781
532749074
332333781
496668703
305903542
292773328
510387467
441744532
520826410
562939251
751109040
378101482
487669910
331470841
387077151
358304192
521637675
653547699
563333134
733275798
551742189
655888632
600388406
460310145
357625715
245332154
825030068
135108367
699821635
798773738
549789868
942140886
667739988
328178566
489128275
217992710
451798453
344334244
669674887
743062992
402820874
665308861
432420168
393848492
735451379
858895265
682350613
597822744
367195562
492967828
431213972
448279069
686567108
387602286
530015257
495245478
538981049
390453729
289153437
503962345
421192180
427986189
272457620
524128879
580312387
477842317
324350244
492579157
715893590
423361069
462258326
666820452
614320247
380914239
494636993
278033013
337151127
508325929
503517542
481822466
271452130
214943959
429655751
381674672
380272642
299853842
327891175
358737249
332553359
290011287
284139448
234121496
163586894
236802101
96607611
159732812
201916866
195346026
91341162
95432020
53477272
73320278
112200937
99378537
110450174
83667593
45428873
62633985
89376723
45333564
74826747
40775534
29705852
10289532
55918382
20549519
35723984
38643162
54740184
446183
17418784
24008184
50712198
47810471
48471273
61125449
60408257
58167337
58029545
64768771
121004652
202230069
203054059
188895125
216955092
397442653
384724637
351887081
367130577
139261413
556819166
346170596
508509385
430881445
661122821
551943167
370061705
549775887
514814391
183840844
535685645
707750031
334733325
539365112
466696259
511175510
424453095
650283816
537099014
491075135
283313455
486445392
434349801
322263462
47509625
586956339
490120176
581634954
675134620
696290205
423163379
635755868
373477812
441650613
509382658
516494830
550914788
442757909
851194180
430876509
708061908
675921151
696916304
736403518
502017721
368423034
671273763
465488140
633881549
358559864
751018407
414366132
912866785
402332408
319889008
309483400
468542996
436936019
714491293
123741530
684638138
656025190
724678792
438110240
329191347
643699933
718926614
473934084
662366163
480979406
