779465335
715578191
689441878
632138665
290040975
281126044
457265047
421980956
530832991
181664290
594090280
239297831
640357979
318693069
390849242
645473665
356870500
432028322
448916861
515569714
361951075
333572595
388382166
247964884
486977679
430038387
425466128
521088389
428011630
450582592
565927949
276007345
462423386
772307400
330889262
633854889
863588728
315099382
390857577
393686967
339374598
387121557
6174418
314574836
489355382
434432314
344761672
773972803
428655134
552342205
628241573
552023390
349549744
589567423
569470464
361767392
520982182
529541263
182725383
859363372
497178846
689049035
548180137
606737651
658606599
334197032
532473281
477267876
756297388
416324787
319237284
641459096
310714077
270061943
1185103135
514531597
333871960
553597229
437759458
565056794
429851776
355760879
548310470
385124059
448249796
655753823
407336893
165201605
406129806
570809977
406577568
412079302
589885402
478432352
632648141
524565140
352160822
347898238
583573569
491247838
679534777
511504718
499885111
362560973
500911006
570260037
538414858
374472760
784511302
53282542
400127654
513438932
533213993
454189489
658388321
782223968
812445134
408096426
514369064
408489212
690184053
320952262
434405498
466170762
506806117
714614581
470647777
415845320
786130734
311779118
561690979
709066398
531606898
472758989
285947135
506009572
344328201
427457322
569589021
668504896
323845863
535591311
396661075
698590797
376914214
326435368
396168313
262649773
594740194
520082460
368503024
632974447
498815814
389285480
624720991
646269994
538948694
331248712
497294092
304789004
294059310
512274117
440751903
520118825
558137316
753121824
381362579
486120018
332263785
384218480
355718875
523066559
651147033
560639797
733924722
553251940
653723086
598405280
455322510
357923549
243771119
823581521
138867110
702842079
798183109
545440573
945050409
666564857
330401554
490188451
218561023
449689693
344466735
672193064
741299268
400347365
667136308
432351421
394924197
729429163
851752471
678710160
600037549
365469691
496853909
426155531
449780764
685350761
385753442
529657412
496561313
535927265
392185132
290776737
505588754
421047469
431242169
281902125
518728697
573127017
479236683
314946581
492754646
707764914
426339225
457769625
666511593
613213975
380636905
491257796
278193072
335314327
509236114
503798211
477315781
272179070
214725150
426204109
385922634
376211098
294095019
330521566
363366008
333161390
294916623
280313465
230053545
164897286
238416950
96549719
165193695
200580386
196644466
94981486
90194224
51163497
74428717
112538479
96034374
109638835
84528241
47260740
61513306
90420915
41303679
74124283
42684045
28549178
9639614
60790921
18416672
36320824
41068122
56469229
1328537
14625670
28484116
58666031
59124662
59196375
69964722
69611032
67876950
69121102
70789285
129651057
208017125
211887085
186683954
217207223
402505481
384735398
356245150
371506202
139717245
555560182
345918571
502738515
432256174
657241513
554400057
370237783
550690300
514772815
188799258
534704379
704228566
338492484
539701414
466845109
513748667
428046593
646824059
535111623
489579599
286168357
490458339
433879451
324933570
52693149
590546124
491740602
579966798
676049410
694798866
422954112
640802167
371623804
444484940
512966991
514551209
552058730
445758211
849144285
428240203
702037257
678539462
695090797
731199466
502954389
370922533
672736931
463887130
637070067
355238710
746800618
416309131
911945546
408260803
317835195
308743682
465215375
437442946
713196960
121885068
683855672
657034021
721745180
438218280
336417963
642361525
712344084
472290821
660555050
481603290
