779175278
714292010
689825140
631449595
289592414
281822070
456205444
422003563
530850970
181408920
594226902
239405332
640233193
317720534
390674428
644068625
356770991
430788347
449658774
515487901
362039179
333305562
388844060
247621648
486929074
429575553
426078482
520663400
428092568
450211413
565999494
274097568
463066966
772915508
331863100
633870861
864320083
314285843
391162896
393838578
338937032
387777827
6329513
314418513
490728276
435848343
344223422
773654279
428026543
552594925
628566477
552572916
348899657
588571550
569427711
360542798
520556725
529734810
183616125
859459214
498232051
688637253
549205301
607075958
658558644
333316105
531600891
478005273
757063507
416147571
318718931
641657928
310795101
270621578
1184085075
514701617
334268240
553545350
437212413
564598383
429071784
356136822
549128156
384929898
447405349
654250287
406868705
165794919
405927794
571814910
406350488
411642985
589199557
478053750
633054995
524743380
354000313
347466575
584440788
491746779
679586048
511344788
500578928
361988022
500229249
570257185
538877958
375418883
783739048
53124055
401002714
513757897
533232871
454353969
657910533
783081354
811815526
407570269
513857075
408188388
690618192
322078775
434864902
466309603
506999153
714413060
469314418
415427458
784894744
312081716
561887915
709056402
531828181
472971865
285889606
505771236
344940110
427315408
569648540
667614469
323909667
536084857
398017318
698184227
377240440
325860743
396930886
261170489
594080593
519735106
368613600
633174511
498374517
388813123
624927883
646830421
538945480
331763416
497110832
306195369
292684483
512309298
440759226
518786113
557298720
752775355
381740311
486641184
332250906
383619346
356251979
523042313
651924318
559824724
734395837
553635318
653933534
599498667
455857489
356768597
244425965
823938259
138435828
702601972
798406024
545919878
944814302
666838996
330674921
490038360
219159438
449144054
345056257
672564932
741925957
400363667
667447164
433046111
394335792
729761928
851733484
678122242
599355470
365537898
496372849
426853700
449811248
685083668
384984877
530166963
497345198
535733554
393446112
289842347
505654640
420737152
430242194
282419751
518305942
572889364
479526600
315114949
492063768
707442022
427342256
458421939
667620277
612976779
380954500
490824705
277494384
335721057
509733684
503234753
477770728
272997687
214248196
426632481
386132669
375480364
294159297
331034411
362818482
333158842
295547717
280583795
229154953
164983422
239074880
96458269
165459877
201619894
195865695
95001479
90302048
51956528
75215054
113016727
95493134
109126387
84583158
47456161
61636501
90939543
40539428
74473422
43342062
28766444
9269281
60448142
17364577
36107928
40995997
56062615
2604223
14932613
29364820
59892743
60210803
60872763
70458053
69320199
67957033
70362820
70668056
130202300
208313286
212547776
187915766
217434372
404384375
383498661
355873499
369860949
139630765
556444477
345592401
501852708
431510981
656568130
554223285
370700686
550487228
514584683
189022299
534851531
704347101
338382877
539058543
467101422
513888562
429058474
646833054
534994712
489368185
287216079
489581912
434052729
324823950
53781092
590177484
492586179
578587687
676322572
695601422
422919294
640344538
371209778
444519277
513264419
513635493
553744425
444419061
849582983
428533599
701926868
678493482
694492398
730420095
501828351
370459954
673910143
464143211
637278806
355196016
748125764
414596287
911041167
408545439
318545330
309782861
464812766
436880615
713675958
123153109
682740585
656987628
721374496
437914304
336421428
642548323
711901391
472718577
659669250
482334441
