775124993
715357142
685666027
632105827
273204377
274539925
451951990
423721094
528644149
188046841
604964360
244583514
632201622
321795204
399910815
639312974
354224929
433875427
449463563
514160227
366189377
331887871
397113729
253170215
484316966
421577297
427989224
517247433
418138744
437961831
561109717
271070009
464783214
775889091
329993251
632693527
865225286
316633438
399411871
397651686
343336018
388109272
11142216
303960934
489474775
439211773
348004801
777853852
423525298
555131775
633918562
543915135
351772208
581848765
558030905
355172974
517233390
515761033
185788644
853415808
491647288
676732068
552804920
608286427
650973200
335096545
531875142
484871001
756066423
417963746
311790666
634693715
314834724
269743962
1188044647
521111916
335063960
554284742
437361930
551436515
430222179
343841326
543629076
382979715
446600493
661122945
411924960
164367458
406241619
580577619
406045280
415869486
582584963
474871404
635390232
516559984
354595190
346383462
595930513
487065676
681867362
505063749
495376767
353436637
493303453
571086826
541743682
374177247
776710492
48549995
400085170
512878231
535840801
450435428
659955312
769763504
820916046
412124367
514338845
405898992
706805206
319565616
437764782
464243490
503210837
713294788
476989214
411629018
779881105
307232926
558886070
709873506
534104523
476262768
285824450
509736295
357064693
419981805
561044528
665704915
328599838
535376849
396619421
694309624
384500157
308889982
385986000
265674377
588203329
517613741
368076557
626475714
504185042
386118056
620084638
658694866
531150127
330393980
504665241
306886479
285929624
517006730
441233543
512142727
555449711
753272938
375116374
483887320
325773907
386282872
344270874
525650901
650722345
560508683
741660310
549152082
654881320
595408994
452644016
357890155
235063915
820892512
140245155
706043044
793300345
546022765
939711375
662834990
330775529
477810379
209420832
450179666
339097593
675343585
738758721
409929303
660229523
438396658
398675362
734483953
829109482
670017575
598099812
364584892
489999399
435282901
447372612
653759689
399663620
533541796
495545485
532730417
391394689
290985204
488627315
427470638
418999758
278369826
506550778
538697966
472893464
314892781
483102165
690084634
414152132
453599181
669771110
615780283
372058972
490029512
278024297
330758179
519464080
506694371
482418392
282363267
222805155
417887853
383508319
381792726
289031931
339663610
357795189
338136609
290685622
287108162
223139281
162819192
238957771
116361648
170333680
207212222
193725055
85671053
96696417
62020703
72689875
113871232
95121060
104087511
83056386
42410972
59481170
99047239
41326725
75141458
38085765
23882366
9478407
57827277
18637940
30955488
38938515
55051377
2444759
19024424
25296999
101899634
100491725
99310679
133483918
126628364
118801656
111049544
101262185
157245909
236863527
257175360
189823182
227975230
429407949
394728925
362258855
390038873
137735469
568815127
339497681
510035846
422205628
662121159
549069746
366778071
562288668
515270028
193282542
545442053
712765524
338853790
541575177
477503003
509899330
424664086
644589602
538876623
489077804
291394075
485768666
426312091
338121867
56413371
592831596
491624121
573125821
674859668
698699353
431126170
647537285
373708523
443583007
515557757
508386918
545924589
440165517
856885493
430054546
708163941
674799727
695876100
724206817
510321761
380788601
674432042
469894399
643105968
352841517
744668606
405616771
916102909
414115293
313407989
310987206
456019165
437321919
709566990
112814479
684275364
656069133
715263296
431154243
329748651
639915821
717224834
475316661
667354910
481116511
