776083202
712265480
688313983
630260181
291136775
283071482
456620150
418490805
529122360
183680072
591663307
242120927
633993076
321633723
395365350
640598150
354010883
434783649
451305323
513383900
365611877
331149681
393351469
249022241
482983665
427701029
424906392
517511717
421436303
439520713
565041708
271125639
465399618
770232157
329193413
627991680
861836241
311935380
393083964
398313968
340584235
390530800
9701067
309338554
483880548
436428397
348061361
772761263
422058517
554171070
631111845
549664938
351129017
593541913
563228528
359100608
519404622
526772057
182716249
858662776
496037085
685911943
553102232
606795332
657809670
333384401
530910207
485232830
761139112
412904405
315272468
644849080
312422653
270644398
1194212483
517066708
331860271
552322279
433145152
553736929
430818033
348841745
550018193
382628213
447854035
665534351
411431685
166717558
404178839
576266543
408063403
415046982
588261372
472349063
633445943
525337586
352894553
350190727
589792846
492397882
676488007
510152342
499761677
357519573
494636463
568759673
543638692
374147109
779393458
51032458
397429732
516881954
526498909
451528332
657973942
772485854
814229400
407730279
511568840
406746031
696971600
321626226
435561383
472952348
505331658
713232406
473951252
415721897
783859781
308758908
561471888
709276340
531865103
474937479
288104491
513839969
349771133
423482608
564505646
670022883
326953467
542108115
396512734
692448185
377037764
314229287
387306091
263676404
591423130
516902541
373121367
633998755
502427963
385382084
619737325
653715643
536664130
327770425
499791285
304636114
294763121
517909568
438646806
516590757
558686458
755008056
377171891
483227612
332329494
380197214
349884444
519628441
654610890
563833302
730141660
548496996
657334005
596469090
460546569
358780540
241280602
826260347
139059498
702646727
793113319
546389185
943286392
668952542
326069480
483255843
219029512
447623199
341239044
674079885
735383743
405470883
665089983
433011599
392685270
735180311
843844499
672339685
599056368
371237601
493620290
430522823
448417749
673042563
390392279
531770736
493193151
538811310
394623333
291562567
501448777
423908368
423779376
280217679
516753731
563451692
481731782
316648219
486567764
697523737
421156854
455185266
667461794
610622428
379064983
486621180
278402762
340863882
514343405
508774653
477591351
270020064
214148115
423902622
384275892
383474873
291916135
337225123
362129907
338807062
290749559
285359721
229502631
162483073
237424027
103780790
168060903
200452370
196463297
91868494
97848842
52591556
70856531
108163546
98520274
102879357
81367636
44812795
62136316
90784928
42085928
72862552
35591795
29754271
8495372
57174146
15408946
36571343
39058074
54605867
3159080
17967340
28752908
75033052
74258634
71686942
94744103
91939198
88857373
90021669
86419458
139109834
220936338
227870182
188312054
216070463
415842597
392454810
365854942
385397787
139894028
555573258
341517628
503681002
427749832
661084776
547699399
372921906
555615887
515334384
193962061
538953324
706683475
336014425
540315455
471398416
513238464
425790450
647732361
534308342
489865078
288949805
489246946
430282043
332241573
55066325
593382382
492820892
576573445
666784234
696142007
427216265
639536304
368446225
447175921
514887872
511562624
548490462
443005504
851583653
430136930
705248816
684517104
693409587
727012943
509125297
376841834
674779037
468163197
638042078
348538517
742486594
412711300
914753577
412766367
319589849
306854172
463849420
438120448
713908747
121786553
682387465
662421652
719001886
435897524
335253905
637094203
709872843
472263703
664902163
481722485
