776895895
713710450
689592526
629845974
288497734
279233291
456491166
417540628
529158860
183569962
593009393
240989028
634111970
324465148
394082401
639247885
354910514
434464625
449466982
516388154
365591310
329937121
395582627
251757432
482580369
427285433
423650828
520294889
418745632
444364457
567245343
274359200
465727574
771979592
331519037
629028297
861554170
314540915
396675491
396492703
338784773
389000932
11256425
308651786
488458502
436723039
345981200
772538766
423656458
555183790
632290671
548058921
350698762
593180804
564465448
357085664
514862252
525115988
181432109
857544337
496665491
682800047
553188561
604592998
657275796
333248736
532958785
487383935
763489786
417271775
314953450
644326830
312476880
274307605
1193633040
517441566
328872537
551847999
433396969
554161996
428957169
346722851
548287160
383101753
449780864
664713970
411058768
170222484
406872684
579817989
408371824
416394432
586143247
476077173
632704700
523972096
353489550
346581464
592220718
489162965
678910407
508359920
496886628
355636760
493418021
571107346
545993024
375763563
777960278
49906127
399023934
516144609
528805925
451676331
659073651
768349633
817712528
407325572
512027171
407178069
696205713
321073925
437004804
473087847
503136432
712173816
476299023
416734627
784320818
310332813
559181326
709213602
530678844
479976599
288464421
511405451
349389312
423698155
563140180
670147719
327789217
540247538
394701072
692363644
376848117
313491741
388175508
264189252
592585129
515970711
374578367
632570106
504501997
383470687
623642240
656634995
536579484
325871139
501469631
303604289
297112844
514465098
439651279
513166552
558630745
753651085
376247052
483729313
330077458
380996060
344671704
520978201
652441350
565004380
733159467
548120787
660524909
595749040
461087026
358030188
240832593
825116344
135990642
703990330
792629243
545872561
942497403
667178226
327037869
480922471
217823361
448140298
339017747
676670964
736246348
407014479
660871887
433691032
393075721
738813966
839754424
672376622
596528491
368570147
491202448
431786418
446427952
669362014
392607500
533876103
489790463
539741027
394133383
293576936
498023716
422786096
426380764
283009604
518354614
558898361
479064500
317476879
485054175
695159282
419631158
453757144
667901465
609824403
379045153
489568204
274321148
342033893
517035533
506772136
479728424
268548621
215229394
420537430
384088878
379877034
294388797
335850478
360162711
336800821
292570835
289646066
229062486
163617270
238999342
105280574
166863937
205656668
196001201
88885160
100997049
54079405
74036560
109562270
98777444
102480478
81777023
45365749
61963363
87961396
41991963
73990288
34871052
29522884
8104378
56701028
16731277
33259344
37429541
52893803
3735535
17531713
26841833
78318154
78196404
76853525
102096948
98187031
94418228
94670974
93042974
140878641
224178411
234541113
188749387
217106023
418025885
394162313
363896945
385805868
139239404
557822357
343286243
506616440
428005819
663169407
546559194
370602458
558575714
513920606
194748027
539690736
709901446
339139134
538951961
472434239
512496273
426113959
647399381
537453957
490111369
289049876
486651353
427500101
333151937
54121939
593879663
491864616
575662108
672210529
696006082
427476499
637719863
372561734
448138042
516725205
512162501
551062600
443894324
854144860
430958901
703751134
682356053
694035479
726821445
509831177
379555042
674180058
470070182
636747489
349974022
741331075
407667466
917329623
414769225
317664090
308181079
463349902
437301891
714861585
124216001
681847141
662707209
716411702
433999986
335142148
638951488
711726651
469741660
662923154
479867095
