769985881
716132743
691720515
633656896
287282996
287482682
458166720
424253051
531704114
183380162
595629522
230120985
645360499
325765338
385702394
635239499
356804721
436869743
448008167
514381554
364530726
329835930
389255446
243233373
485836507
430328994
423471744
510056225
436471466
451232378
570972301
279161957
456569465
771872747
326849713
641279286
857468614
326329809
388186786
393064781
340661706
382488590
5929764
312244586
488080399
432205806
335579816
778277885
427454934
552646885
636480804
552309428
343360270
593562903
576891083
360067999
513782392
532040845
185334123
854475834
498485283
687026228
540188646
607184536
651658221
337179683
534533343
483204341
745327168
412563728
323832278
626227675
312397164
265326858
1177131745
523622179
334207537
554036603
439613310
570036440
431524749
351491712
554779922
388705744
446288436
650344227
402133890
168465897
410349644
573743747
413440399
412168313
591699345
477216456
631546369
528160104
349802366
344875985
575475407
484906655
670122316
505609170
499648091
355553784
499924778
563671823
527846151
376780072
785986793
56324119
402623422
510242852
543971303
459723375
661351849
779032390
813303311
418284511
515176730
405128358
689777319
314048769
431499120
457387794
499381990
704293323
467769348
420628128
784655156
309268954
569954682
706311975
534717734
474691937
282823325
504286094
342339825
422158751
562172947
668428362
329409849
529385962
390279338
698817535
380684500
319120999
394882536
263641090
593799080
522598519
366826652
635580986
498010363
389004570
621073849
650998815
528345073
331339116
498795565
303304536
290729019
514100673
438664188
520852979
561875232
749034659
372434386
485180134
328147320
383814865
358117211
521663159
653428541
562717483
729143492
550639953
659230652
605520160
460481175
359284542
256058108
828369596
136723723
700264350
800879530
548752720
943136894
666532046
327516215
484834829
213690446
453749714
340374337
662040734
746586642
401925150
668386692
431403985
395301279
733521164
867229915
688326415
599799038
362632037
487994767
431603418
450624303
702912838
392449536
525855484
491239161
540223000
390273470
297089397
504885484
421128288
428320009
269292699
530584045
598041163
479167181
324109245
496907103
724145239
417229143
455771260
665208247
614586433
388533996
495026513
276733309
331079753
507564889
501276798
484360651
269650842
215921038
426731814
377256038
386038899
300899927
324944451
362014253
335797475
288285290
280058724
233441431
161667637
234255144
96603433
158678360
192396277
195724644
98294454
90729370
57416263
68132551
112592533
104198140
107169331
87419245
43188064
65840655
88472252
46802501
71362724
40639662
26446671
16449095
46882420
22770982
38381397
38626424
42491043
559479
19785907
27116734
38914966
33711501
37657665
37544525
36820756
38842019
35667358
44722105
114162006
187733210
186073136
182137511
208343197
387821804
373863191
357503052
357789247
136638912
549814117
348719374
505776045
433668756
653991346
546067330
365734342
544906724
509138306
180754874
540947821
703717563
332868027
540431767
464102222
512833013
427648762
651932856
537814954
493953657
284191239
480232988
429620719
321907379
50352110
577694528
497168039
582560759
671508225
696002722
426295054
636692200
374476760
441546994
508144514
518724895
548038899
450381049
852781478
430730078
702289890
680997027
706399218
741955170
501428295
365409721
660744685
463662196
631746954
362559932
746843909
411716362
908680401
400415960
318785260
313982577
465921345
439885174
715853595
117846240
681188400
656768367
718980884
444402519
323229313
642896114
721466014
477588867
665564563
482587808
