776487648
713830891
686954541
633310284
272465938
274773790
449516647
422864621
528106465
187186626
604622908
244290740
633386467
322507997
398830627
641608176
353688372
433779386
448915385
514576082
363581647
331121995
396421725
253546206
484966572
423966227
426917062
516106855
418471279
437823393
560494264
269610247
464973752
776398171
330763653
631044232
865618724
319451994
398758355
396528973
342418159
388368919
11004072
301220754
490800066
439212816
348866347
775036275
423976221
554837814
633979562
543950203
353586847
580765843
557882229
356234997
517149039
515860432
186165919
852367890
489669474
677180237
551978051
606164811
651189178
333796068
530976129
484844250
757710770
419290445
312103065
634799796
314911307
268730894
1187607666
520622562
334505505
552688043
436021708
550088066
431388101
341732399
544163745
382000707
448480674
659562074
413081811
162832179
405805263
582833021
405321960
415647813
585017021
475028975
633883367
515519694
355105002
348574520
594975727
489893782
681965717
505392759
496375137
353793269
491285819
571544918
540797136
375085814
775174051
48715541
398710994
510755841
535328176
451019212
660693341
769565446
821655975
411238901
515768844
405745001
707162941
320203176
439492463
464487559
503861116
714472441
475666481
412680338
779255003
309210419
559357807
709496338
534588130
476461908
287245048
511310482
358259586
418429660
560647338
665439055
326461709
536116176
397339959
696233052
385168411
308624042
386635193
262515055
589658064
517771454
367736611
628359933
503322256
386456562
620133959
656878311
531363525
331049377
505999538
308481293
288455588
515862035
440177127
511510654
556095831
752777577
374640598
480743406
325661869
386213020
343408301
524763153
648655905
561290934
740967979
547316224
653338824
595156384
452193817
358599055
233624726
820871705
142515589
706969920
793604234
547348957
937524412
663763236
329793280
475545079
210089841
449377421
338522678
676236324
736713659
408862872
659238473
438046183
399114329
733992150
829444178
669562313
599899072
364949115
493119863
435300123
448059465
656602029
399291789
531455968
495713358
532310026
390198480
290733659
488128717
428246392
419082685
277821279
507130231
537363259
474035957
316193770
482938797
689564403
413215913
451958857
671974738
617150468
371626268
490925680
278871226
330098236
520827749
504044059
483581877
282099590
222028068
418158727
385463945
383147790
288356676
338193184
357659397
336926308
290486144
286553210
224311479
162396761
240062185
117280514
170412504
206246694
192238613
87690317
93477609
62737496
74635492
114744877
96134582
105171007
82703538
42567243
61133368
98121535
41951296
75295127
36944961
22852989
9056849
57495549
18654478
30671019
41209277
56378332
2808693
18859106
24205262
102398294
103976617
101882620
135970334
128750646
120287224
112023086
103476456
157599812
238198232
258409888
190636296
229182539
431391228
392298781
364586824
390755383
138921315
570462084
340507533
509651118
421488948
662398602
547749240
367762868
561292451
513759335
191103318
544722131
711409411
340984237
541586489
478365542
511019894
424074049
646497432
538864779
489107725
290009476
485195919
426145419
338266319
57390551
594733496
492170129
571896985
675506598
701248768
430868745
646210476
375090141
445191772
515727178
507000582
545303845
439722320
858220593
430315902
708973098
676173383
696144692
724151444
511992697
380890720
675382541
468121073
641793372
353422872
745935708
406954600
917584412
415365302
315019246
310766383
456251518
436353499
709579123
112467353
683453639
655061654
714748316
432813422
328678426
640268459
717025727
476834699
666418326
481636237
