780421415
715057522
690516115
629712627
291661999
286643628
454190349
415451288
529334683
182193028
590762389
243114304
637003678
316608179
392724306
645558598
355865632
434278651
448797530
512541389
366472970
334549594
394525321
251013541
482001936
426343991
426232303
519509045
422912308
446481166
566931642
270457826
467147278
771555374
329720020
629652709
862549660
312750490
390914098
396835634
338782982
391139996
10125975
313377968
488025221
437425339
345648096
773353241
422646866
555363223
630904786
553194052
347296663
588686680
567037491
358698727
518433214
527461925
183796368
859106513
500207140
688414419
550807747
611528690
659616934
333458232
532000477
483338909
758570803
416986180
317261386
643005625
309206751
271685370
1190835064
511591663
333946098
553195656
438387481
556729324
429596852
350941409
551205681
385441194
444331344
659392505
407738224
166568345
401098970
569862561
408534675
413241706
590281617
476162398
632210218
526690873
353296017
350437793
583829648
492335412
675729660
510370464
498143942
359652479
495814949
570198585
544248723
375424445
782664939
54042152
398507909
515516917
529356829
452513473
656288101
776657202
814601313
404747122
514963483
408084616
691800160
324127858
434813053
467599536
507926675
713155323
473179994
416502312
781126810
307472412
562423766
707565268
530641516
477058013
286619856
505886086
346298625
424252365
566338938
671069820
324011352
539266047
399075008
691791639
376629006
323184990
394486832
263465449
591687938
517540079
370678416
633384384
504185184
384852510
622582302
651557412
536604254
331838616
499707451
307252347
294762454
516846822
439551456
518759656
557443695
750920269
379130898
485734866
328904615
381450848
351565253
520322081
652712628
561926007
735065393
550539267
655788844
598605049
458243276
360778448
242579068
824660488
136760274
701636948
797118452
542339521
947377884
667697865
329432353
484464486
220771227
450648403
341892301
674019938
738730151
404015493
668826555
433936454
394984929
731905044
847174588
675482690
595410145
372476637
495997613
430018262
452127854
675678276
390798704
531344362
497875962
541089645
395458611
291801309
501687687
422094653
429966620
279461596
516104608
565750386
481886035
316852886
488103848
703119423
422464695
455751531
668023620
612787817
381848165
491225933
280129009
337307411
512097326
503893775
478119313
271872434
212754785
423198348
384167498
380727864
293201873
333276818
360929364
336439316
292170485
282599675
228520931
164334034
235198086
97747547
164906238
200964475
199520939
92591880
93587120
55687047
74467029
108509563
96133039
102317695
80527395
45945727
59670724
90105327
41382363
73256039
38306949
30418258
9066344
65280617
12088365
32998013
37704973
53097805
2801922
19045874
30369082
69148726
67650601
65711698
82055742
79725599
77839805
78926079
78261809
130511653
216703008
222577339
186933866
214618058
413734276
385185250
359803020
376606905
139207352
555586512
346097574
502925783
433191694
656350032
549714659
374619968
553029152
517835036
191996680
538088298
704448218
336690511
540733542
470276143
512911523
427884983
644388169
535856985
488736758
286051769
491783566
435518982
330147167
55936456
593016685
491862102
578095775
671587306
697013339
426424568
637387869
371892250
441913791
516380456
512378931
553152168
443277181
848328893
429280583
701491453
681566539
696114907
725375866
504472890
373968835
674379343
468648003
637640759
353222373
743752570
413545912
910811901
413703225
315828492
310928652
464094734
439552813
714094536
122548721
681163399
660165425
722084108
435194164
335267141
642872766
709306625
470765966
662306228
478873534
