773582798
720565325
693807543
631523415
266576799
271727744
446048738
419397374
529507317
184303798
607721806
234807503
628596561
315838154
393725215
637116395
350958359
436604226
443852267
515291604
363556460
326520392
402756291
259599323
481390363
414597601
428778754
499969723
405392374
440674567
562484433
270355504
462802097
775138528
330160266
626017797
867444484
317370441
398188287
393825770
339819839
384671995
15989905
296646901
484408634
443560479
352004290
774744606
421644625
558940415
636228096
538801146
357653995
575987335
562255997
359090247
522561409
509751818
173475596
844609843
485483844
681630725
551187425
601543841
648484464
331137510
537645273
478486279
752254454
421440498
322275991
631876720
312058110
266916994
1168453334
531578579
331938783
547683222
433831430
556318205
432651026
344335167
534928343
395423425
442068923
653983263
418969404
161529525
407403585
581387520
406595858
411664811
580962406
477485379
632583119
497311316
347906081
346896291
597624259
489578976
677122589
497638863
508173139
343452976
483461339
559223453
535614463
363679952
770588233
49566474
402605105
505619997
539164894
451966518
664670061
768421721
800608216
414224429
513036725
406524740
693788787
328205657
443133852
454481605
515232398
723188362
467803476
409775676
774380573
314540282
548201468
704719564
533431464
475614297
280049769
510121673
361230479
425017945
557101649
656813254
322655596
534841827
398481431
689559026
392649294
306139034
391000867
254572116
594149869
511312625
369039236
623970544
509593075
385488357
618571127
650127577
538115773
335543343
500891706
311549245
284409678
509395513
442887354
517796338
547920083
735507734
388382550
488147156
331281183
382510952
342171707
520828048
656186243
562556207
733751427
548999101
654209230
591942779
444242680
342929039
239107946
812172158
142436426
710369854
799749754
543669137
901692222
667655925
330885371
467749128
207907001
444547477
333140766
674040693
716961065
420587487
655312119
439353497
392378403
733431274
810959715
666991752
589881368
371618519
491235502
437553060
451195710
633234641
403982458
534955338
495249098
520787650
387187812
290173340
480737266
419873163
420665031
282795778
501037884
516000582
472179186
308448359
481181806
712758603
413664367
450775567
697429212
617765580
376770803
497829239
279190132
325586529
516616786
525398779
499850117
284339544
221574473
431315879
379399029
380184088
298746230
350206453
373740673
349761573
286060419
294009883
223992533
161043122
243432943
112846357
162415254
205637182
194907296
94885643
93739842
72603722
66115249
124860387
104595899
110435978
79880938
59847486
61761621
101229359
47613934
82156536
45064045
23942113
13243362
73597608
17959743
35753088
38282926
57955180
4337403
22258939
31110453
138242784
115110275
138113275
187834533
179077289
124158666
157703500
99022597
181180526
256314764
298942923
195668731
235931031
448233057
395098097
368840661
398964613
143123938
576793900
345246438
510723137
415994568
674584222
556396082
368364051
561282052
512009807
182956626
530682476
704186267
351301193
538170087
479426157
516671203
429454703
633846199
542098387
490464392
296446967
487546813
422912231
343525828
53786210
592501414
487585521
562135147
677021412
696653042
430545438
643494316
377563074
437019560
516051513
510030465
541746384
434605780
852929580
425949892
698625670
676280155
702852006
720036221
513002585
379924020
678108386
464363164
652096182
352675298
741900414
399835052
912101664
411080465
313585501
309254874
454666339
432016124
696999464
122185919
684681613
643757239
714174385
430611776
337272518
650604691
716473108
481614962
670678075
485863128
