773970020
717501860
697987970
631882884
273281789
275474540
448949070
422858443
522603656
189009342
608153951
239017870
635357672
316256281
395860000
638555195
349322100
437385367
450164868
517656946
359508063
336238828
397580210
254860686
486021965
417432584
426457086
508684675
415508838
441828090
560641813
265890504
467597145
777276503
327973782
625673656
870006966
321607378
400196017
396294206
344102534
389349052
8812223
297592293
487495252
439223476
351622562
773796923
423581563
555368656
634486127
542509514
354015961
579618448
558784797
364032984
525183691
511889882
182003251
847933115
489842128
678030628
550524126
606152858
654524952
330701023
531278709
479311198
762177336
422794201
315680737
630610671
307903035
265257273
1175946503
521138062
329749895
548396933
436119517
553006583
428834434
341607139
541526992
387812149
443700503
660273037
411330203
162234946
402546343
577048741
401796428
413678762
585170955
478152199
627379327
504817688
350582527
347468740
597410212
488493402
679701351
504573940
506375352
351842249
491288744
562500120
534759324
371719932
777311249
41738305
401553561
502094029
534582913
455063563
660298933
763054133
812702031
414511394
514839203
411566356
700660882
327933663
441384746
457602507
510475123
720880196
466751243
411439153
774977598
309335910
550498356
706113091
540776888
471843597
282833659
511856553
359150539
426091474
559682523
663550918
320113623
539235791
399041998
690896156
388107630
303721652
384776284
263858027
594702996
513004378
370026516
630676503
507608353
383108366
620612205
652151388
534021401
333015065
510053469
314332751
283566790
515487557
438044874
518049776
553432528
744593871
381725184
481213091
328661745
381792276
340443072
519287783
657136696
563837023
738665690
542109414
651762069
598102208
447555084
349115975
235380953
812716429
140744055
711280327
797470177
552527060
923444098
664854230
326954316
471692286
211671927
445900270
337359015
672978836
725200525
418752953
658578808
436295912
396315496
730761323
819110131
666442427
592135911
367826709
488618297
441798524
455452323
647007507
402100043
531950703
497326422
525511015
390346317
287594675
484016707
423763945
415701144
282022370
505410753
525962192
476077591
309662083
479137243
696784744
414096411
455043258
682101177
617971675
372207867
495841314
279197996
328694270
521094156
514020214
488867044
279347075
221463851
424531040
382609333
378492686
292166205
344648119
364352915
341221793
288437544
291229775
224728344
160830657
241242057
114647713
166519973
207203423
188286470
94573752
95670569
62596726
67962032
119959360
99775706
107442939
82857524
48200245
60079130
97852600
35065878
86979161
44868846
23489875
10226224
71629691
21143591
33448328
41588485
54121845
704701
14382632
24590513
118819833
114007973
113402242
163778542
154724599
122239058
145152590
101352414
166623919
246696707
283530530
190949575
234446584
440508528
390202947
370827868
399959608
136854248
573067192
347870279
517403069
415726080
667193322
554848161
368618758
559100857
511263900
183749490
538134922
709189995
350182586
538717518
476013026
513205237
427502771
638494191
542477468
488772845
290457154
484060047
425194859
344335293
55217809
591074691
493690178
566053636
672190163
698701821
431672485
646589035
376023387
437327319
518588618
515299189
544205361
436317007
855789259
431123194
707931182
674315707
698414336
725041410
514048930
375808247
677813781
467553687
646076922
350485330
747638348
401349224
911021056
417126374
309827399
307180071
453776626
430760019
701241939
118180485
686496569
649640279
711874014
431729451
330803541
646341885
712822504
481448310
672021886
482975545
