775677928
719615365
694597987
634068946
264011026
272045169
447279046
418596156
529627730
186010962
607117436
236197725
626962641
313917016
394561475
637965345
354573013
437870578
443799563
516169038
363795672
327884856
402976169
259926978
479986652
414468826
428007357
500552144
405903285
439035298
563291247
270414977
463467477
773693745
328985624
628283805
866461967
318658094
397541775
393716383
339799105
384148164
14771151
296251351
484913680
441517091
353027007
776212153
421560094
559169138
636883170
541818291
358729398
575941651
560552212
359829921
524476577
510424271
174151873
844604883
486417354
681650179
550898269
602172687
650769211
332660884
536846634
478650589
750780434
421822561
321421901
632467504
311350290
267839020
1164450689
530258865
332796860
546139754
433440059
556723864
434276280
345347710
533821188
395343026
443097637
652371570
418652994
162575187
406374816
580276128
405052998
413901250
579107264
476857660
631137611
495809964
350641507
350347296
597035524
488554602
675678608
498801091
505554875
344275467
483012109
558115094
533834415
363747226
769734456
50502336
400964609
504778973
540228833
452705423
665400687
769245281
796687641
415257171
515063805
405503909
693726510
327022615
443707745
456908629
516206761
721870619
470245696
410595552
773288521
314658889
547538080
701440210
534952074
476204194
277966949
508417099
360708460
426468405
556094568
656847892
323802905
535151148
395343204
686264557
394126957
308686992
390075728
254244147
593172053
511856029
367823935
621154627
507705720
383282560
617564613
647549209
536581973
337740641
502384990
311946703
285484901
507328158
441775479
518032854
548477545
733420799
388059061
490793075
329610306
382626733
341278132
521996698
656250938
560901806
731902391
548638549
654407687
592789206
443444002
343150386
239055675
808760072
141715917
711780464
800960364
542303478
898772456
667662741
331060528
469049666
209568546
444209123
334114452
675428175
716587453
417905580
654810192
439662104
393537842
731929019
810378973
666286231
590286672
368987547
491839787
436439066
450190477
632024340
403555640
535419966
495835812
520108839
386712971
290922319
480671876
420115419
419902344
283087908
501586444
514710942
473498808
308373225
481367690
714019811
415557774
451643488
701667985
617363502
376200620
496284474
278953124
328325099
517312062
529047765
503576302
283612232
221842863
432713667
380090790
381277867
299135905
352114048
373813155
351966059
286741805
294104889
222721531
163905814
246359121
112821465
163283801
203469760
195447710
89954550
94251923
71760165
67800213
125236944
104709252
110905229
79076847
57870238
60822603
99872742
46783577
82720642
46102634
23945450
11335761
73442797
15822976
37373643
38437583
59405467
4588723
20419873
28794653
142478926
117062237
141566206
191302585
183601707
124940395
159062757
99279429
183271100
257227080
301479047
195417438
236345240
450084428
395693959
370985353
399293358
142588688
575243174
346192290
508124281
415408476
676273807
555548088
369149200
560234598
512521877
183759622
530984223
705481434
350975455
541796882
481151428
517532159
427046572
632070822
540882856
491822827
296709377
486370510
422529479
344443960
53013360
590838059
487573559
562626673
677174010
697428222
430351618
643215207
377643485
436286625
517187062
509570799
541142873
433445118
854031189
425817338
698113980
674843996
700439608
720327853
512673790
379371439
677556263
463809114
651031855
353930596
743316676
400332837
910545749
408420944
314712918
307781010
453431978
433937571
697791438
123018808
685409215
644069092
712578575
430454080
338049027
650241442
718882584
480406752
667685467
487040478
