774808803
718266131
692618462
637774268
287743968
280242581
458125647
425227336
532439947
178700564
596087473
235565576
646027780
323740931
381682700
644861892
355578888
434585966
452599776
516535641
365552990
330726045
387007581
244886217
487023779
431185444
423323563
516695045
428024810
449086927
567714155
274664828
458500655
772561045
332050483
638989126
862598060
320457233
386141542
398764779
342310563
382963264
8622693
313957311
489786320
436265243
344182750
772795715
427651366
552647502
633829617
556200052
344042291
591688574
568930192
362513483
514002354
534582545
180058157
856914211
496114630
690223554
549391508
613700118
659000965
335290799
532578614
475518699
753512287
415920837
319720200
632597184
314740746
267632305
1178604502
513939358
333776542
554671273
439005147
565545085
428964922
354746517
551650277
385383233
448782904
653419417
407428265
169588320
410871541
575146585
411477820
409470767
586985371
476683334
635439122
525769084
352055187
347025378
582236012
489267893
675641098
509617653
505260944
360530188
498903685
568341007
530810248
376715082
786329993
54167577
404646320
513529582
534618462
454746743
654866590
777149114
809555425
409095300
517642597
412755336
688706813
315659747
433337189
461101249
502743035
706928502
467715964
414214574
786161060
309944717
564571340
703464390
532101246
470334874
286296574
504751469
344075340
424216252
568950283
668042240
324342040
532214670
396805103
701548788
373545330
325078642
398613304
261011339
596740423
525304540
362482359
630905530
498065376
390904085
621489394
646364898
531021968
330851520
495676474
305345245
291955313
510919845
442546271
519790761
562018104
751129132
377770771
487143124
331061594
385977634
358134221
521984283
652043943
562954256
733702097
552389230
656260285
600112746
460822038
359392288
245378370
826994370
136232482
699248127
798707953
548304346
943226305
668134989
327195335
489181871
217710149
451698832
344828475
670425027
744579013
403647016
666221618
433024984
392670892
735041684
858855073
682614765
598070927
367058163
493462867
429453872
449018746
686111053
388266996
530386850
494904469
539046374
388823564
289313866
504034996
420667998
427865245
271921912
524399739
579572173
478770883
324383350
491998516
716961398
423948752
464163586
667509094
614123962
381572491
494362790
276862945
336918138
508102023
502400897
482813370
272442366
215507641
429392511
381042494
381739850
300839138
326489449
358514773
333248005
291823647
283480366
235464914
163202649
237131194
96156458
160603928
201224899
196594721
91087704
96045412
54005668
72178643
110170146
100124285
111037325
83716489
44384626
62966072
89816024
45911348
75282273
40602995
30947678
11441398
55323119
21385766
36116754
39659046
54644740
895833
17088576
26034019
48587131
47742459
47508374
60570083
60127129
56440198
57923165
65344775
120443003
201671283
201641441
189674856
215865439
396443576
383695926
352906058
365976106
139301863
554842666
344933365
508058045
431385109
660487476
551322190
369298441
549729356
515058709
183046444
534736616
707019787
335619743
541210843
465357845
511767673
424816898
651449568
536862545
493823098
283702087
485786147
435057767
321792920
48737028
586102116
490535384
581353500
674770647
696379427
424391991
636452173
373870974
441149132
508910561
516089161
550245096
444366461
851398358
430927521
708013206
675241210
697678578
736976984
501808450
367628866
670725515
464543025
634122878
359161802
749625799
415061853
911514904
404035634
319774204
309150664
469377669
438682763
714167530
123703626
684981743
653954631
724117315
438970693
330263969
643316996
718605598
475140971
663137138
481783634
