773879125
719781135
693515659
631930460
264417685
272432146
446067377
418892097
530107843
184745506
607160753
235295942
628267448
315070595
393751208
638506597
350639896
437203983
443971771
515646601
363529784
327008562
402201031
259065620
481050760
413714209
427599550
499626187
405736363
439942846
562472521
270217085
463232108
775355046
328693155
626822283
867998458
317294755
398344517
393585752
338987224
383926718
16603095
297359997
483833721
443393299
352564170
775052929
420617719
559268625
635710641
541389074
358823750
576796989
562623191
359630420
523531689
509630093
174296487
845037744
486229920
680858338
550346191
600843082
649811639
330895738
538411435
479375768
752678855
421034477
321662145
632407080
311769216
266633974
1167447060
530897476
333675986
547117390
433499510
556254452
433110825
345222917
533391516
394771465
441595807
653882712
419334153
161498183
407381043
580505072
407533681
413523586
581379763
477227520
632308394
496961303
349808945
347846067
598206780
489111262
676251520
498127415
507503203
344297281
482924529
559813322
534685048
364132942
769474862
49812889
402238960
505192739
539066605
452576418
666462981
769763453
798479050
414980616
513250373
405722101
694398350
328186810
443921706
454727399
514893511
722349983
468633865
410180033
772887493
314541079
548443299
703651926
533574775
475650372
279395203
508639783
360329568
426262622
556548415
657418716
322532817
534906049
397568170
689384874
392142449
307355146
390368714
254891623
593812240
511793025
368991812
623566917
508528255
384552784
618048048
649348631
537169835
337450077
502582996
311553025
285525850
509881063
442749738
518090654
547837349
735871605
387239980
489603301
330213152
382852455
341476368
520715169
656458944
562189308
732403637
548693956
654673426
593124248
444525520
342038448
238733289
811693131
141492383
710997892
800193096
543705336
899839892
668199114
331337168
467500307
209213719
444389909
332522695
674250351
716115949
420138379
654159578
439185008
392327164
733467557
811218263
667859638
589890857
369775624
492298761
435755972
452369573
631768895
403250065
535218737
495552547
520565183
387524947
289892502
480638710
420445065
421537651
284408068
501153810
515630323
471585743
308894157
482163729
714845042
415442501
451816742
699155435
617921121
376314576
497523927
278940268
327094771
517360604
526397081
500954629
283827007
221912260
432143871
379410899
380189151
299469203
350733474
374414207
350766484
287864013
293899686
224019712
161958076
243881099
111941205
163738137
205412223
195017204
91163521
94031096
72195935
65920083
125001985
104731141
111024368
78740325
58603700
61122459
101226464
46789870
82675674
44805786
22523392
11922976
73526365
16481041
36245467
39403796
57772516
4108916
20929431
29617996
139137488
115640127
139381214
188858087
181470145
124481328
158636421
99240992
181545699
256855869
300104138
195661382
235077802
448718063
395656012
369564370
399234142
144348277
575557761
345781121
509733964
416658870
674809074
555888306
369131729
561481606
511522130
182868548
530515769
705173282
350448428
540298339
480085613
516907496
428487292
632485144
541150278
489969805
296097111
488462240
422588716
344528255
54165617
591543768
488465424
562725329
677800510
696598641
430270259
644649920
378298242
435917081
516326192
509438655
541883739
435331899
852424745
425354653
697972048
675855331
701879847
719205629
512502515
379511445
677803705
464071512
651556588
353219984
742151996
400505929
911863605
409855724
313031905
308734918
454614964
432426549
695732340
122667143
684046740
643400988
714199873
430089526
338250736
649836018
717189205
480548586
669762301
485819654
