771312583
717845138
692266546
635260368
287559302
282849059
457760666
427185574
532598374
183432229
596054427
232181255
643821188
320648758
385690457
639503508
353669293
436091231
450367199
515230515
368294929
330176627
386119964
242427553
486273653
431561689
422859724
514546130
433454655
449782592
569486163
281382362
456752902
770304616
328256959
645014648
861684023
326430378
387908629
398176546
341370077
384001431
8382830
312241289
486861625
432356356
338272614
775271688
426334743
550895982
639039968
552789511
343273035
594358580
575005171
356145142
514327953
532822926
184811396
855771616
499474071
684939913
546291115
613396572
653980803
336584040
532933291
480909643
750388807
415542647
319293532
628619162
314529815
271491445
1179134926
519924203
333590715
555824666
437329870
568667102
433457729
353334300
550456564
390234166
446619009
654553120
404296951
168005917
413388973
576979159
410423951
411217871
591715794
473851181
632191483
523310318
352836624
344180338
577812045
485463572
672539179
504165236
501526352
357718079
497501607
562303198
529833341
377156186
785166119
57537161
403340631
510497226
538842036
458288826
660605357
778300453
811713387
413621466
522459717
409008529
691529259
315645407
431833758
458521445
501399229
704007160
469614357
420179556
788051071
308055200
568629047
706990464
534895970
474687059
286327794
504208426
342957860
424107358
566056327
667982481
329447430
529750938
395125672
699327252
377181114
320884889
395964902
265739624
593633129
520807889
364750932
633044277
497500310
386115231
618724096
652927758
527381353
332182362
498320185
303505270
292965291
515584212
441764894
520617824
562760872
748063372
377954400
488030562
332923054
381042923
359148531
521784731
651511652
564118337
729275687
548293940
657670835
603990998
462543353
357769733
254329114
828997919
135223000
700117442
798018097
547095229
943507752
666058947
326839477
487184591
215365331
452108774
342127727
663148107
747973632
399790877
670244314
433246956
393067018
734865997
864191740
683248126
595393615
360770960
490228754
430020107
450571792
692676291
392220538
527124898
492932402
538792725
389853271
294368830
505805471
420554205
427455557
271467399
528123077
590642400
477808694
323371915
495288703
719495340
423201641
459548320
663350234
613876093
385414737
496081031
277651855
332751376
506476899
501767815
486598934
269024177
216905826
427611010
376747681
385389353
302093013
325673064
364588383
336481539
290903467
284584218
234188126
160983057
235569506
95956067
159821385
196119846
195550550
95694755
94568748
57503880
67914323
113651122
102769425
106481119
85111775
41188607
64974118
88504984
46341086
70806284
42333666
29116012
14568114
50894231
19629337
37171736
38770210
47172789
1861931
18267635
25372044
41490443
39323764
38123409
43524304
45401771
46362681
48372169
53406449
115278114
194283154
194779295
185789370
212132062
391741972
381036694
355584584
361599881
138710735
552704264
350931999
508296384
435747959
658936770
545876780
369268963
547610459
510429972
182422179
538508516
707938275
333083150
539260060
461716984
514825584
427327166
651130776
537316833
492547061
286399316
481083574
430581464
321170526
48043300
583270720
496118101
581130740
672529786
698332403
428084314
636859797
375482463
439705659
508151290
515695551
553508012
445638868
849020408
431264819
706068931
677585797
704483741
739859125
500221237
367542865
664360775
460693484
630432159
363320983
748916413
412349296
910750000
406149370
317988519
310716740
471084276
440766606
718472365
119092312
687313465
657742930
721662640
441661993
324326296
643790394
721009527
478027211
666087801
481784629
