774733146
719309118
692241212
635275463
288632787
281452022
456519260
425813658
533405072
179115556
597300490
237212397
643822795
323495863
381609349
645600150
355584352
434363043
452846712
513996570
362027228
328821802
385967002
246477425
486654801
431705789
422327981
519017705
427039561
448585722
567349512
274072661
459261222
774000100
333124630
637684335
864109032
317165632
388323685
397310417
341945233
386839347
8666229
314379235
487478858
435653335
343219719
773975840
426424191
550899030
632470324
555799740
345498621
592006082
570080001
362987427
517088461
533780872
181215014
858873740
496531124
690442662
552023588
612116852
659535986
333059611
534219118
475793739
753868828
416949200
318845243
635380924
313711927
267375602
1181654523
513194070
333784811
553881474
439828093
566351474
430263372
353012010
550631863
383121165
447065024
655362499
407744428
167490507
407715068
574771139
408076217
409840251
587980213
477231948
634407477
523674761
354035289
346982052
583725360
490259457
675888914
511108135
502490374
362182405
498903882
568689206
532815528
376647376
784882386
55125047
401742671
516649920
534707692
455875742
653006893
780080588
809839966
410253902
516063430
412200328
690928027
317748153
434619230
462048615
504486954
708457904
467403149
411768212
786523780
309742910
564810208
706494458
531655434
470935239
284776118
506354698
342418289
426104112
568502183
668552869
323457329
534283591
395620584
701716921
374357643
325510679
398893893
261556827
596369601
523619083
365268065
630585825
498870177
388608640
621423883
645294130
533822796
334503040
495182417
303804656
293416493
510172375
443717217
522721227
564060003
752809435
378988636
489197500
330763017
386802139
357409799
522619706
652422730
562511681
732259097
551381928
655948442
601528464
459788634
358216253
244573130
825907964
136375602
699134054
799149673
549798688
943045008
669782541
329136384
489441670
218197305
450621738
344789217
669283027
741470314
402785952
664874306
433653771
393752585
733188576
857173820
681414863
597634860
366767223
492702611
430897417
449134589
687770407
387926934
528567566
495079817
536603599
390453790
289729587
502799626
421738079
429723476
273726096
522178411
579500851
476481223
323448635
492642773
713418242
425230001
461519182
667118794
613847763
380092625
493946780
279098356
335046043
509270030
504956333
479520169
271088634
214980452
428824354
383199189
378611186
298810812
328086732
360565492
332223152
290753680
283186033
234567664
163852095
237707811
95813722
160831366
200930836
195148265
93321842
92786729
53077102
72540622
110863643
99376171
110660484
84178510
45414463
61361396
87697092
45121081
74167300
43266560
30691323
9874755
55435673
18360358
34469516
38569614
55612679
1536050
16576004
25471298
51684808
50075847
49569775
61894913
60837935
59343355
59451411
65791007
122266321
204600463
203862950
186196926
217529340
397324114
384418495
352493168
368333392
137838906
557653608
346626531
508096606
432301234
663105313
552701312
370783117
550358497
514460678
183285130
535464002
707240893
335438979
538873537
466860271
511191272
424235103
650233976
537254024
490590827
284680615
487465874
434125274
322928801
47060489
586517347
490901649
581896548
673453143
697340874
423090170
635574870
373160591
440443156
510676481
517241048
551334017
442233615
851545987
428342276
706409052
676227268
696491136
735038262
500411525
368314081
670646409
465846552
634421087
356624371
750559851
416739269
912313402
402307789
318728497
308916737
467945185
436996778
715427352
123919604
682663667
655668491
723064892
437938092
330956768
643638844
716892278
474551599
662041995
480262935
