775176594
716487980
685424082
631016740
280947557
276668925
456754172
422128925
533458153
186261611
596566423
244077953
632419235
322365686
396285207
639272648
353061549
433476967
452048740
511298881
367731401
332014366
397651539
251996290
484587672
425490413
429049096
518045243
418504875
444114911
564336281
274059545
466406854
774898490
328294676
627616492
862211221
317393279
395610163
394377158
340431388
389024482
12443621
306587540
490931151
435159362
344844368
776458491
423297909
555939121
636297770
549215684
352254409
589157924
560916171
353237971
514071661
524213168
183997338
853716768
493945214
678893362
555675451
603413576
653343929
335339773
531208505
484222047
758489376
415747884
314228625
636368348
311434886
272579996
1194710226
518793386
329396288
551983799
433674937
553824539
432411220
348910689
546244775
384708528
448504427
665047385
411575943
168838504
403814387
577781555
408284293
416699323
586560707
474460225
634498951
517098071
350471417
347710759
593480054
486777574
679933971
508212948
499443117
355600315
492500663
572361412
547525367
376661194
776265245
48959930
395202292
517236879
534511894
449809751
660229999
773392495
821393283
407379898
514634457
406557158
700235674
323241167
436513823
470957440
504602819
712938290
479766355
412748986
779717645
310300288
559862531
707213150
536658124
478589799
285058062
511395070
355864554
422545439
560198153
668351962
330569079
542570869
400866952
690442971
377820231
312259698
384295964
265935131
595052952
517058614
369025375
631375870
508560657
382196228
622436030
656602601
533050794
328889192
504785000
305624970
294182282
518329428
438686775
517177190
558155845
751733564
375606093
479771232
327269038
377076037
344509773
524115311
652441304
560686918
735471135
547372967
656281217
588967764
456389814
357551384
237680379
826515610
139199411
702122191
794834769
548175385
938424015
667644027
328862886
484411733
217321889
447762440
340794733
674166034
738490684
408544851
659838563
431899654
390698132
738619394
835532015
670929027
599185351
368002189
491385479
433858272
445105854
661062677
394120203
533073503
489625400
535117485
392723226
295606104
496471511
424756512
421744205
282092115
511640594
556919289
475887142
317471396
483510995
693339017
419815341
453886733
671015837
613014025
376933791
489215266
276991130
337269302
516542621
507499749
480818634
270302699
223623527
421006281
382139962
382187719
294097913
338464210
359408862
338585770
293438629
285913930
228250710
164857930
241015623
110130206
168084213
207331276
196414093
86669727
97944754
57282052
71793629
109870638
95466866
104175749
80462219
43219849
59705811
92096728
41636168
76013975
37539345
30668380
6979030
57511711
13069880
32352891
36784727
52903873
5781192
18446859
25859571
87362308
86404093
82627706
109915147
108765787
104884797
100872992
99530963
145335463
232294438
242575469
190911340
221433230
423906593
393313472
367112276
389476989
140134721
562402654
341837587
506901181
425419118
664031678
548732147
370869606
562053957
514913273
195905863
544491283
713216391
336276916
539033515
474360161
509019013
427294960
648213577
537189439
491004175
287331452
489638026
427839598
334096820
51046675
593174731
494308994
573834866
675407656
698256582
426661862
638414266
371356718
447153356
513376513
509449162
549928253
444880674
858061196
428635808
708821282
675940932
694839834
726991125
508086120
379067282
672293269
467225205
637125032
353297091
741685832
406904088
915177214
412655886
313379458
313051506
461164802
437009725
711798891
114724570
681836979
658143063
717483711
431841671
331983610
635526351
711992320
470874980
665443772
478355635
