775648348
715940493
686761791
631658109
283456389
276855822
456478612
421352879
532665616
185234632
597122080
243540138
633714909
323455515
397132777
639643516
352962483
432887447
452106196
510446010
366096119
330598641
397219127
252135506
484680287
426816016
430708857
519582794
418158217
445304900
566300381
272473105
466077499
772953926
328755071
626704473
862338142
315191622
396501406
396328852
340448089
387543025
11433465
305391380
489957242
435216457
345938068
776103050
422344437
556376317
636891553
549679580
351100420
589448140
560414032
354728068
515352843
525232071
183735606
856850781
495461063
681625916
555174514
603390410
653374447
333860558
531274753
486340003
757848098
414888262
312869757
638524671
311446586
272687340
1193364774
518071103
328674164
552587569
432725082
555105987
432143350
350124649
548349438
384521543
449785468
666376858
413931455
169784457
405422772
577777534
409328989
416206394
588007565
472062263
633657772
518833744
352996464
347255192
594005554
487422188
681296633
508879553
498087907
355949248
493001121
571930454
546874640
376393877
775793600
49604462
396342071
517001726
533980400
450148154
658812027
772846445
822326642
409714782
514949106
407744051
700617915
321680665
436370211
473576844
504664011
712083543
478148831
414308636
780071003
311866971
560095858
707998951
534682108
479063234
287020309
512094740
352808147
423422610
561487622
668491667
330285907
541668661
399117152
689323817
377428834
313502064
383473809
264355257
593724077
517066583
371399149
632094683
509249122
381599032
623445440
656063660
535712349
327995889
503309116
304740134
295866342
518506922
439879238
518130823
558303366
750127625
376028977
483362553
327824696
378071708
344712972
523046619
652185571
561534215
734781892
546754343
656171243
589742842
457120659
358749475
237743669
827600155
139369304
704727359
796637879
548040304
939712312
668513307
330007054
483288531
217893232
447278555
339614064
675890717
736506903
407736345
658902477
430299609
391101648
737282476
836188066
670775690
598212364
366143985
489082301
436143844
444452909
663066570
393954551
532283308
488594229
538447179
392327914
295782008
497665886
424067035
422082939
283065309
512398964
558991852
477249247
316417164
483370349
692988877
421432307
454445185
669427708
612448303
378040027
490526536
277495284
338001180
517082872
508211048
480330593
268324812
221725972
418795389
382289418
383305057
294014175
337170035
359847603
339734552
293131405
287824485
227629313
164530370
240218657
109297996
168720441
206981889
195776068
84179127
97783100
57574871
70995076
110083362
95815140
104664316
80861870
40006120
59500312
93211891
42440615
76255183
37118445
29980983
8314351
58171655
13940101
33083080
34498337
51832916
5438488
17861972
26415772
85753262
83189602
81121857
107778609
106875433
104086958
98329610
97584578
144601517
232690983
239118605
191588148
221531770
423109025
394014890
363954392
389371627
141601101
561937621
343431847
508078689
424039522
665418649
550926161
370472943
560599369
514139817
195512654
543619248
712965997
336058203
539605000
475062545
510098091
426611722
646612128
535135021
488962247
287221095
488481659
427689921
335369708
51902087
594763579
493391176
574744996
674558412
698440142
428131671
638328015
370665545
448534638
513778948
510961845
548810750
444416383
856832857
431247365
706637005
676647898
694643457
726286378
509230821
379174900
671149047
469785869
636567260
352481236
739413098
408257562
915380507
414284612
313111057
312444495
461549422
436610720
711630704
117562194
683426061
658849484
717062171
431475629
333225404
636515527
711683346
471670027
665761935
479971713
