773884638
716533215
682513018
630730528
274040821
276340736
456066932
424152360
532825080
191412864
600872198
245682649
631760638
323584828
397199655
640385868
352732735
431908718
450223731
511334683
368251386
332812705
397337761
252510336
481443516
421193358
427379581
516826671
416021208
440486715
561122557
272514971
465701140
775201648
327610684
629583052
865034894
317411412
397975605
397324712
344904121
389788575
10982267
302935465
489399113
434597881
345699945
776846657
420951007
555341281
638759042
548026136
350870924
584696813
558714195
355645052
516409381
517359623
185095505
853560137
492472865
677872262
553091927
603938160
649325655
338356389
530962265
481757861
756016630
415185401
310442952
633868412
314839954
271506268
1190176765
518181329
331375728
551999802
435382772
550898230
428444864
349104884
545554444
386609637
447257440
662543496
410000662
165705784
404957340
579500054
408109527
416846061
585790755
475470144
633150734
515912781
353765865
347330337
595711335
488349235
682395067
506354717
495725852
352252159
490421112
572692699
544795347
373238669
775150485
47119967
400862460
515214089
534950834
448588530
660958492
771031684
818460595
407049941
516073069
406485687
704988406
321117986
438174171
468905214
502552178
716306164
482412502
416208111
782080032
305598032
560887413
709300557
536965430
474781165
283538268
509379494
355535678
420121621
562672459
669029647
334107006
536522336
397785805
693246967
382346431
313848619
384700061
265616371
590623988
517952871
369993244
629373636
504461526
385974967
622091047
657593779
533895338
328658390
504430979
304816930
287328252
519096316
439229495
518228158
556753288
751240396
375753787
478977523
328936286
382290206
343090083
523290121
652020914
560608764
739487355
549757629
654035765
590815262
452776773
360453248
234294783
821366820
138502222
703907162
791977091
545491717
943931619
665934178
332353269
482704534
211951447
447391577
339630332
673764402
740925155
408747102
660880005
436270378
395175755
737201768
831186914
670590713
597094014
366458139
490651842
430665543
445739922
659089876
397879921
534397373
495657876
534673422
390977792
292014105
491874189
427292799
418479070
279130802
508980605
544410395
471758812
317345872
481397960
690387439
416403338
457984569
669798612
611968993
372859668
486471403
275719150
336279824
518712886
504855447
482364116
276277998
223296031
421167738
383013159
381068087
291425431
337906133
361356474
338610456
294707690
288801118
226488540
165421916
238328565
110812740
166704122
205364806
194590628
79853754
100883663
61039956
74609006
110156998
96190812
106592839
84696094
43228793
58745294
92852419
44355612
78629125
38617319
24668645
10283874
56381245
16280929
28558236
39730592
54602602
698727
18203570
27451765
96555347
92903179
91044705
120116240
117211470
110803680
107194014
100892796
149263830
234396024
250942570
189638669
226353766
428592015
391527736
362788440
387985401
139036522
565472871
340937323
509439987
425503329
661874162
550175178
369436487
564859137
516200793
194564219
546863665
715105710
338160875
540376343
479003577
508943816
424852287
646409867
540166514
488434036
291710589
485721112
426616006
336477408
53866921
592374140
491637149
573927872
675434304
700084434
429911333
642214974
371975690
444994006
511589704
510614511
547048476
443161786
859157361
430496603
704459240
675610025
697066219
727428804
509262919
379295792
677335930
471175200
640260924
352825940
742723112
405514738
914969617
412536346
312103010
311015991
459014799
436344299
710539304
115920123
684009416
657880795
715996000
427047009
330660959
635423882
714528089
474304676
668891577
482058126
