773160609
716878268
693957608
635659603
287932940
280796935
455814120
423859415
533349421
181459082
596585473
237196428
645468669
322293603
382595195
640725110
356244991
435964943
451095584
516374571
366954439
328676729
387002919
245294319
486330389
431986896
423511441
514655144
429111222
449591777
566798434
276849075
457070709
773423528
334658803
642734640
862594666
323133161
387809381
398186824
341887494
380775570
9739027
313240938
489617316
435905030
343094528
774608755
428331973
551335351
635767227
557882883
346324297
592471667
569628290
361699144
514112195
532578179
181194832
857572891
499315514
689485774
547636990
614072020
658820927
335267094
531418344
475808781
754126484
417687034
319799449
630574506
315599007
269132556
1179177126
514358709
331599396
554711880
441266436
566004929
428461609
351202629
551592760
386841537
450086123
653377994
406806555
169911592
412981233
576216142
409524355
411743569
588193766
476037955
630247840
526947297
350051826
346263764
582272040
489579005
676357251
508569637
504946084
359931855
497333401
569479066
530306616
376851465
787742965
56122634
405744408
510117418
536592385
455048421
654372889
777669830
809139770
411107478
519607854
411277476
690272778
315767446
432557618
462083682
501886533
707262540
467784062
415537025
786479504
309755038
565093794
705533446
531930761
472865220
285192446
505536681
344132062
423776118
568374002
667239286
326655769
530086075
396364994
700802553
374794924
323274724
399318319
263479424
596808908
525502026
363042181
631296296
498391047
388319079
622715696
648519633
531498702
330501125
496128169
303432523
291178837
510738561
442037887
520836818
562561105
752553803
377090873
489093975
332383441
387599960
356737902
521951901
651122795
563671942
732119578
550818864
658148095
600211343
461041210
360035138
246920465
826994356
135708618
700589358
799289503
546514420
942390177
667520529
327922819
488221313
216534595
450668563
342373172
669580491
745933247
402059511
667353967
432888655
390214421
734098680
862172795
683410041
596692151
366370171
493037779
430554443
447674547
688051039
390983255
531228757
496083614
540071365
390720730
291296406
504131385
420226220
426949442
271736926
526147011
582641993
479466331
323259642
491771831
716323892
424209484
464218081
666081773
614200527
382592405
497220160
277675629
337239842
510438624
501301480
484701480
269634995
215935870
427075702
376516593
383535360
302544529
325790235
357493732
334263188
291712629
283924820
232440432
162115876
236849589
94554343
162168853
200420684
197447037
91233498
94340160
53276171
72096256
111220785
100870123
108922022
84777299
44273143
66692217
89831448
45186425
71517264
39589353
30852729
12701931
55938148
21527852
34055948
39196869
51830058
1194319
18151641
22672986
45063675
43810278
44991431
57544364
55962505
54822920
55367960
62000763
118473176
200311912
200348623
188916428
215802850
394347488
381212124
353638432
365758307
138145517
554045007
345907319
507188378
432961987
660396533
549762556
366624641
549796649
513999663
186370236
537228490
708489409
338319779
539917912
462598749
512383071
423369246
651131478
537993314
493322689
283559778
485554551
432148783
321386248
49200300
585514477
489305142
582795978
673419157
698108628
425993912
636978593
374859277
440713115
507903277
516271060
550497971
442637794
847758533
429502254
708488992
675403034
698178672
737779642
499633309
367697786
669488190
464534882
633742199
361774473
749389524
413802837
909775770
402764342
319976955
310295680
470862433
438151483
715845648
122335439
682388756
655234683
724025463
442484853
328222805
642449022
719991231
478164613
664654227
481750950
