775885494
715970144
693959504
632101663
273988490
276344698
450788783
423746889
526441193
186583741
606920295
241457351
634224678
318188829
398465398
638033027
348589732
434317049
446771315
519951843
360116961
334059980
397781027
255685606
482693307
422196221
426231907
510880037
415402758
442626016
562047703
268268462
470278204
776939336
326699882
630997917
870580860
320573259
401133679
396007596
343528272
389617707
8726960
299080936
488841672
438892806
351546833
775281761
420935049
555368140
631591578
544193237
351705128
579064388
557192299
361711738
524152685
511393989
181662669
848860313
489803732
679271069
550813606
605303551
652525254
332083621
532723794
482147322
759529016
419368445
316436899
630235553
308754609
265427847
1180584186
521618605
331639830
550752840
438434008
552407313
430819220
341069584
543328930
385040416
447828452
665442713
411311331
161420963
401713467
577721014
403390900
413896069
582894402
475442083
631450543
508560263
349903591
345382825
596469110
489380734
679269478
502568695
505243565
353458714
493085885
562993149
536758073
370898169
778694001
42677741
398494737
505172423
537068271
455694440
662666178
763596210
813740478
411758349
515348665
407690125
704350211
328932819
439440660
457258927
508915642
720852620
469557568
412557714
775749104
308181610
551545325
704420855
537605343
472056873
282067190
509644244
357921640
427858625
560497363
664029854
320005667
537798008
398678933
693490510
386659040
305659293
385642505
257852602
595608654
514287930
367906123
630296968
505177132
383064377
622341110
656030292
536519622
331998942
506508753
314745342
287208386
513226633
436967512
516534556
554022442
746252868
379130204
480709157
327656056
385501153
340596764
520676800
655611462
568084416
738790892
543692576
652647256
600619999
451516912
353009358
234767773
815397185
139267398
713987474
796391474
547207595
927834533
660975714
328908048
472576617
210863571
447685275
337548635
669102034
725215792
419349070
658980736
436456912
397933889
733493117
821313698
667395579
590508434
370370766
489001005
441465423
457165989
648004827
400757841
534436107
496344065
525143535
386865527
287002802
489202012
427491132
416170326
278303092
506965651
528910189
472136167
311122716
479181543
694069643
415047347
452487254
679031846
618674263
370658973
495690711
278958080
331027414
518805877
512338583
486922754
280871508
221402970
422768705
382832780
381259488
291717922
344523379
364297078
339776793
288996297
288718969
225990809
164806762
240218453
115399119
165495766
205990783
189832551
93751131
92123774
60286527
67108114
116001484
98267010
106347438
81631229
49074906
58022513
98790547
41254719
83548512
45344548
20008983
9402970
71265544
19733327
31990770
40799028
50269979
2035012
18092255
22432389
115635807
112306324
108669668
153925277
147705643
125281428
138102990
103991205
166964910
245014939
276122724
193357434
231931818
435240346
386687279
370204562
395914763
135871373
575998848
349478756
514770102
419004714
665287503
554407094
368484391
558024358
514507744
186329104
541414254
713055833
347079150
543345413
477578083
511684978
427299566
642343680
539697662
489294682
293452565
482284139
429319414
343098530
57941814
594952135
492230489
569004507
670997691
700450827
430764373
645508797
377070635
442431707
516814084
510283635
544818888
435459332
855244837
426848540
705866520
670680167
698391654
724014417
512547361
373289361
679213672
468487682
644364593
352769484
749091236
402348768
913133516
417748309
315726392
311081274
453910590
431495733
705840811
117654938
683951185
648268377
712386306
432729323
331980478
644484096
713692612
478389983
668207511
483919535
