773647144
713888793
692112460
635042474
287347347
282654654
457188354
425696189
530008645
180526681
594366951
232997674
644676302
320996122
385386788
638119342
353996333
436170298
452199390
516131320
369835627
330355331
385582492
242975253
485694135
428973165
425609694
514004022
431228101
449069936
570097004
278700976
458068078
772820001
332046289
643522255
861404638
323419609
389454093
398363845
339461005
383487607
9896013
312365556
488580357
431941669
337674140
776804112
425723329
551981541
638703699
551897686
345163087
592064396
571491523
357308919
514160890
532188266
182378843
855218690
500116774
687125692
545932991
614811876
655746156
334910011
533688064
479959460
752000473
416633177
320272670
630028602
314672067
270065855
1179270316
516395293
330663931
557288075
436686670
566339570
431589741
352620553
551032687
387529752
448268130
653032474
405721142
169588592
414021211
574565193
408251288
409263026
588998481
474801691
632928831
526113314
351313386
343342148
580036432
488283549
674838165
505711851
501849326
359059329
497329238
564865690
531194756
378698354
786940926
55306717
404340582
511027794
539080393
456542016
658519597
778708591
810939727
411084781
519581095
410232090
692726539
315926882
432423569
459296570
501240783
705205525
468640851
418847843
785561311
309354272
565763961
706222248
533498110
475037486
287051149
504612434
341542026
422177933
567298119
667815580
328170342
530025142
395026740
699838725
376744534
321480766
397640602
267169841
595285256
522464499
363264524
632306902
496991681
385601130
620155674
650400083
528474296
333178358
497407846
302051280
291877607
512714780
443004800
522225146
562724848
749915429
377559244
487385512
334467625
383570180
358231282
520273533
650811005
561580293
729395883
548857891
656490440
602898954
461851145
358041237
251107225
830177882
133836208
703063679
799761237
545891168
945462222
667731937
328227297
485637765
215759054
451006793
341751072
664455134
746648443
400787079
669068217
432991747
391018337
733539381
863306274
683514227
596454194
364092695
490947579
429279676
450590261
691409339
390919355
526838885
495350161
540251123
393305741
292846005
503600660
422704820
427426821
270791274
528035621
585769624
478025928
324201233
494863850
717587182
423031677
461103792
665678391
612386374
384316968
497782002
279180751
334027312
507024113
501740438
485961548
269148782
217549425
427070710
375325221
384471119
303049772
324434833
361342612
334370248
294606157
285371038
233845501
162251665
235912270
96444738
160899695
199407511
196255171
93440399
94821672
56011865
70277131
112877799
101533793
106730072
86052160
42896534
64852220
88438281
45872041
70624921
41686409
30681852
13053544
52177368
19370657
35947530
39521373
48845733
1106901
17706317
23832718
44789914
41864136
41017394
48418840
49095296
51038949
50614922
56614727
116559385
199097498
197680594
187964533
213368355
394317602
379975479
357227356
364345075
138630370
554593153
347544401
508324760
432627541
660451160
548484176
367499213
549915989
511005591
182950643
538371517
708729849
333248480
539183453
461938387
513435829
425791162
651932649
537753997
495201810
284378899
483137593
431719663
320186419
48100279
586756739
493803615
581845284
672075157
698796955
427250021
636542545
376160630
438567714
506288145
517965415
553425114
444346599
848865749
431954710
708386095
676265651
703133446
738318351
500846640
368337943
667163624
462778945
631389856
363840103
748622519
411397543
909249207
405067281
320307671
309032571
469809512
439637029
717772995
123577953
685433930
657228230
725094919
440154367
325958506
642497270
722600626
480761610
663517143
480923407
