774320049
716882106
694512190
632422929
272785209
275259214
449975224
423717559
524826930
187672296
608058096
240618968
634586399
319001166
397268369
638046810
349089706
433111774
446352807
520745395
360568958
333558070
396879109
255195755
483532676
421701458
427850488
509618976
415549797
442127613
561348117
267614752
469623137
776150153
326812089
630947873
871039851
320454521
400881956
396066287
343273702
388901315
9340650
299253743
489236779
439096929
351337981
774370270
421777737
555308525
632517201
542393330
353425897
578889889
558993797
362050200
524228634
510661755
181314908
849100442
490088144
679064362
551985462
605111275
652456825
332651853
531829664
481861245
759924509
420192434
317344649
630450907
307375833
265213753
1178376732
521694921
333152015
550302111
438121822
552353328
432864782
339910131
543369733
385040184
446711795
664799613
411090856
162425155
402265937
578463809
403893149
413739728
584649551
474690906
631742938
508029033
349007558
345608795
594609339
490435727
678534615
504073843
505495444
353448395
493426902
561560848
536858293
370470146
777297353
42090118
398549658
503957437
536711216
455523286
663110795
763013893
814795880
412510924
514182366
410580961
702732303
328138231
440409459
456869597
507327979
719795013
468913305
413357080
774701297
308559777
551610507
705705639
538076200
473939338
282181846
510835291
356251053
426564000
560905865
664316738
319697187
536950514
398012764
691961823
386272248
304026448
385453769
259114472
596658900
514144676
368788475
631839028
505047325
381568778
620016194
655203731
534337267
333086847
506732065
314943649
287776935
514257046
437256266
516631977
553166722
746155530
379374618
480530660
327746480
384784045
341612937
521766696
655288448
567227124
738555264
543963396
652273193
600797996
450114614
350977498
234604533
813893157
139289261
713708478
798093122
547640231
926425373
661706031
328788385
473068793
210823388
449129306
337955900
669358926
725568771
420279307
660362062
435744790
397746027
731394362
820714180
666939872
591022774
369509708
489357169
442341037
457323395
648273770
400042333
534035423
496803364
525083002
388335061
288162984
488104253
426431790
416983246
279103892
505691898
529363498
472586186
310531279
480836933
693725085
415619663
451942626
680103131
618978856
371219046
494305661
279026654
331755724
519748614
511730660
487466250
280054966
221727030
423606545
383205221
379956598
292712352
345086174
364444460
341160007
288098704
288389171
225336640
164177922
240891005
114086533
165228287
206363498
189137105
94573298
92100190
60431737
66658251
117251612
96404894
107141084
82673609
48948342
56445366
99171174
39579704
84401457
45393190
20496447
10762621
70299072
20245758
32917921
41414296
49431936
1002335
16787764
24918312
116989347
112381814
109276414
156122698
148655498
127968761
139341030
102986416
167793436
245228827
276763823
191639835
232011476
436012091
387365761
370521216
396436903
135095804
575405869
350247787
515406220
417848732
665702748
554675224
369565965
558115904
513529033
186131057
540232742
711299363
346237149
541064080
478231512
511322724
427838140
640307796
539636761
490234640
293506907
481985335
429827264
343158168
55853780
593291619
493017501
569344822
672145607
699327590
430634061
646037260
377209884
440045664
517980459
510840054
546453158
435598384
855890038
427854520
706146201
672343544
698606696
723000657
512792921
373655297
678609332
468328687
644687966
352619819
748519671
402795709
913245817
417893248
315607889
309883776
453972122
430275759
705465872
117500815
684825592
649980595
712269093
433129039
331287701
643493849
712795241
478303340
668075423
484559349
