772791147
717738759
693834696
636479710
287942655
280912039
456082138
423923799
533002047
181574079
597385653
237178269
645777048
322890632
381962147
640549676
356672641
436040670
451475028
516883476
367204065
329509115
387201963
244725155
486213146
431751021
422960659
514246877
429490936
449814646
566786101
276315311
457690136
772286851
334757009
641684261
862274846
322619226
388472837
397765946
341438467
382052717
9625628
313138086
489838101
435328831
342586191
773638988
428819638
551416561
636239077
557997410
346501661
591734271
569438387
361097703
514096699
532512263
181324251
857909501
499412678
688876340
547769770
615061799
658975373
334321085
531673723
475693354
754128873
416768511
319262250
630433046
315875575
269555042
1178995385
514110489
331438490
553867792
440257713
565612800
428509357
351344176
550852639
386477016
450599632
653894782
407181936
169497381
413613188
575042906
410295299
411684457
587905483
475952427
630578799
526513217
350234229
346081584
582105612
489937798
676459140
509248769
505270178
360044336
497377103
569784217
530540078
376602417
787594686
56099668
406267865
510338554
536510616
455377748
653802616
778079979
808908045
412009268
519121199
411450174
690208234
315698514
432003166
462355664
502206453
707973568
467754875
415555502
786688549
309403276
564461086
705908413
532291643
472265229
285734930
505310363
343906198
424128677
568381800
667814882
325548105
531002293
396471647
701282647
374412992
323027075
399328263
262880956
597310327
525454920
362553390
631329529
498821159
388410786
623321315
649283586
531972278
330318154
496850213
303140522
291114815
510494400
442321331
521040427
562254164
752160518
378254306
489724037
333565042
387432166
357159821
522262803
651328284
563098818
732286895
550887022
657641261
599372431
460634110
359925335
247867609
826873024
135654628
701219789
798874327
546882153
942016388
667132425
327638633
488345221
216606154
451241814
341904169
669163261
745895970
402583704
667365585
432648718
391661124
734113384
860962782
683241182
596542529
365728628
493349573
430242326
447174674
688272313
390585909
531143105
495886966
540201285
390281914
290678665
503551327
421000234
427296351
271457046
526129450
582406307
478910430
323238687
491535397
716750494
424545625
464558666
666578922
614712145
381872047
497578115
277666881
337432971
510255953
500879526
484047860
269997579
216035906
427508043
377088937
383272068
302768480
325562038
357121551
333786981
291398343
284137114
232653737
162265164
237498882
94795118
162669177
200969532
196824750
91235141
93811639
53461319
72119654
110552708
101461553
108914088
84810554
44647471
66321771
89758477
45357911
71555953
39474412
30620985
12154491
56045135
22281275
34508083
39536007
52483397
918922
17932463
22936778
45494684
44608658
44455449
57828218
56266182
55217493
55765054
62364405
118407733
200748157
200409083
188441328
215869500
394850199
381132188
352629555
365513491
137957521
554639697
346111949
507709875
433406417
660621807
549954937
365820015
549427525
513996237
185536556
536295274
708247039
337898497
539742875
463435286
512498902
423132872
651862997
537707252
493256359
283507549
485257089
433442193
321168815
48886747
584791786
489395209
582888084
673406338
697084910
425407811
637297166
374207813
440640105
507943692
516542814
550600516
442999096
848858227
429120421
707943406
676220516
697745230
737292517
499405402
367932725
670088725
464164221
633720280
361423375
749211540
413989500
909523275
403773524
319549291
310064261
470079861
438587200
716278598
122540327
682689642
654228977
724381476
442023710
327962680
642183455
719980642
477520434
664919021
481799266
