776070106
710268026
689068061
629042210
293582053
285419890
456648222
418395755
530456712
183326935
592156227
243585155
635935775
319761429
393878849
641045151
355736878
434872902
452004332
513113882
364581167
331869917
392462003
249655985
484060342
428016369
424940280
516323628
421178539
440360834
566050427
274211864
464023320
770259550
329724433
630338229
861311194
312013213
392573577
398597268
339162372
389232809
8716861
311351716
483009186
436001319
348230403
770141260
422121776
556381218
632111016
551546059
346978936
591712572
564996847
357243375
520572869
528373137
183315589
857448446
497800543
685267033
552186773
608859986
658414072
334693374
532922387
484456676
762502920
414998733
314968180
644186679
310555538
271319731
1194481032
514136246
332989816
553467924
434565385
555090611
429916634
349883341
549675732
379924376
446398439
665887644
410968337
167493816
402339787
575606055
409701554
414939430
586476858
474353090
632671300
525478257
354729326
351779463
588100980
492516018
676360621
511499426
501354807
357720852
494643294
570016492
545669415
375501875
779335802
54789106
396963503
514553701
524994876
450618039
658459784
772786102
815805904
407465287
515291563
407893795
697075262
322989018
437042800
469371184
504979304
712198074
472972938
413923688
782385300
308041563
563123526
710637240
529635587
476469526
286993314
511413702
348482190
422496638
565406697
670411992
326796573
541024775
397229182
692573194
378417284
315792171
389011414
265677564
592953129
517388303
374085919
634158837
503385840
386451357
620071589
653973024
537901435
328002467
501323925
305298801
292035781
517091178
439587416
516742711
557189155
754090244
378906747
485150204
331911634
380384169
349922091
520154982
654529615
563377144
732616641
547599447
656358565
597806741
460401005
358020328
243511738
825407088
138776291
702865709
797690905
546794508
944921438
667876299
326394762
486014652
219124911
448862962
340621688
673685671
734028242
403390721
663084046
432579880
395878512
735932846
842431549
670692809
600013178
371635387
495101400
430987203
450219659
672661079
388664896
531447446
493763719
539644361
396259188
290563849
501370446
422407354
424330112
280410757
514137211
564079625
480521564
316614071
487465471
698987942
421844714
454234441
666001640
611837393
380316145
487334988
279251621
341648614
512542496
509049107
478260466
267887737
214693437
424243350
387372026
382395700
290793464
335049707
364896454
338180993
292350397
283775130
228971178
163267953
236217429
103362319
166773759
201272961
196441348
90915594
97450059
55031263
71664743
107123059
99661239
101540169
82128081
43775307
62768188
91457177
39558297
72307743
38772818
29683251
9299137
59036875
16939293
36391413
37760276
54398260
891499
17190133
31188056
71628003
71508982
70396270
89384023
88581691
86712113
87795368
87545803
137348915
217928560
226263841
187600599
215945908
416741545
390771476
365056726
382776220
140194113
555241317
342817205
504200890
428118126
658750839
548146441
376387485
555977570
515272607
193190238
537383845
706590540
336360749
539846618
469893084
511767641
425953798
647369838
535352356
488888661
288743726
490984501
430927526
329664486
56614865
592445419
493746461
577250613
669443953
694308703
426959501
638355499
368719987
446462886
514682496
513193379
550890810
442564049
851046034
428479941
707271096
683962080
693833084
725892185
507911814
375056936
673487452
466561311
637036110
350337384
743007092
412256152
913512602
412106225
319016094
309230056
464457376
438689881
712531879
120941422
681292818
661751300
717637090
434538211
336148737
638620350
707965375
472295148
667168165
480000674
