770068360
718194815
695572473
636005765
267921095
269529515
449422059
417826094
520685037
187881444
605971871
233247831
631365334
316468653
391926219
636875302
347029451
436837547
447041258
517751664
361323836
325741052
402293114
256890336
480703005
417186030
427792577
506985214
408305283
435019976
562690561
267367724
461927517
774805089
330227421
626611711
869314871
317017666
397356435
395447159
339477411
384350011
12665334
296645652
489644127
444631569
349517104
773389518
422341031
554538636
633799566
538596298
358110300
578898801
559003134
359625529
526472323
509667059
178891981
847108398
488133769
680636896
549692616
602769939
650564203
328533613
537412510
479808675
755881565
422303297
323043466
630925203
311977940
264612944
1172075624
524968080
328906441
551572913
435372462
553580904
429569173
346436277
538120866
394946966
444031569
653512788
417134320
162936756
401691644
582812775
404221500
411154801
582056610
478067795
632225623
502751371
351625026
349385333
596234216
492242121
679294029
501794313
508752847
347411172
490721158
558530997
538398118
362506030
773257063
44737150
403696226
502178949
540501890
449914410
663107299
763588606
803997838
414348759
515378459
409693271
696091493
325556339
441788084
458843961
510663324
721161330
464438824
414133338
773421181
314007493
547832007
703457095
536035856
474906075
282520606
508114739
360171188
420945815
560942267
658125177
318282011
535859940
399473548
686941367
390513348
306945187
393249966
260168055
593571023
512885719
370873227
628033468
511194812
386062172
618446399
650328895
537467445
337030988
505716879
314091071
282430115
511727705
439555652
516697330
552232598
741390927
386899546
484039880
332354007
378565159
338202584
521234780
653309939
566916085
736364863
544609979
652426948
588602420
443263383
343169904
237198642
814730945
140331120
708033255
798685824
549000059
911708822
664168041
330237397
470759420
213022655
447651534
333677141
673417889
722724462
421879752
656473365
439082702
391640348
732946907
815309748
668142983
591139341
367884110
491212014
439625765
455029872
636565089
403466531
531474120
496578533
524486149
390912112
288903719
482080547
420913401
417873835
281020855
502524960
520614695
473864932
307648369
481467946
704292893
412710420
452619240
690117081
617897618
374425641
496431092
282483686
330549972
518391167
518798821
492841212
285070710
220118689
429832399
378855149
379246896
296246211
349470688
370761656
346895927
287989393
295154352
228045300
161299128
245882201
116394055
164391806
207652667
192662802
94130844
95838547
67976957
64149196
123963371
106417483
110544447
81465581
57112993
62051742
98894681
42109595
85254205
42161963
21985206
12399489
69714807
22448178
36728838
37510755
56840768
2549324
20341275
28894366
130502614
116973294
128032275
178230921
171229316
121481140
155711822
97154497
174482827
254952679
291089407
193836983
233614677
448526897
393607520
371230638
399451633
143496103
576626180
344366975
511822485
416892534
671401739
553159094
366396736
559289517
511316492
182241459
532690100
709654159
350384405
536492793
473951081
515445582
430530776
633609637
542830436
487999129
293459213
487832701
425149183
343890730
51569154
591493138
488814583
564063957
676481042
698596524
430470842
641249461
376964482
439258277
517489810
508311159
545524642
434122853
855327272
428789015
702180983
679245503
700080481
722778372
511303139
378842344
674628023
466809080
651134669
351841395
744783216
402175701
913762785
414347496
318281578
310188578
454639188
431332194
699845640
116205010
685887042
648272263
715580848
431564044
333753278
650692916
715645703
483034680
669046879
486428731
