774935430
714389868
688201289
630471192
286594567
278344911
456216361
416832113
528677206
185526796
595141275
241503048
633801617
323350918
395475666
640052498
353711385
433514471
452377662
516824823
367237064
331706562
396423038
251327505
482609772
426809765
425783923
520307963
417843079
444390221
565309980
272128413
466409660
771841443
331084768
628509150
861870712
315061217
396013133
393789529
339363210
387585855
11988413
306740963
489498171
435635514
345058672
773497248
425947624
556690222
632818132
550022188
352117441
591541849
561896756
356648873
514726349
525028566
181402252
858581745
494247454
683365295
555401164
603879994
655769636
333316613
531463127
486189225
761381908
416565443
312465522
643347467
311279828
275033384
1192257949
518665951
330678658
551493184
433123457
553770891
430345783
346118293
547395526
382576289
452019165
666387029
411391246
169334934
405698100
577749285
406958231
417241187
586615600
474445262
632569196
520199016
353263054
345825892
590732839
487583477
677580014
510500216
499170364
355591102
492376957
573036502
545408218
373969671
776449401
51290697
396905910
518115945
532559634
452144702
660094909
768959121
820192628
406777762
512899422
405689854
697469469
320701550
436866265
472532817
503739318
714020287
476429287
416126785
783282188
310501718
560182451
708693279
530750602
481318065
289261331
511280082
350749525
422509348
565580188
670495619
328967055
540219925
397857549
691652195
375732876
314979176
385695859
264562234
592828758
515018461
372375065
633322335
503546697
383440376
622203423
658459349
534903748
326779121
501543563
306908785
297038248
513933077
438491614
514708474
558263254
752633457
376805588
483539351
327947851
380707539
344055713
519232982
652905254
563748693
733330688
547864701
659804585
594712781
458677757
357066839
237717762
826865738
136196728
705220821
793142660
545761043
940738621
666790308
328937432
480125260
216399168
446344786
337975367
677317656
736302352
407486209
656821706
431763197
392556728
737637917
838889269
671209732
597134260
366936721
491185199
433003721
445560199
669278410
394025070
533445249
488027165
538784866
392681768
296855225
496781355
422204928
423071661
281831335
516274095
559234192
479444607
316498230
484236796
694690904
419245574
454028152
669266020
610820499
379267532
491352880
273447207
339313873
516593375
505691180
479713167
268510750
219200337
419589373
383622180
382129438
293551839
336870731
361568339
339369743
293586960
288898510
230613985
163436981
239839742
106440563
169910005
207234490
195350003
87961522
97596897
57199578
71418430
110181410
98818570
101733466
81248341
42920993
60178621
90397592
43006953
75607551
34337417
31138881
8720752
58466194
14635350
33865819
36455389
53906737
3597076
17758332
28681092
82507530
79069162
79854205
104053156
101125481
100894238
95337785
96767514
142861493
229034954
235325421
190999089
217829650
418117360
393140378
362420718
386162371
139568213
560657971
341830467
506467815
424899980
663759030
547125481
368344658
558670055
514355372
192837453
542847776
710338529
337062062
538539943
472959794
513038149
424517048
646470740
536327897
488454527
288386541
486165613
428147434
334711880
52747051
594851474
490794352
574609934
672292380
697161238
426851591
638939156
372778895
448353156
514801744
511163787
549339810
445654750
855465749
431269674
705219359
680493570
695415762
725678303
509132027
380107568
672833886
468872580
637653364
349617405
739328071
407703480
915394922
417273312
315675210
309763530
463690792
437197656
713406128
123442715
684591246
661734257
715437643
432135857
335334601
639213857
710898624
470961475
665412304
480429138
