777332526
717001718
690727832
635895992
288359596
278434680
457870415
423168112
534213927
179849037
596287304
237312897
641912037
322735426
386570696
645103549
356413931
432512845
450687384
513970168
361614923
330541119
385349845
245515676
486222893
432180517
425285065
521241507
427869789
446741921
568154364
276288432
459550457
772966060
330881550
636932883
863967213
316601809
390324776
396026896
340694495
388258672
9778155
316690764
486548787
435419092
346169640
773397482
429045315
551097836
629469178
554062050
347142419
588492192
571452200
361826878
519234393
532220251
180774334
856863440
496410914
688624699
550176556
608308922
658487736
332959570
532493949
478037520
753789507
416520973
317739402
638495632
310953759
268816358
1182934996
512930415
334439444
552429946
440586513
564749678
429080742
355258136
549239210
382381001
448206061
655786879
406336922
166889264
407485620
573714510
408799976
410097880
590487452
475898384
635244620
524425528
355011261
346389052
581013545
490726708
678524788
511355952
500630471
361443205
498782914
569885799
538197893
373526993
786553158
54858326
402893557
515305875
534226211
455551499
655867353
782178507
810616828
410888783
514530223
408724328
689071565
319153958
434080358
463293721
506059928
710098174
470188160
414841681
786120831
309669321
562168360
708672017
531275186
470352953
283660884
505433154
341829581
427554385
568131048
668524965
324312980
535164255
394747392
701892561
374690429
324689240
398834116
261786290
595133652
522824056
367609301
630526561
500154939
388605408
621192229
645582641
537278992
333526043
494698546
304908471
293881477
511237755
441815769
519122660
560834879
752316865
379698144
486211769
332602552
384643061
356449542
522189953
650246994
561912214
731128147
551374913
653770746
601527905
457890062
359084037
244050905
824238941
137164581
701912295
799279813
546954797
942302002
670019802
329993429
491821518
217078876
450751315
345936373
670210001
743424718
403506253
665181232
435995140
393453565
731289939
853512012
677908029
600905013
366871646
493905113
427581635
450217685
686528705
386658494
531689730
495910070
537036712
391824134
291995429
503879570
422881094
432433026
274134829
520778088
576523953
476005137
322425294
492661814
712019236
427083841
457721878
665891593
611935314
380491596
491617821
279336853
334042531
510247112
504283686
478875892
271655771
214921729
424578169
385793991
375103615
298812414
328439547
360769830
332257457
291390999
279202002
233016930
162851669
238572038
95060856
161830835
199078155
196234709
94521413
91636259
52726939
70853446
112706374
96861015
110921282
84454337
45786835
60780907
88301567
44284569
74156486
43701693
28554966
9712918
58284094
18505921
36144899
39251288
55815074
616790
15309424
26975290
53884320
54417123
53625915
66018477
65838554
64262790
63493578
70203880
124627350
207298935
206535428
187752373
217035216
401076761
383913269
355394318
370268195
136787308
557234910
345251584
502842075
431085574
658995365
555084743
369992966
549901702
514987950
184483977
533629664
706900478
338086593
538467150
466450067
512220973
424713962
647753605
537740979
488484252
286693834
489841931
435608053
322058824
49594549
589139968
489173334
581975217
675510760
695721549
424662576
638137132
372513580
443703426
516293355
516577561
551654659
446521274
849570038
429267453
700621493
676791123
694030568
731870963
501338652
368564272
670792701
465441259
635573392
355363812
749358640
414281127
910335705
407280752
315737707
310056100
464380543
439325564
713747561
122642531
682443621
655168845
721589176
437527928
334655988
644939002
715498073
472124553
660988411
482438654
