769179168
720055744
696627935
636715078
267877638
269618717
449308184
417269738
520850250
189060605
605434729
233246368
631160648
316619759
391935246
637405227
347940088
437031901
446985713
516988829
359951223
326545908
401721391
256332105
479480769
417507066
427695440
507191865
408291782
435860256
561609765
267516594
460774395
774980085
329400053
626722608
870035468
316748856
396771817
395229473
339818440
384569270
12635743
296962205
488497153
443977267
349912733
774194165
422025212
554274065
632925863
538447517
358094296
578761229
558514272
359706651
527054398
508950929
179124103
846623211
488077778
681274307
548900039
602739103
651112823
329970685
537735006
481090170
756882206
422018462
322780093
630308242
311112145
264790283
1172548559
525259515
330230590
551857260
435532834
553124803
429448981
345706217
537572383
395426151
444812770
652860855
418526110
163696171
400955216
582438938
402612638
411739107
582653721
477819152
631379828
503026474
350193704
349626178
596289007
492052347
678602964
502015420
508418946
347203525
490164090
559796408
537810116
363018880
773318527
44640357
403787840
500362810
540752283
451379699
663856284
763042321
805122259
413934365
515621170
409517256
695860553
324720800
441381690
457874223
511012890
721549544
464473019
415215115
773400269
313713906
548448882
704260689
535817209
473893522
281854069
508293595
359691489
421649564
560496044
657745509
318070191
534604440
399602651
686601243
389768894
306621101
393383542
259368161
593943221
513268926
370469225
628979892
511276302
385445466
618575870
650062992
537771470
336750093
505394337
313837359
280565285
511572550
439726045
517097541
552663707
741701133
386543631
483609147
332066082
379168073
337247081
521784044
653095811
565718092
735769563
545379111
652122178
589088371
442915286
343741512
237164794
814115861
139928805
708272843
798382035
547541444
912258443
664261558
330005561
470650502
212925175
446440967
334241997
674048405
722349154
421496441
657022869
439296133
391325973
732506604
815604565
669026428
592064500
368378326
491896502
439215393
454735159
636999652
402419402
532725160
496352760
525098310
390519464
288898661
481838219
421047292
416586117
280827629
502188337
520482074
474066948
307694639
481263141
703947227
413154398
452417069
689293519
618021281
373052926
494945310
282260559
331765836
518511496
518940124
493598045
284179692
219993812
429711904
380242388
378599772
297025085
349261530
371225517
346577678
288725945
295157706
229085226
162218050
246079206
115601277
165128564
207605987
191709561
94205403
95459827
67314880
64161829
123508955
106965927
109697303
81814132
56523026
62584185
98865681
41810202
85268241
43308352
21798473
12684648
70311738
21785741
35500770
36998718
57346577
1565125
20418919
29200472
130108264
116228256
125995939
177927664
171138661
121637355
154283334
96475937
173863369
254250138
290379965
194761721
235301911
447484935
392280353
371702607
399315450
141981684
575768662
345503298
511895385
416605019
670857631
554084785
366289988
559209126
511164357
182180273
533515580
709128096
350443909
537296928
474379329
515042291
430808311
633818637
543354401
488088752
294061854
487109414
424782931
343518324
52153387
591923287
489717458
562794099
676725533
698778670
429994033
642612474
376791862
438813411
518188306
508014581
545927553
435255524
855018972
428471264
702288681
677395609
698644425
723398713
511049546
378027175
675349351
466844591
651045013
351696431
744176730
401774496
914278679
414340586
317835166
310029140
455743404
429697382
698004972
114344321
686115722
648141747
715362349
431715947
334148608
649829272
715747158
482485251
668692703
486066548
