775523467
719443333
693139175
633126945
263695901
272633819
446224596
418818657
530269357
185465387
608222781
235268030
627841595
314902423
394742498
638603533
351286585
436744281
444280392
516665122
363779180
327603992
402097839
259583124
480929061
414418672
427648975
499734097
405784775
439566880
562214592
270015639
463215041
774484539
328578885
626880227
867049092
317682183
397572465
393541319
340271936
383561742
15321616
297131205
484398538
442593626
352405205
776282048
421494063
560518176
635119293
541339871
358737553
576731929
561975177
359440433
523617643
509708432
174940656
844721787
485796160
681075816
550630600
600749097
649907310
331431238
537262913
478855608
751978476
421163552
321306920
632234018
311343785
267255560
1166226565
531963409
333624558
547086355
433996427
555721377
433785450
344493602
534027947
395180146
442248543
653082724
419146678
161217685
407062376
581450191
407235341
414758893
580857148
477568548
632306373
496239083
349890708
349018250
597305655
489089567
675794383
499070373
506211349
343141161
483223119
559400765
534984662
364113503
769300880
49833260
401858779
505166681
540401645
452483098
665945257
769292690
798290115
414393663
513721970
406865166
694889747
327151234
444861185
455056519
514968058
722395470
469577811
410363758
772593798
314959419
548355095
703317078
534505301
475424480
278799653
509108507
360578115
426285548
556561835
657360856
322676739
534436711
396998951
688108286
392849618
307449314
390684098
255347465
593652349
511379640
368910733
622888891
507288065
383777348
617474888
648792488
536478652
338631175
502554999
313135565
285533069
509137911
442937070
518291062
548041541
735596804
387536454
489775710
329947330
382204078
341712049
521418201
656762314
562057532
732112634
548245299
654594441
593949993
443785225
342475723
238780749
810999123
141396033
711547291
800937586
543048951
899395753
668607780
331989180
467971019
209096826
444986421
333502927
674413787
716366379
419597925
653657262
438604831
392353854
732453875
810497596
667101640
589944811
369428140
491910290
436024050
450670783
631116579
403702141
535012679
495072748
519436808
386407515
290642388
480697577
419990499
420227825
283093984
502233588
514374678
472521823
308923396
480860548
715039857
415402379
451720887
700581187
618089993
376631769
497160753
279491670
327375565
516865665
527123221
502049793
284745490
222469325
431743616
379255733
379757609
299628345
350869334
374210873
350605661
287518472
293583721
223742235
163554730
244204852
111846347
163614113
203941716
195363906
90476138
94072524
72307577
66510674
124630078
105570882
110355015
79119581
58159787
61732020
101094931
47062389
82448264
45310311
23612648
11438076
73705224
16419287
36528913
38185996
57961976
4567896
20600432
29660100
139933304
116188432
140007964
189092203
182206441
124770242
158573535
99100768
182991177
257937213
300417841
195550905
235915203
449844457
395496092
369326335
399496999
143563246
575787490
345601079
509160246
416324250
675159057
555791827
368599999
560690839
512329838
184033671
531097440
704763566
351439266
541157603
480560897
517321270
428312391
632616289
540602841
489806163
297123286
487676155
423009547
344298829
53821698
590779612
487650195
562925176
677229312
696388209
431158159
643975710
379190584
436155035
516694028
509577056
541151452
435115415
852806320
425839566
698736902
675518690
702099676
719827315
512124134
379371908
678485972
463778681
651634807
353906554
741966342
400276329
911449172
408813845
314095826
308229635
453339552
432140931
695968634
123173630
684469908
643208615
713721576
430083636
338463614
650343209
718168457
480159893
668693447
485591297
