775600445
718694810
691593930
635072811
287309712
278521747
456175218
424572057
533363942
179784069
598136376
237005344
643755645
323375535
385860899
645951809
354565303
432677994
451824314
513702748
361146970
329813640
385368713
247331131
487689764
430550217
423354862
520620775
427939998
446800704
565811345
274432553
459451028
773000924
334348331
637313382
863595845
315469305
388771429
396540170
341718998
387065711
9248218
315338250
488176210
438398601
344942760
774339557
426797804
551866605
630932698
554518248
345965429
589309157
572473986
362603844
518643180
531999892
180591640
858274293
496131043
689491321
550833550
609512195
659198154
332676989
532474583
477633672
754255758
417086682
317878020
636632409
311769891
268388879
1182989849
511684661
334852941
551599620
440884616
565721295
429207937
356014591
550177875
383998485
448478053
655875004
406092272
166355165
407421561
573028008
408531793
410399329
589631982
474786398
633645533
524825723
355220823
347804393
582229847
490984869
677988022
512557961
502023463
362427584
499275884
568514617
537141660
373216038
784776880
54626476
402840451
515090661
534093130
456088589
653091752
780109398
811491320
410993312
513732509
409986100
689975305
318192606
433413795
461923263
504887290
710049011
469269415
413652960
787308703
309110289
562549117
706138032
530771206
470747024
283224950
505867194
344194963
428034075
567371228
668233666
325285199
535898550
395369285
701647973
374660895
325462103
398137372
261024317
595572969
522317696
367083377
631480047
499277610
388992749
619199722
645596555
535607823
334984068
494818921
304235715
294127871
509324121
440871278
518905145
561974506
750647372
379400073
487157478
332163441
385052244
355695955
522665048
651497785
561674069
731093246
550753915
655971866
601823739
458552529
359418961
243320841
824522348
134738417
700572098
799478795
547510356
942410453
669512176
327834447
490766873
217492063
451669897
345941551
669237110
742036864
404973460
663855190
435010949
393225882
730622498
854455185
677989555
598466766
366280519
495316687
429774231
448298262
688236263
387863213
532581149
495622666
536422909
390189060
291452119
502476305
421226425
430280268
273077920
519723174
578641515
475807553
323253425
491916164
713398416
426066353
458509894
667761999
613989844
380672919
491427306
279451497
334626641
509752180
504260536
479745417
271057717
215709036
426326504
384686907
377688484
299203300
328412295
361712066
331729121
291643450
278623853
233531283
162299481
238111720
96203400
163021533
197962149
196116874
92652602
92094119
53637507
71606119
112597332
97922845
112849495
84607843
45773759
60277206
87202621
42700957
73109314
43371250
28360792
10184803
57217142
16550513
35221170
39712924
55301471
2014056
14265768
26262431
52189344
53230817
52949866
63437566
63088768
63088977
62782999
68633625
122840993
206276279
205688307
187983158
215557228
397858734
382354883
353213001
369373898
137827578
556235529
346258178
505892939
431928752
660556644
553748304
370456756
551171318
513840478
183508166
535374363
707313864
337022397
540293461
465634344
511726453
424554426
648886759
538350690
487974173
286110982
488756509
434460049
322489419
49641373
589893513
489215653
582051409
675184776
697688266
424012558
638431366
372029461
441709279
515866108
515879055
552659306
444709393
850314727
430282126
703668170
677210107
694567596
734007259
499430078
368130127
671264612
464207254
634237576
356416466
751016558
414727239
910623855
403924454
318244088
309347324
466950171
437840988
715787132
123884814
683753466
653260713
722142810
436325175
332308160
646823385
715453915
472823609
661328136
481134015
