776112892
713422396
685347995
630923378
272372648
276161294
450756483
423561819
528086838
187860632
604824612
245445919
633317022
322219641
399144014
639059204
354114919
432480436
449755402
513233813
365796847
331574975
396619620
254970318
484165040
423294883
428015370
517164971
418637851
437921609
561288177
269043290
465159915
776486363
330191178
631242915
865414806
318171128
399071285
397750121
342903134
389056283
10821902
303333566
490590364
439235603
348017675
775912056
424013149
554568891
633640830
545179779
353595813
581902993
556915215
354587205
517000411
515323435
185967146
853001337
490774037
676061984
552407621
607624663
651726480
333776181
531903637
485270527
756360163
418201123
312422063
633798797
315260742
268358232
1187794836
521719042
333858544
553571165
438211896
550372107
429497631
342778617
543331797
381170864
447661796
659531872
412703612
163301017
406373928
581121487
406657799
415381202
583337743
475507637
634342453
517145835
354515940
346878486
595668182
487544997
683046654
505367640
495720005
352963626
492701410
571514583
540377940
374727474
776909305
48822373
399144382
512017413
535489035
449930411
659527136
769877582
820713380
411908028
514421821
405160071
707034575
319517688
438389532
463969921
503225479
715315806
476692111
410959487
780138822
309358957
559531187
710668274
533227785
475611529
286375437
510845870
358378433
419037842
561101407
665937157
328793303
536020219
397817418
695430390
385073313
309251549
386964375
263928052
588900585
517712867
367320330
626906575
503561431
385802824
619885895
658127131
531053897
331510923
504586229
307205736
286601060
515964281
440601782
511029130
555700780
753164189
375394909
482722297
324990641
386678220
345083945
525141145
650020391
560545763
741195930
548371178
654967761
594901288
452839692
358003319
235327099
820456965
139604527
707198138
791938509
547038828
939256420
663731111
331023093
476867233
208756570
449748343
339440304
675954735
737654105
408951779
659978278
438557004
398268558
734626293
828698005
670273763
599417238
363878387
490863050
435442610
447071750
654698360
399059399
531938827
495271271
532220024
390559165
291985947
488492843
427912852
418358535
277889506
506197946
538709822
473026093
315763024
482763180
690187449
413993226
454070323
670873589
615527563
370654813
489403095
278615019
331384099
520392853
505722173
482512740
282483283
223482368
418519743
384848593
383469480
288705615
339034187
357524557
337629632
289879747
286732441
224441688
163062785
239477725
116587527
171636455
205944931
192240474
86983308
95962847
62175449
74638711
113977578
95933790
103495083
82465385
41832356
60819681
98599378
42334896
74934132
37695868
23654848
8797749
56571980
17427772
30951938
39865454
55914114
3928087
18860996
25076698
102133002
101553449
100547138
134330519
127876473
119651973
110880361
102426330
157373318
237580848
256896328
189870889
227826973
430262973
393546938
362880075
390604474
139434003
569904672
338756273
509666593
422052611
662708558
548955577
366737679
562266216
514205137
193255440
545389472
712218816
340518983
541468473
477624944
510187870
424971364
645801669
539910545
489205128
290306501
486058072
426112663
338667746
56953424
594317433
491433575
572967900
673775655
698977133
431614373
645697960
373492034
444457599
515561141
508150227
546103394
439647761
857862145
431046574
708794137
675032945
696228486
723886033
510762283
381909533
675006694
470256620
642923626
352908862
745605845
406590519
916229120
415055159
313928240
310929823
456030730
437667074
709660498
112666148
684388018
655804255
715541053
432794307
329304809
641236158
717078587
477331344
666896363
480648958
