743102028
734153521
669241238
580269847
191144056
392366373
457290744
425988556
463021937
127068720
581723365
257792112
506648766
277675331
383323692
606066457
439483497
452622952
519945223
450032589
440100799
449606075
424040668
280698727
403951141
503664361
463238303
469326701
348697766
431444096
516338214
199487854
389867346
796958701
337790121
617533382
780470226
369761634
428014573
465750642
307416636
419700601
99187092
273923138
485150772
463901053
352029877
808312091
411852827
552303293
700448613
493063064
456542667
547675125
545951703
420927086
437115705
480563997
174318677
830813803
521930516
561696918
608918074
589096697
669641784
252664473
567484041
384640289
796831836
367830191
265484524
650608321
399173117
249737373
1090254911
497780401
292472916
556066409
446609837
578204976
420669462
311010374
678681834
313341841
423937282
557150461
557098882
240346270
353641858
476021579
519257561
475265595
531724516
483850124
620744641
430467706
482515087
353794134
608033836
498044998
700508592
580629253
524406034
412687430
497411583
626053672
478809802
316125339
770082072
95729941
447550090
532059461
507192895
544110709
585663907
724526051
667260973
424766304
524162265
451579589
677481982
424267191
450998744
415320229
489942302
578499998
563526715
410778215
664057873
423429642
418177109
650974042
497795957
632954879
313662783
458150887
366893795
420679559
632927638
677370870
308395057
452197648
513311812
609482629
355013229
337224627
467755177
347049668
619361212
580795050
464963839
602600829
499901818
268611315
695547641
633534538
492806466
220502899
480361401
364004581
291764022
553527899
507695609
571790364
493226595
701156050
430975150
604777821
455451043
360871094
429829933
446561714
625953666
549216992
661759784
485947188
631361358
512251918
435791183
351903996
292867218
723661804
195954834
713142116
757770190
562143290
862638847
647147989
353544981
556993120
256871418
494752751
352472516
588622699
666493005
401094241
687215721
340894242
397631262
762635780
763678446
701852587
640124927
412833182
566505573
454601486
513220011
580466311
498612986
507418512
497036918
550069331
372817827
321265113
476095207
392432687
433616334
380139262
485797712
431544489
467591541
321948166
460474103
672703993
357717807
389805131
629443599
608319573
391207012
511190629
298567741
325534390
537475677
607192970
569361941
376911107
210097300
492986119
453813388
472487216
306822407
462834860
429828439
406671552
381202132
353508614
288581244
302708987
267204954
229010335
206068574
158367370
185999588
198891950
200338823
85890793
83422931
153090279
161099697
106375037
113383099
50633425
58541031
117351137
54783626
40292436
77509588
52134403
79399017
39248018
64115001
67265527
25650549
74942386
27470987
95215350
95829872
195465270
252370590
251646152
230863528
229922026
140291134
270945468
129218984
133489312
286918951
417278842
162157445
338475711
378235424
438812518
405782173
391119118
106090766
587548681
378873092
492213460
468605905
632486193
572975216
362403531
597594146
483409611
240771569
551348259
612042218
472009202
555248037
434955094
454123267
429613333
567090558
593753725
454224768
351061694
539744755
449665368
360235416
111562115
528927545
546537131
559517535
730880489
737107911
444698157
702430991
421251749
513391862
531575279
459159513
508286021
523231738
767667199
431350089
655996352
569940125
629637758
656911981
473424573
398703136
706291014
443398613
667587480
359563871
766684046
347995250
873105922
423858497
374976821
313035058
524345724
405046537
650946504
191427535
667442396
612430762
668396789
462912962
419025623
677668781
610362604
483647545
735471564
509239560
