774607675
718029833
692350326
638564685
288322870
279924608
458733996
425587463
532723785
178810694
596320501
235901657
646665115
323741197
381776309
644713304
355326543
434501715
452824025
516320847
365717053
330730330
386408136
245126826
487209216
431530141
423734756
516311106
428938343
448907910
567693458
274451707
458012793
772766885
332883632
639206490
862611537
321073051
386121502
399300336
343182679
382801828
9129546
313508336
488996208
436088139
343607056
772417763
427902490
552661839
634367704
556723110
344437867
591462244
569701098
361998406
513437962
533960804
180127671
856993296
496514165
689093580
548832964
613022983
658819541
335320076
533152426
475059990
753892365
416210096
319904270
632223138
314528796
267794172
1178348926
514369760
334034187
554761936
439630364
565751286
428813506
354629667
552359510
385010844
449644982
653526981
408466469
169242679
411406856
574719258
411401742
410087112
588023180
476772462
635050335
526405761
351437800
346748281
582011025
488732197
675477927
510140519
505612463
360547927
498586226
567671937
530397242
377269208
785768185
54200040
405120639
513827082
534604585
454031570
654110806
777316846
810111931
409527262
517458688
412622404
688319921
315733040
433635711
461018568
502434853
707113921
467762365
413898883
785758088
309219551
564669121
703912371
531272448
470500051
285590758
505668823
344555021
423914476
568977971
667995958
324358819
531409359
396930506
701513005
373506315
325078512
398288718
260855548
596662847
525449571
362999973
630881935
497737134
390622796
622215889
646333785
531290251
331335652
495534589
305203628
292184231
510732205
441583091
519982801
562311300
751389912
378166611
487365206
331225869
385513488
358202253
521770523
652383050
562959676
733458536
551947708
656003327
600495812
461107949
358754236
245277252
826699754
136478714
699698287
798496240
548239299
943864640
668183190
327608385
489118956
217718507
451714473
344829195
670303663
744575576
402600400
666561589
432817268
392870743
734986915
859303539
682295536
597756987
367028383
493165097
429306171
448490066
686724589
388797911
530444276
494531970
538568781
389604239
289361288
502634469
420317956
427598154
271824737
524083697
580113811
478785471
324864102
492146310
716644439
423990402
464294732
667012705
614352738
380927196
494176893
277115964
336912549
508652034
502710484
482657894
271867826
215927124
429159515
380674291
382148834
300990697
326502082
358529638
333160751
291803157
283689092
235389501
163185336
237296137
96015295
160670757
201488452
196400904
91922518
95759105
53665709
71918853
110039884
100349477
110704480
84226320
44012322
63439900
89979149
45914685
75720244
40438594
31596503
11249721
55247364
22369706
36648083
38906032
54204191
387200
16846403
26012539
47410995
47500378
48014480
60808088
60118483
56105886
57686348
65303794
120398427
201929209
201258916
189358064
215918977
396449111
384065429
353115211
366219923
138949811
554617257
344668735
508037146
431297703
661091931
551965962
368939802
549500014
514762183
182879862
534954704
707650057
336086646
540655953
465205420
512046927
424806003
651848582
537475169
493935078
283178390
485665693
435161838
322010139
49086098
586260436
489903985
581411699
674898640
696596659
424199420
636203201
373377555
440947326
509148491
516524253
550465635
444510323
851942622
431285970
708782589
675006607
697606811
737165046
501134746
368419821
670358814
464834316
634506945
359871645
749779393
415162326
911417433
403375912
318932242
309494153
468897865
438599316
714314237
123169783
684934493
654308004
724496941
438698750
331059832
643647998
719123823
474994308
662657404
481503780
