775967879
716696132
685684767
631362554
283128849
277210834
456697768
421920284
533418410
186560335
596695929
243408664
633578890
322418925
396244982
639567443
353243401
433357694
451299425
509987853
366935410
330944421
397123156
252909444
484281692
426391573
430346837
519102505
418261094
445479444
564653378
272138432
465918302
774770050
328171234
626577858
861324321
316576179
397373274
396458116
338734957
387234561
11644518
306828963
490357784
436054589
345477637
774941992
422483234
557100880
636699894
549945944
352068165
588728359
560586286
354067210
515365265
524328302
183950149
856105451
494644932
680756074
555574302
603781588
652851736
334681315
530900637
485327411
758110203
415570049
313876379
638116050
312119773
272884355
1193368594
518598422
327602919
552584728
432468157
554684332
432617813
349377455
547620262
384221954
449089729
664951106
412478252
169716492
405442372
577405881
408654588
418619225
587574127
471683035
633278101
518362236
352813388
347229243
593822166
486654366
681300288
509304889
498697713
355779360
493194959
572527569
547103373
375748584
776261434
49042852
395756554
516820356
533639170
450639936
657792793
772953257
821943410
409076060
514614752
407814043
700679456
322204414
436480892
472873926
504080658
712489531
478435992
413215063
780191102
311772336
559735098
707707290
534715499
479089751
286881770
511825126
353823987
422635337
560574818
668510381
330185317
542660987
398314592
689029581
377306057
313546573
383728376
265742177
593362700
516199676
370196543
631566022
509142439
381877477
623231785
655346924
535469656
327981252
503838502
304777724
295512295
518290850
438055090
517278631
558831008
750508998
375941848
482105993
327062589
379381359
344660831
523585594
652023380
561445997
735917652
546223316
656270676
588584753
456711111
359117152
238137652
826909175
139627999
703668821
797037317
547270670
939936200
667813430
330477024
483695943
217806766
447383927
341109946
674446057
737979944
407917243
659895483
430665214
390387822
737694493
835142146
671011144
599303393
367105263
490013071
435436127
445126257
661899851
393921584
532660752
489836249
538291854
392020862
294907616
497143576
424437714
421299081
282580912
512152376
558473127
476899220
316425482
483616254
693604418
421285524
454719944
669417127
613170835
378950476
490273003
277024592
337748757
516434725
508008053
480249405
269708251
222701822
419186891
382837380
383804957
294224535
336851209
359691893
340689788
293526057
287920643
228295522
163991046
240940277
109959177
168189312
206518982
196941831
85186157
98254806
56915701
71884257
110415685
96775304
104311694
80625442
40619887
60028904
92734990
42570799
75652750
37204211
30672543
7649556
58045188
13386890
33004380
35080851
51423055
5775185
17134043
26331747
87160291
84266716
81448795
109025969
107557158
103677633
99173961
97719005
143776597
233380045
239882117
192056389
221917275
423124296
393295329
364741313
389153057
142127330
562246207
343477396
506570087
423583911
666171549
549834453
369521732
561205817
515332558
195892643
543712918
713843181
336029963
539049887
474635229
508938805
426395640
646587978
535928917
490103508
286316268
489677110
428044856
334983510
51956508
593971914
493241658
574322569
675227300
698600757
427566249
638613095
371047048
448261038
514939652
509582574
548391380
445572457
857479717
431015243
706691773
676559430
694971006
726055569
508013852
378564356
671578099
468881800
637574102
351580648
740546233
408137412
915757817
413330948
312952124
313282109
461671628
436579458
711668901
117579156
682592423
659695692
717016241
430829441
332401621
635968120
710235128
470652279
666194303
479335281
