774290507
721272443
693650404
632647958
266702190
271719541
446211948
418627363
528993220
185011801
608126536
233928594
629505686
317587680
392774726
637251199
350755658
435776219
445304861
516467404
362811790
324943774
403579784
258773759
481678103
413999502
428118508
500103178
406095719
439570501
562966154
269689765
462285956
775257337
330164158
627611327
868305966
315227206
398135361
394535117
339823983
384720803
16624618
298225588
486657049
444598117
351404866
772880631
423133273
558234276
636116794
539301291
357787552
576946138
562012371
360733448
524538665
508461976
172922561
843922384
485059415
680738722
550254883
602633739
648925145
330829840
538516885
478891520
752873520
421281158
321761135
631811884
312571531
267038575
1169861407
531478896
331323137
548300825
434797190
556446008
433772054
344012365
534967233
394592678
443472887
654544140
418478408
161945907
407452533
581131595
406658072
411440007
582105089
477567171
631233086
497927853
349265722
347799358
598033480
490299343
676815569
498070277
508980349
342392325
483819735
560373771
534700093
362452684
770985773
50299748
402366228
506057373
538226594
450319113
663181325
768185111
801040492
414827777
514770664
407428837
694098702
328288564
444151514
454246058
513810608
723718905
467482101
408345950
774755505
315442786
549430810
705179899
533967513
475784709
279981955
509020300
362228857
425279409
557578181
656836280
320968710
534796169
399823894
690038529
391145408
305069188
391975014
253500900
593098134
512046384
370015331
624416735
509840351
385269842
617302514
648912257
536925066
336102301
502959805
312165557
283295682
508838643
442050826
517000969
549509782
736439260
388098906
487297929
332333560
382597763
341054329
520265565
656720449
563037837
734004657
548606106
653746428
591048440
443555674
342238956
239240500
812192643
143141872
710405102
798212969
545294756
903195239
666995789
329557376
468086481
209252507
445513434
333487347
672811554
717133121
420069037
654949676
439087758
392618224
733223263
810761573
667906233
590454383
369815690
491996531
437059604
450548699
633955664
403768248
532650449
494504998
521556173
386530436
291549473
480988783
419361472
420497925
282095632
501329606
516826778
472397929
310181929
480731518
711692919
414039929
450208885
696558494
619002647
377034123
498375144
277229025
327804411
516941233
524809643
498462405
284812836
221730826
431982050
379086547
379406043
299334989
350226254
373518903
349269014
286887324
293468724
225323852
160137570
244219926
115189209
163211631
206325720
194174308
96266010
93299567
71255750
65936750
124039539
105913134
110996909
78455393
59055162
60482431
100295571
47294734
82999772
44982441
22341716
14621282
72967549
18556233
36427580
38299677
57058945
5556664
20945245
31345451
136489048
114613483
137794368
188216700
178547559
124462430
158795437
98726821
179961621
256231796
298975755
195407125
235663439
448141755
394313777
368786082
398790345
143027025
577360893
345233942
511574815
414326717
674305289
555295355
367725546
561102064
512016621
181662031
530866390
705535230
351622543
537492497
478047696
516122504
429520754
633074248
542619612
489066988
296082622
487326681
423720705
344549698
53446989
592324705
487350402
561539725
675437035
697626853
430782535
642109297
377612617
436521763
517876236
511110845
542514642
434553017
853033230
428049335
698653437
676036636
702656931
719794700
513257162
379091836
679458923
464612439
651824091
352562602
743356197
401628870
912558429
411834146
314545578
310647912
453857295
432246073
697354692
123160729
686222784
645181011
713609983
430430556
336819616
650164978
715927117
481801666
669429644
485135947
