775390281
715232361
684913498
630680585
272766273
274081367
451290060
424175843
530268461
187855764
604617503
245061783
632256047
322426799
399588479
639073049
353811288
434537801
449689433
512697122
366449188
331876158
396825513
254287313
484411914
421864877
427778260
517969751
418907553
437513588
562207597
270766917
465698111
774905678
329818361
630912507
865246395
317251811
400353844
396450749
342709397
388338417
11375106
305062795
489180704
438737003
347375656
776884991
423965301
555689709
634306449
544465497
351308613
582727806
559026293
355811093
517918665
515800591
186458239
853390081
491871575
677652798
552802191
608701118
649836839
334414025
531279525
485335959
755992642
418436189
311647323
635339432
314163056
268957150
1187951903
521235688
334129124
553304454
437014311
550368277
429987930
344466869
544185782
383188854
447223750
660857972
411422162
163406695
405323266
579569185
406316910
414839140
582970847
475884764
635278862
517471262
354734497
346522303
595664064
487168247
682027820
505324990
495384029
353694601
492789748
570991095
541702383
373465344
777154873
48987576
400663463
511760806
535576707
450305030
661371631
769267069
822128481
411602003
514301458
405684429
705965996
320346363
437422069
464472731
502789472
714077108
476923482
411935248
780183243
306164922
557658795
710463943
534355690
476413894
286952715
510597162
357356456
419345412
560564005
665655231
327434996
535406883
396828158
694791348
384794531
310079171
386037442
265123802
589072171
518182401
368388877
626148587
504494490
385565302
620433426
658488452
531683901
329362687
503828518
306836243
286219268
516611423
441742102
513256335
554604717
752556593
375782964
483310162
326130716
385741993
345070499
524801464
652101188
560298101
740449048
549570291
653426594
595229548
451674204
357306488
235828204
822509604
140370292
705137344
792693748
546048528
940813727
663679565
331390807
478417046
209129640
448960950
338592360
674504172
737546397
409270263
660596512
438012812
397850507
735023560
829937348
670032465
598511511
364536313
491120869
436054094
447416021
654464901
400180947
533510795
495186248
533880440
390841470
290798721
487762989
427537643
420102501
279177333
506618780
540177374
474040842
314193402
483042456
689750665
414228120
454578007
669891649
615266574
372384366
489380040
277264005
330656952
519450224
506176430
482937620
281008603
222587722
419149964
384751722
381871088
289174239
339551919
357225991
336933908
290528074
287619906
222264925
162255467
238299748
115860703
171046501
207157155
192837193
85208283
97948574
61909693
72738308
113107667
95741131
103659180
82069271
42712810
59828625
98719752
41028394
75662400
36969999
24618728
8661407
57417251
18424866
30898108
38503684
55517583
1777075
18930170
25247060
101621556
100208010
98785683
132430298
126033048
119575047
111034127
101224539
156726133
237242732
255500120
189540086
227870129
428916559
394060472
362859441
389304294
137098058
568100474
339537756
509682328
422486179
661830779
550455706
367324232
562495127
515241990
193247484
545593273
712731809
338630117
541293650
477391685
509442817
424901937
644119015
539659552
488814772
290514576
484062354
426395417
337936166
55409425
592126211
491692277
573200589
673939193
698442998
431153208
648244767
373072349
443466000
515430488
507179283
545278161
440190013
856634366
429971745
707605935
675217116
696048024
724598239
511099006
382104372
674054725
469241032
642981582
352738751
743734768
406415095
915370521
413502256
312854965
311368934
455543300
438051352
709504578
112548234
684334173
655971626
715555406
430819102
330000374
639210016
716942644
475030781
667119664
480797307
