770715003
716479620
692605165
633582379
286769724
287981105
458013597
422655922
531357041
183618067
594978201
228584225
644835266
326025331
387812967
634255120
356886750
436475362
448760691
513578911
365181450
329500539
388582708
244406202
486008601
430282399
424780954
510343800
436950977
450410683
571979472
279397785
457188814
771324209
327695723
641778463
856968604
325278331
389772572
393126966
341466421
381292874
5264714
311527180
487765135
432281679
335647541
779051232
427973310
553022717
636764332
552431435
343678593
593201514
577023091
359473868
513074520
533539828
185385606
853827831
498164708
687400135
541087365
608630818
651747253
338157013
534977661
483195440
745278007
412828657
322256914
626189477
310378811
265260320
1177452510
523263818
332945353
554723752
438984448
569552574
432267860
352192968
555201365
388078029
446328730
650473534
400368263
167843901
411413733
572832877
413323072
413446544
592512710
476915424
630937963
527392321
350892072
344609235
577045328
484399188
669151904
506750678
500204227
355002931
499968492
563926955
527960896
377558479
785113057
56802583
403700559
511713595
541926953
460355845
661902238
778472078
813161593
418156391
517147125
405998080
690548731
315076180
432057901
456952544
498354441
704691541
467808611
421445531
784054783
309826331
570290633
706266608
534555237
474401284
283729279
504154196
342014260
422781205
560939701
666872538
329691691
530044315
389357310
698997958
379647934
317900846
394252156
264797801
594950526
523106106
366187648
636167463
497846950
390101713
618852230
650797119
528047215
330806267
500404574
302417070
289407521
513701212
439543942
521033761
563588925
748902295
373214192
483903574
329044610
383977359
358408276
522157090
652357349
563489722
730497356
550506310
660108259
606604985
460865327
358520006
255653136
829113476
138118489
700432207
801247950
548401801
942543281
668730035
326302899
485343935
214427074
451689043
341827554
661122563
746100549
400976415
668300223
431196862
395200830
732918937
867874452
688279268
599975431
363142620
488984264
432135303
450567817
703683800
392190032
527488565
491313780
541104905
390109058
296021778
505791272
421237458
428734332
269086699
530595078
599269137
477375816
324346983
496693203
724297137
417370943
456486567
663694220
613719155
388017736
495957614
278383686
330962163
507106522
501505098
484327121
270969603
216435875
426089950
377696619
386057408
301351581
324872618
362855376
335268741
289015037
280632163
232660914
161317406
234425691
96024634
158275453
191457762
195832256
98024773
92719206
56911076
68794351
112817547
104851889
104856696
85790132
44747211
67317163
87023460
47221695
70941387
41700594
25806026
17066329
47166114
22912227
38350106
38840471
41594196
822094
21019290
27204251
38253485
32459251
38792036
36960657
35355369
36884329
35862065
43942445
112991175
185490850
185593046
181939102
207047024
386479702
374089222
357352641
357406501
134702590
549157754
348324436
506160086
435130550
655146306
544916645
366991802
545856284
508220920
183100600
540821405
704370841
333393727
540256336
463081230
515033998
427698301
652171649
538589017
493531874
283067596
480581412
429923388
322315871
49205416
578281331
496813591
582968977
671491098
695677472
427026399
636703635
374503594
442970402
507454230
519589541
547796601
449135241
854375052
429955033
702539038
680662636
705285522
742200662
501298754
365974990
661498313
463090908
630757539
360846345
747372181
413741042
908423205
400972104
316937401
312487316
466417935
440558751
715557750
119059049
682513583
656150656
719098171
444551240
321660550
643850295
720484659
476906386
665950761
481593169
