775317804
716237954
686189119
632223148
283326810
276487463
456527352
422064195
532487902
185564501
596763337
243379107
633649686
323364103
397046211
639565971
352908631
432907705
451266773
509760056
366433276
330566610
397254474
252004293
484565261
426962908
430406042
519204103
418571697
444810879
565575864
272459931
465194998
773575268
328007346
627145234
862064863
315661772
396992397
397067256
339597310
387463397
11470431
305781549
489951758
435319232
346337668
776157499
422285752
557478864
636723370
549800780
351050619
589237502
559890203
354872193
515154271
525226367
184030987
857017077
495270461
681289389
555078990
603406724
652732730
334320319
531295157
485631962
757956699
414912773
314078436
638062243
311851120
272853669
1193348315
518632712
327691720
552834750
432515738
554458328
432901108
349517514
547611355
384338598
449340491
666000112
413385490
169450986
405757036
577468082
409044750
417503270
587899396
471548975
633556705
519396291
352593985
346585960
594303859
486874746
681310903
509039531
498718051
356200965
493610935
572105534
546766459
376645639
775706983
49738873
395933051
516723670
534144389
450973934
658163326
772654430
822047643
408971081
514904723
407494966
700339817
322020904
436362582
473576153
504911351
712599607
477958343
413674526
780295279
311901338
559396455
707597496
534932465
479246342
287505052
512101111
353168598
423177508
560618750
668492660
330031769
542028735
399098874
688958617
377615360
313258575
383217799
265421909
593490105
516660176
371182621
632228227
509152835
381365749
623283914
655793203
535586435
327846181
503939608
304838860
295401783
518112959
438932802
518237632
558217731
750813926
375708133
482740790
327663116
378930500
344556100
523609514
652185601
561837963
735049555
546307013
655981227
588851575
457492062
358905087
238349287
827529928
139764275
704444747
796894314
547848507
939591327
667987370
330072893
483911829
218222190
447351183
339769032
675601762
736812752
407497526
659286483
430357579
390550787
737778441
835675896
670806437
598404569
366469194
489529170
436060910
444912021
662402018
393931126
531812373
488637198
538486721
392304103
295915495
497262193
423831622
421272930
282852861
512733096
559212338
477121009
316019008
483010142
693536599
421347791
454695480
669546947
612095827
378349169
490704142
277376158
337535730
516155143
508598838
480073470
269130613
221722472
419177164
382548547
383920536
293897771
336733048
359370193
340118205
293106965
287350068
227971467
164041428
241079846
109735470
168223328
207325168
196146085
84569649
97940896
57484343
71026221
110188236
96158307
104765055
80891616
40670123
59875838
92668093
42430314
76151833
37427316
30283947
7882064
58631955
13839425
33004579
33901648
52016371
5904922
17755468
26263867
86301747
83437562
80953256
108274814
107143174
103732995
98919592
97496905
144158478
233023861
240086208
192501944
221968451
422475353
393307063
364838587
389512504
142197283
561854373
343773240
507055129
423755805
665114470
550091582
369738403
561124017
514714588
195669025
543705817
713405979
336237706
539458679
475081605
509907435
426350805
646275938
536034279
489374194
287097843
488473071
427879445
334886569
52444335
595020248
493114456
573909290
674521406
698091146
427911840
638706913
370400569
448828078
513962007
509953942
547975928
445427179
857389425
431445557
706343756
676660005
694424020
726651754
509013840
378605685
671742539
469653265
636808297
351859388
739657585
407756040
915166189
413997885
312569056
313177924
461424672
436597107
711407991
116882585
683147639
658926377
716802355
431435029
333537205
636307198
711043821
471236124
666368951
479370670
