769800233
717095545
693249753
635175608
286932720
284005275
458310080
428666399
532195208
185044283
593538667
232303670
644317742
321757309
384549834
637981581
351781028
435455687
448309580
515637293
366172027
329263777
388126455
244919654
486363321
432561593
421590515
513508432
433286991
450988918
569488218
282284229
458206498
771265758
328708588
643603197
860018164
327421618
387298981
396153734
340870311
385521486
9020012
312519565
486510764
432299946
338198006
774181578
426820020
550895118
638819632
552529810
343053862
594013635
577280409
356439831
513285303
532605164
183663559
856068691
499576783
683342269
546978102
613343895
654352996
336610399
532724423
481212954
748934104
415686454
321993828
628276721
316336290
268671449
1177748556
521530158
332213751
555937141
436347024
569673931
432894336
353157295
550806786
389483562
446524359
654456625
403445276
169193891
412333419
578494749
410228991
410238861
592318633
473070773
631432973
525994323
354516741
342646843
575977001
483898757
673575415
504763698
501072044
355565475
498768712
562281760
529356033
375382896
784171749
57022769
403044203
511114917
537876302
459144455
663194126
777151151
812380952
415396630
520976713
407575696
691664411
314732127
431571108
460272862
503427050
704016452
470241230
419162023
786413747
308373234
569248758
706255890
533080467
475671831
286501507
504178671
344124285
424199097
565296650
668994088
328450373
529556173
392973158
698291212
379040251
320614787
398030629
265043056
594265849
522462306
367160399
633442378
497845905
386967925
619315200
653050244
526274874
331575777
498286663
304288544
290534741
513870090
440576533
519967111
564394318
749580550
378050545
487177876
332666620
383036816
359040093
522560225
652190422
563977414
729671070
547989100
658204388
604450966
461049420
356724983
254052913
830657443
135698958
700796576
799263008
549237205
941981144
666579472
326183558
485526989
215963733
452751095
341743318
663085709
747468811
399822397
669217340
432500636
394397906
735761440
866258820
682870037
595667074
360540163
489437736
429359233
449808842
694340124
392557564
527889007
493136615
540064865
389604007
294900862
508331845
420520071
426808832
269556227
528225258
591937373
479001843
322619444
495624452
720423847
422407081
457926674
663196358
616317527
386560384
494516918
276591782
332722308
505601906
499929445
487551466
268183647
215347048
426899563
374294834
386296412
301595460
327103581
363623543
335315866
289846993
283334127
235571465
160823273
235494015
94986391
160293934
196004237
196237908
95396432
93018531
57524441
67529892
114300246
103140712
106448184
84111580
42000700
66756232
86345758
45662389
70832058
42170164
29220806
13407436
50582255
19648793
38017744
38775596
45801838
946619
18367571
25469080
40702762
39297348
38763407
42444342
43349738
44408817
45757443
52852970
115433821
193910389
194848129
185055359
211523243
391198054
380466040
355324837
358321135
137832867
551988844
349752911
506084931
435432248
656500652
546481055
369399128
546409386
510202554
183775131
539743786
705836617
332408381
540817205
464884594
516261440
426578629
651516320
538006854
491679820
284294529
480746972
429467763
321757635
47841765
582504581
498401402
582234447
672366201
696852292
428446715
637625917
373499313
440678705
508974748
517710812
553619057
448082670
850742764
430025699
706243265
677851286
704809892
739680374
500785756
366609673
663886755
459357392
629939447
362662237
748582376
410854296
912089757
405875082
320209162
311770486
470633339
439927077
716800386
119506517
686856491
657131939
720886310
442139875
324383113
643558144
721230087
476891654
665389053
481292710
