765254534
723343678
713177996
627699831
283266737
277260477
448982938
430061721
541674720
178467408
590258005
230386187
651008495
336263138
391240260
630410560
354748770
423846326
454224655
521903294
360907388
331933046
368877032
244615417
486504200
438240100
430363083
502783231
435041084
452973294
543424631
267478002
457675623
769788995
317705179
636092694
820076406
338815728
386076766
402369211
348699642
391485054
10317470
324816013
507164292
443861018
340329132
748266926
427773480
541080997
643858714
561096788
349170882
578704915
586618870
344747641
512952146
513852521
182044912
839652757
506754252
672154990
535765657
613887840
654174941
337132615
532691456
486560241
727600185
427630676
328623825
621270090
320793793
287154944
1128087370
516987415
339081079
591015615
425705681
580885693
432356222
350753768
550179405
378534381
451605017
639929711
411426846
153624588
417784286
552229092
418330171
412403862
583907297
485361590
637772820
511716150
353044853
343437709
548814123
484418583
641452666
508147212
513890419
359594082
483587891
553016272
518720717
381562455
737556298
55296382
403293132
509007040
560381904
453813589
627791633
778192443
788658619
413884603
510097236
394376452
667760046
296715278
447332873
445726785
516015284
692820713
453451275
429273539
777617727
314629814
582693915
686379257
520864049
464506736
279682421
512091550
336987400
431579320
543797143
659520297
339879844
530481467
386020625
677995031
374354952
319454904
376079989
258163466
577984060
525159097
356908750
623400476
513505607
383014244
601943132
634820365
523336225
332793972
518214689
307585127
280868671
503349258
435707724
525684859
561595882
721501073
387331924
486478443
338974644
375838259
368509466
509407598
656774210
563956868
720646015
564925163
654765794
608704009
462190259
354759805
267018531
837098341
149142790
692923950
798988905
544818514
964554993
663318730
339106089
487974495
224975759
450706427
339816913
670406267
749913724
403679841
685473922
452100524
390081022
757539505
952311831
684546309
612570009
357254772
480142037
428589092
449575054
843163094
381339182
544634354
494033210
519087840
378240492
303623350
546848719
426030442
428180069
274647810
581970088
826900170
462119139
327534515
513679373
713605803
431444647
469034583
668083583
607479161
395164391
498945103
273285980
324820860
505348176
506954250
487730831
270558050
221056690
429674103
373433948
390176350
294239998
337078366
360498072
339032402
290751810
292410772
234643963
155641245
248289636
100538844
147881938
184329526
196051032
97783501
99561726
26580043
60619237
123800969
108376348
108740803
80136054
58819034
60229878
92407875
59921040
65969202
69657711
19885067
3516151
52565623
34106837
46439242
43368997
51422285
3472517
20065125
36439719
37651255
29160264
29376684
33458959
25912468
24862954
23254059
22558666
24388695
35139067
42202748
66213804
115329082
308945037
322797684
322430007
308305907
123384015
516630935
342212887
483010623
447587267
630160267
555663036
360563992
541403038
489666339
172804854
544115865
709279827
339699352
532986398
470640289
512237445
440280011
651232715
539020936
495511187
257733311
483371873
444827073
310940958
46767605
584435637
499097918
592623501
661393483
688926268
427270657
656023184
377033403
453795824
505677726
500127252
540452927
451476970
870889301
431889919
683625785
694787852
718741774
747638128
472306238
360799838
646925589
450562391
634075087
358565616
737084795
404080032
890172406
395212248
322136090
311768776
452703746
451170364
718135818
117002153
673993310
646086999
722784803
435159797
334212780
643953186
728749532
471116300
680040471
469570402
