774783832
719556240
692046574
635409865
288191293
281697884
456053713
425933739
533698381
179458438
597009113
236972518
643705413
323426405
381905940
645360957
355679332
434199473
452502562
514073658
361976910
328992972
386557675
246485730
486935263
431869677
421907730
518861556
426865310
448449737
567209318
274122826
459215420
774023575
333128453
637275785
864268625
317115179
387982487
397740225
341536224
386554287
8620014
314079969
487432016
435528986
343059893
773623526
426197567
551443777
632417488
555878529
345265358
592019584
570285494
362707330
517083227
533539809
181053155
859366272
496261501
690229793
552055591
612088211
659142903
333170860
534402220
476075329
753865135
417286546
318721348
635190311
313322819
267016327
1181425754
513422591
334248599
554100497
439642512
566561635
429797363
353420056
550461165
383146414
446773756
654904121
407617174
167808579
407491368
574561544
408449588
409756608
588023471
477078563
634275113
523412743
354359493
347200754
583771841
489769250
675977070
510895801
502454171
362486490
499218615
568520224
532675160
377179556
784877717
55217459
401893843
516926104
535016419
455006267
652953568
779925545
809449855
410223273
516400180
412639916
690318637
317627477
434807788
461658873
504427477
708354533
466899180
411357647
786569232
309904732
565299236
706241964
531450970
470582476
284769051
506562295
342055538
425871108
568577753
668185871
323585063
534029963
395546118
702001650
374566949
325495463
398593534
261391502
596893324
523549109
364803004
630360393
498675139
388568777
621506975
645030964
533664834
334947270
495228211
303453139
293284600
510101531
443207159
522862937
564296233
752556249
378653295
488953277
330563633
386966027
357602959
522925673
653126197
562521255
733001811
551018201
656102967
601713343
459905004
358046108
243749900
825602158
136260443
699148920
798845723
549519616
943535730
669562832
329307041
489292261
217770085
450412692
344800650
669786745
741855986
402937904
664689834
433489447
393929930
733239235
857418962
680882930
597791516
367180822
492438786
430730009
448889287
687764911
387944689
528658369
495209813
536597394
390479315
289534524
503001438
421229729
429552120
274206236
522882986
579822624
476356071
323589729
492744018
713443024
425005494
462177683
666841157
613859908
380011033
493828149
278970436
335153889
509736130
505128111
479930757
271164590
214825984
429078457
383064712
378979631
298534616
328498296
360401947
332442516
290649324
283395201
234466557
164116455
237423600
95625418
160587308
201368388
194806023
93273835
92677035
53366429
72624068
111008934
99000018
110875883
84239234
45350690
61318642
87896375
44742983
73900539
43029363
30520446
9673756
55196669
18272643
34501872
38805715
55287377
1043555
16833907
24804805
51448590
49859140
49405437
61988043
61015750
59246105
59728822
65556267
122232327
204020147
203544612
186345489
217112186
397479832
383837393
352131313
368315949
137722041
557479414
346374532
507972896
432224635
662982802
552584419
370246461
550313260
514416228
183322359
535558631
707004453
335215262
538565893
466884409
511164517
424477557
649741347
537142423
490979894
284500529
487209920
434093194
323090170
47278883
586165888
490820587
582047595
673637667
697660948
423219012
635319484
372995989
440734959
510760792
517684647
551184416
442582029
851904088
428499780
706686566
675979889
696789988
734991672
500410888
368365438
670687858
465847035
634761394
357296354
750438346
416273095
912211465
402354125
318885400
309035334
468228761
437329331
715312349
123559347
683200489
655958064
722945576
438064527
331123191
643655817
716976833
473982848
661881663
480537968
