773845544
719926807
693458165
632403625
264191426
272537093
446226383
419057637
530337262
184524457
607234723
235372894
628502633
315117893
394056125
638536152
350625612
437103497
443966107
515770097
363323449
327175912
401950832
259027043
480969455
413697084
427797255
499715185
405954775
439645589
562289095
270495655
463144861
775159561
328646262
626657753
868038527
317274307
398326826
393246877
339243140
383819944
16529655
297138548
483597632
443452455
352513187
775003015
420821843
559308144
635937794
541430295
358839284
576855270
562696603
359412543
523477111
509528747
174446293
845114008
486050974
680792715
550380416
600788504
649884250
330915057
538334095
479337875
752677886
420678231
321441644
632646850
311603760
266451312
1167174246
531225848
333743402
547116747
433274284
556234462
432967807
345230349
533228798
395025333
441598945
653793337
419220159
161495944
407212438
580594053
407505337
413360925
581216774
477279178
632521812
496999419
349800923
347881788
598116185
489300250
676244890
497973144
507556348
344090932
483164175
559594411
534607916
364520180
769172139
49829965
401946569
505145306
539299577
452605561
666498015
769517945
798665121
415360462
513568265
405777987
694638444
327999668
444135554
454467574
514861806
722277709
468677709
410071809
772762020
314756150
548322771
703632270
533625853
475405356
279081611
508595840
360242346
426135959
556479585
657651419
322391077
534742866
397542405
689260732
392286206
307297412
390459894
254877939
593871556
511616648
368939799
623535326
508378006
384393647
617905407
649042479
537070251
337425141
502431976
311824151
285786364
509786622
442911628
518202860
547853125
735909161
387160819
489902781
330155228
382807180
341240532
520918228
656257349
561884098
732235795
548932054
654990212
593130031
444794188
341984694
238754038
811682179
141668134
711227811
799947486
543893194
899654557
668102524
331613693
467551915
209153641
444274168
332860663
674634829
715900727
420111490
654107464
439258713
392366202
733228355
811313882
667586084
589837213
369869239
492643011
435478366
452215332
631728627
403261953
535275787
495449532
520542317
387331325
289998360
480548434
420271023
421465297
284407095
501352086
515750641
471443471
309144706
481815543
714763377
415685755
451838514
699290897
617837047
376228544
497376455
278627975
327293603
517332848
526433287
501182403
284073959
221801101
432001584
379528782
380024207
299306608
350752120
374501596
350877689
287710812
294239292
223859670
162092060
244006730
112078061
163610937
205273193
195052322
90935157
93967058
71910150
65996753
124965115
104918425
110919258
78818124
58559160
61145895
101234879
46970973
82518685
44767957
22666716
11921484
73593038
16444048
36413060
39433543
57615287
4448003
20801652
29450882
139249357
115597586
139653135
188793835
181594619
124414010
158933883
99070397
181773761
256877748
300636873
195467781
235139209
449075140
395562000
369500250
399395939
144120620
575282832
345833777
509518082
416635249
674984900
555890901
369011858
561427592
511781904
182848251
530595773
705326358
350581051
540486067
479977720
516950523
428416991
632415941
541051686
489588714
296235046
488307478
422556367
344600639
54245578
591491058
488286606
562720913
677607471
696859128
430405708
644652253
378222686
435970569
516457068
509394918
541920439
435486297
852447414
425562089
697814262
675913561
701687114
719162094
512599066
379204602
677746783
464106144
651627546
353062687
742251318
400436567
911883240
409408707
313245312
308572573
454536796
432359035
696007187
122844638
683910587
643485438
714229565
429807683
338408796
649767032
717180958
480822219
669765306
485888275
