770115518
719284221
695159626
635604002
268445453
269638364
449674800
418248050
520911733
187117928
607040117
233340825
630377301
316629678
391988448
638201524
348793637
436057952
445649240
517876961
361706116
325232279
403738325
257170995
479998837
415734040
427180210
505019827
407857005
436428597
564622152
266197751
461379412
776308108
330657293
626386530
868079739
316258509
396866741
394648729
339676110
386576810
14733464
296516645
489376767
445197744
349404957
774698057
422972272
554214315
634173994
538260931
356906282
578391535
558921954
361137504
525102840
509956203
177802380
845830494
487863005
682200143
549469309
602151722
650429914
329487292
538453775
477695003
753959666
422113545
322727715
630562111
311177606
265104286
1170694316
526420791
330160798
550227792
434152597
554323324
431415941
346317076
535975874
395845718
442805482
652778059
417002766
162315823
402506012
583600313
403536367
410633664
582809466
478297006
630608985
500414125
350805002
348237686
596133909
492625644
677940354
501964882
509013583
347316394
490539316
560412521
538907896
361758201
772457172
45726506
401997456
502023184
539551164
450473275
663322261
764362684
804293409
413890203
515347468
408608354
695615302
325890788
443217463
458253705
512135690
721778969
465070727
415264154
773550854
314072516
547834430
703454049
535692186
476496624
282830583
507700075
359635137
421053590
560231161
658571837
319711401
535219574
398554053
686899182
391329729
304753872
393596227
257725687
594522892
513751334
369503395
627661934
512315307
386495290
618561211
649638147
538133781
338316912
504807071
315489249
284995722
510820693
440408145
517567054
551795551
741020946
387399574
484869449
331952043
377569041
339222371
521848246
653730665
566874401
737597876
545094707
652830546
588226170
442220911
341581853
238140903
814790164
140790827
707451948
798953024
548138476
910027433
664212179
329124431
472849524
212344090
445971694
334096902
673895219
723210087
420055224
656790187
437692665
392999561
733716891
815703010
668164922
591084302
368158648
490688196
438718145
452529125
635947353
403998124
531205253
496146081
526527096
390192079
289431450
481373851
420500007
418380562
280928450
502825034
521118911
474137931
307130340
480507811
704606237
412808873
452150040
690122340
618875367
373536984
494111916
282295240
328844703
516582208
520479807
494557559
284812522
220548165
430203755
377907203
379712510
295168693
349323446
371717745
346493810
288220801
295161156
226428353
160624076
245760740
117065757
165904128
207101583
192107052
94291210
95436997
68071377
63731128
124791059
105497768
110559381
80571881
56943327
61472104
99720869
43186263
85758550
42528053
23172570
12255389
70235543
20752540
36624886
38201348
55760051
3460469
20608999
29057317
132850198
117153723
130631460
178533706
172112975
120822107
157175740
97376126
176952112
254511869
293147372
194097418
233626771
449554241
393037276
370479336
400452263
143123046
576683506
344890128
513199333
416749051
671910852
553063964
366284380
557004454
512365207
182688232
532445775
708352613
351444188
536456556
473303700
516385821
431030912
634085837
542598616
488172677
294204329
487800555
424593585
344019842
53465069
591824599
488539558
564455315
677232724
697142100
428827378
641178266
377699907
438657343
518315274
507907944
546003529
432440769
855676869
429417005
700308138
678467800
700272564
721342198
511774069
379076393
677302199
465340855
651216489
351089340
742779762
403410270
915390027
416760273
317318128
308654159
455583765
432130231
701373375
118484271
687341387
647879126
715669494
429770694
335936039
652140549
715752726
481993048
669162170
486477808
