773582558
719549229
693495732
631748967
264805647
272179663
445970302
418722293
530036671
184217924
607433814
235203312
628880792
314953674
393571915
638540418
350655718
436845532
443984043
515507257
363673406
327025494
402274661
258979973
481108173
414085737
427536013
499732413
405916719
439569952
562766531
270351268
463176008
775384147
328657254
626831575
867744249
317106382
398299282
393496277
338734630
383841092
16331960
297160626
483840303
443666568
352920698
774896490
420504944
559141865
635675522
541344673
358909683
577207287
562610427
359399418
523485127
509619828
174567752
845166308
486157524
680863674
550359542
600798918
649840257
331076567
538164110
479621699
752806093
420829312
321730133
631800985
311735572
266675516
1167461793
530999470
333254680
546985926
433638236
556264261
433304625
345008433
533593988
394438393
441564209
653886819
419261228
161434040
407438850
580268485
407827797
413040844
581227805
477158918
632100445
497217102
349676724
347710027
598022007
489013791
676084714
498157920
507164633
344073289
482835431
559745527
534665708
364195064
769869497
50181098
402243334
505485116
538835236
452654279
666463844
769626026
798574458
414954559
513244865
405688239
694400916
328397648
443784386
454369004
515123093
722149812
468539160
409926272
772862329
314261777
548198295
703798032
533839745
475678114
279553208
508584027
360097925
426070794
556631709
657370347
322547140
535074103
397604972
689291776
392380967
307366513
390244930
254930421
593652595
512103705
368986443
623175932
508629505
384527370
618087804
649899478
537265790
337165846
502450997
311433238
285588187
509717059
442892205
517934165
547776403
735756150
387128722
489482950
330044169
382801963
341243998
520675925
656418967
562210711
731993131
548450085
654821269
593048085
444572000
342213803
238732520
811561199
141633891
710732434
800238241
543795393
899872597
668163867
331373740
467765114
209264824
444576804
332558521
674240441
716469006
420201468
654143878
439049855
392346744
733374895
810991291
667497786
589927769
370232585
492353382
435984778
452408047
631828895
403052977
535374269
495494671
520283716
387597502
289746949
480310689
420869346
421478872
284017973
501380720
515577269
471569637
309018115
482038933
714567215
415229174
451861681
699321507
617827301
376376440
497310436
279139496
327052437
517139143
526408208
500908222
283542109
221450978
431926132
379288588
379848185
299452671
350866494
374701952
350817618
287612087
294039410
224069517
161706890
243651136
111925418
163279827
205332544
195137673
91258013
94087468
72430252
65947611
125186767
104680397
111132195
78951238
58447543
61255229
101260566
46865547
82743047
44828999
22539763
11869117
73314625
16874719
36184836
39398600
57717760
4453492
20969037
29601629
138711106
115784365
139527749
188704380
181226705
124390015
158695239
98861335
181880495
256737905
300109029
195375053
234934463
448660128
395496777
369806593
398993372
144250115
575567899
345842705
509979119
416467747
674484528
556065544
369127013
561119088
511167556
182817779
530404009
705182251
350982948
540205191
480037871
516955759
428733957
632517377
541261228
489874510
295844625
488110731
422649508
344420960
53885916
591789766
488054254
562712833
677685545
696685505
430253139
644677039
378174221
436149555
516217164
509689258
541741427
435200924
852538527
425654122
697963505
676190063
702082660
719479203
512443201
379407158
677803552
464098584
651164300
353099079
742221478
400591384
912392000
410304999
313260041
308561531
454702053
432257450
695954404
123273922
684017891
643485043
714169696
430372203
338265178
649958146
716863527
480593403
670116354
485871678
