776343395
719590078
694765065
634132438
264260110
272044441
447340724
419333693
529152210
186165581
607115685
237222252
626836424
314315411
395132499
638117158
354540319
437677871
443492059
516430189
364472524
327692506
403048412
260478042
479831206
414565145
428809089
499620311
406044219
440124115
563006601
270376148
463235496
773517821
329426917
628443960
866507024
319192930
397854649
394015552
339661069
384383636
14391375
296430813
484795629
440875365
353191238
775944697
421809827
559037175
636656396
541647117
359162762
575617487
560813990
359712405
524233362
510346924
174329698
844171385
486167792
682412475
550831171
602888993
650714220
332861079
536287353
478693767
750768892
421822666
321257648
632451214
310817061
268321112
1164244699
530712614
332829390
545596597
433535542
556792517
434813971
345304953
533913787
395295941
443156289
652389436
418464310
162006963
406093100
580064318
405409044
413303274
579445020
477793689
631527593
495521218
350521169
350875530
598095035
488641601
676313842
498898579
505705702
344197446
483211553
559691629
533958205
363542950
769027904
50082073
401588502
504757310
540770265
452727950
665635798
769569310
797002917
415168756
514968078
405216771
693635056
327122697
443558657
456998521
516314157
721493904
470369737
410317802
773250993
314875538
547196569
700952439
535152474
476621734
277543896
507604328
361296228
426111434
555901160
656277303
324035591
534702214
395505932
686756317
394419334
309286803
389578112
254476900
593163957
511978644
367616333
621969588
507379114
383323191
617501257
647052767
536178797
337106141
502165133
311674099
285711116
506812759
442077090
517445787
549209912
733846456
387981207
491352746
329745743
382977386
341204253
522381376
655506315
560512515
731584870
548476324
654839176
593090825
443571180
343786039
238452814
808694339
141502064
711820356
800978312
542877619
899400926
667272709
331645585
468838547
209384980
444350901
334611086
674707760
715993208
417861325
654282067
440145317
393745726
732083572
810057732
665948327
590720106
369524655
492370056
436205323
449540924
632117416
403300855
535079495
495779433
519660415
387762972
290700351
480502647
419900957
419819202
282863163
500642476
514263560
474025210
308317186
481058716
713529445
415519544
452080135
701847678
617164763
376644460
495497354
278958637
328727982
516374854
528611566
503580112
284287282
221991424
432785628
379991740
381947487
299804499
352227603
374442360
352329454
286715745
294620447
223258264
163459921
246561214
112489626
163420051
203381435
195720458
90232849
93799554
71772425
67550319
125267997
103956384
110596249
78563353
57590953
61308611
99916842
46738355
82108871
45570787
24036817
10440742
73570363
16481626
37847718
38229761
59758316
5078144
20195582
28585256
142668441
117455033
141962837
191387731
185143572
124902329
159360953
98639358
184130077
256810774
301694306
195014486
235866431
449608134
395782099
371121892
399149458
142772324
574997770
345735230
509024323
415190941
676437230
555598308
368858655
560497534
512425779
183941632
531070074
705686312
351446024
541784779
480815945
517781895
426764044
632199233
540547993
491257086
296964643
486035669
422432063
344226587
52850302
590758758
487576575
562372230
677474788
696972605
430889332
643087577
378132715
435912847
518018983
509644181
541539584
434343569
853911979
425626796
697693455
674498623
700123606
719882139
512657304
379510912
677498911
464463041
651294125
353959956
743051408
400138455
910322011
407973385
314945237
306609836
454017412
433602552
698149967
123163382
684994806
644394334
712723727
430365671
338297037
649682031
718807265
480486259
667973237
487971439
