770293080
721747498
696366962
636114258
269243187
270836410
448180972
418898532
519767816
190496299
608850506
238922078
633262770
316216384
395006480
639490990
345542007
436364148
448713340
515597358
360143866
333191550
400400753
259009441
482836922
418666022
427770344
507999596
411413914
440126712
559463322
269241479
463182658
775661393
329384086
626086780
870336339
318850350
396531322
394283033
339829711
389511040
9074640
294642626
486265283
440426135
351584155
772265033
420880323
555179574
633850221
539458186
354000735
577868384
558096569
360257779
524430027
506317169
181862183
847824552
488089141
679223721
547790431
604067612
653951254
330599146
535970750
480316302
761148779
421524927
316676043
630082640
308982165
262959015
1172479637
521650302
329113852
551351784
435808836
553909202
429588214
342572843
539985134
391762692
444095202
656381156
416655611
164812584
401704629
580122491
402755538
410260908
585177318
474922132
628148779
504471559
348387347
345580749
596449262
489774405
679135533
502037855
505048226
349599275
490352985
563724083
531961695
367609892
776035083
43604385
401006093
503718387
539029189
455087271
661704942
763261159
807843146
414401035
516812440
412909881
699121862
327980215
443308979
459137820
511201030
720932606
464350024
413266088
774248317
312861693
552168855
704557021
538563036
471998657
286500509
509180003
361637243
423357439
560259114
660267356
319179893
536191939
400780155
687154861
390079852
306326868
389458760
263304554
593780026
513042191
372099533
630918724
513203218
386336220
621220278
652383693
537111850
336555055
507466845
313093043
285303866
513839110
437903484
517930857
551843965
744702036
384536185
484833515
332339525
380970555
336581121
520762393
654788215
565084268
735101142
544496465
652999878
595354537
443373485
345555387
236784925
811518045
138939380
710262700
798670927
551284061
917447961
662942004
328772253
472460025
213045897
448393295
334057133
674287324
725890190
421160744
657741863
437284031
393770276
732750415
816453997
669049111
592928782
369188294
490151250
440377417
455321218
641774971
403764742
532850075
494885777
524454814
390230966
289726975
484918127
421164410
415353279
281029204
503233496
522836673
477297938
311432901
481660433
701482980
416572873
452171779
686697653
616435041
372121918
497218540
279218071
330873224
520093467
516833407
487140808
282424612
219347325
427632193
382216560
377995044
293565108
347063218
367510348
344290030
288799638
293527081
228970471
161731586
244202026
111224322
167669489
208019837
189648815
93280075
96526291
67268016
63774019
122947550
104997884
107250355
79679228
55912039
60581032
100467408
37235441
84700651
42334326
23227750
10946163
71643350
21002506
34168578
40638481
55343021
3640572
20345710
26117613
126533690
117841267
121331584
170496217
166500068
120259796
148865325
97699123
172334675
252879196
287420539
193722968
233126385
442031979
390088977
369044836
400900816
139136102
574568435
345481459
513655375
413567637
670972082
552371638
367743999
557872798
511266305
180806339
533558361
710584770
349907184
537945450
475142809
513456813
429642123
637975822
542458622
489839965
293432298
488110196
424768071
342933219
54511904
591456918
489436021
566895798
673266643
698157022
430334907
641406077
379041693
437187936
516690536
511211756
544025014
435737129
854018617
430312456
704535400
675349533
701752103
721611567
511965689
380822546
676287544
469357280
646741619
350819345
746094884
404207011
916205197
418427746
313520872
311815265
454411866
429088756
699133302
115652306
685447396
648419706
712809596
427863281
333314229
646676874
714380058
483727607
668410069
485843185
