779998289
714567221
690303473
630341408
291498432
286076342
453570683
415021964
529873181
181925670
590927483
243965342
636845647
316367568
393808692
645922808
355762162
434497749
448413552
512917729
366583669
334200945
395435980
251447416
482048310
426240410
425979247
519214758
423242416
446090761
567493885
270224904
466983396
771479718
329317866
629770865
862495707
313190422
391480549
396931424
338604295
390761722
9608938
312971563
487806211
436324594
345985613
772366544
422582378
555592834
630826401
553151164
348195913
589539692
566468127
358520636
518930493
527257822
183583368
859179783
500347813
688337012
551085005
611570006
659408879
334284909
530980125
483481247
758431737
417314368
317450746
643076116
308653676
271702608
1191668740
511610391
333452149
553212268
438899437
557199983
430307856
351153754
550925768
386303735
445055199
660364980
407663351
167080585
401094155
569664652
408720624
413808702
590333024
476461358
632783846
526961545
353964053
349691275
584141636
493036605
676015152
509615018
498062908
360794414
495167466
569920846
544811829
374557567
782506876
53557096
398149405
515536844
529734561
452612377
655855119
776476345
814670877
405364560
515371504
408869413
691892343
324022811
434829684
467617528
508164191
713134577
473351123
416352042
781064484
308177408
562755575
707421744
531631222
477306438
286918328
505800680
346356301
423940367
566447536
670881787
323597744
539233599
399326394
691488826
377048166
322852344
393931486
263049466
590649041
517416498
370842447
633617782
503616895
384864528
622498820
652188821
536030160
332231425
499479828
307124859
295203805
516673129
439908089
518561473
557120037
751017526
379539160
485875115
328548918
381889448
350980849
520102154
653121272
561646078
734540627
549862372
656268993
598804641
458324423
360846870
242150197
825375608
136038451
701909474
797003626
542868437
947618767
667109509
329229197
484494272
220371484
450526651
342802439
674437225
738518892
404241891
667839368
433831684
395062534
732676877
847029673
675492783
595683355
372565364
496189326
430083147
452223960
674701438
391117579
531358251
497602698
540575544
396074074
290971674
502027800
422570873
429384001
280059631
516311942
565873376
481818616
316031032
488179163
702957835
421567864
454443454
668261818
613054594
381999083
491028918
280409539
337728679
512318094
504641701
478705831
271640838
211465590
423991719
384397434
380515073
293179690
333653923
360869100
335649860
291441870
283157827
228470698
163612668
235290602
98688556
165115549
200797143
199355221
92516811
93323809
55189645
74677766
109078037
96530179
102803712
81767709
44693518
59325793
89607341
40734823
73563861
37975701
30449016
9502826
65308696
12995341
33408395
37788709
53057522
2271595
18943980
30427732
70415655
67921361
66803589
81848812
79658097
78033021
78533975
79147897
130381072
216201133
223001315
187602316
214099068
414094495
385498919
360746187
376238747
138847948
556532585
346480198
503864231
432765463
655871891
549877566
375556712
553769988
517762264
191943201
538621536
704344866
336847548
540699668
469744740
512831008
427577826
644065638
535414375
489130635
286283942
491060032
435330506
329107322
56285628
593302893
491897467
576773973
671929265
698059528
425866382
637705968
371958480
442538477
515867895
512694080
553888328
443548364
848306570
429156974
702174239
681832183
695845617
725604316
505174957
373953886
673789141
469390747
637287081
353250286
743270863
413825569
911151116
413422558
316342681
311251465
464684563
439934095
714397340
122622770
681505412
660591008
721431346
434796473
334774693
642301218
709898410
471655867
662511468
478696740
