774575562
719699776
691383855
635851131
287710232
281363676
456964306
425943303
533075643
179656063
596037540
237468629
644291299
321954539
381844992
645008395
356786153
434346560
452303916
515981037
364188078
330350407
387072405
245460152
487331387
431070043
421482689
518408714
427490258
448964670
566658577
273948798
459009093
773419841
332952447
637885694
862881852
318525082
387209945
398020240
342837501
384959390
8828156
314060929
488485045
435061448
342135102
772214806
426538457
552123068
633653260
556098664
345048627
591476292
570809079
362422755
515732413
533121124
182013158
859068194
496265664
689741957
550816737
613763508
659271116
332864501
533714602
475650967
753927928
415943166
319602827
634191359
313763980
268103841
1180749238
512783648
334279808
553617674
440169804
565505676
429828230
353397394
551330155
384186632
448987047
654151144
406822664
168962919
408814719
575089591
409225894
409401503
587459770
477145561
635080648
524015601
354400226
347287822
583270414
490052830
675590851
510226608
503173594
362716063
499304760
568622279
533166435
377431849
785963564
54758323
403082987
515605659
534410896
455072261
654322196
778032136
809369454
410673869
516467769
411971919
690166481
317008437
435518406
462082679
503804135
707272557
466495322
411822788
786614794
310153649
565289714
704580343
530835024
470773010
286602047
506110072
343208152
425652721
569445280
668983566
323817781
532825347
396699686
701477691
374296700
325370186
399030865
260482212
596605243
522401459
362373952
630275326
496645339
389120739
621796655
644974878
531802930
333516170
496234221
305412630
292375242
510805919
441573204
522026507
563573101
751237891
377739433
488422427
331279869
387493011
357838992
522059014
653893672
563354485
733314455
551327491
656362925
600086514
459458430
357946744
243588355
825487247
135500861
698698413
798495801
549542013
943293406
668339378
328081402
488976689
217207008
450827438
344846582
670163933
742996840
403044356
665112603
432850729
394248548
734886716
858010699
682648790
596920505
367315116
493716696
430622855
448044237
688123957
387193457
529217204
495678841
538335902
390309504
289111004
503410984
421439457
429414849
272123654
524023989
579242533
476858188
323770123
493472890
714818649
424120639
462119825
665867144
615427547
380281077
495016289
278087928
336303211
509529427
503171362
481271773
271015712
214952858
429734332
382255563
379967010
299005729
328746438
359668661
332671099
290874277
283912951
234107097
164371982
236757946
96725725
160578453
201796809
195053776
92390026
93781053
52909863
72411771
112240414
99429726
110434654
83501844
45867027
62899210
88471969
44809670
74714086
41825256
29836924
10035645
54768989
20662293
34993232
38914588
54230203
1513301
16716713
24226980
50588964
49545135
49326559
61646415
60877018
58420615
58426864
65334259
120539867
202783552
202657626
188380819
217254279
397902203
384354369
352298997
367963788
138187461
558412255
345674105
507894801
431727263
661941457
551778257
369351591
550206764
515044954
183490007
535358547
707811839
334726815
538963227
467240807
510975191
424776186
650077208
537170890
491235322
283957226
487846662
434484752
322650069
47681946
586592281
490296235
581639787
675467238
696708666
423179010
635589760
373708292
440777532
510296493
517048885
551101002
442603890
851705348
429965685
707911628
675337646
697077189
736233476
501713675
369219412
671300048
465298568
634440162
358368735
751276686
414798664
912316637
403087085
318970335
308903922
468326851
436561991
713813894
123993989
684017404
656297495
723033844
437449220
330227288
643417059
717775591
473656368
662930602
481027735
