773700689
716670350
681204631
630946351
274408000
276394293
456447398
424300170
532758089
190912019
599136253
246324782
631271617
324654419
397051405
640385006
354546229
431767105
450533197
511729118
368055809
332538923
397489628
251788448
481379724
421764590
427149934
516766801
416362454
439812587
562028176
272704517
466186723
775210914
327593436
630120292
865155445
317058826
397430778
397085497
345053185
389448664
10623188
303233106
489246022
434565461
346324726
777377905
421527070
555132424
639114200
547311274
350431808
584787579
556846856
356280510
516891319
518351504
185227690
852889184
492260948
677936882
553513027
603304034
649560313
337847218
531721772
482608397
756176587
414775533
310029276
632947075
313024902
272056112
1191013836
517718138
330364469
552214849
435525778
550934802
429869979
349378045
545694555
386489341
446477019
662094518
409550503
166354294
404527428
579581422
408592442
418083629
585617842
474871860
632974167
515841936
353470694
348585117
594711876
489207010
682063052
506872248
496389408
352343576
490584001
572314912
544656361
373138383
774805866
48189676
399322803
514631780
534833560
449331810
660852588
771485531
818245314
406316481
515126744
406807189
704694867
321490509
438845923
468754255
502949792
716132502
481911068
415624837
781916771
305375248
561114730
709180417
536584302
475505507
283326692
509045279
356212479
418768358
562698448
669143474
333047014
535982096
397227511
693398971
381997424
313689430
384146500
265037798
591016548
517730560
370444634
629517120
503925025
385443651
621347091
658393532
533389159
328164786
504923362
304416799
288150515
518423609
439259771
518501491
557026055
752542413
375865341
478637826
328511439
382375211
343804989
523032410
651157427
560739191
739396730
549701667
654565805
589856863
452928259
360000475
233805846
821167665
138458375
705153649
791541900
545407598
943732755
665215068
331562641
483840210
211668022
448160552
339903364
674506650
740612916
408893402
660645858
436414637
395900165
736835307
831072317
671318996
597646531
366667937
490901710
429940327
445986388
659066756
398618341
535366032
495358097
534245197
390674424
292305497
492012818
426639362
418370001
279678821
509836094
544653693
471405129
317084626
480985044
690795622
416399323
457920888
668956002
611051967
373945907
485933461
274745395
335578845
518881086
504565798
482421475
276072850
223670001
420880174
383605044
381275287
291475166
337790405
361494560
337948038
294451846
287633603
226454117
165103356
238138891
110139615
166567551
205611554
193720202
80700081
100700752
61407603
74177713
109678379
95560901
105361491
85130603
42171806
59481310
93095408
44301688
78386193
39029905
24393047
9173941
56854571
17100691
28579007
39084644
55373848
1144087
18629080
28225488
97047071
93032761
90740966
119341167
116722559
110419730
107519871
100987167
148067612
235697003
250579283
189908609
226375603
428194100
391893356
362787080
387649378
138901157
565267200
341228387
509878636
426043651
660917442
550917282
369533670
564817418
516101980
195297764
545861725
715952685
338362585
539604599
479379962
508575117
424763001
647326962
540602625
488161219
291200234
485132540
426561316
336777895
52996340
592690459
491400006
573700216
675307933
699338752
429179379
641694672
371475304
444308289
512067357
510096348
548314110
442689584
858984167
429846601
704787801
675661537
697838308
727484897
509636186
380082402
677695078
470774286
639540725
353715088
742606922
406566044
916399706
412910297
312521706
310510699
458981829
436139213
710067639
115571669
684145301
658456484
716169369
427683498
330313151
635679983
714092484
473980908
668748122
481167978
