775168236
714487563
687781059
632724753
285541104
277738330
456051723
419900210
529661750
184897081
594974663
241552409
631264306
323947190
396078592
640138290
353511666
433715311
453171367
513235564
365286750
331829718
396092909
251774421
483598296
427797830
428458268
519651899
419323117
444825736
564721803
271483725
465832937
772951001
330647434
625923142
862413320
314012505
394538762
395078501
339761969
388994408
11371884
306288183
489370503
433641478
344160831
774003334
425596758
555886718
635205918
549481192
352359277
591040016
562001966
355326849
513828487
524443769
181510560
857752552
493474166
682247435
553212800
604679211
654167075
333296857
530102618
485791834
761619187
416735558
312922611
640225013
310145108
272133497
1192806150
518019072
330314990
552270495
432422713
556382742
430542974
347037304
547807478
383810870
450560750
666563182
412019473
170866074
405907799
578432871
407813346
417032934
587873600
473280195
634078007
520738028
353127289
346001702
591989170
487045038
680372714
510040746
499057682
355491441
493026142
572286433
546523357
374579147
778302708
50122197
396221641
518492822
534588949
451275307
659863542
770660651
821195163
406981958
514428214
406848384
699048117
322022961
436496515
472670130
504137451
715664647
478128066
415963785
780187086
310212776
559945340
709904506
531278680
480029849
287135519
510919791
350557147
423293671
565024998
668111747
329811519
540707214
399415019
691671808
376640887
313058522
385106012
263494232
591420317
516160827
372474029
632063095
505224842
383355739
622932423
656002492
534447974
326654987
501470900
307427171
297763159
517325757
438835792
516666794
559339240
753661098
376205003
484629397
327238541
380230046
344203253
521163479
651965727
562929624
733178228
548171301
657656344
592004235
458249383
358840258
238093888
827480606
137254165
705352654
795561253
546479874
940993192
666439352
330189641
481085250
215731825
445531973
338088366
677913730
735645318
408844443
657457826
431103499
392198311
736892733
837646600
672697598
597266081
364438198
489079928
433330960
443882534
668269998
393392117
532255569
488088276
539642657
392738108
296925600
497798243
424282666
423275650
281735171
515787389
558105239
480100681
317033398
482520842
693056090
419117556
452603004
669696770
610348932
379041905
490485790
274564703
337890800
516461555
507037733
479549613
267371585
219356949
420964955
382400640
382883776
294448190
336713020
360953015
339891149
294446188
287507037
229890583
164501829
240089631
108577128
170846862
208349283
194823141
87039484
97616437
56806004
71884815
112206155
97483846
103452103
80724676
41006726
59631642
91518996
43827295
76319899
34150030
31552936
8908854
58147004
15139024
34709327
35968570
53064767
6367005
17256617
29267338
82328945
79456073
81952688
104317648
104430258
102303651
97748219
96974313
143626221
230990808
237274994
192054374
219364178
418002635
393666077
362391589
387747404
139614772
562211669
343578843
506397643
423594830
665225536
548011177
369245469
558381904
514017260
193819964
542961461
711549624
335639652
539375701
474222848
512528948
423963371
646445754
535832093
488853191
289258227
486521108
427588083
333617173
52036083
596382048
493044815
574568307
674543965
696920925
427126995
638927351
371855948
449762264
513346466
512412393
549291828
444788728
856559247
430609919
708031618
680667249
694766902
726227706
510202008
380984663
672564836
470519371
636553875
352069070
739313084
408578942
916204438
417627492
315072867
312403027
462406347
438374448
711990623
121948924
683308660
660468761
716047766
431034862
332429174
638768821
711638791
473473621
666343265
480404259
