769102777
717404977
693214786
633849567
285526274
287169676
458231117
425476493
534100048
184724861
594093737
231039704
645320143
326126644
386285561
635350058
354730033
435200053
448430472
515011303
364069518
328966126
389712972
242749395
483549055
429655382
422326190
509991329
435915253
451383884
571320779
279208342
457168996
771119279
326865614
640254192
857862506
327793485
387809429
394036165
341176430
383067042
6418084
312919176
486992375
432303557
335527497
777456931
428221446
550879717
635902452
552357831
344574070
594241689
576355590
360468307
513443249
531923787
186099046
854275315
499248339
684822626
542534196
608372501
652763561
337990516
533318974
482843591
745340578
412713394
324278916
626957414
312808022
266352270
1177404922
521981706
333565369
554859239
440507550
570580427
430800988
351488796
556023345
388473194
446426737
651599948
402331515
167783344
410755299
576109501
413237010
412114380
591545871
475865860
632644731
526681166
351559605
344337836
575795201
484275096
671427663
505124156
498925951
356839980
499550940
564751635
527838247
376117937
784482533
55877704
403451996
510966521
542670653
459807125
662380637
779605562
812476376
415868692
515887269
404857770
690336037
315080219
431805773
457667294
500866449
703164187
469535773
419732110
784970189
310015859
569003188
705502880
534170001
471830215
283141543
504627229
342324678
423513094
563532923
668876953
327940102
528147231
391542550
698096382
381014030
319080121
394987554
262948824
594936332
523450253
366227211
633867367
498930514
388195621
621100148
650842927
527201956
331520538
497668876
304384405
289769187
513803771
439362689
521651159
560077444
749619969
374100934
486165001
330156539
384635077
359438161
522294526
654181224
563420716
728624505
549109956
658544474
605019595
460543302
357691856
255303476
829191562
137238554
700224899
802110018
549273209
942218630
666628689
327814981
485121814
212820450
454382707
341635487
662361144
746568035
402261791
668687155
432365488
394404102
732623609
866918973
686590187
596769953
361202802
488112604
431983772
450391496
701011745
392748705
525519596
491440048
539101267
389035774
296460652
507523459
422951321
427179444
268306521
529673404
595694804
478992219
323476621
497183333
723906070
417140845
456878017
665114422
614772803
388647254
493675096
276617644
329559450
507654087
501162580
484495040
268368546
216012396
426746795
376107528
388015920
301187344
325262396
362306207
335601321
288809581
281213290
234183220
161085762
233252913
96008133
159769434
194656620
195482246
96627953
91388765
56823565
66557174
113068249
104682755
107094277
88182044
42600484
65105682
89756682
46047872
70958691
41875346
27370091
16147488
46330387
21555753
37386933
38641439
42395416
201915
18575969
25009044
38603672
33713045
38463286
38316630
38112049
38697068
37976025
45776185
115308373
188831945
187467606
182774585
207723538
388482222
375691378
355487942
358225926
136009414
549278971
348737947
506573713
433128303
654996296
546067006
366540784
544173153
509143794
181923294
541340061
705234297
331289065
539823700
464344294
514243001
429243551
651818046
537269629
493497334
282607061
480942201
429196267
322116172
51825782
579394612
496893689
582551006
670904996
695921283
427065847
635401068
373487497
441479339
507097963
517884988
548321205
449651719
851735933
430213615
704369497
680232096
706296925
742141832
499675644
365211884
660302442
464025898
632230273
363100083
745786541
412440281
908598256
402465105
318540924
314852951
467740344
438422945
714993675
119365521
683406684
658422474
718885413
444392264
325987980
641358245
721025472
477937299
664359551
482100457
