777399107
710665495
687757607
628450044
291544141
284455354
456378329
417427257
530357687
182772168
592876069
241109295
635330779
321709419
394458810
641064128
355852972
434261450
450733062
514037145
365055854
332085574
392254201
249775074
482841419
427857314
424812646
517308952
421937729
439902206
564812512
271925050
464271480
770394163
328825329
628968327
861850785
312951484
393105632
398553511
340219746
389541716
9049471
310502516
482650505
436122895
348330454
770960627
421567055
556379754
630179912
550530168
349982128
592977656
564296033
358440292
520594944
529247487
182834975
858493397
497038288
686031863
553205497
606765782
658270194
334023637
531081012
484411909
761981036
413516236
315924135
644020076
310183646
270887531
1193374048
516572389
331915502
552320400
432770994
554762926
430407637
349835106
550671984
382138215
446221489
666445156
411439742
167063221
404303947
575583288
408965952
415206623
588145540
472513918
633416757
525306924
353587427
350907995
588183690
492023960
675774501
510648774
501700127
356863825
494278577
569489075
544562042
375986064
779416829
52213823
397093201
515961988
526184211
451509833
657726511
772089990
814652602
407117997
513713251
408829015
697159434
321077969
435562318
471358651
505509424
711789913
473122641
413530677
784225905
308711758
560855246
710244262
530183857
475903469
287342937
512632494
350077893
423626218
564303659
670838831
327583410
543173226
396419712
693264224
378170582
315295286
386912445
265082647
591804739
516780980
372724728
633079440
503025883
386906359
618579627
655129781
538391014
327935783
500932657
305285963
294244821
518443029
439186397
516261855
557647677
754256567
377950575
484377868
332272951
380018570
349564499
519992800
654338875
562736442
730734657
548414474
657093175
597770408
460316897
358951134
242651847
825266741
138284625
702421624
795597202
547740631
945254347
668930368
327388337
483978245
220076522
447107340
340718937
674249587
735662974
403976317
664029267
432248255
393765887
734260343
844172073
671978143
599433566
371989732
494383466
431428177
449461329
673932904
389474660
531068580
493329744
538476615
394389218
291549143
500884552
422811758
423570261
280052863
516280601
563286715
480472162
317295620
487643489
697391311
421193704
454974423
666676823
610139629
378370968
487754040
278931455
340252393
513880258
508340805
478220387
268511729
212657220
424837539
385852949
383702940
291972804
336163878
362938315
338116284
290249758
283727794
229561924
161202674
236720904
103446608
167600612
199780951
195844303
90425785
97833437
53063782
70676768
106935260
99276337
103113838
82855719
45697349
61935805
91670752
41729967
73132743
38927441
29173137
9628562
58553686
17413181
37597928
38988182
54670830
2834621
18250254
30219163
74027554
73073523
70820892
92417727
90677607
90050908
89438683
86519713
138598441
219688245
226960884
187625807
214171754
414864312
392584792
365741545
383688764
140421462
554232913
341547900
504486434
428963561
659576775
547023646
374682108
555084709
516012667
194005876
538110959
705763319
335100933
540462614
470214224
514038719
426850358
648417689
534961550
488561331
289311037
489483199
430527877
331625239
57140672
593142490
494296544
576460824
668641306
695926304
427041344
640221496
369539410
447689763
514967646
511851506
549977917
443222333
850311158
430639967
706127684
683394816
694583580
724795466
508450172
374269827
674159353
467597647
636653532
350587679
742698834
412053625
914775667
412117260
319727438
307762848
464046761
438681439
713714290
121295118
682507796
661887436
718033330
434550140
336114637
637107266
708983592
471416586
666424708
481881663
