774351695
718949198
692666303
636024643
288864247
281392496
456708435
425166072
533575913
178888227
597739054
236298900
642991453
323877996
382182030
645212092
356014916
434339697
452870966
513580965
361746674
329148075
386090031
246306511
486822891
430916487
421644890
519267731
426845466
447797456
566864624
274269474
459093443
774331476
332913485
638123817
863627602
316935529
387972642
397645373
340930943
386781815
7797571
315085531
487574237
435969847
343304334
774038228
426995659
551347882
631949572
555815040
345362289
592132074
569853599
363549318
517096490
534506725
181271016
859058790
495835142
689628001
552039109
611686104
659876735
332302700
534008232
475645879
754317066
416826060
319111702
636054447
313735692
267893501
1182043908
513391692
333533219
553714053
439447432
565630037
430127180
353843263
550603200
383129215
448054198
655011924
407026032
167648268
406741076
574757374
407825322
410257310
588147299
476736520
634046362
523100611
353740027
347104463
583752954
490050451
676280481
511884372
502300666
361767885
498821505
569950213
533380027
375629789
784506793
54132196
401140701
516539994
534135315
455869773
652760106
779801441
810495471
411352203
515933803
411861756
690953935
317543341
434066638
461223597
503571288
708907846
467420993
411846120
787658671
309956446
564621160
705842960
531265586
470426568
283940863
505881338
342754751
426449781
568032666
668209194
324149781
534605605
396041326
702075899
374593237
325214393
399636524
261275842
595463728
523607431
365482836
631054870
499839565
389202645
621242275
645579452
534488229
334652628
495943662
303902992
293394110
510085859
442996710
522890367
563727651
753254179
379058574
489233195
331287455
386236481
356881039
522375072
652224389
562500595
731555364
550876669
655791251
601424727
458347689
358420505
244732694
825193356
135812592
699035639
799361622
548906189
943118848
668822385
329220362
488794158
217734164
450313974
344755703
669923465
741736234
402729836
664188253
433515434
393220900
732302608
857061862
681106308
598182395
366723490
492992927
430159842
449227566
688114791
388777696
528285262
494940018
536522730
391465444
289310543
502537238
421862597
430039499
273421192
521678431
578603290
476696118
323923436
491879011
713770959
424668365
460773228
667994591
613403273
380931161
493884946
278280750
335025588
509123941
505175703
479151920
270878984
215192764
427846285
383138774
378316257
297614932
328462866
360943975
332011202
290931097
281593319
234452661
163401725
237697835
95631313
159891325
200569720
195386297
92468964
93314134
52821336
72060957
111455434
98548054
111766461
84087698
44887685
61755244
87538367
44844803
73713416
43121150
30308567
10162786
54824386
17845215
34997373
38709811
55227207
2072368
16489951
25393832
51496249
50091469
49770152
62324388
61849412
60589572
59897384
65861382
121796739
204747396
203416072
186130387
216842633
397229352
384331297
352292531
368617765
137680494
557201571
346640495
507379453
431565730
662618867
552063425
369834813
549858406
514406499
183382307
534715320
707395669
335609673
539675981
467393026
510500489
423939485
649274877
537809631
490639043
284576101
486863593
434433161
322706442
46432784
586804068
489189593
581940914
673470953
697006907
423225009
635957226
372836184
441198582
511544462
517271551
550110986
443103592
851229938
428028881
706461312
677309443
696030126
734689430
500973676
369120625
670133253
465147509
634530421
356228092
750253446
416614049
912270768
402777807
318643298
308715219
467955303
437193059
715945028
123382948
682584336
655247552
721475213
437639452
330789494
643782864
716386909
473733159
662226650
481201988
