773825467
719667367
693460989
631810436
264691628
272237588
446126217
418879642
530026270
184433561
607301018
235261930
628506865
315051562
393770586
638550960
350810427
437130195
444054457
515657064
363584155
327072581
402269449
259064863
481041256
413824386
427533136
499537264
405854613
439778188
562579597
270324767
463256125
775349680
328714469
626950424
867876554
317130605
398185148
393562651
339004648
383781145
16490452
297162855
484139770
443528691
352872120
775026446
420511460
559251445
635659533
541405346
358756590
577113978
562651910
359439943
523610129
509667427
174382382
845190386
486118995
681025518
550571035
600983036
649802277
330835107
538345271
479599178
752701553
421158621
321729192
632196125
311504749
266453972
1167293016
530961135
333419789
547034441
433630035
556084880
433267509
345168229
533573518
394502746
441650697
653762311
419268113
161579404
407457707
580380235
407701432
413363894
581473795
477328075
632161313
497093858
349764319
347676802
598007635
489188184
676138860
498087655
507211035
344084356
482946011
559809669
534773063
364371377
769759719
50114519
402206022
505293822
539017170
452492583
666478571
769676922
798529884
414950974
513181453
405623674
694309333
328334507
443819360
454629806
515044195
722368569
468401639
409959335
772691922
314247935
548548871
703661534
533592149
475757888
279413455
508568043
360136150
426219211
556494824
657603127
322546141
534976590
397578268
689393527
392291599
307298382
390424067
254908361
593756908
511940365
368992168
623446953
508711330
384378854
618129618
649590566
537189967
337272273
502533940
311495665
285493728
509572071
442858545
517979029
547929773
735778551
387281691
489377325
330034645
382918310
341313286
520621697
656513514
562194611
732267405
548712592
654694009
593319280
444584321
342238638
238636251
811515859
141723819
710739128
800202533
543771363
899833085
668171523
331193900
467612503
209239991
444506647
332541198
674260185
716383267
420138819
654003050
438969293
392060683
733266598
811065640
667838313
589837402
369905687
492331034
435814574
452297036
631984370
403266925
535298196
495712853
520552072
387665849
289793040
480436642
420582833
421594746
284145847
501309812
515764243
471549185
309024873
482149099
714561911
415274862
451849148
699324327
617893111
376410934
497454937
279214282
327190211
517297685
526350889
501022633
283605321
221689145
432034088
379455070
379861313
299533744
350638439
374574935
351028539
287815531
293875503
223971842
161776265
243702253
111897056
163487412
205308577
195186876
91264140
94050743
72398825
65737023
125002549
104904116
111017244
78709081
58453716
61157963
101146312
46739792
82755784
44741349
22583217
12106721
73184718
16770129
36147244
39373818
57720232
4432268
21045192
29481684
139086801
115583554
139373233
188620985
181251143
124425366
158709523
98942037
181507424
256857117
300036776
195533938
234923965
448646887
395619849
369772916
399137353
144452311
575594152
345852008
509835889
416426639
674634260
555799069
369184776
561344553
511357922
182790354
530428800
705047808
350746011
540346904
480147208
516962775
428621515
632497111
541205144
489942578
295929443
488364584
422674451
344550933
54095138
591868364
488243318
562688008
677696712
696600039
430247757
644505966
378282960
435973296
516106966
509553208
541898567
435369868
852479157
425598281
697698503
676084941
701754238
719284923
512607351
379495319
677754202
463978767
651485408
353095132
742263496
400460430
912175992
410135824
313199343
308599788
454693005
432336829
695891472
122918966
684100578
643625317
714152914
430252732
338198866
649937542
717020707
480563490
669889231
485734448
