771722198
720249167
695295032
633937853
271002251
273024551
447112883
420587921
520626894
189348644
608913508
238093820
632347564
317448940
395809808
638673901
345808340
436091919
448426656
516673759
360995323
333835784
397557981
256056537
484699637
417473724
426289504
507819424
411697692
440870933
556748242
268322735
462577895
777005722
327365473
626953657
868859799
319791437
397491213
394747356
342366785
387450702
6984995
295189325
487104920
440158275
352530205
774155272
419933698
556447491
633247208
541360375
353631346
576968063
558740669
362967290
524139681
508129911
182235932
847252666
488474686
681150786
550794057
605151430
655092994
330770651
534767731
479300746
761568681
423077365
317533667
630356275
308786759
265135598
1174852431
521497173
328939562
551002304
434323036
553461477
430374567
340305607
541068933
390869425
443553040
658919273
413925296
165234618
399861034
576993702
402155183
410264362
583991073
477852259
626410496
503786164
351419699
346469480
597373419
489759797
679625106
503096669
504678606
350232196
490796664
563421558
532429343
370807812
776154709
41981505
401386922
502720114
536489349
455985076
661233329
762227298
808851578
413630850
517338319
412449891
697266211
327793298
445299120
458509076
513176052
724433323
465145803
414091626
775326158
311871014
552121219
707632170
537592126
472254710
284087124
509377010
358838685
423046007
560412658
661403783
318154273
535367478
398550504
687585932
386511174
305885983
386600253
262921186
593862183
514293564
370450419
631530373
510226231
385174405
621857763
652211225
536319760
335828152
509398669
313367196
284185426
514297791
437228873
518817415
553187333
745390389
382621669
484753695
332908836
382494351
339648431
522412922
655273184
565053495
738283179
542677389
652061433
596317937
445135648
345861102
236260601
811802061
140441596
710722172
795792645
550429029
919044403
664897172
326961348
473057106
213230382
446896543
335317036
671194647
726065525
419079841
657465084
435569566
394984948
731996158
818366100
667396257
592957535
369335736
488307429
440609040
453997048
643860701
402947359
532712185
495015102
525738157
389393778
291240071
483831028
421307557
414197442
281192207
501405604
523566570
477389879
308423873
482323302
700034972
415860900
451579286
684990293
615475942
371417792
498295370
280258540
326882039
518618606
516104612
489131154
280469055
219589745
425015735
382992935
379454003
292775489
346754177
367654508
342146960
288658998
292610152
226984058
159113221
243017833
111645094
168673801
207243135
190034058
93251548
97428691
66927692
63486689
123347860
102524584
107978167
80639232
53572738
57776086
100333215
35086020
85266022
44464166
24373019
11537660
69478256
20841285
33466138
40178419
54259420
3417313
16895165
24486148
122967333
117869687
119040236
167564666
162787424
122114769
146103426
99247461
172077058
249501752
285808015
192748034
233240934
442023577
388828702
367558856
399058656
137984836
573849294
345264093
516986717
416097462
667210237
552141978
368117246
557257030
512180203
182211694
535421003
709028933
349916181
538666256
474743327
513091551
429032009
637641159
542899546
488689839
294122995
487966316
424403563
343793473
54353115
591764342
490560595
564246749
672691493
698819068
430169680
642665202
376478803
438841578
518113050
513927929
543319387
435893237
855318247
428907525
706337724
675304275
699875385
720844333
514795294
381308293
678115183
469542442
646522787
350715535
745578558
403239869
913418437
419015544
311283631
308737906
453447018
430252004
699886236
116641689
686653917
648718171
710521571
428799628
331444080
645605853
715339119
482445064
668460797
482883949
