779415284
714553678
690538772
633004734
277448173
275192280
447062744
422758961
527584036
186734574
606308704
244215282
635915397
318879657
396726411
639192155
353846825
434894852
444855916
516183654
363239156
330243240
396310543
254186942
483788391
422603844
427427298
514792203
418961572
438505063
560522679
267488565
469714382
777756566
327186290
629278537
870661555
318152434
398695166
395580613
341764827
394234433
7840037
299897662
493320100
438830864
350191610
777320475
422709144
556206729
634024708
544007259
351051543
580151587
557047737
359467985
519977939
514439126
183582904
853179054
493514535
677981679
552993495
607107185
647390115
330638038
530036612
481162391
759234473
417438268
313028322
633180376
310775235
266758952
1182346717
520803307
332669866
552811183
435088069
553154560
430769042
337241232
541782701
381066169
447947030
660828853
411872637
162270919
402195304
582299067
405065210
416737838
584912773
475014420
632173757
513081967
351891793
346425677
596653683
490081381
682888538
503030705
499903046
353345211
490825688
569819882
539854686
371251201
777755426
46806321
397248269
507576196
537470372
450961552
662810337
764179827
819787447
411161019
515450648
407083820
708071006
322999026
438089190
457689984
508179787
714840169
474278188
413683001
779327380
308295017
556628771
708823426
536043518
476519719
286834774
506878080
359120495
423710720
561484102
663097476
321353049
535111297
397986023
692754296
387148572
305998605
384308559
262863796
593688989
519190335
367782961
629730352
502276523
385242738
622234507
656280367
534480358
331156308
504284604
314317944
284990837
513440699
436829922
512248326
558192157
748977881
375873207
481190687
326414643
384761135
342602109
523882573
650460104
563013886
739202756
547059517
652611698
596695577
449751555
356292928
234151408
818762919
142637555
711127916
796104901
545884589
931552895
662320111
330032099
475256243
211917132
447831144
337959852
670057866
731916949
417619574
656541617
437762715
396974438
734145467
825996933
667477587
595002549
365094309
486372076
437079276
456385402
649150541
399391600
533636431
493510745
530312415
388295241
290750595
489211866
427883496
420534902
279614575
503540534
532019445
471938200
314483715
479069099
691324217
413540977
454606979
674896766
617779012
371141466
492652357
280117508
325428048
521392584
504872859
484233356
282127337
221699199
419407890
384926397
379704066
289445576
341322090
359015665
337303946
285978555
287084898
224703499
161614726
240817189
116028255
167263738
208975212
194205879
87279629
92151571
60937117
70037735
113786699
100685126
106223061
80530895
47141519
58806065
98249631
39150850
79815979
39052868
21426585
9416450
67413764
22636616
30279184
38970889
55074320
2926402
20419415
22651491
110711781
106958692
106451227
145468820
138227817
121360215
125226720
104679574
161344860
242826560
267420058
191231132
229594832
434386756
388347816
367432179
392756138
135701782
572366529
347547415
509894508
419686857
663976708
552137203
366981580
559496209
517830537
191121623
542679830
711666938
342401471
542960616
477583952
513290046
427449810
643938693
537639589
487339085
290065460
486341468
426467962
341867851
55749971
597817514
493615780
569692234
674542557
698190238
429437274
645994202
374545448
443466355
517476709
509231943
549228031
435001356
856954697
426348824
708141713
675615768
699958344
723341118
509972998
378928377
677733610
466439874
644209234
352839182
745707621
404854799
917361698
414980145
316911723
308001965
458652447
434097826
708833746
112751958
681447687
653105054
713617591
430787866
331837270
643760917
710994789
476166004
666837589
482991231
