776817398
712866373
689886375
630211223
288585477
279256132
457102408
417216859
529784946
183745425
592868403
240549953
634060471
324470958
393999334
639831362
353919697
434131051
449126354
515844905
365432219
330019011
395645557
251107436
482585344
428426364
423569655
519543992
418758925
442970948
566453512
273739033
465419939
770759134
331319863
629462256
861626411
314436668
396600376
396541199
339170380
388962144
11345453
308213583
488601435
436236753
345766545
773576282
423368256
555588800
631978517
548452520
350958823
592942412
564053791
356898571
515044757
525296181
182623097
857984211
497431158
683316960
553037824
604799958
657604847
333212926
532133831
487678709
763273602
416862608
315481464
644875454
312521091
273524988
1193126515
516735327
329324142
551771108
432583282
554541413
429693840
346421084
548365619
382601980
450375101
665143236
411048175
169942530
407871171
579543102
408526347
416807589
586373769
475180934
632746039
523778580
353508162
346605558
592236750
489138935
678939175
508224225
496722887
355729771
493557644
570237418
545458771
376034943
777618797
50088960
398574105
515858159
529187362
451084727
659075389
769239323
817708357
407693815
512034419
407073119
696891974
320919994
436333858
473424509
502955199
712039304
476585306
416425980
784219109
309677228
558594483
709390564
530988974
479458920
288455581
511918508
350045313
422998123
563724248
670347782
328335153
539590184
395189186
693334488
376835891
313651762
388683712
265064717
592276127
515546019
374252625
632513028
504139164
384261587
623447780
656051813
536764378
326083901
501247661
302228790
296855129
514799679
438926929
514487468
557923432
754414313
375365122
483027345
330781363
381849421
345858056
521220160
653081860
564642358
732550923
548209852
661086658
595882194
461220716
358793073
241457247
825505464
136609029
703815997
792769949
545917977
942155604
667800999
326491662
480784308
218250803
447636925
339510481
676882521
735661332
407053933
661198842
433620688
393442767
738460398
840275980
672101172
596848678
369403655
491215654
431602137
446938895
668351193
392389684
534348797
491098183
540307391
393754176
292965865
497277618
423045826
426078858
282175015
518271998
559136048
478805399
317159813
485041271
695340119
419246619
453894673
668815390
610286962
378415499
488836127
274358487
342130901
516531573
507135892
480346716
269179285
214347218
421436157
383557432
379739012
294376528
335452034
359024201
337165063
292532008
290048017
228711657
163162221
239263876
104608013
166292326
204935496
195273130
88915408
100904002
53935296
73878473
109299146
99111174
102229165
81467243
46565712
61463536
88979149
42128748
73263989
35068957
29878369
7573487
56315048
16357968
34114864
36799674
53997688
4449960
17989473
27808853
77992771
77933455
76859571
100827234
97749218
94288562
94056100
92900786
140637014
223854659
233382568
188424677
218104105
418196223
394250291
364343783
386226801
139317757
557264012
342957747
506392577
427668665
662656715
545761107
370175262
557842960
514625192
194764815
539603280
709581580
338553924
538863749
472764707
512384282
426380005
646924756
536644368
489226841
289413942
487193200
427210454
332944638
53445756
593994256
491524063
576062985
672693099
696779426
427433439
637949423
372070002
447945465
516727318
513073618
550773880
443368617
854247768
430747242
703916817
682045470
693154275
727501700
508966279
379278622
674089102
469650102
636688201
349390896
740614339
407900298
917439036
415330675
318543585
309220185
462960491
436846269
715778595
124042220
682215024
662005787
716568465
433371090
335518767
638470556
711236881
470209425
662999023
478798199
