778033116
714312862
692499910
632898197
276519127
276402259
448485884
425225479
527522972
185632482
605658620
240404382
636471226
317722070
400946771
640371063
352254109
433627832
447172035
517534772
360923488
333172354
395912231
253475914
481566295
422115412
426120804
511576368
414640602
440548938
560213062
265702646
470037094
777470679
327447407
629474840
870802522
319001767
397135524
394241621
341996907
392610588
10774348
299956504
492108188
437920937
350422766
778145058
422989269
556193887
632959757
543823261
352683550
580137229
556430919
361006384
520901992
513316446
182635149
851823120
494641259
678477142
551219121
606324345
648613264
331936901
529871288
482643789
756712834
419562215
312347724
632319255
309385060
263531704
1182114129
520149556
334534425
550767896
437062083
553125368
431167891
337993013
541788099
381677702
448382898
663029496
409700018
162269338
401254124
581565060
403594639
414600054
583788778
474858893
630892735
511315167
350911197
345086488
595643090
492712419
681089540
503628229
502953563
353524755
494431839
564465769
539963949
372121145
779165444
44506335
396661645
506135785
536475576
450862451
662999317
763269902
818099707
410579602
512041271
406522670
708655968
326350421
442258142
458216712
510570486
717347769
472553151
409585129
776986600
306385912
553774399
708386297
537607542
474569010
283721404
509212395
358602499
425604168
563798478
661148192
320593799
536438295
397813593
691922888
387878916
306237717
382032408
259809988
595142892
516263270
367189116
628964133
503926282
386884679
623012582
656087262
535834186
330349962
506962381
312810045
288652682
512976492
437321418
515707780
556141399
748290902
377042489
483054320
327266098
383360576
341365300
521419770
652696666
563576851
740612215
545745790
651518533
599536219
450228394
355102067
233703944
815469845
139364647
710804757
795940595
546418492
928725880
659196617
330106081
473811076
211894406
446779605
339621730
668078179
730005647
418385521
659186139
439714047
396426885
733577427
822924821
668570586
591995900
367588276
487048065
439499540
458296053
646701311
400245781
534996148
494638807
525972631
388100889
289460487
488441141
428812104
417722256
278741980
505192592
529654538
468684617
312697018
479744416
693323212
416612766
451298266
677263587
618835312
371876799
494278670
280451305
328365153
521336598
509037971
485435872
280037845
223153635
420467837
384539296
377860836
288228643
342593322
360335552
336128195
288413745
289453431
224640646
164765035
241489961
114142805
165886310
206973043
188909376
87893123
93497128
62017219
68603625
113246925
99514813
104235397
80507694
49775467
58458907
99363330
40489248
79588293
42777407
19812213
9407775
68788052
23048316
32256938
38531543
54066128
961136
18181354
20738780
111864651
110954015
106607785
150311727
143143947
123447869
129658530
103576745
163085638
246040902
271817317
192850423
231023138
437849251
388854896
368574068
393416905
133965527
575573336
349244885
510979915
419367533
663310392
552697401
367013181
559131856
516787888
189431085
539897278
712681441
344539823
541836470
476671964
512740455
426912017
644154520
539935230
488926581
291097401
484981964
427887419
343397147
57250611
599098108
490762432
571108516
673182522
702229688
428648799
647127815
376748828
444893709
517186894
511244379
545105737
435763109
855343714
426719938
706136758
672574745
698188420
722942123
512054792
377708612
677841078
466747612
645951361
353095794
748999623
404094190
913254506
418420443
316497106
308917123
455392702
432099666
705636548
115637204
684384148
650707773
714193539
432856523
330462319
645079504
709965119
476216716
668542402
484521990
