775095165
719417111
692962603
633367449
263871172
272608092
446609683
418962624
530403613
185441684
607693978
235483476
627945204
314604273
394498187
638888452
351244333
436506084
444310896
516768964
363695822
327465699
402212348
259526405
481140608
414409475
427769676
499297091
405826348
439512086
562290996
270010878
463242093
774396035
328394193
626844293
867201580
317387865
397640413
393178692
340070652
383294809
15032830
297053901
483760523
442586726
352403665
775852830
421297711
560243370
635215241
541263638
358815628
576009668
562139930
359408011
523643872
509551145
174897590
844756381
486293134
681236375
550545285
600832990
650146396
331214538
537260570
478965537
751953071
420945280
321511234
632291413
311535911
267618473
1166344997
531728891
333460194
546819744
433859549
556052173
433528561
345044786
533581146
395313324
442047830
652944233
419072118
161482974
407140319
581118056
407343800
414691414
580890970
477540970
632634478
496077045
349694497
349191192
597341684
489152253
676096164
498843437
506521415
343390992
483438055
559615199
534865441
364286129
769040825
50013452
401564611
504928965
540200257
452441886
666413821
769189959
798800117
414546896
513443567
406908164
694932338
327564900
444751172
454706544
514919640
722346203
469503669
410100909
772592556
314855279
548574963
703701905
534493693
475279328
278725719
508758041
360263511
426735224
556787672
657584104
322700140
534453355
397073374
688530735
393097061
307587875
390840542
255226334
593834701
511212802
369364432
622987762
507588599
383990824
617453287
648918442
536540640
338246971
502328826
312875620
285927358
508918951
442724359
518052003
548189479
735898465
387239088
489563948
330402347
382374147
341968279
521281096
656610315
562307097
731952854
548347878
654775346
593656294
443746462
342683127
238899278
811156749
141339735
711565670
800842604
543498230
899409320
668188112
332098200
467654891
209067329
444413910
333479416
674806836
716313144
419900337
653946910
438595602
392225404
732258054
810721908
667013246
589960064
369499346
492539222
435667541
451196861
631279466
403413736
535070100
495288980
519396494
386750228
290787195
480550541
420346303
420441356
283227244
501753375
514968194
472541346
308645629
480625110
715264659
415596111
451832834
700110209
618342844
376330161
497205401
279483447
327346956
516367681
527171339
501727337
284448500
222276694
432065893
379475118
379638272
299583414
350861831
374090356
350684071
287728760
294009728
224238385
163295911
244396225
111702271
163940931
204155992
195522567
90333068
93572265
72492841
66361774
125135790
105057942
110306260
78821176
58264204
61724828
101319004
46799829
82168955
45137466
23002403
11707746
73051062
16329474
36116289
38551598
58384460
4598762
20531381
29465007
139776183
115678671
139949466
188718614
182145604
124704500
158536799
98704923
182541917
257486617
300234882
195293491
235841466
449758476
395783990
369057816
399628587
144179191
575617827
345683122
509586511
416834551
675391134
555639013
368707844
560629453
512446029
183132869
531323544
704666392
351147122
541321064
480579176
517450417
428547294
632300745
540788351
490035353
296596959
487967291
423296014
344364764
53512462
591158401
487861091
562511751
677071259
696148101
431044404
644039927
379040113
436189801
516449477
509383551
541284463
435081930
852742541
425587022
698164939
675390944
702007598
719801953
511664692
378899567
678334975
463919218
651500303
353795427
742052110
400310215
911451872
408624332
314414110
307990764
454012128
431914293
696081128
122937860
684029882
643495102
713706938
429854644
338035398
650621692
717802363
480447159
668705336
485416357
