774965563
714872102
687781781
630893552
286775935
278442283
455739786
416795746
529183145
185243955
595958660
241842334
633793571
323218185
394578039
639546187
353888246
433729610
451756437
516793274
366565073
331363258
396806664
251684355
483254024
426133820
425587062
520227665
418564293
444865939
565724922
273019626
466429761
771731102
330591678
628562797
861186558
314812297
396516983
394438175
339142072
387975724
11349552
307372403
489034077
435473908
345499130
773059545
424818665
557580862
633743807
549120707
352127724
591752285
561793215
357164548
514396814
525092242
181551455
858510378
494830162
682694266
554905659
603891145
656000208
333414224
532137996
486568901
761502038
416672995
313754280
643185182
311204533
275515599
1192159503
518581177
331239045
551445423
433175174
554393188
429979743
345920749
548269117
382817275
451503598
665920373
410531646
168886093
405758377
577715044
407178951
417372342
586387505
475340506
632756391
519763041
352950120
344962094
591043207
486966547
678455792
509889353
498493660
355472934
494081458
572866089
545809789
373183782
777306065
51817638
395872655
517817059
532453802
451403121
660318845
769396784
819732289
407478772
513393694
405766062
697674799
322152022
437217580
472739080
503963841
714187987
476362528
416339276
783656550
309571047
560728760
708940675
530786745
481159243
289510918
511057357
349908889
422320250
565557926
670407337
328358032
539581190
398504864
691768352
375536596
314706293
385827560
264338963
592342157
514138141
372582964
632755548
503592082
382710769
623584904
658604511
534848938
326737724
500647389
306667368
297740045
514706111
438716200
513775946
557885706
752894074
376447254
483874018
327949949
380334612
343933175
519761921
652911613
563858213
732750779
547721937
660678041
595192107
459362286
356068005
238122379
826468064
135853282
705073109
793190420
545739091
941800259
667000792
328602568
479683267
215889257
446598610
339196350
677555049
736374034
407185609
656962131
432350122
393360957
737571863
838940732
671562041
597307469
366520036
490662589
433325282
445596544
670111457
394430587
534303192
489116978
538782372
392208553
296306007
497431544
422506954
424665703
282908874
515524769
558626760
479864314
316893577
485164685
694511407
419539251
453958361
668054381
610691616
380623271
491057307
273800843
340839900
516337402
505900748
479835254
268545193
218687515
419540183
382897091
381431902
293508578
336901182
361395396
338940393
292755066
288773215
231044240
163156288
239737651
106163814
169584927
205933756
195712863
88981362
98145964
56626214
71302860
110709941
99355375
102192258
82071183
43144666
59790461
89212112
41993601
75284624
34716753
31738378
8659377
59018882
14551763
33626107
36887574
54294444
3264135
17332972
29247622
82434231
79130879
79066909
104091774
100670231
100149543
95085056
97030918
142863829
228720343
235466218
190585535
217060725
417411382
393719538
363927867
386823417
140009321
559941067
341519055
504610014
425866887
663851444
548338033
368768172
558298554
513931716
193213458
542021594
711041413
338125236
538333796
472692096
512978778
424121896
646518401
536668468
488829903
289096836
485903414
427795277
334160881
52702635
593984696
492235108
575044937
671907596
697897710
426911771
638603543
373168223
448880263
515181613
511304504
549310990
445096458
855774949
431538189
704535747
680445909
696050906
725947555
508899530
379594495
672205475
468809793
637888091
349767405
738923777
408375987
915791863
418262759
315211384
310243537
463573659
437760097
714025744
123488652
683443529
662096773
715151832
432735479
335394630
639327412
710862953
470553858
665556154
480889974
