775685248
719365953
693245718
633252696
263577671
272485944
446293278
418642023
530513203
185430569
608243609
235189263
627753696
315154319
394789725
638613170
351628802
436964642
444354405
516932571
363664656
327794555
402071260
259621849
480852964
414568688
427706182
499888607
405760674
439931204
562199183
269863413
463042157
774289166
328473841
627068513
866921958
317768876
397554712
393366234
340028891
383608851
15318777
297122716
484368787
442428151
352481773
776367186
421409658
560390814
635372307
541390503
358800077
576785746
561694736
359340208
523767574
509654763
174947718
844610674
485755503
681217453
550700250
600584019
649940978
331373856
537220802
478908090
752033326
421220951
321230663
632280209
311410856
267553989
1166181311
531868430
333562080
547115048
434151065
555636920
433842658
344509885
534012087
395219164
442288919
652765097
419255649
161124067
406952772
581463659
407246001
414682895
580989735
477488921
632174707
496228787
350145970
348772511
597157050
489114749
675909593
498818878
506258286
343026903
483339963
559604032
535208634
364183890
769175013
49689139
401760367
504938102
540377798
452777768
665876647
769101499
798311026
414380324
513928084
406893711
694845671
327172088
445060862
455229321
514997077
722449755
469350964
410384345
772246438
315199699
548212968
703056739
534549055
475439947
278864985
509193511
360724537
426448491
556656491
657356674
322748450
534707421
396821579
688038436
392963842
307497737
390772659
255470596
593510641
511419845
368991338
622859523
507145403
383952387
617596896
648868776
536362784
338748412
502345815
313073302
285580710
509273115
443041696
518285797
548007032
735774631
387446154
489733177
329759287
382169873
341626337
521386111
656764141
562186938
732085749
548243950
654444249
593918315
443961876
342541934
238660590
810843812
141688675
711677001
800903860
543118989
899388640
668337527
332267907
467938347
209059307
445077755
333674590
674405377
716419046
419542146
653634018
438544333
392184065
732535026
810530970
667177230
590198548
369639661
491948550
436216389
450702235
631361755
403730415
534866814
495166046
519527859
386479006
290512975
480820592
419963410
420100641
283100838
502255713
514260470
472658639
308899376
481014598
715037772
415492323
451787451
700512127
618164566
376663812
497179118
279462290
327439913
516819057
527233487
502104803
284826984
222314911
431696152
379250685
379783735
299756554
350835237
374178509
350511224
287315700
293566183
223804756
163449061
244267153
112110870
163621794
203936199
195410061
90316216
94001665
72375090
66268237
124572902
105604480
110117696
78888568
58128450
61599330
101288799
47168368
82310204
45052494
23631181
11617126
73649211
16307756
36693494
38576299
57807975
4617784
20611960
29638909
139924119
116472239
140069550
189145483
182336023
124763961
158638665
99130901
183397537
258210569
300255092
195564519
235681782
449857823
395566439
369394910
399649691
143598474
575754860
345809567
509104727
416343976
675390351
556086407
368693224
560725898
512230237
184198092
531027671
704816911
351440284
541391738
480731682
517603225
428202050
632415429
540617987
489792575
297150857
487375838
423120567
344177061
53756693
590612971
487515394
563025513
677106665
696515371
431172843
644174914
379097480
436128796
516648298
509363560
540954308
435083214
853010409
426095681
698728307
675405304
702041842
720043865
512245067
379294130
678537615
463966965
651600755
353843579
742151910
400159704
911522753
408866104
314291691
308209300
453278195
432182833
695930894
123124355
684504284
643072883
713607072
429865359
338589861
650519452
718282474
480203460
668769537
485587464
