777341829
714734471
692917056
631748379
275201485
277559270
449101624
422894554
526975670
186570313
606291705
241236062
635310666
318572073
398793239
638214878
349686192
433849928
447004211
518830878
359535881
333363648
397239181
255881592
482893384
422618228
425476902
509615158
414307124
440565737
562270086
267357257
471155910
776512673
326480647
631510414
871870501
320114811
400527146
394694757
343929726
390485330
10348996
299916708
490017415
439916568
351685616
775267448
421077297
555873128
631381694
544526753
353192443
579314138
557980319
360790033
523595211
512261198
183230830
849624934
490982567
679124299
553426145
605453848
651387337
331679569
531617380
482984361
758064140
419129463
314754869
630035022
307946036
263256020
1180316448
520330109
332975638
550187722
438718744
551957713
431364335
339437681
542688229
384061345
447916316
664531389
411101877
160578353
401376029
579265066
403974695
413998812
583096257
474889933
631853626
508095775
350207283
346850042
596792096
489921536
680104355
501500611
504693066
351669229
493736738
564104866
537751357
371521584
779252994
42577970
396914656
505310816
538145973
455174542
663311336
762606744
814565724
411300941
513632903
405801713
704952507
327731337
439234347
458781895
509066545
721302261
470639328
411131054
777095030
307137697
550911804
705243287
537823610
472249202
282538601
509125201
358338252
426054299
560965106
663985455
319687994
538038368
397912540
694462240
386996253
304954200
386870404
258627595
596330711
515338605
368175135
630859717
506209944
383928558
622045512
655720125
537890050
331149515
506452335
313496337
287054649
512716380
436739869
516039055
555087184
746986830
377565221
480654939
329016368
383719472
340305744
519909634
655554420
567170284
739831651
544571860
651483309
601238702
451872044
352885912
235024087
816091152
139890776
713727614
796154669
547959364
927698157
660588434
329347077
472249435
211702381
447159460
337556815
669180605
726591517
418529593
659570484
436779092
397178650
734405950
821970073
667490336
591091048
369956494
488029055
442315601
456881507
648385244
401379020
535473894
495899249
525539163
387688114
287795347
488686349
428662041
417523578
277992309
508751774
529386290
470409241
310173202
479412387
692258852
414207338
452714677
678078918
617907024
369891435
494842825
279773534
330747075
518191295
510366809
485885790
279757699
221270244
422445901
382543651
380440306
292513196
343421810
364507191
340049388
289804865
288534449
225715276
164629121
241306975
113559832
165982997
206473666
188739085
93161957
94270816
60221780
67416228
115253953
99022852
105775860
81966482
48513909
58603736
98901034
41148707
83239688
44854060
19819144
9060492
71223388
20208234
30969854
40250597
49614495
685656
18608977
20947185
115443073
112942044
107917443
154322639
146619384
123524693
136198574
102587943
166227234
246099817
274923270
194573379
232200819
435629631
387026052
369962092
395632076
134591603
575683726
348237240
513132087
418270395
663940330
554022792
368020031
559575037
517027840
187989794
540778100
713176540
346279009
543839659
475901844
511785470
427653588
644243022
538720311
489432668
293113945
482403930
429161991
343637201
57501027
595783778
491243612
568572777
670680801
700428117
430175093
646349392
375804732
443200696
517766194
510888030
544883438
435946146
856253239
427559898
707468517
671864333
697290168
722499658
513061669
375016845
678964998
466160832
644652202
354096351
749807724
402055045
912030556
417378263
314437360
309731752
453349334
431955974
704722976
116655286
685141242
648315808
713776237
431997833
332934830
646225325
712109885
477173054
668191126
484146597
