775730027
719392650
693971655
633348768
263460021
272340428
447134460
418654954
530035677
185344240
607885819
235219881
627598206
314508053
394833649
638335247
352378856
437619739
443958714
516416803
363780643
327995865
402125421
259649061
481155922
414388119
427517670
500098672
405664761
439846545
562068456
270093914
463101340
774743017
327890170
627189235
866792312
317926562
397939257
393924902
340690860
383526010
15321526
296955550
484589912
442754338
352457935
776145859
421535241
559784535
635658119
541526379
358486758
577014522
561079798
359906258
523734482
509852925
174761437
844891939
485629470
681090074
550804527
601064578
649982319
331721063
537214874
479270546
751581266
421387017
320945705
632020544
311038493
267802316
1165554045
531924586
333081405
547504762
433615794
555854646
433875155
344950806
534329571
395018269
442370938
652324503
419407641
161755533
406294257
581792336
407031079
414481224
580496042
477701558
632334413
496207075
350465774
348626108
597447758
488610837
676090273
499062448
506175403
343155346
483236054
559048186
535325163
363961558
769585400
49376331
401590696
504673448
540018811
452827809
665740852
769550498
798021648
414517294
513963786
407110836
694581855
326963611
444948364
455798460
515177609
722515239
469025778
410304849
772703291
315334297
547841981
703224828
534177236
475617428
278862978
508854723
360612625
426183440
556038008
656855587
323277772
534702831
396702634
687437219
393587985
307877056
390474958
255519932
592840339
511761810
368797617
622873579
507458154
384315128
617453462
648219563
536582223
338457735
502681065
312845485
285465227
508940210
442750246
518116859
548128784
735297815
387295751
489588442
329683065
382169897
341497560
521298477
656546647
562638433
731601176
548645604
654019187
594000576
444277358
342238097
238855599
810992834
141577940
711845705
800207300
542800955
899467971
668418905
331972537
467531560
209481624
444790060
333863331
674192714
716988860
419128614
653700225
439074216
392657204
732716785
810589291
667127603
590714578
369923518
492057357
435958452
450692395
631567451
403300198
535115168
495503599
519184567
386433581
290838096
480987846
420073228
419954520
283131724
502066740
514492532
472667713
308771953
481533719
714438923
415166733
451760875
700847885
617699792
376539873
496823778
278741170
327383797
517100862
527336621
502410202
284214946
221973110
432074396
379514884
380226367
299573760
350965250
373890575
350954599
286927685
293368927
223285791
163387057
244088888
112794767
163280514
203567544
195900924
90368049
94420744
71849844
66836410
125094424
105026103
109735450
79204763
58115269
61437421
100664471
46643234
81656046
45450805
23661511
11795333
73935632
15844750
36423159
38081170
57965717
4483951
20611164
29867311
139756596
116937852
140470017
189372888
182724908
124696693
158785391
99295574
183527580
258021052
300285531
194790208
235250296
449602533
395533308
369762439
399506464
143228790
575087301
345883113
508959911
416314434
675508394
556277147
369004753
560873653
512118225
183708938
531026849
705002865
351408468
541266886
480691737
518264520
428088345
632900964
540816772
489814778
297217376
487051913
422941538
344047577
53558325
591256472
487146174
563242892
676876812
696883517
431305839
644145673
378932668
436197076
516245498
509664634
541094654
434960075
853129051
426188367
698783163
674942252
701675282
720250342
512860964
379536195
678534719
463894389
651867455
353941491
742063231
400425115
911699297
408678553
314186474
308085725
453401677
432390403
696307362
123306870
684613808
643215922
714366346
429610718
338554138
649920963
719077519
480283752
668835411
485599049
