765336397
714730774
708369178
625333250
285935046
282254134
448219448
426296383
534909195
184351594
594068529
232425091
653344381
336829483
391925462
632759654
351017049
426161031
454922524
524261957
367916148
333756838
374845639
246515921
479250471
435916387
422979009
496421863
440797479
460311844
553282364
266870550
456080942
770949732
319022188
636599242
832544860
331473062
387230970
402902537
349377321
388852934
11089660
326268699
501644043
440151866
342603644
768142075
421461700
532645651
642814475
561917603
360157039
582390848
586880810
355890464
513803412
511692547
176421439
844459895
497455261
675113614
533573394
612794887
649762148
334358798
540552615
491460294
737726961
430750376
323772149
621234844
315606798
285928548
1138560188
514206575
340750875
572388540
422178953
569921802
428282688
353805686
545710239
389693702
451786870
645819587
405917305
157171863
412247566
573025677
419235851
406687223
582017738
475798994
629536729
525574065
358101078
337574872
562141916
482223568
643525385
510070530
510231107
363724325
490592932
552670076
525937039
385926810
749361316
54941165
402783130
506604988
551113675
452876304
642647132
772862548
787078694
407919328
505400870
392556313
676776241
292541735
441697579
442022712
507794647
698702115
464723434
431063732
778150674
311983778
584502099
696028066
524436203
468388314
278381214
515835993
340780485
426095148
550492098
667212556
339962348
527638842
390375383
683919031
368036672
314479244
383084231
260543234
585894375
526090924
359831040
621770206
508580474
384130931
611371982
638216672
521669889
334906682
512692220
308808730
282847950
505881014
432841945
529140504
562038573
729827932
381600589
484733552
340973846
376011794
368899550
517941002
653021584
568954424
734819888
564415485
648794279
600005223
460382712
355654055
260562200
836743353
141845566
700039700
799905098
542300149
963032421
668044588
333332704
487815136
224444190
459497634
339217734
664296954
745991899
407706244
683563182
447456858
385786325
749457197
922355499
691559611
607452256
353771526
487972432
423657863
438409097
794340200
388003422
541534802
496796580
526707358
378708472
300292562
547138147
420975445
438548445
274415071
562059078
752064877
476706916
318493505
518465396
718164347
423157033
464943778
668149313
614923896
391426705
490498580
279754225
326889916
510507368
502279746
488881265
269717331
222940464
417503557
376912456
393634964
294322419
325492078
353953639
330712069
290530137
278374757
240735750
164999973
235584540
103617271
149606708
182418829
189084615
112105327
97067548
35136055
62424189
123998816
110782641
111792484
87822433
57458628
62020132
83571045
53219654
67588454
59763006
12612565
12943940
58069566
36399242
39787917
40606299
44430075
288382
27973406
36386194
32556535
28616523
35707909
28945438
31876182
27099931
25372358
24310733
22331703
82792138
92981943
106582169
148814056
329523471
340587121
329193907
319297662
125081290
521090516
343393668
487763706
443814837
628537124
546528465
359889014
541480444
494889529
175356997
547265760
704190292
336885334
537804529
476815768
513348189
435764578
641614261
537822818
491024900
263949797
487099223
433911267
313418414
38277579
590849222
496264747
578933526
659433467
690857818
432510474
648144195
372475650
445010260
509192712
507778284
543444204
450073490
856637323
438040964
682995003
696971698
712442796
744518189
471393324
358958464
652734642
455172560
638521704
360017251
736005447
405270767
896097703
396270661
325716444
309289250
451672627
450976740
712621989
109577148
673617229
651121643
720266576
435860019
325592999
649727002
722392037
476579285
670618180
478187428
