770170356
718499712
695895042
636541010
267468542
269255621
449141963
417738403
520646203
188402495
605683094
233368314
631573932
316605434
391648788
637331374
346658398
436856392
446592033
517822234
361021931
326598795
401646710
256979874
480340240
417322544
427583122
507124165
408223043
435413401
562840239
267097925
461436601
775405319
329352483
626770163
869531344
316830759
397159699
395556461
339427547
385191261
12787355
297095678
489477640
444462406
349573765
773902389
422209613
554188176
633672354
538729254
358076353
578971872
558334234
359479154
527447934
509265100
178675119
846984475
488203021
681459595
549367340
602863855
650956841
329205801
537481465
480390307
756105646
422434420
322604278
630386767
311408786
264448631
1172463330
524534238
329463623
551668110
435147132
553809677
429108653
346219219
538630967
395487552
444236204
653284938
418395441
163418992
401303218
581492168
403439771
411419754
582112773
478146659
631407640
502869227
351064469
348908181
596120129
492106262
679065307
501752559
508602716
347670826
490432817
558863039
538874958
362414036
773198022
44898358
403949541
501736084
541027998
449771011
662999702
763380011
804463686
414329761
515531387
409806450
696244327
325496721
441252259
457931165
510492793
721235281
464115677
415154869
773322314
313944440
547654320
703622227
536211804
474576122
282110956
508322933
359393684
420864648
561074125
658051611
318323752
535249404
399743678
686496582
390648574
306587834
393316706
260333204
594030393
512977417
370794865
628259985
510661500
386025795
618532807
650481478
537383913
337022496
505879442
313899031
281407836
511796622
439811294
517107038
552333977
741243274
386420665
483826281
332848432
378916182
337484009
521322811
652993713
566668052
736211774
545172752
652082780
588292359
442913132
343144461
236902760
813803719
139889957
708082049
798370035
548618180
912586598
664191171
330360164
470211585
212763983
446886607
333866710
673785431
722101015
421548869
656807329
439195559
391258037
732857142
815302667
668768323
591674707
368323173
491232203
439068151
455280137
636822235
402868027
531878512
496579631
525228828
391212990
289190231
482072450
420918898
417857347
281078414
502704141
520856649
473352071
307761839
481753718
703900095
413007650
452037356
689752533
617939599
373694393
495864023
282626524
331036234
518221820
518910727
492820387
284997678
220356486
430053619
378964754
378894081
296607840
349262771
370573889
346673361
288899977
295467811
228038548
161869974
245390743
116081697
164736751
207751675
192279304
94005467
95594554
67504213
64182661
124158312
106828316
110197131
81619591
56530518
62390240
98040936
41867830
85503599
42326495
22203398
12614766
69863978
22354002
35839959
37390220
56802322
1623828
20360631
29252427
130258451
116978499
127605687
178116482
171347034
121702417
155278884
96860015
173789952
254741596
290556562
194862559
234164779
448339323
392718999
371211800
399513715
143126287
575915727
344772557
512324834
416968312
671115385
553372238
365954305
559467576
510730290
182324957
533336910
709255714
350394797
536495524
474417053
514977095
431304231
632797408
543120718
487574568
294141843
487954941
424738160
343612730
51871617
592070106
489280480
563936728
677021591
698783862
430577770
640985227
377493738
439464286
518186223
508596762
545506121
434329229
855610819
428049073
702090621
678500708
698835876
723070012
510736885
378600021
674961046
466739419
650796400
352330918
744576623
401832271
913148282
414377428
318352164
310960182
454918115
430830095
699380167
115262833
686244621
648093183
715742423
431406386
333712085
650487412
715933811
482670945
669014201
486819473
