529099535
546039624
499070823
394067632
456673965
391968493
473060814
423526935
417589317
321740722
577434157
358398134
511674495
354901016
369704510
415724690
535511213
559682829
506839637
561394475
339671497
452249722
560788509
431385275
345089682
482564987
482416370
608136710
385906495
406245078
520868543
394613820
431755167
619072831
488059156
568149402
559198597
398846150
407466979
399841002
268998202
433340009
382879522
331872043
439530931
676673561
481008082
652223186
426548409
537765975
567833603
604863287
464447720
433451825
562184497
402908602
408079091
418393025
354754097
620059626
542561880
587003064
571911963
595884048
665324204
374226760
570629757
483991394
500383483
463369282
374749995
628890817
430534598
459424897
655409945
510881760
372439209
506767822
344538651
457589927
398547649
565578787
461693117
548672386
474067046
626238515
397411869
231513651
449543966
578222618
506114138
458977845
510776492
480113383
562521119
519080196
397963596
412733901
564571206
541695634
410165244
547274403
471596425
364924748
379220869
452042969
470934659
344361093
590601669
337898695
390854964
484410036
524946003
594676954
625422169
595128640
459984351
327854220
441533659
448831396
483956862
472560889
359071951
471076500
560126047
500365673
550969770
460508672
587274691
369721433
478795722
594764460
515854304
595004176
366680016
452118259
521006283
406307684
553283197
504450012
518043409
451951457
433063094
545131416
307425358
373617671
429730625
344626795
599678742
421641426
417505926
562288048
373709554
413856382
608644760
460554895
543215053
445259588
492725943
285073196
410991321
489868434
523450592
307915185
465332136
505184006
428113379
521390521
476531301
407907173
473862499
470433700
516060641
426157549
427126082
514381644
553528379
623116818
370479623
374559283
344544235
635676593
331139283
505787448
461147584
350943577
606548718
642482531
360352044
535542702
328715954
518505043
391284548
451954155
571894263
511426019
576456662
472455221
388547125
593939603
511142626
540355776
487021505
376270140
426112689
554834269
452896860
462352161
477101200
516102280
477875438
528735136
492742547
435686631
454842155
490812412
461656933
413544325
469910086
369776903
547291667
507417286
399408571
419373259
373904210
469111969
426950064
534453031
496255762
424847937
484241781
370020519
522788713
493990143
589890109
568203585
330698794
510629233
503123273
467382531
474455263
462069446
465178475
364157225
495695604
481830584
463451716
406769177
325509789
342379342
370109224
360751682
338833906
345640200
336019098
306759050
267573863
369639023
335555755
360077632
338281837
339854344
358212738
298525022
300136367
299315532
367049506
357281888
345433931
318339855
325696986
327312968
303053178
310760266
243734595
374932778
362064094
329363487
306363293
381063576
413922884
338874124
460356847
431376049
399568263
346287005
319826054
393235579
347049153
341122362
413739678
424134379
478733192
490032207
310436424
521134141
441459854
398325687
403639566
667872521
476842459
542116101
431465639
532901448
517289458
590751709
528556818
416732070
480567466
579982716
335248135
486233912
514147973
512115707
422545736
386507925
502030201
494436622
393238082
331290455
534521425
457100293
521051879
614263641
661163209
544949224
528009301
395551998
474895280
515591950
460710241
533687398
476771586
624015224
508475970
388891511
401909141
496738501
526706826
542632171
471664990
598034197
414510932
591661904
340658959
551862883
441547561
618523050
406848798
388424399
417779569
395322885
425974125
578327694
361064196
443496588
534464515
539015837
512025028
448596619
603417161
587225144
553663818
559681219
583673906
