771472936
717058148
694489734
635597262
267191219
269606030
448920685
418673615
524257924
185145723
608796292
234034054
628745726
317305966
393598423
638704555
349644963
436319734
445272608
518788178
360882370
324768917
402192517
255549317
479853091
416898512
427501643
504488931
409004863
436931698
564527806
266823752
461811790
775702756
330189105
626688010
869659178
315272495
395832725
392675352
339237666
384709103
16048610
296344985
487347654
446907346
349805403
775195911
422848922
554383695
634283600
538208337
356641950
578776114
560154154
361311404
524866361
508488775
174811049
845067853
486531228
679627445
549517614
601698775
649900234
327858786
537480112
478668520
754305136
421469107
323277695
632317810
310708971
265390530
1169996997
528169595
330554865
550657039
434100976
555256937
432105502
345964191
538712243
395058500
443569717
653417216
418305846
164164474
404187134
583742649
402310199
410533865
582652146
478179176
630777241
500863955
350543729
347877437
596533838
492384563
676331137
500105828
509078951
344817959
489000138
559213303
538681228
362912482
771056046
48443736
402014874
503820489
538779967
450724089
662752692
764967359
804536610
412657271
515677016
409445081
694724282
328165373
442547255
458122018
514544517
723148639
464696451
412980668
772163003
316200963
548006614
703396384
534267727
475418076
281698302
508515843
359121371
421698561
558219555
659335287
320687229
533727391
399151079
687967136
393083405
305383644
393722339
257051961
593882245
513244810
370996560
626506145
511764529
387552905
617677308
650797452
538259296
337928187
504123787
315578291
285411379
511629185
440158551
517523920
551490828
740921439
387176204
485531810
331319553
377865780
338105195
522336394
653615491
566841838
735048373
545977513
653765613
589205407
443099250
341445158
238596524
813931493
140541309
708962236
798235859
549594831
908544972
665603667
329275434
471808746
212007493
445176463
333158118
673473192
722209412
419993234
656515304
437158265
392183042
734433867
815133256
669154304
592029507
368184157
491366724
437945939
454072035
636593847
404247563
530412883
496349375
525026758
391370269
290825680
481651303
420222504
418528712
282381692
502115494
520526901
474122323
307447986
480339797
707115783
413730632
452593354
691481503
619051103
374049636
496080639
282743385
328996276
517005388
521652038
495410358
285397457
220995440
430866952
377156495
378290053
297618960
349195775
371903256
347285467
287549730
294393373
227233361
160002416
243630498
117340859
166295468
209083350
192575269
94544813
95564514
67786215
62410895
125019719
106800824
113743840
78825158
56769731
60930655
99442238
42785322
85208409
43451909
23877936
10519975
71215540
20851973
37083386
39201866
55912997
3721480
20406667
29238625
132734821
117210748
132987158
180285122
173653885
121231811
156630259
95419470
176602933
254632004
293206929
195568400
233939728
451196702
394226593
369646841
400077709
141792009
577523240
344727848
513023886
417126069
672334790
554904662
365183648
557665673
513685380
181103243
530709480
707595947
351288172
536796403
475526080
515830895
429424293
633004390
542214526
487802064
294510881
487040030
424851465
344592552
51414330
592069203
488409247
564335370
677413073
697537230
428945924
642022171
377021017
437854428
519054983
509360777
543801450
434711780
855739545
429951445
700370989
676568765
701190898
721472539
512307844
379246844
680679636
464906409
651303259
350815579
741056110
401937741
915282943
415388544
314754161
308283712
456314245
431843234
701176595
118755989
687108308
649748720
715492571
428425155
336456442
651467044
715647066
483377941
669653145
485434286
