776206493
711757345
689355370
631250842
294229085
286509036
456454608
418874662
528145916
183508454
590754352
245979916
636439672
320906255
392485419
642807868
355062751
435045402
450521153
512604409
364651087
332772056
395142276
247074319
483738000
428220859
426636130
517692049
422293799
442097951
565400152
275020202
466921323
769530710
330217398
630577097
860440876
312396331
390036075
398067649
339903491
389123442
9753548
310458174
485198835
436976757
349260618
771674218
421618978
557436814
630466424
553556218
346637154
592204706
564928630
356415970
520732341
530594024
183146560
858100604
500482173
687884821
551575339
609766389
658477918
335477821
529977019
485133021
762626088
415074340
315967044
645173737
308881167
272494000
1192577881
515132593
332404628
554062362
437301544
556727402
429387615
349265174
550497805
383661028
446106295
663839456
409448295
167971073
401478311
572678128
408720967
413903159
589620247
474559532
631334625
524921631
354302196
349439178
585243225
494506677
678866932
511293019
499026571
358020406
495928420
571311737
545855332
375140894
781285036
53551666
396217886
515357490
525965557
451722456
658557910
774773734
816556116
406698467
515303708
406755026
697485631
323107982
434900493
467431663
504688871
712438387
471458464
413897257
781730102
310475791
563034608
709252414
532515740
477134941
285921590
510433277
347315018
423213967
565136535
668055978
325515430
540717675
395673303
690813354
377832067
316668199
388009447
263872515
592673924
518603858
372047247
631921809
501981687
385262916
620478150
652845325
537948222
330581801
500461505
306480714
292463305
518500513
440499033
514591108
556749160
752705120
377791475
485149840
333333819
379361623
348912374
519009691
653257374
560824651
733680290
549962708
657502146
598011674
459634731
358740052
243971038
825513336
138528364
703797117
797194943
545596134
946523893
667327797
327211274
485721099
219156691
450103744
341929500
672908612
734947502
403197517
663722417
432503176
395074817
736792210
843725417
673289293
599217434
372940508
496893390
430808082
451109724
674351994
391021371
530873251
493096171
537924644
396488548
292183947
500260652
422688960
425259028
281213705
514206515
562929011
481270585
316153319
487001963
700079574
420467483
452265721
666576152
612570460
380326869
488164041
280761224
339779951
513723825
506247538
477878326
268022188
214902556
423582158
385379020
381234228
290586523
333152178
364527962
337055173
291133289
283374386
230699842
163054316
235265953
101529801
167034201
201190071
197470878
91111362
98084764
55578560
72869426
105878655
97845988
101330149
83418417
44865270
62614568
90974178
40039523
73659451
37942722
29833061
10603078
61340092
16685627
35968319
37596853
55134376
567883
18684645
29260427
70570977
70204891
69145548
88883084
86858604
84431401
84134612
81539322
136200131
218109154
226505077
188077011
214967325
416583574
389000280
363391244
380218316
140961193
555729250
345129410
503765841
429439538
658476105
547220937
377092000
555461318
516054685
192189187
539733792
705746130
336300028
539299935
468735464
513334224
425251482
646967706
535309300
491029623
289479920
490140863
432837150
330032562
56524956
592593063
492272075
576570316
669565357
696290402
426437417
638658601
370386617
445660537
513881398
511821213
551892489
442555289
850388765
430448966
704674190
684140622
693925966
725194471
506645638
375406516
675575279
467413737
639133156
350975565
743330127
414704607
912685066
412236771
317476344
309768904
465705393
439016594
713335937
120036476
682846730
660730417
716672666
434639846
336310076
641043824
708027867
473452323
666308240
479818794
