27301827049
44244437859
33199402634
37386488721
20655171263
17323724477
29572675149
31720990099
43081624249
42627310973
33572665375
34869809589
52287799971
49683270213
20518201725
36725313570
33030990013
36325397463
26006867966
28547970154
52256956171
37318858601
25777795093
20720035895
29231664503
29767783691
27860827981
40347539861
24603373827
36264279183
28611272881
41972545357
33524524405
29383847617
21619496049
13970799289
32418995286
28102903319
26515612814
35874233306
50783973426
43036091621
31199378484
42168232393
35935421103
43089562262
36170082534
31523370262
16227745645
26038319347
29091825434
45789145819
21121403842
39814041373
32499926991
35124442337
39839285230
33996109692
34202010744
35678698752
28972238520
32738483940
34450117413
33912295075
31322913706
28374950487
39074037725
23264074789
40017778667
24801933997
40266168015
31472400353
43743579708
40104991717
29994296946
29163170226
39553924812
29458333663
30701757750
42501954682
42749495469
18614486061
24029026952
34777126131
38050111253
35058242036
51487043174
19042317842
37149915360
39063434134
39542894721
27769016654
34497117985
19184816078
41300357456
45791601993
51183027673
23464676707
24826411793
41556862172
31212559577
48168116098
32848340681
20355994511
36916594168
32348019620
47405861144
42227953615
24921850159
35010744297
51984128491
21519439096
32843554845
41038174849
21815941493
48023411389
65946867923
21976775326
20635764688
40650815657
35248534081
40517880555
46040956846
29060170451
29137178192
33612654147
51563098151
63818126910
34930261145
28228343299
41422386033
31253249423
18438932850
22618012018
27037803412
33286770213
52511523320
41399679429
58277660532
38430640174
31661984232
40623585142
32631333066
58404542488
41094746366
45883919462
25534174259
48003006673
27444207441
26037638423
30282773900
23749196175
49911630327
38252028474
28938159868
45637802146
52605360936
42470545444
26415015588
65134310135
27354070565
26835662361
30079111657
33001609057
31640570927
48329783591
56564077331
24592609566
31258854377
44665313434
37747366010
25774619342
61271071966
49955009242
30972283966
35229346711
32517146635
41402006836
33531791349
22913319379
36014210757
43736094299
27945145513
26183909355
45323692052
26755873938
15840599827
38024365253
22015582884
32303986181
19816520526
36093285659
28404234076
27699023705
28866124388
15357321878
22659274657
22889410101
34789421880
33965976804
32157032992
14427506013
22927171992
23340615695
24711718870
15924220201
21445849809
19558948932
19108086002
14916681411
20794367841
21261589925
20100265494
19849752821
18922780447
17901284902
17050287485
16218923034
15414564457
14461460101
13613559501
12802192168
10620141044
11210518503
8036887040
9666100033
9018491437
8361515955
7783045349
7191481923
6736112908
6241008819
5804311966
5438055613
5112518808
4814928566
4469824937
4152671522
3603031343
1652013585
3152207286
2990583632
2942194563
2705834203
1019390401
899123113
2312609278
839680853
2085818986
3904058859
3837539401
3725448349
3636041318
3572861795
6368178745
8215676104
9922777353
10595072782
13450005554
14759639825
14224962714
17383288211
22633512369
22026013255
21325476969
14608413486
19178338664
20558931521
16766788605
19991516107
20902621028
20149677697
18987284476
17775172033
15698118218
19814771902
31175557750
27187781934
30167173572
18591054263
20133560003
20577982512
35524662740
39861868867
37705250344
37711637915
28817474614
34272466013
34251656226
27419184110
32472913843
15361891392
30628633279
38896949959
40815292564
23652301869
23924776289
25379075597
36314348636
17501134387
36939296024
29765786091
26246660668
42698628426
36812356102
32428123776
34797766867
39136831057
22867576270
46137791801
38081857910
35847109199
26529829242
34946031902
32075366617
30035938078
32463891991
27281395437
43101127322
23950274570
36396975608
48767275360
45609596924
40348108676
29810643261
19841360489
37730863821
18366899349
35890726925
25583707722
45494012447
37243873561
40535526248
43202628747
21437196170
35672789175
33378379975
30951611611
46239072988
33564218153
32914721994
23484157369
25941753783
26369802453
26996527204
29083263385
38616561146
22794007084
27417777144
35212176570
35613968064
30847962235
25334533490
39382461119
37400520071
40147332865
27960918768
43932144655
46919367695
41212704063
40672994354
32056297529
29887777792
30466068740
41201516923
