26722542347
44034284015
32585851315
36918712147
20831944310
16805618193
29546969359
31974120063
42934169551
42631631439
33432507864
34881144008
52353692685
49637099318
20483038867
36806255951
32766844402
36306634499
25943083097
28791128652
51707027184
37352351502
25947828643
20766873533
29146749470
29927826287
28299230178
40342132974
24560980360
36225178662
28603220529
41719786275
33331211533
29894834346
21176567837
13695440856
32506582218
27613339784
26817903639
35676944539
50538742838
42945460342
31403069201
41807074263
35921163420
43523940810
35881493545
31226343265
16105734153
25512197119
29094158012
46494895829
21282259002
39826829732
32793805504
34972098956
39481347585
33798483302
33821554147
35596529600
28991943930
32937271094
34515082515
33753988229
31384946284
28407733153
38584138583
23684847561
39725565922
24962608986
40383755268
31426287243
43708014302
40426811743
29908538083
29073472361
39970644377
29231894362
30649561806
42384017396
42795998013
18680079800
24124336819
35110258727
37900972941
35093735347
51331811008
19228099091
37223166212
38751419143
39068378890
27366330298
34269497881
18414756496
41323483712
46242200158
51071034966
23705687755
24991927548
41705224758
30623927719
47744452854
32802532274
20742684357
36827153941
32689138424
46959127149
42423847351
24937958347
34805163089
51132476608
21239142919
33004906226
41034238417
21976792064
48204490066
65008653611
22162915639
20712475344
40750814937
35368409322
40756789536
46211358215
29422252108
29240168847
33544855546
51075762982
62384019452
34788591632
28136132426
41690295319
31619522140
18476401633
22459842350
27226183815
33828375742
52852484693
40908026754
57715783181
38057473036
32118581653
40572423865
32945394127
57260780284
40736100266
46035255432
25464876769
47735416807
26765729660
25891745539
30694095803
23990154110
50027031466
37983204710
29245090634
45422612569
52225700053
43085282898
26717220648
63879099586
27405605852
27146453637
29981173406
32752072698
31747728813
48837288185
55950403692
24689352053
31685064353
44651670307
37740824231
26325960306
59702797616
49591513211
31096462779
35434768108
32314439896
41370906122
33719677443
23053546062
35844244076
43730063989
27918232416
25746292469
45458872670
26345163621
15717970147
38156848845
21595009234
32173510021
20046716219
36223151477
28285246872
27533288751
29004059619
15545589764
23230260147
23566224428
34765280178
34260365158
32724645280
14537587798
23441345103
23927959273
25670427325
15983116635
22280799661
19896164026
19879879562
15020396590
20966642194
22256192501
20508074772
20755836747
19567410045
18342584239
17614848690
16624440000
16241235079
15855513107
14970350927
14069976655
10417189259
11318456788
8478104077
10788057301
10410739274
9767827397
9089720235
8495034601
7895720010
7342651922
6765389046
6386267742
6026531334
5625335198
5304342412
4959406474
3809386932
1603584964
3978556255
3577821575
3431971060
3205748819
1759558171
1574453541
2741299201
1176262713
2698777633
4936080047
4770631258
4605350144
4511135162
4368369977
7513877473
9337461360
10938756991
11445894896
13881564156
15410697821
14272383924
17621892752
23015007860
22423143036
21708957367
14234677790
19115968365
21561353774
17308772905
20449130782
21593268700
20888197765
19306778568
17917163495
15977182020
19786705549
31534538917
27471510750
30853934373
18429041132
20279824346
20577902447
35790189483
41232240826
37568429266
38325885791
28708884763
34519647563
34294920886
27374343423
32811498308
15478752515
30842890506
39178622372
41461310435
23588298748
23925827026
25402780699
36735541861
17992809464
36920177717
29919612898
26722509686
42640939687
36462999618
32601046913
35113118193
39038210050
23147709569
46190247784
38495625007
36120181904
27156250352
35090640448
31908807182
29934418581
32366821232
27357052717
43101357807
24023575207
36545811730
48638896075
45385665903
40569407843
29483419335
19852243615
37482318507
18601896792
36069269371
25604135225
45109654446
37019098755
40565143568
43181052785
21542379401
35546618703
33490562454
31014291049
46738852553
33568101685
33066136128
23469789817
25493215002
26361080749
27325413403
28660788101
39068378245
22985352824
27538246340
35422628610
36264184490
30774502042
25122959795
39344734721
36903034424
39615941161
27774539712
43732786131
46853921447
41957161033
40863344664
31918630879
29961966058
30783803412
41330801168
