25876461936
42933579029
35672416711
36504382506
21166282391
18421617886
27546002336
31675477017
42951959923
44324415197
32832228218
32959212838
51684684008
49081875506
22660538321
36055066063
31886495718
37353169365
23367081489
30464789913
49796206436
36685065438
27999479450
21763792171
28870807404
30502401841
27439778718
41966630557
24098690971
34946023900
28251745927
42564644687
31807154397
31837569141
18089263674
14467021485
32560920712
31574503460
29316014511
34308252473
50656739480
43354815061
31385922683
42534937675
36454326120
42424738925
36189957563
31623801377
16847684949
26105248539
29121491152
45257864035
20244923244
38810459717
32992696709
35336067759
37774726126
36180792160
32949812060
35630187786
27757588579
36993284044
37008772913
35391818094
30709969250
28297301467
38492258033
23097656047
39861304262
25756023814
39784629131
31650828223
43416978617
39928341716
30344960309
31360976786
38074138931
30237612315
33010541278
40754613824
43291021209
21395419290
24146155338
34858203130
35925721864
35745416493
53364861174
21154523361
35936378119
36191761064
37409645115
26649335230
34350788635
16692977312
42687810431
45252644989
52472977600
25115768015
23569189454
42750600511
31312317059
48580565150
32190860933
23204929322
36945874077
33605027718
49098784537
40977445797
24694176433
34854986578
48696123153
20569616629
32862785757
41555045984
22832759910
46284548824
64743740218
22050519446
20558627364
40263262246
35905833408
43274243393
48933842266
29748220568
31720470890
34671710181
50379026957
60595887634
33515223915
27237748367
42563769860
32207594098
17565256982
21888855185
27743862949
34664246701
53071792180
41424303572
59840157467
39025148951
30868959121
39907025534
33911733454
53183686979
41754715597
48205959698
26422327114
48150776550
25355678987
25378007190
30531080012
20922746172
50452002974
36087184310
27548066388
45103940527
51806769538
44231982801
26226111932
62220713833
27320243297
28935758664
28324837489
33002522751
31040239546
46705941039
52228975638
26390513535
32186207201
44887402669
38994056106
27810720856
56203083922
49146486759
31807507489
34879073692
32775977599
40044881719
32787066454
22413881254
37088899766
43053508551
26951608055
24398027801
42699872874
29222894242
15586453121
37415335946
20929565298
33477461352
20915364414
33708732002
27744637204
30291530877
27608993590
13274108464
21112601226
22172847088
33002662924
32696168635
32602852311
13706277252
22795865148
22611501845
24674938327
18127637513
19295175670
19035700791
19527905631
13288048217
20836098416
21710799821
21876261130
20783968816
20515935374
19938984152
18531797467
15816629165
16005685033
14208708915
15460657325
12450770502
10683231329
11038884770
8674985648
10296120814
9445989773
7773063051
6712775590
8652467486
7411503329
7030300544
5335728381
5307583461
4845596488
4889548425
5375669269
3991569129
4113348543
-562734904
1499039814
1810213843
3268646476
3464634965
1986803360
1602514824
4621075014
818258058
3552419566
4209790683
3957084505
5240408664
5587284781
6347363467
6893506298
7952337664
10236302913
11342676369
13791174793
14785297952
14965068638
18018217863
24370288415
22045509747
22714374659
14004541801
19596021338
21444328199
20098642832
21345774931
23251016629
21704180628
19279882587
19456321469
16854280619
21965164917
33458475740
26743729546
32467660390
18134156861
20681146115
19929454303
38431201746
42680955156
36257168025
38527587462
29191310783
37132803433
33708238950
26435872429
31020629838
12743479094
31200827916
38948789528
41750566383
24605029623
22812936248
24575782843
37872615473
17135920993
38234608510
29744431484
25133386303
43083066616
37555366195
33106291835
33574448398
39568943704
22687013690
45670374574
35937342121
35627687051
25387587938
35858470926
31020287318
27980343389
33939380679
29305847428
40564781775
23261136993
35675415421
47629874487
44048642765
40427910081
28930129171
19164713085
35778537848
19310432263
33961299626
25211791105
45761045399
38710177810
41302139891
43490630147
23283790855
32864534251
33387922193
29385031907
46025108336
32896298905
34231331019
24949656468
25486766043
27161792039
25654028088
27296178215
40127417640
23092060268
26261674417
36255229563
34864664445
31590596187
24475742814
37733515497
37618569507
40365878959
25047058012
45043230350
45786469132
38957295050
39486615030
31988770420
29491135960
29566670999
41281095222
