27391381352
45570016976
32146849059
37070695373
20751475292
19292805460
29700686345
31049592734
41482531352
41404859911
33115267204
32608453317
52591598509
50731120921
21715256317
36588073074
32522705297
35921433067
26138172270
31252163966
50856711203
37525474673
24915716768
20444647938
28268573565
30390884971
28171587104
40288429751
25098957183
36426799239
28087743894
42454636193
33234472845
31068114196
20658493760
13479649175
31173234076
27445188842
26284512009
36000972418
50646703953
43632644255
31853787811
41998671790
36772707402
42427220623
36789387183
30434564519
15478510416
24576818851
28014052242
47015709681
20707262673
37871743075
33366707236
34969933123
37936117363
33551286720
33986858116
36979874134
28953524750
32824478890
33474407797
33118757755
30572917870
28031323584
38015186223
22799241210
39246278980
24864845576
40366423277
31113298302
45242614163
40003224028
29873306680
28479285172
40663817718
28799531409
31168485643
42123863844
41659938551
18909118511
22462257956
35199158127
37124291914
35520145936
50659307242
19508692037
37947965521
39162344681
38525934692
27284363351
33452564210
16777723352
41593160303
45708272456
50941363486
24464170360
25683026463
41852156220
29150093921
48375682535
34347441985
20392082909
36059459334
32592190794
46400997314
41387691548
25739738704
33639262576
51798615950
20515241425
33170473796
41304393350
22018106238
47329217537
65177303454
23180470229
22292754599
41674869610
35860659687
40683985964
46246773275
30369918699
28023684371
33614586990
51660735319
60218624831
34145702236
28115559464
41746075117
31071874647
19872789914
22599251222
27872939495
33315090503
53112036942
40399315090
56876164318
38044134122
31582916879
39600239567
32344234135
57053415960
39539026164
45293158079
25495629229
47060215477
25421285064
24952123544
30596525808
25050452403
49072451882
37801901663
29654621033
45399432251
51576914923
43874130552
26581863402
62444806723
27148249344
26325926087
29303164471
32641957169
30325888131
46429146180
53908454091
25468845538
31884799586
45616124456
37855850518
26661218856
57980290270
48944711418
31023710055
35829879939
31947804077
41675076034
33543093062
24976386978
35557826233
42987593969
29152746734
26112233066
43610828731
25465133260
15701606382
38787911784
22380234931
30359790841
19882177187
35682841223
29010694239
28432687248
28523478920
15279511739
21815138636
23627607816
36182836449
34121330614
34248048396
14213555089
24218881289
23963093017
25646627755
17119205356
22601540320
19869103910
19823160003
14188427082
22005303249
22563738127
21912125358
21808295815
19923168095
20474873409
18651024510
19121278116
16778563999
16797137456
14318414595
13603756075
10184371299
10479066749
10199810818
11913311342
10513141801
11168321324
10997268224
9238293725
9624915612
8886967305
8509278378
7079821182
7478757325
5785441175
4199822761
5641583779
3674695742
2299643668
4930787952
4978683361
4451179388
3311784495
2608745172
1340619937
3847603707
2893374969
4444605839
5880056980
6011984924
5661534984
6198813082
6101200519
8153355506
11393009691
12254350049
11696870408
15229240624
16288372306
15542788909
18032581139
24875839498
24339275417
21650541907
15896178392
19189318607
23046048746
17503527250
21044653128
21484652369
21917216629
20643335034
19130228047
16627888397
21069184506
31937271392
28323017900
31903265726
17701394149
22211634514
20611501784
36173589322
42925156419
37774538209
37863136835
29512324428
34375823933
34359041610
26447323792
35576416098
13962652016
31483433973
40231287968
42366955172
23972503538
24517007167
25242993875
35579488451
18645675103
38117494769
31277034488
25325598373
41942129811
36261691574
32711106659
35361925626
38792098688
22710307225
44739001551
38369657255
35849154122
27024169387
37414823832
32702518339
29474538292
34556538116
30044508853
43496402521
25472066099
36339312646
48658444018
44594330192
40061070557
30068532030
20025175511
37701056093
18914456765
36042209465
27896885425
43394335744
38071643968
40466671226
42229441113
23106607713
33640638012
33930707924
31116609863
46976647237
32667783361
33623316290
23016538398
26277285185
26977875436
26960906597
28524102625
39158962305
21293685756
28051709312
36346579600
34233527315
31080707970
25903990721
39967467538
36407874243
40014668430
28264043861
43605269769
45566471602
41057211818
41533010820
31715550768
28341119569
30089052716
40377197047
