27211504331
44231847564
33142522951
37420938220
20610515816
17301535598
29486150182
31675655039
43116377727
42735943437
33489318593
34705765003
52401909759
49625394179
20407868368
36834434837
32898058822
36547625022
26041099154
28551848472
52200888451
37189296680
25757683180
20610552749
29343098248
29728337888
27778169529
40306787373
24533171877
36363853638
28558438465
42003075583
33564071406
29249794311
21783145583
13914910199
32319531435
28101590443
26602463527
35987312141
50620220449
43043549366
31143740323
42342780164
35798593135
43036894785
36070650848
31604493893
16058299464
25988135177
29099673790
45883284888
21121582487
39835576756
32523114578
35297002102
39720123770
34126864781
34132680746
35643007852
28812170550
32579656936
34228156232
33931103435
31252153760
28298330171
38934959727
23328327490
40024398936
24967263610
40197395448
31365010661
43689800219
40051265113
29922550061
29340109434
39507656615
29354629906
30708048931
42391258908
42692690876
18487396140
24082470466
34707530166
37994261315
35148670132
51538341526
19161692942
37080414645
39025670293
39551500602
27564142184
34638719204
19297571988
41295453353
45888724567
51258873232
23550048118
24734497023
41543415632
31222085375
48365092148
32729895052
20315909076
36981331668
32328409900
47377097733
42183892351
24801532961
35060345233
51987431574
21525387590
32843035353
41144701104
21777242270
48176317351
65981160982
21921091890
20588099338
40519955718
35192443667
40597703806
45836253014
28884958556
29184793461
33662165557
51509794146
63984301051
34910001803
28339508980
41607703682
31072647596
18371238430
22437643798
26998142891
33438415043
52523812669
41507763794
58520157413
38509857046
31555353401
40489240624
32527916418
58522228401
41112570387
45892112828
25426676539
47809033029
27547373560
26136710469
30420998500
23770726715
49943633911
38316710705
29091804968
45733122092
52587999709
42398455599
26464336868
65327276234
27265293596
26827392969
30127205555
33044647541
31684804132
48407166633
56713489058
24543744194
31417914980
44618686958
37817698883
25724369183
61540822479
49929541979
30903029168
35328101377
32582913036
41403930541
33482312443
22890360824
35866385953
43768357549
27911895796
26225851371
45306843387
26783667801
15766526473
37984757477
21987509948
32334985696
19712404160
35950186242
28475875171
27894084528
29017752762
15307226035
22664835997
22850783756
34773933407
34043409205
31856231735
14318513342
22842462186
23378565711
24510719779
15991767130
21298843373
19505734360
18882034809
14998858597
20705727116
21129222707
19909160594
19611843762
18944146623
17904214653
16908198373
16125646583
15290577195
14371603954
13565424399
12682907687
10376101546
11037720627
8103619865
9609549197
8946600824
8334762455
7730123958
7125490851
6600491063
6235508231
5800688342
5360046833
5110638928
4794646208
4442649786
4082686277
3649241598
1527691374
3168021908
3133243508
2886033439
2745844346
978744758
801344414
2318608325
834054913
1986116750
3565839353
3666152764
3703488511
3447185133
3446544439
6152789855
8224104282
9979178800
10485023770
13412211167
14561712734
14121999310
17273239385
22636993405
21853439055
21157893822
14580326618
19154997664
20311615748
16722335628
19787273873
20859952626
20077871635
18938949767
17744242483
15829246624
19885720983
31189891305
27246831446
29981256560
18699565912
19944470581
20418472492
35428283306
39773642056
37939315761
37795619431
28776222899
34359714867
34199744923
27375707955
32322308639
15455890306
30607098311
38749669616
40584478227
23665028362
23955480561
25340352069
36428416024
17290138149
36951774204
29782517817
26302739416
42882330075
36835779714
32451299436
34844231499
39146511133
22749052343
46122857345
38149814415
35788246205
26509523137
34897499463
32042181254
30115105834
32602177323
27282141713
43225834984
23990566443
36374912920
48632638328
45663523172
40356450279
29821295958
19709795202
37662597671
18265335539
35795045865
25465789860
45508921124
37224811932
40535134602
43342239284
21409428400
35729726839
33266671176
31008288127
46198484509
33508329444
32835350873
23588377742
25987176352
26421368730
26948512930
29004075655
38639131748
22851309859
27407618761
35359712866
35569795065
31016207078
25450097091
39284634605
37350399553
40070969067
28021620956
43907538241
46905581139
41177276452
40567808250
32137231968
29936529598
30359808521
41247462211
