27227377388
44309485124
33080518864
37226548949
20662216392
17255123046
29544958923
31648663789
43201976924
42725656226
33595865379
34944385743
52183511087
49719757969
20561059922
36538140170
32984924787
36259539603
25993597564
28587927721
52167529933
37381387790
25654936581
20681132496
29261815276
29762648856
27821211890
40444361251
24700651366
36331420905
28746346492
41860178979
33526333416
29422658398
21515777892
13868433385
32476453581
28009941538
26572408684
35753873924
50834614867
42963571706
31253156417
42131480479
35949481518
43088507280
36344819898
31425406840
16218569452
26156353448
29196160190
45757595165
20966268677
39839868439
32532714975
35122853428
39893595484
33844084625
34117874031
35662253135
29021106781
32769244535
34364409992
33893274429
31115586951
28447450561
39016126141
23295356578
40042950699
24753731290
40325897020
31492697837
43774156371
40196866712
29996899004
29127048270
39396356794
29429844103
30857501446
42467717999
42760669581
18645670818
23985811093
34751706262
38187235829
34999922732
51484421401
19019881099
37046765890
39031037617
39512375529
27824683162
34620392659
19136684680
41183303928
45798542347
51143168178
23613271126
24747884143
41524580324
31110010769
47964068115
32931843835
20262637517
36939931664
32389376321
47394560238
42172554618
25014933966
34957168522
51968016588
21397841519
32881976611
40990375395
21809753190
48124955412
66023497771
22141282842
20629060048
40691465193
35278196498
40583541184
46172077380
29111427813
29077274798
33558195571
51557988552
63700497502
34884361232
28196231529
41448745186
31368922028
18464610531
22535401494
26999080899
33345861943
52546547217
41181722082
58127073954
38479384666
31822960491
40722621449
32745523759
58205871933
40973443568
45892577119
25365044129
47817040927
27454346111
26052029541
30242140480
23683435518
50021316908
38130790998
29008412079
45660051776
52730122740
42549878197
26566736060
64901177951
27341819569
27002568653
30021470851
32950000362
31623609985
48385688209
56533298644
24611051852
31208696754
44708526294
37819318070
25724472980
61249673886
49882779032
30942011004
35299920202
32445376773
41535664743
33486964199
23037341260
36070975562
43700105224
27807018386
26015119824
45370922567
26529755398
15891989007
38130890292
21816744980
32142849049
20044379354
36250130062
28399804953
27654808577
28783603893
15352732294
22763393136
22961488628
34833255187
33918436670
32140471994
14453057877
22936168290
23249349765
24729418472
15929914287
21359476015
19640797653
19238145085
15114159921
20759127649
21380570177
20218536136
19900350561
18868797778
17925883634
17091567172
16347391411
15532380483
14609003120
13650191441
12904386568
10575697882
11261563436
8144110229
9728144159
9055470947
8458860743
7838861586
7256776387
6753441956
6232376400
5730381210
5392688033
5095489452
4884095688
4520557786
4147918341
3416688120
1645020681
3178030452
3139334367
2901700870
2707021849
1035758721
1067773712
2148923252
970422308
2283066324
4035147747
3955954882
3868904336
3706146841
3583840097
6561193353
8316546184
9900215512
10812650056
13304452155
14766410614
14356616137
17497025120
22750310984
22064006684
21392791457
14637146888
19103850029
20700051530
17007513665
19941124440
20976486236
20164453675
19142069066
17889584524
15679368911
19768501643
30975307584
27284273146
30254913803
18688301345
20092645212
20511924868
35564376050
40033506550
37651207510
37903798788
28888317246
34235583104
34166889026
27417329479
32345179905
15324879012
30575650822
38758696452
40830537021
23541717785
23921597072
25262352352
36382824992
17601499386
36795942496
29734005125
26362212389
42784805357
36671078779
32418519348
34881193119
39022134951
22929694245
46303330916
38037671312
35868926148
26511207064
35047434556
32116140263
29871150368
32386131952
27312555866
43061248986
23954107584
36352985143
48687188200
45468303795
40197884956
29731165430
19698704032
37785169484
18360222982
35857386091
25624721831
45516737109
37373884098
40605613645
43028669310
21495894473
35567144616
33383256454
31081006469
46207714967
33575893824
32910913237
23547968067
25796893976
26350529632
27030233235
29087486233
38726219261
22949470035
27451572390
35218342983
35742911298
30807594499
25280226532
39461975865
37292629564
39997783778
27938039620
43888245107
46841983659
41280917663
40637412793
32037858685
29870369055
30588506650
41200987402
