26639279740
44116424670
32625271727
36929457782
20584453594
16889701657
29376244501
31850097802
43214435804
42802435638
33392596937
34953385643
52378989977
49732989714
20675157967
36728783507
32747973485
35927098668
25899689378
28653330892
51986818223
37513572013
25686947483
20631421380
29089759390
29753377783
28216691908
40685420676
24590456789
36089128414
28618564090
41760893556
33480010715
29685243781
21454946659
13803605060
32603235084
27938187792
26890221118
35702785452
50543436580
42821775718
31276651633
41900860789
35980620170
43277540146
35944440282
31196466952
16233023370
25816513669
28850407716
46196532169
21282862040
39806343636
32812207673
34837824435
39721134004
33863912486
33697300347
35714688945
28851470920
33064489839
34433250026
33693593164
31375276806
28557952608
38777860182
23764982080
39720821068
24920661042
40506338463
31401722157
43699293664
40656294182
29903557898
29065693679
39877563713
29307825072
30643194250
42571662980
42968981582
18711348775
23944641016
34901993915
38079108591
35066473277
51380698101
19093273806
37255211690
38731463563
39116040814
27373664883
34344872222
18726032772
41353233930
46183012333
51157014458
23752853222
24935468264
41491623260
30943681157
47603988946
32886404832
20432764837
36583875178
32448180402
47143520158
42529862312
24968932784
34863973509
51301499741
21517997801
33174594411
41256409766
21820087586
48266278089
65446979751
22211983793
20520782607
40733164841
35215539383
40709921549
46084517600
29171246484
29298569109
33656884934
51356205821
62786564644
34911982607
28205870608
41482779940
31629929942
18550580340
22501142804
27183706715
33592061472
52892006290
41038625925
57842234666
38306627831
31929075295
40621989775
32854643758
57395307253
40888564837
46055257921
25487182927
47939332088
26953076747
25687651100
30728792816
23836462664
49902409143
37941959943
29160099885
45594884673
52331950542
42806609241
26620691439
64024796579
27557225987
27230699251
30147970719
32789811476
31602853088
48572701516
56180279495
24438046260
31643292713
44762706900
37757868468
26168086668
59992817066
49712044824
30865729012
35228547337
32239552066
41177239005
33615601312
23052259590
35924472071
43603435675
27867150471
25779052389
45590991179
26274788081
15793647611
38009264383
21712246105
32226298210
19974770655
36279103013
28192819834
27459371206
28805634429
15528123640
23245803680
23346344646
34867947726
34384539077
32512239206
14725573536
23353788983
23689631961
25463071037
15864036842
22007965733
19650673423
19769135124
14944858925
20940129716
21881124777
20337836836
20575000941
19384562910
18500339224
17284069252
16571330455
16143762324
15684049073
14759451017
13949169182
10426696714
11251741221
8434688601
10533046216
9994646323
9387806615
8767238333
8112070634
7443709495
7071325251
6574257631
6154536172
5706666103
5342782818
5078296669
4766022350
3645426354
1474366067
3718920368
3461818039
3380853630
3179938784
1623220549
1156154041
2630328819
914393419
2533438155
4590392450
4507337478
4362216701
4275526587
4176712367
7162758143
8978637558
10696661589
11579179940
13529744133
15251058482
14189810720
17685464124
22902048810
22342505722
21702506357
14472489367
19100075646
21339110126
17122884754
20207422637
21377311228
20573321022
19455055415
18014849540
15919177714
19789217407
31524332535
27414090693
30699483161
18497074131
20244743305
20535911174
35908448864
40783145093
37466084571
37974951421
28909108193
34554920923
34336613899
27474015957
32649840596
15548235096
30618667777
39100907278
41397086796
23448207695
24004070433
25183432128
36669481929
17801156988
37078210407
29961453137
26503218421
42779012676
36466477626
32809839379
35062817822
39090795364
23118372423
46272416578
38311534986
36066509643
27109548008
34899771539
31935687331
29966058908
32453189669
27172146345
43066910591
23829450559
36378560187
48649465708
45405530529
40289996866
29368279273
20042799333
37502026836
18598220319
35902328445
25508514242
45022048815
37000863914
40700066524
43275660972
21563947758
35486613312
33362398713
30966366725
46644202521
33335188716
32998852323
23455207406
25403468945
26184210916
27408700447
28728660966
38998523030
22981276760
27316022665
35087432834
36024824947
30685034277
25071454462
39426538390
36943122794
39572551412
27770532644
43475159890
46736066832
41858750500
40881687740
31792403465
29853675060
30959064499
41414470410
