27226841121
44203926562
33155613300
37385724098
20640808829
17233810647
29579106641
31601860142
43149895154
42634206778
33499486710
34759415026
52337617290
49670346724
20478282186
36860067209
32991872874
36443279676
26047690133
28506366339
52269945609
37238766983
25739540024
20662035806
29320817339
29655156142
27819640497
40267690729
24569591790
36346755655
28538011561
42026844030
33490491779
29299503184
21759960528
13910586472
32348264043
28088387423
26604061698
35989951093
50681157279
43030523957
31028315094
42305063365
35844598739
42963940338
36146855864
31512521144
16118563937
26028309014
29177680786
45857160582
21196987423
39816751159
32461774383
35241992877
39832089502
34105830532
34168652022
35683622591
28873664816
32696032636
34279629940
33902277797
31286745990
28251994354
38949882133
23324184829
40035492975
24886160079
40176191536
31326170052
43647443934
40055246271
29895954344
29273015798
39501488661
29317621103
30807404161
42390804974
42666078673
18522383851
23997071384
34734892545
38001138519
35092318842
51518659918
19094551623
37065837627
39070340217
39643811786
27616482845
34540120817
19317248474
41348601480
45884821978
51211990830
23526910674
24776652269
41547897530
31260345116
48242367436
32771498099
20346138065
36990301654
32389690030
47405644330
42164221849
24806386070
35073716158
52002012926
21587518835
32814705639
41089821562
21733265672
48129329637
66091151129
21908207321
20592068747
40592407467
35233954296
40674187438
45852114704
28905589855
29202023263
33677460938
51498098718
63928442762
34960086388
28261546405
41483906139
31116807292
18364172798
22498322553
27090695136
33429704955
52530088095
41478307927
58392490052
38444892025
31543338196
40612597261
32566356874
58490849735
41138020618
45785900258
25463692562
47821596972
27600420562
26078748395
30441927527
23782199668
49864666590
38284906770
29041323390
45753150018
52603220084
42425413009
26482443712
65213837335
27323500612
26767862735
30143423478
33064002116
31723264587
48393302495
56654742241
24533581230
31335820599
44586717499
37739801901
25837279633
61436332802
49942438470
30931377822
35255381036
32574463852
41430122849
33553550536
22895851409
35863174827
43698334374
27787510785
26132416664
45279710474
26773332445
15757778630
37938855573
22014113419
32360486503
19791818168
36040525898
28503589193
27900830442
28908510089
15263785308
22664969360
22912593984
34679384224
33948157165
31963028836
14279356945
22908984463
23297954643
24617027363
15873188239
21252528298
19539165961
18998881875
14976839178
20756635512
21134028037
19983515018
19712968218
18868472437
17814159283
17034181131
16200520144
15363894507
14429141835
13609021646
12736180888
10467251381
11175633075
8034281014
9662799913
9006626937
8322512197
7743828416
7169610555
6594449117
6239222927
5783270357
5435978735
5120216982
4812123784
4513955690
4216337766
3695123637
1572002683
3165170820
3046844727
2891779047
2754896120
1067159270
787432113
2307549973
972695643
2048028489
3643502838
3637164161
3699955944
3594129891
3475278121
6279428520
8211806549
9898137615
10503289348
13552444286
14561194430
14153560516
17327145620
22599321791
21776548486
21200757955
14549338095
19135335711
20414316571
16824578991
19837609198
20807848386
20160115590
18938470981
17784561491
15756812849
19877269916
31219984964
27218341283
29998188824
18721988785
20071509941
20516893868
35548220230
39763732976
37826238168
37685270672
28759112306
34324258120
34183678015
27378015564
32370748355
15406890955
30620956743
38830498543
40681995552
23624888464
23924620296
25442254688
36380450621
17412706636
36915602437
29719271766
26349950508
42891422926
36707902246
32464544778
34822961638
39186134922
22739312547
46122372878
38118086989
35893510226
26573988425
34893010433
32092776702
30016857196
32608449705
27332650136
43168940331
23964904961
36362950337
48671219405
45641531679
40379282125
29854760994
19789724052
37712648143
18278801927
35756457829
25450671594
45529501607
37291391237
40589716901
43283358822
21378487303
35685859962
33249284927
30848655358
46198562740
33504378320
32819686685
23542088219
25949692622
26354619066
26932945397
29016764286
38678840148
22842384889
27349814626
35315985850
35621917269
30999207071
25349509206
39305366162
37390986769
39959741028
27954007406
43864258346
46940346943
41145432624
40644447278
32014474167
29876176176
30312356627
41323181650
