28450708005
50801179219
31627698483
33562644444
22525703446
19461095911
28431470412
30175597608
41597219284
42535131138
37588332489
33516278153
52991124634
51260543773
25278068132
36786492043
30687784390
32227027150
30210409968
30512981570
49268609015
32756223864
31003020918
28787360470
30355414208
35286310040
31700956215
36272994888
27327748372
33133063053
22951327494
39560002920
34004781159
31261493302
18608490871
11886286331
34095978067
25350581309
26860160241
29410362183
48497519362
41906489062
31553395559
35751423621
37135409681
43936102894
35314265638
34017723117
16518446613
26642444624
28517468823
45744451963
22181539564
40458029808
33810822040
36838246066
36900705558
31775567116
32354683017
32366395616
33235018322
32967249763
32042837408
35954918565
32820460386
26039074672
36964229127
24917939621
34820309866
27178735090
42080216434
27326220333
43911119534
39292262501
32420110719
30510688289
43724110162
31191700171
31709246007
40162442697
38902123172
22069510247
24143775666
33249690035
33752415687
36798328498
47423957055
23735576596
34840869015
40045022766
37836800115
27163812547
34281861037
13934733691
43091167314
41454685276
47061638452
24155884429
30627848204
40378427259
29668108312
49573694190
37813295455
24707461875
36706264344
32787133279
43737993090
43461505263
28569607902
35408732597
48756153348
25206357872
35714600119
40531293858
23448690824
41644158522
55091448832
23845312123
22057452603
38385805843
32687078900
37186692835
45450361456
28440689824
26188293464
34192974358
50109961599
56254221018
32867129688
27960684945
41219806211
29557512856
18406554249
24723440409
34811533207
37313682902
51683582326
44306132313
49955882960
37948101113
35698130062
42354181906
31423041116
51897696939
43153790409
46047436791
24451917903
48994929774
25719235574
26638205386
28525897163
26487514538
44498779925
39421753961
29471869146
45116293278
49398413882
43581165218
29064204606
60687913934
23310892568
30364608995
26072492798
30579784121
31394990021
48561090553
52503538474
27192341412
29456028264
47307570468
33501119661
32692840842
53757019543
45491921337
29608385549
33330458877
29147246629
43591097970
32237708692
25475998660
36408227777
45426845138
33992660445
30355186635
40984643271
29738867414
16830314641
42818713339
25314833421
29570110248
24612781277
37495180482
26292542248
29677907638
30956514168
18059743601
20211144783
24228727383
38299041145
35383119511
33769548156
19091550182
28161278278
28349604471
26159774617
25105062180
21462444230
19709316831
19922995797
18180669122
20917512937
26203688603
25356140960
24686607519
23756992999
18602120884
21891121331
22007685350
19989861787
19207831570
17549819472
16150801290
13889380901
8394966491
12355991248
17122336661
16511051151
13693816279
13733307898
12135913764
12587582939
12390364459
11150060061
10388236662
9361600678
8642585863
8762127036
7463296706
7178269102
5520933848
7073339598
4239771298
3787501343
6963487723
5564788575
5019309016
8773754345
9926157012
7371812642
7542883865
8600115350
10515611647
9640164416
8394499432
10883760525
15856689888
15392806419
18536485338
15769200670
20253820155
14801591843
19786091438
25662156539
26492721568
26469463676
19134632208
25238211065
22847885794
16990971225
22538647143
22270882555
22670507840
22227216298
19575666614
19932643113
24673833489
25837059493
32332090751
32361214864
17442434607
22680177307
21451984548
36760889784
34617254854
39402874836
36253570692
28518501146
34638332519
37028587821
29328487989
31768718877
14035890920
30376528810
37286298864
40960747078
21642542097
29049200224
26619873378
31561530524
19193754510
40600320003
23757007244
25230491039
44422134693
37928775498
35655066929
37033258870
41522104246
22564840628
47740851337
42529552583
33619273482
22518293934
34622435456
33481517457
32436009235
31946545463
31549295288
38064496918
29561802216
33074117695
50914593345
45825456764
38015039836
29954992464
23653284892
37474573077
21182392223
37779812009
28871193678
42841653304
37785689726
44946393136
46488763814
23716428277
28638211886
34397365449
30920215885
44789866266
31588684255
34261380893
23297390762
24945458149
29635262698
26968166662
22268984977
41050727355
18961544530
27513481573
36012712246
36799022403
32580804635
24946732194
37701828154
34668764895
36119928772
29024287047
42932728762
43521217950
46183526386
40034198374
34022098575
30312488555
29746213910
33325205064
