33541127
30810049
29264325
20925072
39611065
39769806
26295765
47666978
34133603
27729830
28984214
12438459
30427430
15130149
33463616
27103428
27356286
32993440
29202160
43434974
21138498
28525343
32870032
25720124
37808560
39963223
29937456
25692685
46493370
32351739
19292816
43107689
25763640
26286873
37281383
25988063
33674211
22874070
27036260
32875227
35952458
6576980
27675830
32565016
24351817
22343283
10493026
33658809
35375780
27548172
10296236
37839341
24809446
17331554
44670855
31876861
24497614
35967744
42583067
36371250
31127788
38790286
25197991
35328000
50956579
37480694
23775530
45252109
28137317
39564378
26028734
12465743
31603950
28629706
39640362
34505451
20066813
35816177
30634456
27837610
29679268
32361136
7365501
30801568
26993855
33256775
33801557
27866698
17240592
35169851
33915220
29932207
31355706
25719550
24756319
34465050
43827191
28759371
22175028
17042368
18101632
38958792
37611802
22885592
37749850
35540435
26077534
36042199
11232117
22702055
44207087
37261482
24828948
23772850
34995474
38947911
29979746
42026803
37517119
45176974
25454270
27771393
12162207
25216414
40405753
65821558
28666272
23691693
24819046
41170117
28921659
32557837
27465368
45328525
31417368
43685420
9459762
30214874
36258637
51249892
39308159
20929354
26573251
17868568
36542132
22322545
41094631
34295611
44546143
40218654
27044812
33243120
71799659
37154069
29698495
35853601
34119117
26158989
22923815
57623744
21033964
30174399
31115461
28348479
50153358
29910832
28504597
36020391
33706019
55129041
29162443
32990983
29096146
26821084
43446679
25324603
42562856
42044979
28618464
31193871
26111656
41603302
47427203
24616565
28215028
28668540
36624623
43786680
17812451
27012068
49309641
52242562
34092463
50366721
17503513
39632285
32726239
27669119
7538883
6094532
28740995
18923490
24460089
1951784
22037440
26945481
17265394
33005634
23983435
29157097
25063659
26407150
20187761
27485946
23240876
25669973
22812753
23953126
12033043
22739811
24494732
30235590
29087037
26641145
24571790
22031522
23509741
20984875
19544195
19481675
19067221
13786170
11757537
15566028
14270828
10336318
9272915
11096375
11175323
7511034
8878833
7074623
8915189
8466398
7368986
6342528
5171457
4532428
6484028
5747895
3546049
5624261
2045113
5372361
3847310
8518684
8110893
2677060
4317247
8309453
6501806
13558137
12702307
16119610
15209345
11682713
12040250
16856975
16191688
11527120
17218591
8999653
23893465
21453721
16283545
19559646
17833935
34447419
36252833
28612464
35449748
36612402
15429958
36105876
19740621
25098546
9274934
32463489
19752985
25083101
12848805
14533414
32980451
38880869
29721585
30371898
21741570
32533539
27319395
33039452
36353109
34757948
23618188
17245919
46030943
12679158
28910567
16162100
48289478
24091277
29063339
40890092
36532056
17806001
24976093
29357770
12985640
33927302
37374148
32443575
24749481
25008359
32043331
25193286
13108955
34885788
26092847
29220737
38362502
36484778
19259855
28590130
38197510
23484500
30567810
12261009
42194022
26798102
16158732
51781610
28939367
38691791
41653630
29962394
39996236
18149635
29089654
33599231
46273948
20995548
39399130
23800552
15652406
17993624
25370023
30591396
35267465
5431774
30915306
34751073
22632060
30159200
19538341
33634349
21319441
