35633186
30710463
29246842
22419939
40607117
40106774
24014499
47467381
35655840
29696425
27685340
15631700
31975552
16641003
32929326
28956125
30089211
33051221
31954793
44825069
18946910
28589038
32079576
26509484
34692619
43147377
31727220
25168715
47724771
34772427
21522469
40277488
27227250
22972005
39479401
26262350
36544458
26032261
25646951
33882633
37506225
7843827
29507403
30589611
20671451
20514463
10624068
32722521
34571774
26838498
10057089
38624755
23153658
17600695
43975907
30119770
22535376
36213989
42368599
35653153
30045845
40374885
26318851
39403989
50301930
40816145
24367612
45106142
28950213
40083890
28222415
12597948
29756884
28395114
39258123
36762204
21730592
36754619
29072681
26298310
26084845
29690822
5150761
29835126
27955295
35461508
36598773
27784760
16881173
34560659
34835734
29111727
30868954
27455283
27312017
34921728
42025585
30681945
23318760
13704411
15711647
39599801
36664470
22986165
37279380
34211542
23844633
36848239
9713681
24678782
46380239
34550232
23621403
25164424
36438472
40336067
31972368
40394417
34831162
45452375
26397474
25871377
13400386
24326747
37895109
70166482
26005416
20786849
24816740
46474277
26828359
30668818
29331951
46819334
33541898
47476830
10788080
33393490
35333738
57550130
40937089
21397381
25705272
20691774
37372524
25972715
42039245
32953639
47226681
39352493
27531739
33885527
75049373
36803873
27269807
37038928
33680415
25987455
24715788
62023467
20020072
29758686
30095740
31529791
55594221
26141565
30821009
34985696
33734418
60697813
29495122
31688808
29516063
27348217
43501194
24493910
41841696
41157091
31053467
30751630
26414810
42390446
49735639
27658537
32061550
27009567
38868449
43700188
17566475
27068764
49583447
54260077
35674029
58607446
18753300
41164053
30316609
26079888
8003533
6004296
26485589
19090010
24188851
132138
22420128
27577031
16105584
32923163
23362188
28591342
24865601
25445345
19108557
27191683
22729802
23271284
22674138
20973884
11926547
21989192
23758939
23942044
22269921
20919167
19632879
18883553
17923267
16960349
16294225
15114926
14106837
12657971
11015192
11434067
10652527
9692391
9264851
8653690
7746717
6799080
6670482
6512616
6324923
4434820
5536004
4946834
4799574
4392857
3512940
4009160
3264088
3475038
1133018
1855203
961293
1412331
2416089
2297318
2146638
2035069
4099136
7848445
9258957
9090016
9365730
9682556
9480434
10144949
10000056
9408944
8877811
9821132
18938959
17944020
15037930
18367309
17129316
31228227
34602033
28905298
32903469
34661972
16295187
34382911
17941871
25408785
11177890
30875864
17989149
25283925
10336138
12937586
33065321
34565857
28848788
30933608
21450860
31013461
25809516
34058687
37667317
36674207
25616083
18333146
46926023
11413576
30218920
16033065
46254286
24542085
29272788
41293432
36614814
18050642
24114227
31717526
15513854
36068353
38512995
30953256
23633200
24521521
35564829
23450601
9900229
32608894
26138414
28316160
39810845
37027530
21521902
28977329
39971711
25441904
29384392
10837311
42571639
27054756
15608828
49277436
25636255
38750646
41210665
33126686
35696407
17090696
26932960
36369180
46559841
22492637
40399430
24984884
14209214
17973296
25830563
30592327
34089272
6431905
30322577
33663359
22983014
31085158
22725324
34376365
21004872
