35500524
30998762
29093546
22670381
40319571
40151385
23912141
47383275
35717151
29825038
28020420
15418703
31907677
16617695
33230152
28620808
30220017
33485554
31723959
45147315
18911378
28683762
31853546
26726890
34651646
43094790
31680963
25330598
47886358
35097305
21578093
39915911
27614130
22959490
39303051
25979788
36731589
25915213
25690154
33720332
37437644
7980179
29606896
30634295
20706874
20578822
10704981
32641239
34870149
26899045
9891321
38819565
23410559
17708526
43774672
30111134
22601656
36159757
42663325
35897786
29827005
40405250
26534003
39156836
50221153
40720023
24227185
45147312
29061617
40096257
28187249
12429343
29784245
28497716
39382331
36950431
21616299
36801987
28997276
26310036
26355141
29953478
5071389
29782277
27929185
35473498
36487717
27608925
16730537
34649773
34689340
29361881
30937567
27316497
27305254
34739229
41954610
30675642
23560958
13628152
15860092
39572610
36535992
23194346
37350717
34562609
23797956
36994173
9875952
24643846
46385706
34568598
23597683
24931743
36288296
40009035
31828933
40672446
34954604
45724569
26336277
25609668
13399128
24146127
37770261
69752080
26089705
21101296
24925296
45992078
26977485
31125225
29446224
46279750
33535790
46875884
10800527
33122766
35688380
57342954
40732246
21182577
25894478
20556111
37147155
25928542
41884135
33082941
46356218
39380538
27816219
34247898
74104860
36792415
27384813
37004700
33649227
26178281
24922449
61190083
20055550
29801469
29942586
30969720
54741201
26046241
30838651
34951465
33783208
59970292
29644291
32047877
29460128
27387239
43312980
24214580
41735145
40850976
31265300
30939744
26410028
42400527
49500052
27805706
32011523
27348140
38635679
43590748
17809457
27228774
49701643
54023613
35462185
57741941
18766690
41181222
30526768
25927125
7900824
5703373
26421564
19210041
24659611
134195
22285369
27540992
16114036
32506586
23440284
28436216
24598011
25621144
19065354
27098045
22818425
23372160
22958076
21065398
11700299
21988284
23789074
24471233
23151692
21577616
20657371
19804289
18730282
17175791
16440366
15533545
14920452
12940163
10837436
11243496
10862800
10073681
9775875
8985153
7919259
6905869
6517059
6404358
6649146
4659157
5804945
5039467
4555057
4531533
3847960
3972627
3202443
3762415
861564
1951838
1188707
1676214
2569604
2610525
2556010
2054616
4551669
8504006
9772768
9596615
9927595
10190369
10185441
10953681
10376166
9574316
9295857
10308161
19389050
18422488
15190092
18599574
17340790
31212612
34688128
28790117
32831998
35303734
16196772
34582077
17765163
25376950
11390044
31085553
17911138
25187791
10518243
12803887
32632465
34789868
28934853
30980186
21077527
31234597
25673667
33798610
37878475
37343072
25474078
18374386
46907849
11505657
30124884
16073223
46689291
24607962
29338642
41079023
36634687
18167006
24135360
31584491
15785230
35704067
38143165
30812005
23921932
24534196
35179951
23247186
10335721
32520403
26134648
28631226
39573868
36853485
21429320
28939135
40045491
25617563
29324674
10835772
42366192
26943671
15191439
49979755
25688845
38681234
40952427
32967239
35855582
17017268
26849292
36117265
46424834
22373192
40282333
24660840
13897543
17962921
25928063
30537269
34070693
6569250
30509875
33433115
22926609
31263352
23042009
34431237
21108556
