34941922
31350550
29897367
21978127
39858917
38985793
24828929
46716230
35005361
29375075
28328427
14312849
31887984
16423591
33756822
28241082
29819982
33813289
30310501
45878282
19841341
28364134
32276269
26211273
35892905
42218242
31912884
24866817
46811711
34007787
21945570
39893615
28137796
23891329
39272579
26216239
35701077
25144020
25472992
33863177
37390523
7758799
29721416
30536763
20955972
21376632
10802707
33894402
34942920
26442766
9819002
38474480
23347406
17293797
44301507
29524527
21997120
35748667
42180848
34855121
29169808
40732608
26293862
38754744
50958575
40150469
24398148
44737038
30095717
39511190
28282876
12231967
29718961
29158820
39324479
37681917
21886178
35972160
29031860
26486876
27799544
29956380
4848142
29653464
27470394
35282691
36098815
27740545
16549840
33980754
34937560
29246581
30346212
26458499
27321227
33748017
41527134
30039642
23988705
14514306
15227931
39171173
35718261
23269855
37754812
34747327
24514837
37086809
10694750
24724336
46907951
34523592
24087601
24510471
34959276
39901489
32364865
41052031
36389913
45182533
25047828
26693225
13051761
23830746
38120552
68660729
26203242
21402555
26203499
44377970
26164078
31291053
28894333
45608358
32434743
45398874
10995787
33191497
36468439
55782769
40455720
20471222
25569318
20404319
37639139
24478797
42349953
33100719
45828260
39861581
26865916
33486243
73193399
36034641
29219869
36347660
33810888
26313530
25611396
60300507
20903100
30813809
30132322
30216160
53507861
26302163
30157420
36183121
33142188
59266025
29927535
32474896
29328828
27257161
43592458
24164480
41875266
41299776
31653607
30686360
26724969
41951799
49265925
27922880
31853683
28091288
38790410
43938019
18498855
26843890
50562065
54128974
35842934
56941965
17751159
40112749
30824347
26186484
8607825
5808111
26260461
18400216
24426832
867201
22027870
27873322
17201079
32297939
23281455
28085157
24160968
25877940
19520178
27672065
22841707
23855959
23492569
21169996
12118802
22499841
23484353
26310103
24435255
22849414
21584395
20374768
19690696
18573916
17689152
16478057
14937373
12577306
11153541
12277675
11177655
10835026
9509650
9467165
8489996
8234641
6943388
6088844
7016601
6028798
5730784
5698025
4608252
4024870
4058257
2839122
3357797
3887260
1707932
2450470
2358130
2677617
2694801
2546672
1800941
2241380
4595707
8900646
9876980
12037247
12039131
10470224
10915301
11115525
10456326
10465017
10966482
10583156
21144847
18478391
15849057
18007790
16293196
31551499
34262789
27758219
32455684
36262099
15854975
35762829
17913811
24627681
10511838
30791270
16880517
25539108
11738622
12181417
32421857
35485314
28808362
29707400
20514960
31324492
26582345
32245637
37886868
36123859
25562895
18483397
47458683
10965554
30001303
16122785
46334001
25844457
30508009
41486652
37808988
17829332
24779680
31637314
14545867
36929642
39128287
32262561
23367417
24036981
34784110
22809458
10769854
32805693
26721860
27739070
39506342
37771850
21262495
28802528
38979060
24906499
28898242
10398154
42976301
27204571
15425271
49839132
24779806
39415278
41706757
32825438
36322912
17077873
26547810
34484516
47057569
22551761
39776488
25610652
14684054
18377344
25801221
29759908
34467696
7062320
30393945
33654724
23159218
31866603
23408429
34653708
20839605
