35509644
30576561
29439427
22416590
40339864
39935234
24016303
47424705
35646852
29737419
27508657
15916696
31971058
16429107
33057377
28945528
30097745
32959237
32179050
44751854
18783748
28476767
31906796
26366852
34700710
43118222
31622043
25245702
47816495
34762626
21488261
40318811
27090789
22993542
39453376
26175490
36686362
25941099
25446474
33969437
37644986
7981156
29478730
30524017
20599700
20490154
10954979
32740560
34524175
26763527
10091428
38790508
22998925
17708853
44065996
30339481
22678901
36351129
42230921
35680190
30094405
40396390
26254011
39439594
50245813
40745276
24560806
44938401
28953392
40036243
28339154
12680094
29508265
28297475
39306500
36541988
21626159
37121742
29425624
26305239
25901371
29581205
5199678
29906595
27748841
35418447
36271408
27824645
17113566
34556606
34802388
28821303
31088863
27270984
27238457
34758765
42071812
30622699
23578916
13814510
15778092
39449656
36457780
22954629
37421515
34112227
23913148
36832112
9429577
24628976
46398835
34521802
23468066
25171261
36709742
40328612
32052954
40568304
34927912
45528017
26270919
26051529
13588755
24563268
38059125
70400683
26001498
20734707
25052167
46830271
26764182
30786009
29335997
46815833
33732196
47592889
10839201
33616984
35282941
57981828
40925515
21572074
25812677
20638543
37354208
26058189
41915571
32845650
47294825
39187004
27384535
33877820
75298989
36668269
27061332
37008772
33659111
25873942
24714002
62402233
20159039
29754103
29844494
31648931
56000944
25854272
30832402
34783931
33567406
60630486
29553221
31655161
29638083
27480101
43222467
24455424
41661185
41018946
30913470
30670376
26500838
42424455
49814975
27537123
31916305
27029149
38820126
43952399
17650349
26999853
49558393
54414121
35804456
59057309
18639033
41078677
30325952
26096631
7937049
5904395
26409086
19156374
24143578
155218
22377894
27511761
16149269
32857033
23149923
28423670
24966870
25371969
19066439
27003525
22905800
23621809
22410875
20981438
11855197
22161156
23495479
23487702
21832257
20545182
19304001
18579705
17594026
16878614
15918419
14785656
13809889
12948410
11110322
11174769
10449831
9637130
9007947
8431104
7905856
6891528
6893072
6735639
6120389
4407238
5455558
5061990
4682590
4420306
3387153
3936208
3019169
3447717
1075126
1985740
972549
1297299
2348869
2168990
1948806
2033945
3732913
7360721
8993063
8936994
9030551
9373352
9376146
9833339
9605287
9135197
8715877
9778451
18692773
17839981
15087946
18122982
17176791
31301715
34345045
29105243
32789733
34767072
16339280
34447268
17668575
25229358
10946351
30532191
18073930
24904004
10493804
12993809
32988530
34207076
28718199
30919939
21435507
30964780
25933025
34113957
37570347
36739144
25781124
18202537
46903608
11316608
30285929
16068418
46009535
24711418
29245217
41176837
36473030
18056248
24119467
31686127
15766202
35967424
38462920
30945020
23344289
24436488
35512474
23701827
9915045
32627433
25958591
28251830
39648825
37343657
21356148
29040902
39961320
25423160
29188386
10828083
42640701
27132380
15629899
49207461
25629386
38806597
41230366
33212366
35694057
16966089
26827370
36170597
46523216
22274820
40191274
24850463
14348460
17907668
25816232
30697083
34042191
6283666
30353561
33639666
23030164
31250314
22669635
34475331
21220981
