35479926
30541352
29427820
22433647
40332254
39886994
24075318
47378498
35715209
29722633
27544809
15912071
32017368
16477135
33108311
28907752
30046356
32975427
32124056
44836201
18889187
28504102
31795279
26311176
34733926
43179565
31694294
25221488
47812767
34800999
21543256
40301576
27051797
22917017
39442366
26210567
36654786
25908089
25498087
34042479
37643713
8074708
29435415
30444130
20580095
20481734
10906881
32660595
34555610
26768885
10064668
38766686
22931415
17723892
44097180
30361865
22675078
36378644
42212256
35740262
30178778
40440479
26253707
39381332
50133977
40792998
24571565
44910117
28992333
40045304
28296943
12635153
29535897
28273618
39317209
36591295
21683395
37109395
29401905
26258841
25948417
29641252
5212557
29928614
27766201
35470135
36237249
27811602
17208173
34559318
34747465
28772797
31068341
27271043
27198639
34722094
42073348
30611328
23626738
13886844
15739505
39516284
36474791
22909432
37379866
34041981
23950947
36804448
9482998
24604193
46416429
34523790
23479510
25224617
36691974
40397776
31991888
40522496
34961109
45482272
26280638
26061586
13604569
24494460
38043787
70405807
26013618
20771916
25105488
46827559
26778178
30781631
29243637
46842985
33751135
47659460
10832865
33597742
35270083
58007192
40999010
21596988
25841441
20580912
37358000
26122395
41889422
32926652
47338808
39259530
27382318
33895171
75355442
36714637
27028464
36971620
33672682
25823195
24774042
62435250
20118039
29732199
29798617
31654398
56006406
25928073
30808478
34816995
33608618
60620166
29599245
31659300
29621302
27482655
43168902
24443144
41599792
40995110
30927093
30734138
26476236
42378435
49820765
27514974
31925666
26931919
38722609
43920241
17624889
26998351
49602463
54435171
35819407
59081625
18673383
41117598
30336601
26073285
8013837
5888206
26394286
19089576
24095990
65214
22321324
27546764
16165174
32867794
23168062
28440377
24977564
25328345
19013327
26936052
22888549
23556077
22480168
20897914
11895418
22154177
23507126
23405143
21755642
20505425
19265681
18505918
17570154
16871982
15895184
14767533
13802578
12925789
11185725
11183660
10440178
9675850
8989021
8463917
7868220
6835667
6919146
6702163
6092497
4342226
5450554
5058795
4621018
4427552
3388278
3887955
3076249
3424164
1063985
2012128
1003448
1316614
2339979
2118107
1916319
2061046
3790011
7376816
9014486
8933962
9002108
9348755
9364206
9794448
9522611
9094229
8718653
9854534
18688805
17847150
15101839
18147451
17223566
31341532
34302062
29086622
32809414
34737313
16334558
34467705
17696020
25230678
10983139
30552037
18011947
24933242
10468445
12991435
32995898
34190207
28720651
30921889
21435745
30900208
25961664
34072693
37586940
36773772
25871742
18214543
46923887
11380906
30202534
16009265
46013039
24711461
29274003
41155773
36479406
18039549
24111452
31753930
15783109
35955675
38395766
30890111
23363011
24442995
35530563
23684156
9988427
32603474
25923359
28266877
39590002
37373794
21332955
28988984
39955823
25372109
29185703
10818001
42651791
27223440
15636566
49151460
25661880
38865958
41274089
33178699
35648369
16986263
26853782
36182284
46556598
22271790
40166196
24888192
14328198
17870039
25812716
30712026
33993855
6241548
30361837
33649691
23083000
31226322
22645991
34449923
21167629
