35515799
30492993
29381308
22497056
40464357
39839891
24201917
47451625
35766767
29749723
27425226
15883142
32089468
16438191
33172318
28887619
30044745
32888571
31929475
44780685
18870377
28466244
31918110
26290858
34831972
43168537
31670333
25126438
47779818
34875880
21555992
40276137
27025223
22951330
39394119
26098903
36730835
26008635
25653848
34016839
37602407
8058870
29506802
30491515
20509619
20539374
10834374
32632896
34681326
26804968
10099439
38673619
22875179
17721968
44094308
30271260
22697830
36338825
42182507
35732338
30268778
40495433
26252502
39475144
50160813
40792929
24685237
44874393
29083434
40163676
28266608
12752834
29618960
28209852
39315846
36665176
21689641
37112615
29444372
26125050
25892175
29597687
5090392
30128088
27866062
35461641
36259350
27757678
17071072
34517938
34734779
28728582
31083007
27261926
27180717
34666602
42066025
30648038
23555589
13926128
15607999
39528532
36532302
22921506
37428425
34122975
23812622
36924152
9507131
24591142
46345961
34511040
23395973
25180325
36686294
40256757
31837132
40525188
35055003
45370615
26453325
25997754
13724281
24534359
38071113
70507846
25995239
20818359
25089822
46999159
26771503
30981378
29132951
46894416
33753897
47767700
10707637
33614079
35280365
58105745
41065766
21574656
25768038
20580026
37358140
26169852
41704403
32873761
47220719
39116371
27342249
33887635
75349915
36732430
26908497
37084780
33558582
25887682
24699525
62435473
20139587
29735570
29706455
31592500
56023391
25928397
30868831
34789880
33612287
60638899
29535457
31648726
29492063
27517249
43344825
24491249
41680556
40881687
30969967
30791705
26339814
42365999
49842373
27454246
31914870
26849868
38740625
43886451
17703134
27019337
49550520
54548696
35910267
59264635
18742046
41125035
30240032
26019716
7995389
5924796
26505061
19097329
24044321
141647
22312413
27511252
16078866
32792249
23228102
28526725
25017586
25261204
18893129
26828590
22869311
23513910
22441597
20932971
11879852
22064548
23345815
23212596
21691416
20325723
19130251
18351237
17448747
16762443
15849743
14708032
13733207
12848272
11234408
11090001
10382428
9619920
8976836
8394182
7818722
6850518
6897647
6692179
6098636
4317622
5374048
4957978
4635693
4353698
3499618
3847653
2945105
3456554
1100967
2146908
979123
1275467
2421190
2129298
1920395
1903511
3747001
7405057
9125595
8980695
8947424
9316295
9297176
9684850
9503913
9033406
8641742
9704758
18528415
17840375
15187127
18182924
17237359
31242371
34187432
29125253
32872927
34841671
16406736
34551949
17587028
25119265
10960065
30476798
18020016
25033924
10433007
13030415
33036918
34117094
28782909
30935202
21375875
30938693
25995927
34052969
37524886
36817940
25873626
18253378
47062270
11386578
30235379
15839314
46146244
24709488
29259380
41093983
36491923
18056643
24031021
31748986
15888473
35958820
38374790
30953372
23194268
24504515
35608953
23655528
9985853
32517859
25762644
28144977
39500348
37378298
21299972
28911789
39880372
25350297
29069056
10784598
42700625
27156220
15651981
49102026
25603794
38777476
41300253
33232104
35627396
16910029
26750264
36175383
46520730
22125057
40259338
24907295
14476011
17969350
25774547
30584695
34057280
6077486
30215222
33539630
22966440
31279843
22721190
34309070
21105911
