35441452
30576329
29495335
22414588
40343155
39924774
23985306
47398810
35667543
29742974
27532568
15919617
31949433
16421753
33017524
28944825
30148621
32925931
32157473
44785105
18797795
28506247
31882207
26414718
34683596
43125077
31561440
25228855
47815873
34762342
21485798
40300306
27087682
23011251
39446874
26188067
36692257
25957709
25419864
33964414
37639085
7937074
29471745
30528500
20584910
20494747
10959168
32782043
34529695
26755110
10105418
38761680
23001955
17703930
44034447
30302074
22690712
36416967
42238470
35677160
30101763
40364407
26227803
39467053
50331771
40718295
24564809
44918024
28906001
39995649
28318580
12700423
29542535
28296036
39323580
36556123
21637888
37110289
29412147
26327093
25912720
29584243
5227240
29858112
27718916
35459013
36307332
27778282
17130642
34594566
34802415
28821078
31117878
27291303
27253218
34748629
42112923
30649187
23610747
13865727
15813403
39443028
36499277
22974963
37410927
34141795
23881568
36814318
9464508
24617771
46348521
34542036
23481590
25124947
36718638
40318797
32053965
40573707
34895837
45581047
26317520
26042324
13554353
24574046
38078020
70354403
26024734
20718370
25038414
46805274
26775921
30777916
29319453
46800583
33745639
47619048
10793841
33616831
35322107
57918905
40923808
21600104
25827297
20615242
37373140
26062250
41944893
32819793
47240660
39229597
27397073
33909845
75290697
36692151
27046768
37031559
33627462
25913466
24733400
62403256
20147882
29722219
29808685
31661936
55976256
25858938
30858358
34796381
33506081
60671223
29518679
31660304
29616949
27451643
43236427
24442903
41667360
41035530
30900276
30658543
26499092
42383204
49824488
27531306
31931215
27048432
38795910
43929797
17636800
27003386
49588391
54412618
35789261
59074160
18637679
41085942
30306460
26146076
7951825
5901836
26402123
19160055
24209441
129675
22392828
27515894
16140791
32833268
23146164
28462918
24926348
25366234
19061009
27022166
22921782
23604165
22377312
21013228
11890363
22158856
23535142
23521941
21874477
20536085
19314270
18562390
17570081
16904258
15916520
14829680
13804576
12889856
11132684
11192756
10435590
9673869
9034410
8425539
7904780
6938531
6848815
6728807
6124356
4373990
5413064
5057874
4695222
4428583
3405361
3950691
2996395
3440308
1058397
1976493
953394
1267177
2332256
2214875
1917214
1988115
3786643
7389040
9042631
8939284
9030543
9336233
9342609
9856002
9647425
9151249
8724982
9799543
18716550
17850872
15155152
18128378
17192486
31300971
34340830
29108659
32819629
34795147
16350633
34475279
17707367
25252640
10931433
30508436
18048306
24920685
10455446
12993070
32945156
34241803
28694431
30907133
21414510
30976658
25960968
34083675
37607879
36735615
25784264
18219171
46928751
11279119
30258093
16053812
46042713
24701003
29259868
41202900
36481582
18052747
24109486
31683325
15732110
35958647
38494511
30931547
23353714
24420689
35494492
23694361
9978225
32661507
25969622
28265116
39661751
37331305
21457973
29025624
39927975
25449319
29262103
10747517
42680702
27136079
15578906
49184734
25635840
38812497
41195984
33183516
35741060
16942210
26847435
36221567
46532153
22281115
40233727
24816301
14322423
17880439
25828968
30682835
34064072
6252160
30337562
33596575
23034002
31274784
22661693
34486894
21215038
