35642569
30791969
29089368
22360528
40396091
40152743
23934864
47523705
35752941
29709255
27757359
15489934
32014256
16598204
33020467
28958074
30202877
33309732
31835893
44838091
18928789
28606988
31841189
26521358
34518714
42907835
31670667
25202358
47789439
34859837
21480436
40119935
27199048
23031879
39526165
26124420
36583238
25965717
25611333
33708427
37612401
7911798
29519909
30507902
20607305
20607823
10775783
32625909
34699916
26806001
10046964
38644324
23272688
17538344
43760064
30009282
22586106
36175996
42560630
35836841
30059493
40389544
26420265
39387949
50240663
40762219
24357590
44938760
29144328
40074288
28284119
12539491
29613250
28498618
39227468
36927760
21562322
36698099
29022155
26394850
26282696
29630162
4992919
29733509
28132425
35345175
36509220
27587720
16893407
34555738
34717307
29189930
30978612
27383853
27320617
34809787
41964872
30627466
23378958
13722748
15715518
39650629
36654262
22978286
37343345
34281709
23743394
36960427
9862744
24556237
46231428
34648331
23611106
25050227
36197384
40184062
31900133
40744449
34897650
45468002
26359015
25820864
13424644
24180033
37733102
70100386
25982968
20974090
24672305
46329347
27008594
30919596
29252021
46654686
33717113
47307450
10867788
33307711
35540341
57444725
40866554
21424120
26079657
20748886
37401022
25872083
41830052
32871583
46910535
39423731
27623395
33997771
74625114
36736433
27250781
36897752
33648906
25942662
24806780
61781503
19917013
29790427
30034636
31449474
55391261
26259105
30827140
34847407
33876429
60388770
29604862
31791453
29525919
27473806
43452660
24235891
41867398
40914474
31312778
30829506
26443583
42450524
49774138
27755165
32015456
27225466
38746345
43782540
17796484
27128192
49729523
54398586
35544897
58277771
18838832
41250592
30427327
25836399
8079644
5859241
26596725
19249611
24420787
232401
22558706
27544401
16022215
32855643
23222515
28421160
24496156
25487543
19050510
27094076
22984673
23324319
22899004
20869891
11964020
22036411
23880713
24277475
22627677
21257701
19941052
19228646
18217394
17051224
16387829
15379952
14354872
12853659
11170419
11565695
10654001
9731686
9414310
8737917
7583889
6996212
6529065
6390156
6406255
4578945
5596630
4946512
4839863
4324243
3553985
4121361
3221634
3575488
1014657
1893569
935082
1579164
2404015
2382550
2211806
2106103
4389001
8149011
9420148
9376348
9613915
9927004
9877904
10461378
10080017
9454419
8965290
9840076
19116432
18118754
15170104
18575625
17118374
31136148
34615071
28921096
32764119
35016849
16310314
34501201
17898221
25489677
11113572
30847656
18031407
25353898
10397252
12979636
32923418
34757181
28719191
31071040
21257504
31179259
25840487
33999031
37581438
36681172
25693211
18318940
46666659
11425331
30171721
16074723
46668413
24426399
29251366
41360510
36495384
18161746
24178958
31774790
15550906
35839106
38242069
30869537
23543186
24480581
35574950
23507796
10100063
32655853
26176532
28277094
39596549
36978388
21430330
29053796
40014604
25501333
29361035
10909765
42601111
26882448
15582439
49641558
25788087
38792663
41235724
32801475
35894107
16930784
26947133
36248319
46482399
22541806
40420469
24905427
14010216
17873816
25901014
30619439
34057203
6457073
30392612
33477464
22760154
31148194
22917827
34408176
21104290
