35380548
30564942
29414693
22332675
40440408
40129428
23961636
47315702
35697389
29689295
27564791
15814610
32106312
16679264
33051215
28901719
30075366
32968754
32108002
44881960
18807585
28490021
31959349
26501900
34627976
43211255
31608655
25246526
47848153
34809653
21447517
40289909
27246732
22971296
39481426
26298817
36544470
25861613
25440596
33947218
37548495
8079370
29355094
30524369
20533011
20450157
10838860
32840184
34522900
26754476
9987268
38761998
23012621
17558267
43943036
30320102
22671931
36304494
42305146
35658340
30050181
40428185
26296093
39401716
50249410
40752225
24448415
44867997
28948227
40007032
28268820
12692562
29660703
28292289
39217939
36689941
21670864
36930935
29235895
26340211
25992865
29580397
5299396
29851255
27674358
35514753
36361573
27764166
17082682
34567612
34769401
28890096
30930233
27399114
27253420
34824478
42135715
30646235
23552529
13805722
15801339
39411081
36503182
22964058
37387344
34219609
23952313
36793693
9522411
24562185
46224059
34621519
23610052
25128404
36502537
40499951
31963546
40557703
34736972
45539655
26493059
25791246
13451503
24587153
38218907
70393750
25880116
20800558
24872632
46637756
26770155
30739028
29357531
46886460
33559445
47629485
10797288
33448356
35390898
57705889
40975162
21522610
25856614
20696329
37367958
26054499
41972023
32799915
47253018
39260421
27407311
33793174
75294407
36720821
27159373
37087185
33635542
25895076
24688452
62418069
20194755
29706296
29780455
31755619
55830724
25793017
30935309
34843477
33497323
60661082
29558198
31675281
29629774
27466400
43244634
24474358
41720131
41107283
30917887
30606381
26425946
42393103
49735377
27610873
31930697
27000384
38804846
43872997
17671195
26981651
49521942
54411016
35859733
58874845
18666031
41122842
30321588
25997742
8041385
5948713
26582145
19173507
24235989
35129
22315223
27547082
16108381
32787896
23212063
28410854
24905952
25461952
19050059
27072878
22937387
23571477
22493894
21084974
11955115
22077316
23626147
23609138
21976576
20665035
19403159
18615054
17694746
17005345
16081363
14944098
13936127
12900848
11252066
11271654
10524585
9727398
9165238
8475134
7852969
6906901
6754007
6701910
6204300
4334878
5479081
5067147
4760801
4353272
3406822
4011316
2922360
3444054
1141613
1861760
943831
1239557
2420267
2279959
2021675
1927153
3975868
7544744
9004089
9057294
9020559
9476356
9382454
9899923
9715899
9261255
8870026
9906608
18645436
17821917
15167985
18214062
17300599
31298034
34375601
28980318
32894858
34810439
16408870
34392706
17704713
25382512
10956102
30648827
18077781
24967146
10471238
12926883
32963339
34362837
28713812
30896818
21405471
31040185
25945603
34073296
37539325
36778273
25719185
18077996
46922286
11275747
30225160
16136495
46034459
24654001
29235487
41249400
36469601
17992119
24082552
31679151
15656637
35936306
38428912
30987410
23444003
24401539
35401780
23667946
9861148
32674360
26016320
28302761
39763982
37240749
21479661
28892322
39940445
25484532
29321491
10763654
42646864
27116329
15502915
49278014
25677070
38759534
41131681
33116302
35640388
17010115
26912014
36233521
46465690
22180640
40193510
24943773
14322269
17904742
25686581
30710672
34112143
6320316
30257284
33664032
23042043
31147009
22740055
34467881
21147204
