35469378
30574740
29433692
22388968
40363852
39934009
24034816
47406040
35671623
29735726
27516561
15935016
31988174
16466448
33101588
28877757
30057033
33004945
32108416
44800104
18810379
28520339
31876528
26343315
34718617
43169552
31666184
25228951
47803016
34796902
21502191
40283044
27077839
22940846
39407690
26187490
36692397
25930420
25463987
34027084
37656550
7999786
29469175
30451491
20613694
20480620
10932601
32691051
34511566
26774889
10099639
38753970
22959824
17735482
44063557
30367518
22696132
36383184
42178426
35695225
30123788
40372237
26237389
39453578
50166907
40774043
24521672
44921904
28972873
40035311
28305376
12643017
29520099
28268080
39323851
36587316
21665397
37099234
29434704
26257498
25941378
29636110
5201310
29907577
27759199
35470534
36275813
27832895
17177090
34559260
34771942
28776529
31054257
27274713
27193931
34724181
42105265
30654360
23623318
13850378
15729950
39492313
36457124
22920850
37400037
34064360
23955179
36791296
9415214
24597074
46405773
34553334
23478138
25176810
36728319
40353225
32011042
40559705
34956685
45474047
26250140
26040359
13611343
24540345
38020266
70426510
25997150
20759643
25067362
46835418
26791374
30744671
29297702
46824934
33745679
47618206
10842916
33583752
35272105
58010636
40990195
21576514
25841259
20604273
37378086
26108721
41887555
32872889
47326149
39229330
27411160
33886104
75322924
36719001
27089389
36996067
33651796
25847449
24719818
62418238
20144676
29762286
29794918
31646986
56018495
25871001
30847469
34781101
33580885
60631277
29577702
31678745
29631925
27496087
43213948
24446075
41641781
40993119
30942255
30699772
26477310
42373604
49817047
27502732
31898626
26998180
38763476
43960327
17604430
26987502
49600801
54381345
35769038
59059182
18661645
41125850
30317149
26080140
7982366
5884176
26414599
19109409
24129568
120294
22370260
27536265
16188446
32873103
23132879
28440228
24939951
25350779
19031636
27002273
22888281
23564998
22466376
20962953
11840968
22172482
23455595
23450553
21810497
20490202
19286540
18556679
17537541
16900027
15943552
14779719
13803241
12914745
11181579
11179457
10458643
9677086
9000374
8480025
7886423
6853719
6902130
6714902
6105914
4372424
5436163
5065602
4650649
4399901
3386537
3904222
3040409
3407874
1113721
1964224
989451
1327565
2358778
2143681
1948249
2027001
3771553
7352379
8978791
8931946
8995165
9348493
9359473
9828758
9578626
9105018
8725044
9808135
18702294
17829125
15082988
18136256
17194965
31345224
34326188
29094078
32787199
34719233
16327897
34472028
17690006
25231645
10967403
30567317
18060520
24921430
10457153
13023970
32997898
34160552
28687695
30941417
21427367
30945865
25957876
34111135
37561929
36755133
25817927
18229259
46942117
11349480
30230152
16019874
45992600
24691999
29272278
41150555
36472142
18048138
24100735
31690598
15786572
35945593
38452771
30901849
23391136
24409434
35535260
23694404
9940690
32589303
25955075
28247584
39635890
37380285
21337555
29014014
39919383
25406426
29219731
10808529
42654230
27168536
15611971
49175839
25642776
38831886
41259736
33163477
35665015
16968304
26867784
36148211
46545594
22279341
40187805
24918056
14355692
17917292
25776475
30713121
34013848
6273812
30403272
33629868
23067361
31257442
22683565
34427849
21184590
