32818201
30377944
29681834
21336485
38776865
39896542
26176796
47444355
33760732
28331210
28608477
12497674
30397180
14387177
33023197
27556269
27520109
33031731
30214199
43001743
20560122
28050866
32717582
25807106
37390766
40080278
30320453
26483204
46588366
32248766
18163070
43229328
25276849
25935590
36289560
27585745
33251791
23079498
27306333
32442582
35965256
6815003
27627490
32720316
24637074
21686515
11358542
33602831
35882889
26804993
10757174
38658598
25548458
17578318
45700288
32261181
25554608
35589332
42358607
36046267
31091113
38624408
25260895
35284263
51959944
37021922
24489515
45472926
27623561
40395156
25928560
13022960
31873515
29195129
40002115
34204002
20434053
35581141
30677317
27030055
28845050
32766393
7059473
30530663
27071547
31908712
33129335
28320776
17201976
34802621
33975792
30170351
30632266
26355674
25381955
33861959
44215319
28737439
22135643
17245472
18800196
39138054
38630351
23063762
38679066
34594996
25689733
37154680
11773308
22356344
44682304
36934555
24564452
23453947
35525795
38543580
30566066
42039748
37197382
45138900
25139143
27859189
12421839
24854324
40237409
65497667
28391979
23364356
25552086
40095880
28507734
32234890
26746649
45520474
31923869
43011364
9953868
29936647
36160915
49659024
39639790
19783032
27071397
17683709
37039521
21628004
42035816
34645498
44614290
40243526
26190585
33420116
71269212
36901923
29892597
36579689
34374517
26034014
22615142
57878063
21156207
31151722
31714094
28817009
50077060
30008527
28445798
36106776
33580293
54316555
28387662
33387020
29321722
26853651
43878211
25626375
42256087
41924143
28885579
31399493
25587983
41352699
47238056
25521469
28480003
28982110
36005202
43539661
17960881
27076658
50372970
51348442
33840595
49829295
17618238
39443852
33338711
27246542
7774395
6262988
29028633
19068739
23919429
2365118
21312549
26233418
16489254
32641978
24876344
29211356
25515957
26907896
20747277
27006443
22982608
26479136
22207073
23640825
12445420
22356752
24574218
30529648
28607036
27517684
24148535
22203172
23271128
21898450
19856313
18981339
20066684
13569797
11636553
15785432
15125911
9912462
8471656
11341019
11425667
7905947
8703337
7002868
8890527
8439973
7818004
5921168
5150893
5076051
6542505
6394501
2746806
5360730
2707749
6648593
3734534
9836812
9060265
2763931
4299450
8163438
7087986
13863896
13404417
16397543
15697908
11020573
12761964
17150290
16556714
11881127
16400424
10379317
24597420
21685840
17505710
19334114
18356607
34327144
36635570
28853386
35959931
36593493
16338883
35207410
19343543
24868779
10123308
32787866
20065997
25068323
13101042
14103617
33728507
39018048
29784954
30713728
21835263
32393455
27144318
32876848
36757729
34671730
23485028
16897824
45468092
13369658
29439323
17077784
48167345
24626231
29710763
40774540
37094342
17845364
24548384
29024069
13751689
34182630
37266184
33458621
25080637
25425828
31857353
24793383
13633403
34377240
25993404
28568347
38339487
35734013
19432832
28545022
38531688
23800447
30560460
12473281
42036006
27455975
16403345
52279799
29560524
38907239
41450258
30148706
39809773
17477824
29279475
34152463
45762011
21624758
38988549
24012131
14535102
17801946
25475042
29917046
35084265
5437970
31021092
34796433
23265466
29760242
18651566
32933086
21537251
