35678407
30549383
29328057
22613640
40459601
39970836
24163452
47545181
35875358
29688411
27404981
15889537
32133280
16461279
33224357
28906037
30005444
32800883
31843447
44709894
18942516
28529710
31828047
26291996
34921132
43197235
31725334
25120696
47814446
34863436
21456225
40298691
26931956
22886582
39441559
26096331
36723152
26017545
25614909
34004789
37675322
7955750
29531307
30539587
20329238
20569871
10791440
32676239
34643260
26796658
10080098
38708026
22887727
17720554
44140908
30341039
22659450
36288211
42225165
35730359
30345956
40507764
26246896
39421833
50172375
40589308
24705887
44941500
29053099
40207932
28113536
12696171
29603823
28112331
39175843
36618671
21687298
37113159
29373667
26121238
25837336
29706421
5170932
30100958
27979582
35375792
36234801
27701483
17014549
34373409
34722747
28745228
31046784
27245526
27106574
34662530
42084002
30645561
23549971
13975810
15740359
39432547
36482182
22946688
37374628
34054568
23802468
36857571
9486476
24601687
46335269
34564675
23317309
25197051
36701516
40294175
31735206
40518452
34977035
45246108
26459279
26066634
13703638
24704547
38110889
70545271
26144873
20958498
25137954
47070429
26850713
30820683
29053485
47001837
33722447
47878498
10660495
33678771
35309197
58275263
40965347
21564261
25708019
20658879
37236220
26117626
41825339
32923185
47141743
39118371
27298446
33896762
75512196
36745445
26756340
36994873
33570628
25870302
24639664
62396038
20222702
29772993
29811785
31519596
56171124
25971710
30892109
34825090
33699155
60807563
29602419
31535323
29688312
27533246
43293613
24471114
41650914
40860443
30958857
30766494
26463875
42325597
49958751
27495600
31996637
26745779
38742610
43845984
17597526
27011274
49418280
54543749
35910857
59302973
18758504
41119311
30148244
25955391
8043020
5956153
26521383
19094547
24035110
174714
22431893
27618063
16215851
32809185
23181489
28335859
25138545
25207133
18909627
26843030
22913410
23502177
22425392
20868449
11894572
22086376
23242135
23131654
21524750
20259847
19087032
18324822
17380284
16643543
15681652
14649549
13701795
12820289
11104196
11089877
10354508
9584848
8937341
8383345
7753475
6827207
6942655
6656812
6088058
4396092
5375442
5020268
4667334
4388495
3451413
3953273
2856153
3459323
1177939
2221569
982787
1293342
2415046
2115962
1830131
1891413
3645308
7340265
9043182
8840147
8742495
9260489
9352005
9732076
9428279
9015359
8602937
9718042
18485398
17870294
15128051
18220223
17105643
31299680
34034857
29147136
32769889
34750903
16483897
34564700
17477615
25072337
10886853
30449817
17952898
25098357
10415935
12986033
33125568
34054358
28838117
31028747
21385136
30874566
25926877
34071665
37543693
36837787
25812557
18240506
47039475
11371979
30243475
15761254
46111234
24627304
29244899
41019218
36480742
17945513
23976116
31756131
15954483
36067254
38353400
30981914
23203485
24446537
35515301
23764073
9898940
32518599
25667595
28065749
39474578
37370601
21283018
28699474
39924644
25304268
29092885
10834270
42706201
27228490
15628534
49034067
25507094
38727293
41182585
33067469
35682102
16861038
26707696
36308942
46502458
22167402
40268721
25051492
14459735
18119754
25865552
30633973
34071944
5931890
30192828
33721478
23005899
31288285
22827409
34316576
21086064
