35657284
30865495
29063177
22429014
40356010
40143342
23898575
47565038
35744511
29704315
27845940
15476707
32040605
16597390
32988675
28990011
30231106
33310340
31819864
44816827
18934664
28645436
31862073
26538081
34470416
42882137
31693722
25167494
47831693
34851734
21506707
40127459
27187931
23078249
39509856
26133978
36535251
25897670
25590028
33718479
37610249
7906406
29538842
30413038
20602678
20639500
10802196
32585302
34621888
26843781
10032454
38662100
23316118
17566992
43704330
29993663
22639046
36191253
42607827
35877618
30060319
40443699
26475881
39348630
50289910
40838533
24372543
44924957
29130567
40130166
28251893
12487492
29609286
28488020
39205845
36962890
21547511
36679358
28977418
26420719
26267006
29691872
5093986
29817212
28133520
35390610
36499775
27600272
16855549
34600004
34701492
29261373
30997226
27424523
27347567
34804188
41921625
30651122
23414756
13765871
15738015
39665487
36679178
22953731
37308270
34336586
23762783
36940137
9893218
24557370
46233746
34571951
23620804
25037023
36147298
40140482
31916711
40755321
34860442
45525190
26334833
25835440
13449702
24236728
37684734
70087818
25953062
20966166
24656789
46379889
27045887
31003104
29239031
46622758
33766292
47258709
10811083
33372174
35524803
57494781
40843303
21397149
26008054
20647942
37439072
25879595
41833734
32861851
46878137
39449630
27615414
33950942
74570210
36719956
27228916
36917754
33640791
25936305
24843800
61759422
19950826
29834165
30003383
31426141
55317207
26280614
30824177
34861723
33896215
60343454
29571450
31789732
29470210
27395580
43490842
24217765
41845575
40960855
31358485
30812239
26435484
42490320
49681543
27683093
31977170
27258871
38712721
43796913
17821560
27127182
49713850
54453878
35518699
58205957
18862138
41213543
30333948
25849722
8074796
5811725
26565173
19199778
24415175
230254
22498690
27566338
16024610
32877549
23223401
28420185
24511324
25438883
19095295
27106085
22979755
23298643
22868660
20872825
11970565
22068367
23888415
24255812
22630774
21276153
20000622
19240513
18238441
17069810
16443649
15376914
14374363
12786510
11120398
11520161
10607856
9727330
9410633
8692035
7560813
7029175
6533738
6396209
6452567
4574326
5584850
5000518
4904666
4307212
3543031
4143029
3157520
3545090
1006722
1878315
915128
1596730
2447887
2383155
2296344
2125884
4380356
8178321
9410198
9401657
9718433
9961678
9855344
10479473
10090446
9412059
8944604
9845571
19124613
18162411
15139331
18497966
17153036
31074420
34625210
28899235
32763883
34975729
16268121
34467453
17925300
25456543
11078321
30853564
18073985
25364748
10415502
12964817
32931575
34743422
28708789
31013087
21243222
31197945
25922458
33973315
37608382
36737796
25601575
18349328
46646816
11437176
30136787
16077318
46743736
24469206
29294039
41336395
36560173
18130548
24165787
31729059
15612117
35861235
38151147
30869272
23662437
24449989
35582786
23491247
10132878
32650821
26111857
28215111
39662828
36947011
21425535
29013020
40006923
25507390
29385914
10928831
42532387
26917740
15600524
49682833
25798118
38791306
41207676
32774686
35861801
16931044
26961394
36289183
46486897
22552150
40424843
24945281
13982294
17873320
25916568
30635667
34091902
6484580
30429946
33575023
22755726
31143227
22971632
34429239
21102471
