35494126
30985950
29108114
22670049
40318065
40161440
23920135
47399230
35716538
29824267
28011218
15425421
31896315
16634970
33235895
28630801
30209617
33482408
31718330
45152386
18906288
28699306
31848720
26740490
34639622
43103428
31691969
25323886
47885772
35099224
21583456
39920708
27603029
22949599
39305195
25968676
36745005
25919900
25687206
33714476
37421260
7968741
29599057
30639242
20696997
20563848
10718217
32653624
34863342
26897529
9883099
38821400
23417464
17713226
43775474
30115465
22600835
36163234
42646688
35902853
29842287
40415949
26519391
39153716
50222702
40725716
24220343
45151580
29081869
40093797
28190418
12430400
29791854
28501613
39398619
36945255
21610002
36782809
29013811
26315534
26336876
29953918
5072663
29776146
27929456
35459359
36487664
27607762
16749061
34641857
34678354
29354644
30942258
27309051
27304195
34756917
41955177
30678901
23560920
13624689
15862168
39585824
36538102
23189304
37338999
34560032
23808048
37001497
9874323
24633866
46400027
34552763
23605882
24926668
36273563
40007091
31831016
40667771
34950812
45737037
26334221
25592513
13388084
24164236
37755594
69754624
26093884
21087673
24926878
45998612
26970057
31129321
29455834
46297610
33550273
46874101
10781018
33129010
35693294
57345221
40739294
21201002
25890940
20563997
37150771
25923342
41894874
33065662
46362781
39379551
27817349
34268722
74102321
36795574
27383858
36999030
33649601
26178136
24926787
61200658
20078517
29792792
29950511
30995479
54748867
26032662
30838570
34958573
33787863
59984180
29646751
32051759
29452901
27379463
43310236
24230760
41741940
40853162
31265438
30934860
26393054
42391121
49501900
27809015
31994464
27367815
38640381
43590635
17809215
27228300
49713166
54017948
35462208
57744956
18774473
41186973
30526297
25915668
7897110
5707017
26404582
19206370
24651880
134809
22300411
27542347
16100719
32527817
23429394
28446519
24586067
25631480
19058435
27106377
22838154
23380892
22967720
21037663
11720864
21998790
23776660
24474495
23152066
21576591
20646796
19817426
18728005
17184587
16438702
15523121
14910604
12935191
10833249
11239690
10865439
10073933
9767094
8980064
7910467
6890850
6505544
6419164
6651393
4672606
5803886
5040381
4545583
4531127
3856422
3974878
3206314
3790222
868876
1939947
1177048
1687255
2565640
2593764
2570557
2056225
4551225
8493214
9768538
9592264
9944446
10188934
10169238
10929012
10383911
9567822
9300507
10294738
19388244
18426534
15193564
18609843
17335148
31236734
34685730
28800983
32837577
35301997
16186602
34601546
17743881
25381598
11383850
31091952
17934224
25180931
10501485
12809787
32627715
34793724
28927801
30961945
21085424
31242450
25668152
33795264
37871327
37336260
25465092
18368335
46900678
11510322
30102862
16085620
46714514
24601271
29346364
41071995
36628743
18140743
24138557
31589554
15797595
35696279
38145026
30811772
23923826
24508618
35169460
23251365
10340701
32511252
26114149
28629315
39577408
36842624
21434829
28934506
40052592
25622190
29316383
10828673
42370521
26940549
15185129
49977056
25666287
38700854
40948883
32964277
35844429
17014186
26851329
36115210
46438838
22395544
40283366
24666874
13903259
17959976
25917770
30538650
34089726
6579217
30526246
33425385
22944244
31267343
23046746
34426436
21086229
