35207898
30590247
29612596
21617739
39935463
39651784
24744793
47205809
34998040
29671297
28250913
14979137
31428871
16452149
33294014
28449685
29879890
33275971
31014639
45175761
19263902
28170062
32729265
26571041
35484205
42279203
32153669
25463119
47292151
34506707
21596067
39900374
28346365
22967547
39440438
26227128
35987547
25029280
24689560
33940126
37679729
8306825
29604511
30381234
20959116
20823701
10633521
33075041
34981971
27329419
10353893
38078646
22796508
18210341
44820732
29281501
22470035
35650117
42446678
35547282
29962447
40895846
26639323
39210357
50693577
40339612
23921212
44907537
29858228
39348912
28918402
13112601
29624141
28660854
39614312
37380588
21726125
36371132
29206639
25914871
27411671
29834387
5223465
29386264
27679800
35265636
36238854
28095054
16856749
34762639
35742272
29248500
30538751
26621275
27322332
33989463
42016922
30690614
23620286
13932219
15055292
39207391
36250330
22800261
38327656
35371930
24298386
37011430
10114310
24299130
46901446
34896457
24139969
23985926
35561828
40048260
31955806
40407075
35889403
44909940
25608702
26786708
12933522
23662568
38227413
69022834
26114438
22211688
25840145
45351024
26728422
31767081
29193198
46700893
32772001
46677926
10951136
33119986
35479912
57223407
40952340
20549708
25859614
20308760
37271656
25820994
42358499
33213634
46138199
39811324
27294431
33807212
73752430
36235475
28332910
36507913
33471580
26424368
25452637
61237519
19998640
30260909
29589637
30479349
54195590
26177033
30563496
35857728
33267822
59262948
29449797
32614777
29685810
27563782
43285879
23974099
41683768
41691682
31376659
30567419
26384967
42381611
49376038
28006107
31275282
27677073
38777537
43875995
17735473
26733678
49612495
54361951
35493447
57131731
18320193
40597824
29874951
26237785
8467120
5715409
26253301
18186950
24059523
389791
22336937
27877240
16700922
32700579
23746062
28226479
24544738
25179913
18884008
28014023
23151280
23941523
23710126
21210072
12178920
22004059
23510482
25372870
23636081
21956283
20993974
20119471
19151587
18079059
17337553
16071425
14770476
12503392
11279124
11756942
11009023
10615273
9478181
9184710
8611523
7628708
6747499
6506275
6371275
5192588
5549848
5174890
4671520
3862641
4200913
3458761
4023163
3856770
873341
2807297
2318592
2882641
2068334
2251277
2336840
2181750
4577480
8808272
10110423
11183947
10846131
10282091
10225088
10245869
10150213
10326742
9843680
10238667
20485111
18300698
15785563
18523661
16859098
31738453
34976625
28039337
32602846
36182570
16626654
34588784
17363812
24839808
10831270
30974736
17782590
24905811
11150914
12275532
32332601
34965716
28665782
30339021
20902927
31248456
25993516
33328653
38321418
36416786
25533797
18217296
46830998
10847412
30403780
15964344
46403101
25500508
30218254
41595356
37309561
17770698
24027098
31550504
14999835
36399992
38856644
31562380
23725904
24363864
35245277
22541844
10887364
31991423
26656145
27976521
39541885
37460225
21489403
28263524
39536957
24764117
29147715
10854256
42410549
27061534
15428585
49963657
25365643
39233039
41694933
32846084
36296110
17275764
26351316
35143034
46835275
22816714
40471704
25650151
13897855
17484700
26054634
30445749
34426504
6891157
30244176
33230512
23423008
31301588
23102994
34745531
21372581
