5628714740
14168150053
16232921358
9399167996
2434434445
6735221637
10667722956
7702909485
10762436390
10667479372
1446451953
3902658863
12423224624
8778256202
5241889035
11007118809
15285557722
7072321199
9698293105
9771395825
10900641092
13152862610
10620346014
7485049678
3351586782
11984972385
11198370149
14078541821
14236656795
8822149721
9387189273
10448426239
15722514840
7363310845
7988160368
11463653246
6025401017
11607559650
7186386398
7228590804
12003655740
12591423683
6383228573
15484736246
9409805476
3934605888
7774692804
9830000561
8852583601
15744471428
9513016451
8187416538
9592920146
7097318877
5943454026
4739397502
6432049703
10529876807
8926062424
11521601506
12128139858
9104492071
5207759743
11720134165
11434439217
6948420094
9939005780
8764861986
9043350252
14050580811
7961001492
7839956173
6959318343
8627288755
13016168592
14288404819
11050159066
11283350981
6455834374
9087928747
11061004442
8373440411
12464332444
7411676533
10976707844
11825092776
15476980187
10753609262
12518241234
8217294235
8443338766
12358670278
18053794724
11030719973
12901539210
10180401501
10820096302
9558803551
6778467046
10142607798
7705942545
10886037005
4176334545
9344175399
2787273149
15027567193
14004512265
2270841767
9429254889
10221759346
5574328405
6557358891
15096823838
10466819413
18044933774
8204094699
13275801603
5456405439
7291945985
8932284791
6726904937
7830612711
9071435940
8186668919
14667882147
6780467337
7052466626
7753533650
8698577029
6581798918
7211471671
10713720083
8436366467
8377233432
9386715354
8845054729
7482468750
10223447203
11246099379
5954270114
9692299299
16460216784
10187970066
4428261434
13295740801
9594897093
10206623152
1765737673
18303744526
15040623763
11892239230
9168591264
9085001618
13099499580
12313370328
9302854972
4625500605
9161261985
17244085031
10154507911
11808404295
10517717754
8145798115
4233397805
10731414435
14200920112
10578640929
5476169061
9757313548
11996265148
8674082026
7100866567
7930681658
7694488648
11507484849
8154419100
6159526280
9388372570
7867508442
6148922430
12239349872
13405314078
8565961135
14411864908
14522083303
3274567041
9783306316
13008503469
8941348963
1104278681
10994104088
8714173726
5130850559
8493322332
4935349604
6376501838
10206575988
8012060017
12907681755
6558935622
6650258189
4846810493
11940956742
9390961196
9148076499
2676855761
10499564592
10651535721
10244685588
5191536684
7230762411
4195128263
7193417801
5793702378
7977285411
7046020706
8037574869
6787668798
7258573726
5998844439
6488135060
6806568332
6697166048
5889099173
5959311011
4898606056
4513576749
3500805395
3568982520
4201603155
3942171934
3123125927
2230637766
3488339743
3352795077
3326065297
3311390102
3326263305
3070667805
3966594989
5793875621
5096815911
5185791101
5009287285
4419270875
4466134843
4150783101
3392956645
3495996898
3564998452
3145097701
2369126482
2886879934
2684767326
2481899277
2600973820
2430144800
2377470265
167041421
2058055958
1947028847
1806607521
1180504535
1666989577
1663875231
3096772560
2924003834
2555117384
2579281927
2419421593
1651478829
1383921670
1123368576
2119408130
2733047739
2558438852
2710454310
5487474731
4719660088
5628514545
7726647487
9378202519
7131669922
7108473582
3007143800
8743726974
6868504249
9011086592
8556738059
7902162790
5000080472
11132046909
7542089838
10969013096
4889406989
8110249867
11429031509
9157695827
3341345437
10570802147
7469264741
15798979935
8953499037
7561211681
14221194724
8157551131
8537839470
7986218635
8623840053
11938821606
8748715414
6444361286
8398414278
13574340686
8020557209
10843768737
10066685016
6845723819
4322480178
9809039528
10039662545
8856058671
8432585958
10047881176
13475806011
9050047429
12159875774
9808071350
5458027196
7192873294
11291486922
9696268334
14932897247
9696110851
11942038707
13767375235
10348208135
14133555384
6929653870
4724045912
6010218657
5833149220
9500056453
11716900808
15078326644
4294788908
9239071828
9500668290
13491708117
9198839426
7589081932
16317913117
12227459558
11824150987
5398794297
11624401998
9406262005
9158879922
10741793579
6887428069
18973681807
10070473497
11068553831
11043900899
5596896188
