5592257012
13940992400
16349625550
9602220001
2558283551
6517986845
10719576847
7598234724
10736695155
10611370038
1415952565
3752205221
12434032176
8804757427
5357789305
11489511916
15307022036
7222820120
9777530204
10150608105
10723427760
13366439465
10274998930
7302615276
3357298984
11984860259
10692445148
13854660810
14239583306
8755800258
9466440442
10702276484
15534886060
7423468386
7948866071
11358449484
6041481768
11602615553
7243970492
7019085692
11944705877
12694614590
6334416613
15721607447
9468623025
3820771887
7842978641
10104251165
8892204376
15439556882
9568340564
8392238763
9569445135
7195003221
6214381989
4827867982
6312420637
10472253505
8961764759
11384974534
12400811205
9096566292
5448893258
11704599363
11375828365
6746653704
9863766662
8814486498
8989349325
14265834981
7859387707
7578654037
6725265365
8555138917
13086707171
14196914779
11244399225
11311311018
6379525614
9356029351
10875464005
8194480260
12592465446
7380755195
11049379788
11713984333
15393126474
10799374975
12455633538
8351897194
8686706526
12314090399
18052860738
10988329747
12928374930
10157432484
11032662053
9675534687
6823036760
10343740858
7745793929
11172611714
4103853419
9562302235
2958920038
14580164017
14036500496
2278705938
9363079198
10338674474
5897681643
6733403581
15225311216
10475040419
19145067356
8224361019
13057792625
5903840740
7302782971
8858093096
6516210030
8078275014
9081046879
8222009645
15436417351
6728991230
7041329961
7906850480
8726863524
6527289814
7272534955
11213669821
8583539025
8259808245
8986537311
9148139694
7766547097
10461499671
11285373964
6175752307
9641130461
17238374378
10139943922
4390676415
13122557629
9572448930
10368978593
1961466360
19097397526
14928946476
11830875421
9168241824
9338040605
13360332608
12283248894
8855807553
4501926062
9059135917
17912095890
9915564708
11876394581
10462727009
8303605634
4424090469
10815546779
14366868172
10210906801
5448431439
10086400248
12280844879
8671441104
6943273162
8156726950
8005785944
12168762915
8137209261
6026408724
9341783255
7940552434
5925479038
12243011617
13854300711
8595777402
14195211394
14913969514
3351728251
9720074027
13397330142
8639542804
877459174
11039595465
8594503424
5100854331
8536519257
5003409819
6129394009
10412586089
7939895369
13092145556
6431622128
6418670265
4814091885
11733899482
9524846098
9511728036
2614882181
10291965616
10383816145
9978107082
5152305307
6948744608
4089812070
7199784145
5750176835
7710836588
6917133650
7533989592
6601408355
6899964574
6062591125
6386957789
6227387411
6008083664
5629441709
5161937042
4907490425
4561389667
3422958737
3516946609
3708941789
3466824200
3030510331
2288401297
2938945250
2954383561
2915891155
2860347064
2799507681
2636546684
3627540325
4769680368
4505713835
4244689297
4020204651
3810322581
3515041108
3320815725
3101635422
2961413841
2851498438
2656646008
2066671602
2272323889
2153070393
2001432879
1870873945
1747841801
1611780373
161048180
1311843207
1270588463
1217889313
1111174752
1082136802
1045089373
1987828509
1889084439
1780704539
1690354260
1639834397
1539416487
1437685485
936993918
1508173333
2198397439
2152453608
2175304252
4767299334
4551016168
5155362490
7571854739
8895609496
7387743724
7113691403
2867451287
8351059689
6878417895
8838900865
8314242202
7866338736
4894117043
10925149302
7889901336
10975639410
4842072231
8239715477
10940048908
9650866572
3317983835
10496584723
7515242525
15702060218
9162730191
7489805700
14303219122
8345749636
8497947109
8393343868
8538466913
11987850398
9198155263
6712778135
8529026119
13209781488
7841675077
10814346234
10092367778
6612656276
4478621984
9605621015
10173111044
8753159838
8508858229
10255661925
13423058732
9378282601
12025120527
9706901875
5426355547
7123047493
11308089658
9884789260
15221385925
9640008302
12083510130
13984577624
10438736521
14073328853
6507629121
4712425528
6062573384
5884124719
9443456540
11539951822
14997804085
4166379232
9277261688
9690025960
13521382717
9080564578
7487231379
16404910119
12224578425
11861062011
5145161945
11537008788
9324920293
9252623102
10716845116
6814839607
19303239652
10401490527
10831134899
11035484365
5563892949
