5661457975
14179727337
16349773377
9507116840
2485347243
6708757839
10620150655
7631032823
10741712752
10628242972
1419271474
3757380969
12438023814
8823149870
5227877512
11104858306
15214718753
7086584372
9533276788
10008613349
10855259925
13029632526
10375284878
7399417126
3226274329
12073588503
10995577520
13956700786
14294346112
8856677599
9458665942
10469763551
15572548755
7343911993
8094920622
11513845749
6074134868
11601250930
7115408322
7196659251
11886033267
12681519817
6321674709
15568100150
9331071688
3963891770
7950554600
9887920709
8915668493
15643510688
9739876467
8134594179
9466244058
7309284806
6072048716
4691154795
6492436359
10594404514
8934668333
11535906299
12326038776
9184149454
5343153961
11769737056
11585496819
6937851023
10139266742
8688918081
9098427122
14345274419
7771389597
7672913204
6911108221
8512118226
13052903117
14327608794
11185984072
11433103251
6343443864
9187095759
11074660511
8364662382
12416444957
7226536763
10965833932
11636995522
15415952644
10675669526
12529708146
8283324007
8615108864
12315797809
17968967849
10933860450
12822329343
10195409735
10973268972
9661534648
6709399707
10230907617
7697324003
11003588659
4175560415
9402116025
2887194783
14829562779
13963379843
2200018681
9400035790
10247741975
5700357059
6718743728
15225661377
10547889839
18605146528
8320702575
13244522071
5578285710
7347973025
8805359286
6734233544
8064226497
9127055981
8291612536
14944260982
6718056660
7281079329
7792601291
8702776473
6503861968
7201242563
10908772760
8493509769
8430204470
9258381707
9035557283
7690146752
10275414561
11266421411
6107574932
9594999350
16695387877
10149022116
4487786271
13180811918
9627759241
10153547909
1766647618
18509278072
15060630617
11923987226
9167719659
9236988897
13212635475
12254935021
9130246461
4486659820
9127900854
17594792518
10102452413
11759313215
10457554670
8259367502
4296545924
10710211000
14307574995
10449559866
5377916528
9936149262
12323864941
8641419774
7069632461
8068263629
7829951561
11772036145
8276456771
5994391258
9449257709
7930080871
6056038180
12295152177
13660104333
8545637755
14375759709
14558685729
3391991068
9713838020
13203713718
8825852664
877156599
10990729178
8777011732
5036378865
8486268411
4952113936
6231743140
10325346442
8011587517
13122710303
6602584231
6412224609
4778420727
11769068135
9394289920
9262821459
2580040198
10522960765
10412824987
10071846107
5062752115
7092347136
4159891979
7214620122
5785193044
7834154339
6952351646
7832636214
6742700812
7140491311
6153063523
6373866534
6767639364
6470195711
5776277041
5647092903
4826585601
4575566221
3402176507
3621653003
3996802387
3816014436
3180229843
2283437225
3232457927
3378323148
3223541811
3148938365
3133897644
3021712267
3868145818
5412328584
5168076171
4894320058
4634114797
4371471208
4099599595
3836626647
3269186259
3410760300
3284703503
3050331041
2047865665
2617834610
2462147700
2314904241
2159815435
2002929501
1882935506
124038349
1649948015
1531404381
1421129610
1009355990
1294444135
1290231627
2650369910
2505663177
2357120132
2200891388
2061088676
1808480738
1419184613
1082716335
1912732091
2502387014
2459704583
2459852847
5115769040
4824967626
5350555542
7677400656
9247420813
7280931324
7196650029
3102229223
8680921790
7031644209
8890450576
8482464924
7982666757
4859414365
11079344538
7621625663
10934413520
4956456885
8202241969
11254269495
9491318010
3499931153
10605140912
7639333085
15691095749
8940031728
7541331088
14131116813
8125729973
8410428735
8183909207
8643535289
12075288581
8959847192
6639081379
8342813282
13339446046
7903051728
10705772644
10090136052
6727477700
4303429174
9672119992
10192001672
8899435928
8457506648
10191732062
13422939996
9118714960
12018942608
9615764712
5520578817
7316432674
11319809437
9782444785
15102123361
9489249973
12048363471
13911284892
10294009084
14044680090
6668963290
4719345370
6109183973
5833049620
9566859992
11676420397
15132066179
4346116473
9296105210
9447296142
13515276344
9138737042
7551430207
16347188264
12195098568
11783324917
5199062371
11458806883
9345776962
9214492811
10720603328
6786287744
19158796349
10182433007
11000561182
11102858158
5543029770
