5756642162
13931219266
16392210946
9639689183
2658649030
6580257075
10665047819
7687907654
10765561801
10622395818
1420109673
3735612139
12466458583
8804441040
5319437438
11562625603
15323863301
7270006535
9632468845
10214164380
10666022894
13407207233
10263752454
7392558038
3294974220
11901893945
10774433754
13846549978
14105875003
8758326714
9394672949
10845658886
15476025042
7397441741
7934114643
11459141281
6122327164
11608524970
7344929135
7096194427
11929502662
12668914209
6302998219
15646076742
9546176432
3863831326
7926657450
10161015090
8952536526
15459394839
9484869256
8339563679
9541583766
7233212883
6301868061
4797440864
6332162081
10507128299
9062917756
11385348260
12385659671
9040598877
5382927610
11684745140
11453243635
6709558836
9780465287
8841411997
8986825347
14334119280
7890278611
7550446332
6691570191
8644593958
12993679422
14305898111
11335437737
11286821898
6422391352
9401214329
10797656749
8207570503
12586163001
7274192985
11020931732
11761319162
15458214511
10719339794
12301450514
8385457746
8750953427
12308234706
18081770057
10983826779
12915666158
10125019570
11196040110
9657020066
6822817018
10326578046
7772375559
11074256493
4134510252
9568576818
2996362993
14608390976
14120005495
2286047897
9318978415
10455566727
5886625776
6864131585
15260623042
10384547729
19397306458
8336849652
13097727620
5980600781
7299804517
8811436877
6536816490
8019738814
9201541473
8288939361
15460788874
6688183846
7060513603
7957868871
8731663379
6474947593
7344917654
11335228038
8514569425
8215031546
9045049062
9238820014
7707453574
10528548313
11389451315
6224237758
9655681964
17418193957
10105039599
4212199493
13089853204
9547197252
10366748964
1958554115
19166414240
14905566849
12002194140
9202371471
9326733072
13342429711
12297268088
8896905558
4640647249
9181599563
18063636039
9881074053
11880385163
10491049536
8302622182
4417458818
10879476335
14408626647
10106365184
5435878102
10156150906
12325073047
8684381551
7032562245
8123102770
8051954029
12113135413
8225938952
5844125940
9285558480
7836037733
6028940131
12306102228
13938207194
8562714469
14170230456
14980323120
3305540745
9736094150
13430008184
8491714332
914985417
11006268547
8625685323
5063003121
8658652902
5018866032
6246818456
10390319244
7879188649
13066125939
6516057245
6386278365
4821210416
11681324675
9512237227
9584553843
2584263249
10306414871
10371428033
9900115473
5123153764
6893772268
4058654771
7187532418
5639670386
7660170808
6880406392
7458964170
6625479801
6771382811
6088735190
6372159777
6163604056
5902568432
5551929479
5039250515
4793052831
4490171689
3448157539
3547930190
3635275789
3373544719
3105425408
2250677304
2851673654
2824265312
2951747741
2752767681
2720683580
2658247735
3575605278
4641192045
4349163319
4119319226
3919575689
3709805968
3468764774
3230452027
2973743170
2886017344
2775663484
2578351624
2039737752
2231917732
2023744475
1863868645
1804366307
1637021477
1572399884
49773241
1380138548
1281701950
1181179316
1100449729
1007092904
1035404241
1821545475
1794653317
1687352957
1619227134
1551833787
1529845761
1358751942
893084546
1481966418
2083974505
2150865147
2090356834
4620536297
4631947228
5058337094
7594818993
8796449785
7331499572
7104316164
2826084306
8257200681
6871072641
8786563013
8299757465
7819968488
4892519782
10770522471
7874516013
10994284148
4745226207
8232333982
10992478505
9614880112
3346139147
10368522930
7615051651
15751202767
9172280625
7511650396
14328287454
8325083936
8560287618
8428390861
8517009107
12032317029
9188041097
6599190884
8534055266
13250200390
7832750628
10721078101
10031583618
6644499283
4457214817
9690580981
10131286082
8757020928
8484591061
10207177417
13404497037
9392102657
11989406015
9671086986
5382157116
7081559329
11239882562
9958484137
15284103984
9697291235
12126956214
13989721554
10476727057
13988686950
6533280839
4776215289
6015862323
5824376359
9486863023
11570976645
15063710753
4119739636
9345504495
9703050869
13434842657
9162139866
7574904574
16376809380
12128927831
11801717537
5194073877
11584010976
9364622959
9333971673
10758246426
6713981864
19270675914
10348823233
10826641564
10982506099
5563982292
