5649949325
14009079913
16397039577
9485271344
2471074183
6618846348
10704488877
7628563474
10749223202
10625091125
1355953470
3681122807
12570280692
8845009226
5215617070
11337456036
15147163197
7100090845
9601410407
10238428931
10731100978
13221197156
10258825402
7264026499
3258731438
11993007971
10891646669
13912646453
14261202125
8781490299
9521396425
10511047631
15575951421
7467070237
8009335724
11489887558
6113827925
11690620242
7128686968
7012338795
11934484033
12718097488
6273268597
15627219805
9312509040
4029066193
7931074494
9972005425
8934786144
15605708279
9640364348
8321101312
9447147824
7178328232
6177246037
4846473310
6373100493
10533144458
8936061389
11577198794
12412013733
8988014176
5428164692
11760901092
11474414118
6833450394
10043872061
8691472114
9103744407
14319630897
7784791894
7646632698
6707224920
8618651569
12996476424
14291694425
11142322306
11403255223
6243446445
9221066614
11117846023
8268945877
12492639156
7339342380
10789768239
11782228758
15472392306
10660820152
12529339505
8380126806
8610359241
12327307757
18158375611
10881239165
12764502220
10181032741
11006915238
9728664394
6909510574
10355132051
7633786111
11137125054
4093628918
9476209065
2977301059
14711875307
14012687363
2315442937
9399018706
10197981150
5833576515
6746604926
15182134630
10584262328
18881773142
8172901712
13122006666
5823935021
7371754836
8753777619
6640840378
8106815882
9161242018
8282362447
15258413504
6591149968
7151667993
7864932449
8608377713
6513423013
7182951928
11081175536
8464457971
8428462825
9045073031
9300196323
7655199162
10323626114
11331231742
6213249499
9624671010
17149207808
10148801060
4405603099
13163973765
9580631011
10249023562
1885861139
18862654307
15000510026
11798776324
9064956406
9200850911
13438351040
12243341112
9062102501
4410949332
9078671290
17792025220
9944385948
11867833557
10507974939
8216763626
4299085858
10703813750
14309983623
10323816176
5495694461
9976429352
12259959201
8669950516
7060109764
8121330946
7956707954
11940000318
8171972644
5849822004
9449236106
7969858262
5923668243
12268351660
13694642410
8604657212
14328746971
14774735722
3346286043
9741320958
13288479756
8832446640
860664517
11059476297
8742266646
5165820007
8561307621
5003253304
6180476239
10285705869
7933800087
13150348668
6399853668
6484217455
4892926101
11848158474
9479337383
9488139683
2675960118
10351593763
10419982790
9990391995
5224328988
7098001426
4069857204
7201825586
5733107893
7793609315
6904805665
7715431336
6680871597
6997782209
6094745717
6352630955
6390684770
6149352097
5721158168
5352871771
4857748014
4702465700
3339915429
3549994818
3848381086
3610682123
3134724568
2326210048
3015720442
3111433388
3013130513
3094533859
2890623541
2786612130
3772567857
4992629037
4803330580
4527263508
4298771477
4073001214
3820283309
3549868980
3274520598
3167523484
2999897452
2803976821
2046948431
2468333322
2296311612
2153793097
1951736542
1876048478
1762373220
86338899
1505668936
1402757393
1322576721
1161378160
1162143597
1072852870
2328800313
2205733737
2067428122
1967934671
1865777326
1761792133
1390967597
977472034
1674411907
2234992565
2177094561
2383092751
4899266614
4717483853
5385688393
7583068828
9123905050
7377108097
7051272380
2977714455
8485091249
6894182032
8871245849
8447694313
7822123731
4920070285
11011678939
7843554667
10990478049
4884881033
8282359260
10979524220
9693533272
3457924464
10484181682
7591209748
15655104802
9037109370
7416348305
14197904475
8279342728
8525501419
8429994922
8608548480
12058832556
9064487093
6633599723
8496730741
13252992007
7916539585
10764736062
10166224630
6778338140
4383871215
9548640839
10189575858
8873674223
8470984955
10177104804
13431261043
9271341999
11981291864
9641942974
5539734263
7103606041
11249678760
9801168164
15200460796
9563495090
12032572983
13830309064
10353770020
13989712659
6723995907
4763672950
6127079353
5920025437
9507838679
11689661460
15119547238
4238601804
9282847364
9659376126
13565286500
9149681042
7565230984
16397378473
12167360172
11942772843
5297258628
11508907879
9378400572
9122643108
10694986743
6710802788
19218344495
10281679516
10905163611
10969980923
5517879777
