7464874304
12457913604
16006460777
9089994830
3096259601
8692076360
9890628284
8154676049
9862420607
10543096873
2071860354
4767174928
11406759760
9874728447
6016144292
10742196478
14607275127
6517661233
7995516776
8268273623
11531726498
12061995581
8514096030
7400166623
3706355271
12157397077
10832986913
13463273759
13099347346
8617164143
8971361449
9754311572
14430701244
8410530963
7690113382
11534982504
5712081160
10266547792
6135156931
6732416756
11762710604
11780777393
7412534948
14019924837
10266595935
6274044457
6501871527
9015808235
8382024130
14949942767
8117138190
7738137531
9457330087
6735663167
6712116302
4657570836
6043099130
9396883859
8617673941
11544039745
11993121310
9497871322
6237764752
10035118928
10246061221
6187602296
10368927835
9014160660
10570449000
12075608451
7094933939
6671940325
9110244843
7526754724
14706836921
14633661932
10452474821
11055809800
5774368537
8397850798
10271036194
8310411239
12325460168
6703427785
10736377571
12854350419
14157660144
9826507763
12105363352
7979716028
8611477071
11692242600
16611717781
11344202995
12330881491
8739453791
11192237933
9010071627
6660975794
10730957468
7535587903
10357126118
4017996953
7833973943
4044399424
15236030778
15007921299
2952809373
8400203249
8985127870
4895446246
7948991628
13433741016
9809809142
16045242467
7777069834
13460615612
6652217977
7222429621
8870979129
7129888617
8056769791
8123837083
7113713558
12447310985
8209481815
7857316410
7303032027
6802017849
6629723325
6703149978
9429817519
8590301869
9668096860
8178132608
8568424850
6842942274
10762217190
11642782013
6595809149
10043061742
13993088677
10794827640
6223516190
12538010481
8835721183
10679476220
1064325439
16942749186
14890828041
10589549550
8163187310
7510681183
12530736400
13023145208
8252795318
5921709051
8780126828
15927360569
8916845056
11823360447
9878337054
8744913845
4292839463
10602869742
12260848110
9870954557
6273279854
8869116714
11324803646
9075407216
7383898614
7696942127
6915129739
9576797904
6475381421
7209403936
10282500282
8979133078
4093026809
12573197591
13546311924
9343761977
14753108904
14618568721
4466855678
10338039900
11941716064
8368488632
2772623502
11098918086
9092427653
5004257246
8967352665
5169667259
7573054420
10499463665
8761898386
14267129184
5793213326
7389957428
4484814402
10422915485
10290379515
8587498228
3769071178
11288960740
11117286714
10231059316
6039013931
8109082699
5826590671
4740725993
5156675787
6203601700
6990905667
7776287074
7853044582
8247514007
7582687175
5676129686
7881344827
7434748111
6761474158
7156062747
6696655983
4999597562
4929053497
4023540319
4103027266
3358080248
4293315055
3867107592
3580351855
5080146359
5329295042
4750029714
4443842870
3742322610
5337280616
6815418014
6817760994
6420923415
5420413255
5079187458
5411438290
6030783964
5551181019
4039395055
4842412013
4604306806
3208694918
4914741632
4529594053
2559210715
3637762867
3519423428
2198165600
2788196304
2752832761
3097958955
2648742459
3155235571
3109792331
2723123663
4900962129
2892322588
3534249163
3177340597
2808299743
3272094534
651059003
1359454937
2986330241
3502298811
3665412189
2708685395
5920442706
3880053904
7588818019
8742429991
8204810084
8237333988
7407618365
2863305156
8665737350
5272618445
10272700710
10248437405
8729970598
6884250641
12963374318
8282518988
11879918953
3098587890
10141979213
9355480990
10252439733
3309792310
9671725280
6362045590
16112556579
9444517373
9476062270
13904059074
6917079387
8785850015
9630669028
8795455842
10663125549
9121849972
7459121136
7012095629
14434412708
8643470920
8430800968
8774219344
6266542862
6927567361
10126636545
11106787040
8900587318
8284570267
11282622014
11979573942
10013068363
13549464846
10015925766
4904470979
6824270924
10613635183
10442568371
14271630668
11197806590
11427295073
12711080237
10267341966
12214327533
9500201044
4108075840
7169758800
6604764852
9948645523
11773398326
13599832695
5133031673
9431372797
9466239477
11050832573
9858004596
7979159321
15404073118
13415681321
12361948839
7075433074
12001125560
8865409719
8543475955
11662150879
6381011893
19277212467
10186118609
11347945956
9353751821
7083461411
