5583574357
13900539453
16339214422
9582744480
2537159970
6534105661
10633342088
7679696067
10707660929
10629250639
1447845437
3810223074
12486371506
8815723692
5369614730
11441798204
15276981897
7226109859
9813317266
10136273090
10742416197
13374303655
10255615610
7298080640
3361412414
11988896959
10657021277
13886363187
14275569784
8755986648
9533522796
10692741578
15529273385
7392842068
7985659814
11424957621
6016907200
11630654287
7248967875
7005788100
11989604975
12688756149
6297922233
15710091921
9427858403
3901463540
7828684534
10138439429
8842350778
15452664918
9597227147
8422213223
9531286953
7220839179
6247797119
4798493443
6317943141
10431282374
8909924892
11449335604
12431079815
9073368185
5432086939
11705925300
11359229396
6764960513
9889249389
8807898451
8975261579
14306491921
7820990469
7623830685
6734694342
8589045747
13072043368
14223816610
11199409596
11335857898
6355729662
9352751848
10952492121
8215184588
12594645146
7355187692
10979108671
11728447963
15404344258
10828308020
12440390081
8344879190
8717557195
12319446876
18038243785
10944556322
12897103567
10142717616
11080479477
9716661236
6783307667
10354236964
7723750962
11184334340
4064195302
9554095662
3011032265
14570605986
14069839757
2337325245
9353532069
10317564242
5895927701
6717662733
15224445049
10475004778
19112620152
8258523699
13075281420
5870253922
7287398223
8827074333
6512342176
8080753485
9100949513
8286555267
15479145447
6692696714
7043629249
7872693167
8755332841
6476762640
7246971417
11212171688
8588344383
8260526287
8995129123
9156042774
7737713817
10436535904
11299779967
6128668270
9635823460
17158678997
10171122390
4394354927
13089917214
9630861390
10295559871
1969876214
19033289287
14956314778
11818041040
9118930934
9333305956
13367758188
12257313082
8907585312
4472873397
9104476213
17907529277
9966236444
11889964261
10461159757
8284055853
4354011517
10801436163
14346660686
10255171059
5452848072
10052711384
12255936100
8684275940
6965332471
8128302455
8029124800
12129179560
8132789243
6026566697
9291137369
7969783016
5908929038
12273469399
13867974727
8549517055
14191579616
14923923643
3338286163
9686800946
13388919581
8658244493
846744334
11007998292
8576973190
5131777737
8494607315
5018714372
6144185399
10400089166
7972176005
13112429423
6420928013
6448164779
4820873485
11772704216
9509158325
9511744692
2639869290
10286323780
10476449690
9964131303
5150569316
6961983790
4136413444
7193097338
5695740887
7752895261
6901678738
7569015128
6634313033
6873951875
6072970801
6390777204
6271195044
6012428974
5647397937
5170841256
4881928970
4560812989
3438019566
3491930578
3746902800
3505669230
3077556467
2293169490
2950632456
2994845819
2938351124
2901787092
2816769920
2614543804
3653405450
4789968105
4544355628
4268918047
4061417313
3851067283
3552058118
3367787201
3121952851
2990683901
2833865230
2667592004
2105357998
2324208782
2176582449
2026403780
1864399745
1775124181
1653334916
201800133
1387725807
1300398953
1212239025
1096968617
1103204829
1058865627
2049347721
1945677910
1827684734
1720868225
1629213831
1565595903
1406275400
908989546
1578640031
2164257173
2179385505
2258337942
4809645809
4475778619
5207265891
7583793279
8916008952
7406059916
7103197339
2877596396
8361792103
6905247490
8812677501
8296375530
7852238335
4913576981
10907738304
7875638514
10996621364
4860370990
8266842360
10951104887
9675401933
3328032834
10498672726
7481171985
15776190132
9135178027
7476313726
14249305221
8340150939
8461491749
8397755294
8545322226
11974980598
9207226822
6667186762
8554259346
13237751894
7851448870
10794735896
10155213570
6635565024
4473934734
9567682742
10221949450
8763271766
8535175840
10208012917
13431623227
9352918176
11931827489
9633460613
5462404359
7088548653
11330682292
9849013272
15233700973
9620416840
12061022803
14005219819
10455399631
14098280296
6561542620
4757209690
6118954748
5947231918
9402152507
11584033664
15011151621
4152543894
9271826538
9692605361
13542854140
9070110748
7489449198
16393312379
12227516236
11862534044
5135336376
11525178638
9336464921
9247465314
10695931159
6723993321
19303521877
10343434887
10801506437
11041946833
5540467558
