6502162696
14052297310
16044163721
9015005910
3269145742
7062832243
11155037948
6902530743
10751008158
10531915673
1867519371
3873071855
12341824290
9237608859
5486798130
10639164924
14022138081
7138480379
9937151695
10147853973
10635432968
13314618044
10281645812
7469610424
3522395502
12201241690
10718183297
14157689127
13739925443
8704646029
9982293570
9978326710
16122998861
6625685369
7719628415
11398022653
6203901393
11533429069
6699759088
7556545207
12362625426
12615419947
7009423481
15038210656
9487350356
4202810563
7886175452
10286819509
8470705896
15537859333
9597229981
7778457505
9622626103
6748432433
5859857101
4965197390
6517161749
10642446829
8526814139
11503907968
11678731363
9842041696
5053659612
11001737794
10876778924
6743486926
9769126303
8806247678
9251791017
13425122608
7510800186
8192641088
7838854596
8222307983
13260219880
14504472756
10841100528
11286357389
6672212000
9049611096
10964752997
8195272477
12404200492
7641453013
10667251585
11701254795
14959203374
10095679613
12456367687
7882746477
8188544621
11962508987
18298848927
11222517161
13022576038
10594324510
11137121585
9811365378
6808313081
10787681257
7096455857
11108480299
4471099578
9289541429
3710719167
14293600579
14888027925
2096784098
9130705436
9565975516
6455073014
7343500152
15304197369
9707841775
17379696537
8106015779
13604363481
5672203198
7451557675
9814978305
6856824592
7719400438
8831604447
8118143074
13970891359
6589085648
7320147945
7448922702
7995744705
6555816281
7431427793
10421884110
7995648190
8490776823
9019281727
8755770578
7604733860
10889985967
10961261391
6190832972
9650803726
15728738749
10317656442
5007533335
12709639533
9027758458
10570274654
1621974765
18147229273
15056754708
11867457906
9692226643
8241974473
12613676688
12238304089
8954124390
4755394146
8753979525
16514675112
9716004889
11377564093
10063877058
8327235577
4103889255
10213119765
13402383044
10816618587
6098373888
10027634972
12229557436
8421132864
7679943932
7782345314
7291631529
11479107085
8235555132
6587341804
9035339741
8495179378
5550683685
12555015112
13811237400
9067874022
14059147597
14410715357
3435672563
10396263766
13349979604
8597988372
1514355502
10432533722
8612460796
4939346288
8830489072
5527095623
7197937537
10044611490
8191428692
13311608448
6968322465
6699408542
5237679439
12006505676
8669649277
9683849285
2824565237
11032496797
10456048287
10439187155
5528676027
7347063128
3708159034
6938817108
6151753332
7972180524
7600286988
8195220489
6741107602
7354209549
6867278322
6410206169
6977697388
6504989617
6257937580
5486822274
5228179739
4971086938
3954256759
4119361612
4316355500
4167600301
3346774056
2494575476
3023595543
3171270919
3188682678
3808426445
3870941598
2247365468
3770788310
5985066433
6012084951
5718664205
5123606957
5205956063
4563454201
4583665577
3870169318
3316102440
3816491115
3584898065
2548001676
3053179330
3148295119
2930251225
2647011251
2775355629
2378220765
339695775
2488625672
2776934612
2717121991
1756385542
1861564639
1553790385
3277956232
3318837529
2693629768
1790039905
3136850599
2017734646
739911950
714805457
1583125341
3036110847
2626326761
2531543149
5980037590
4250723395
6453776503
7928466136
9252322782
8114199677
6558648598
3331847180
9285935549
6800149896
9942907082
8772068973
7448605069
5736563010
11089427131
7173672181
11074063034
4769955731
8842893832
11171329921
8911334040
3045870423
10659860436
7254943956
15616772858
9400439580
8505555315
14217104330
8093301466
8305052479
8202259850
8883057340
11842815127
8589195964
6610116331
8457889087
13522202950
8290295533
9742770717
9263770268
6436588735
5119961870
9461214449
10244807754
9161874594
8090782164
9884484925
12794960817
9345294958
12127418971
10615270206
5591811384
7338036352
10964954661
9433730870
15148862537
10424618462
12604675456
14240668055
10546097822
13384894901
7574550473
4771807055
6351163951
5957417024
8730881111
11694001280
14936333054
5150543689
9395865445
9686359969
13072216504
9481047130
7253055429
15652973404
12110728768
12331401728
6067940899
12045415826
9397306612
8943688805
10004995658
7435481821
18734758776
9976373959
11479443636
10861213481
5807850714
