35883358959
26201305983
21558251606
7671058106
30619743486
41908950773
36211881992
26176984024
20373089335
29574425613
34166614947
26643088812
37154529530
29629129085
28467373893
37065550504
35304564828
36840657592
16006287005
44493822670
16842772374
38505436345
42769485314
31082205378
28747452480
35134082659
31540185931
27172498159
40337583071
29591005874
38349284897
50504953660
30718105472
33076138338
29023511575
18933070418
36728090661
26746581428
40871478546
29740793296
30428152860
39868974263
32205646599
22911000632
44213968627
34325074809
18569839401
34594051279
37329777642
28671663152
26103744154
36997535395
38112344117
550538891
20701927663
32766302436
25087037703
24529600510
13098210087
22357939995
31804298237
18306813774
21092692216
28793177612
47357615421
11083820093
31440426465
39782832443
15634998142
23973782821
17341782251
24832624959
44864507674
34237695409
27031851155
27251419090
36018328134
23435086974
21934008869
16860827122
40028444709
33191232929
31122372640
26059427325
29600832657
30605780217
27674750865
19113307916
30846712730
12616307241
27490484707
47308031556
32176380153
22505457196
22490817764
33376411112
19126384171
51203766636
26052082721
33726790145
21618088786
29580561284
23828666301
36003238172
20280302968
32167520671
26845375137
32577182488
23306118780
30011637736
40212482330
14696591408
29514882746
38290446685
20403073942
37574231215
49918778211
22463992279
26442604578
50050159920
54326644617
28782797349
32764878494
16427446693
14888445469
60588574802
41709955698
26168327229
20669948130
32213307986
64634697034
31831142529
17275737113
27294223525
18400117956
27937266350
28383436767
50853210643
24876803025
26996948159
22264890637
21423467913
7692445724
56312759340
27364763308
44283174154
22110946912
30062307026
62609221868
18634491944
23546445879
26563587653
35900346339
50450200399
24882899515
32096250071
64757470583
25928339007
29057713404
35251753986
40142052547
27227384693
28270094531
23268053941
64500408289
46328915908
38844833513
35619857377
28768681105
46848169219
55197624800
42218418317
35393829404
29162548537
32289998911
21614094414
47496749749
23980394359
24649627765
13532454911
33718245340
35733863516
32104913409
32284579791
20319307151
38511544518
36739866579
30019025410
19026882747
25772182114
21128516013
25156545351
22604111363
22682678467
12567093746
29437095465
25958586481
28690568730
27217029324
24931459010
23286859035
22338518437
21754482532
17327668269
19552186915
18449545846
17210364682
16142249979
15687374374
16934808322
16495462002
15561097464
14647481451
13753844306
12897545720
12192029014
11429182856
10891008050
10318133587
9595954021
8279928988
8313543650
7315359253
7288023412
6871582315
6521840909
5588698161
5390512385
5551563040
4971855235
4870520436
4541514905
3079048321
3776936084
78264854
3299499072
1189177956
2508813294
2702088041
71666105
2420926508
1978288489
1230033505
705605806
1048463544
1516064767
1515779466
1050123283
1179292421
233157422
19871583
994306510
690487074
1033063395
394511462
1019574874
4202497244
4132878865
3477012469
3695531696
3661390270
4211998914
4904338761
8529271255
6723578299
11918866225
16635106643
15359906944
14520768645
16516498633
27050576584
27381294669
24344613758
25564319640
21790217653
23630044805
19205735057
14158874456
10928010322
21363677945
23312826238
13637753888
30864313801
31551917643
38023933703
22654073108
35383902231
34966909516
26740784903
26104488613
16994941746
28969516715
25499508730
35782497670
23059848888
33464835456
29991719432
31264936357
29388773586
33845087291
36420722270
24593814179
38954137260
50072502199
33718074430
14062783397
17351956790
25150046369
2521426538
42309115072
29191883884
47621724979
13121861225
22095746750
29407922207
13647280551
36019793527
35024806265
11206600042
34593973318
29577001722
29623814579
34738108664
52629151486
39388490938
35821047695
21310877482
35433556509
24741758548
36420201980
32673109539
42731034158
24464766630
47907829344
26478242269
28236510607
25667506561
34088168567
34473362954
24011513517
27370291893
39078455195
31619561860
42632965314
25859218885
28928296542
42359412590
31671670624
29042158100
29182874230
42242317014
32206756907
36545102418
37481104318
34927447475
19280990104
23329249352
32569566072
44783214144
39210033840
31171666559
30892469758
26783253279
34640481471
37793136234
