32027184048
32255127332
21050728650
17486032209
29636205778
40476826076
34769280682
26931549318
22430677711
31396781401
31815896809
28959719777
38205755347
29537092213
26773980603
39794430988
30084287331
33384831803
16198669326
30531842309
28488271266
37135369933
42202835752
27948832833
34854829512
34537047885
27015035288
27430477425
33083844873
32840043251
36164722970
47406593101
33140770961
28835649016
30979694117
29528504064
36769551141
27346592498
35442304766
26573625396
32420738010
33112999438
33465304218
31207437863
48531424819
31341686750
19488613052
34374776846
34221104792
29814833603
35942204043
32578852462
33211910636
16394315046
33076005625
34393225983
26064561960
23175971666
19998537642
26136991503
26532872071
26980609777
24336881917
27581827426
38736283244
18492454626
37072266778
28452290042
19108846797
21941058602
31602670029
26835947166
37818058921
37907397516
24857990916
29486402060
35901390199
25832278762
24906676558
28654693852
37177441790
20546612235
29997145024
15174017327
34569076336
35405942821
29763460302
17079171645
31814401955
24190860529
29511192861
38933264455
29219780690
33546898721
17707702522
25703445315
24965083190
41327956158
27733165738
35027189019
28197774521
34873321739
32563359349
34360282720
18429128706
30294819844
31975850766
30811597020
28858071072
28826946695
34957479167
21546234993
23570417921
37268810494
15986236330
36570722471
45088884017
23177992492
30934711829
38485756272
49589860921
31997439047
30182825432
26177062746
17272853373
50469291233
36507581319
24429818549
18156649545
33548876361
48968549251
31482778392
19862445357
27898413591
15636839844
33543276628
18656488968
41800927400
28912269312
28175825248
23259230988
28169201526
15051315355
38303546964
38410926124
35443503970
29667357285
28636900493
43047980106
20464022168
30637936405
34071140800
31822851705
39206860145
33846405608
19796765053
48035477040
29813015550
24080715840
26847449521
37636035472
32033925933
25226785267
28099795525
46934993850
34286808563
32321874456
41824594752
29083973696
42301604038
42347509230
29291875482
35591898567
30734020739
29640470599
29693619276
41237776560
33848759742
21819658653
20115585759
26456694504
38971675808
31393450358
33017842733
22369886698
31037965261
35924297853
27579905825
25361997892
29722731867
22324428443
22763094912
23004083856
20577704662
25433099492
32507759554
28846756923
29229560634
31539458270
29467821819
24400726032
26150178567
34367512546
25998847298
31637979216
23413967345
24373880107
22926608222
28761882345
25212402367
26559237629
27039202693
26871366917
24623571372
19951946349
25155808486
24012276051
24733412670
21730403251
22440366803
21395399210
20053442165
19923232261
22558190776
21504423113
21551819787
22307873262
20749166423
19273886886
18461847834
21350917709
20645045746
20405378676
19613948848
17648475246
11469531677
15170822661
13901140980
10803099802
11507439892
12517018122
12788241850
12942874508
12177555067
11191308694
8877726107
10401007519
8893801092
6271117819
11105408647
10510550390
14348230795
16097228629
14963474792
16049600729
17138294190
18134010334
16508521936
16494610558
16346079283
14979655353
17405117485
22028355470
22147858229
21813337380
14810881482
23288707988
18475898288
15372214777
21730638462
29922555094
28991669135
29109130922
26259349217
21176115396
20581185220
22743549203
19336580394
20307285464
17577374362
26952314110
18227105110
28138032137
28849704177
29655373030
29223147352
30230838051
25864358349
34185886954
27921729406
26890384660
27469146606
28182887215
31503355661
30789544730
30187778649
32646949336
29905964071
30447573488
32001411757
34207660380
26181758205
35581098243
39342225980
39534215400
21388600703
16849696337
22647513453
17527383805
40546664221
24878289967
39588149831
17404062502
23386542736
32996562376
14594024094
32134966850
39657332362
21465687629
35067117787
34302676194
36556390119
33418500578
39564196387
36066980357
34280057786
21277831715
30857619837
26315153360
33057842674
22792884165
38816969453
23370952101
29813160158
30416108769
32368209492
23881972520
35613828008
32766838721
33852841695
30507417183
34383535120
31607191274
35578314889
26818806352
31438133150
30892976458
34793501335
31217820767
30395486198
43215723671
25379579196
30116421764
28926190152
27387274218
17538721713
20802948477
34874098028
36164222052
29032764182
36666117642
30673982758
25432706221
29093842499
39704699079
