32530552714
26244893375
21348654791
10853455416
30377160951
40527909531
31966150699
28128765587
21102433588
26979010449
30699028483
23285343933
42453931609
29409283528
29913689275
36091668369
34738748444
30447730896
16652253357
43412889861
16918024052
41713809408
43158269287
29123981314
29652482283
30232429576
28194280471
31000074693
41598324261
30264488010
35044497746
50735953922
33579485975
33922807779
28071548383
22044651485
34618351917
27336159968
40814764820
25008056815
32287114513
36741864049
32031341211
25221667876
41487407559
32639200771
19096623386
35053589106
37601970514
32777463664
27841436921
34837281594
33872043954
3166830200
22810708647
34928020628
22083310657
27464670438
12627137384
20964345041
34457298255
22160235814
23413620188
32083778524
42442026521
11613684048
30863826352
37881940660
19451989731
26035363022
19705090603
21646455719
41124758204
32590089273
27497173678
31749258417
37010166651
20208347220
21916184544
17375999394
39231041209
34321775060
29462175896
21473120369
30785332836
35070748891
32734425835
20573478238
33834858940
18185273052
28255582964
45560806804
38907490128
24646336361
17611627079
34495166233
22562962934
49056643081
24763642711
34267731956
22356937823
36146646890
28287793763
38683249204
19805909116
32212653453
29033185949
25538213867
26177221945
27890689158
37851870263
15602765274
30483599743
42458662241
16142275637
37141606608
50872031173
22752136277
28171613003
45654128171
52208972968
28891768350
32431302496
15909854839
15429827498
54927019039
44443350958
19528001311
21967048556
33134732274
58842214889
27647242871
18892930032
30560334611
17290939157
28612518222
24270558977
43631958050
26880541003
27495764199
18569780398
24122306737
9532001271
51814503964
26017615682
43136561643
25297585764
29048771323
53335751855
21136244559
19741072441
26567444546
34434585957
44906578829
26825146526
26044216629
62270818138
28782724220
24220215390
27454522483
39220944039
32331603871
30594986550
24707180800
59872744517
45772434630
42675591437
38586873139
28548553729
48406698099
49369176158
42611945262
30740244124
29745476455
30405491358
22361017229
45817561506
26401030846
27717165724
17782548763
29081575184
34771866086
34427596098
34060552861
19976051253
35358113308
38680251529
33899849714
21090378801
26521741914
20693596458
22046467083
21524061657
20447394143
17901773093
29071288681
28063496710
30972906583
30356032555
23522905334
24481275279
24434060798
25685743242
16923476386
23303919143
22948232478
21832366208
22166037117
13681271747
20395099609
16274866009
24214891739
23162236217
17483372515
21561115618
15784826604
20519804925
20022159147
15329083703
14647651858
12355517768
11917691401
13851423091
14715235426
8112436880
12604830816
10110069291
8401787194
6025490517
8172351261
9172087261
9392798434
8175405119
7870740213
3667700475
5102323902
6639564471
2994263580
5114064809
2867293564
3923100710
972904551
2339077672
655402058
6039331860
4686815563
3040178876
1560844307
3363559731
4300521734
6376225069
6326064406
7947046498
2327774998
6964897890
5377862278
7575470643
6477429241
8537710629
6849520293
11965672054
6273602228
9212602348
13635702390
10228112301
15162358466
18084994218
16948948883
17584900724
21408716029
32594931415
30419650605
24597123156
26315008811
24299208839
26976081289
20065195992
14282319227
12971515209
18219576125
23900303091
11744259215
26214073926
30668054251
35286384105
24890892232
36873633326
32123203628
29122047044
28262766495
15809032448
26875281600
27744134819
38864423882
23676823728
33467826125
29284150080
34150438870
33843853713
32452000400
36265815347
27868740171
37715986550
49328712679
32407180112
14813980350
19802192903
22157392090
1743453258
42047595524
26457918670
47647727875
13722544569
23870904508
30146868131
14170404704
35261219781
34200322087
12557868904
33577561383
29340657060
32690061326
36057684919
51393454949
38518799331
35182377223
20787767034
32078807313
27088257304
36897060159
25041104337
43796704948
25593422774
43941345997
31270860224
28944002596
23610960817
35493241119
37811746927
28534856105
29079105795
38674780868
30518195976
36340371687
24732401217
30448799247
37653879993
31491181452
28554365151
29184119626
39204805646
26281630902
35375721621
36914481407
33150848377
21625381477
23020261994
37543112647
41378252106
37669828388
33249820617
30836050910
27437228031
31205813537
38127699729
