32164961423
27386998663
18624061863
12609938565
27185805089
40566870526
32950526373
29813781525
22090080642
33329926287
27664529089
21942595490
41075013141
28765568165
31055831457
40900889445
32500814973
35373046541
18452094567
38109359424
18486288819
39441240239
45709525068
28176979379
28504185471
30767141752
28574655951
30968975173
32946425108
29256585989
31791772028
46170736392
30352153453
32517924559
23692046532
21998186225
40888796252
26054546304
38448195608
32156438539
30835526084
36352873824
31230928878
27446607897
43947391782
34358694588
18700581754
33663741179
35240068153
31366501280
30500709267
32133745826
35110828076
7141631895
19613139535
38448628465
19461561646
26438021152
14783826072
22495073407
34893716530
25495309999
19762453507
30572166524
37146239229
15781505624
34383591198
37366249614
22354332870
29354662904
22154511690
24440569197
38881593997
33166713227
25672925691
36746278457
42113163189
20512896233
20613317666
23869019376
32000247692
28149040104
28726461126
19387969516
35268603532
36406312033
28528103715
24311882926
33165459173
16788495865
31575764528
41287304400
35738030108
27799249613
18436709023
30570035707
22082335790
47802001368
30268674409
35907606151
28079344953
38501199504
28257689200
36718884262
20685637949
29207678796
32283826089
32970611056
28173324916
29467037204
35641190788
18223255732
28939549604
41869178399
17085608796
35937909883
49766179310
20314936124
29109578605
45570028040
52388771041
32081135862
29958559974
21674650205
16377450013
56081932142
39445715861
20029780109
24045017390
37064308647
51224902187
27265803241
18125815380
28839384718
15648572096
32037713601
20747002012
40566302324
29431457213
30769770961
20449988486
24544121128
14127604820
46235330322
29596687467
44770616460
25459541511
30242253104
53608886738
22842679818
23318608098
33078436179
37777788069
47058124015
33454191704
23736706230
53672455507
30059437521
23959729305
24311747018
43093676934
34487293025
26192770408
24805459944
54376480447
40766065299
35557883067
42287998923
29445429387
41865469755
45676086696
35959794424
32804022568
36511527552
31244415665
23774476629
44778620973
26953108774
20252229509
17555649877
30056780738
37816137941
32005664386
30607204877
22171826808
32521709505
38657252270
30738465044
23275093374
25200628637
20965290663
25942345755
28691191534
17644150612
21779071449
25838511641
28515108641
27884741610
33003266731
26721537871
25043006735
25108512498
26500437562
23711672594
25606327898
20768133091
22500634660
22322396214
20340388067
22944966363
22959666246
21621382204
23850495577
19319612403
20812025061
15726126851
18992258803
19048372413
16968943823
17421908086
15468384037
15072842996
17499983073
16053155216
8480420093
17819823576
15983367022
15953146953
14936589274
10866155048
13536719559
10841093732
12408099632
7897839562
8262906094
6197464238
6334603265
8114273188
5068637950
6329101820
6608377911
7428513020
6861728535
6169986968
5375426911
5307068036
5095519820
5678682465
5503101796
3306297320
6027213611
4465937524
10108216409
8613103225
9646973642
11259456924
8808161032
11176941567
10157924797
10951367100
8971731627
11245492895
15787441412
15226057423
18258674939
15336132849
19566246221
10325779052
15005464811
21726807507
28637165734
28396529222
24015356915
28160891557
20391970813
25566894464
22476731644
13247709433
17866369006
17169572180
24375733145
15919096955
20358219654
34567846971
35341136949
21374810452
30946420819
35715389291
29403480584
27674180118
19132330991
23615097359
23406861928
35628821547
25886714685
30214239292
29301927338
32103820796
30107754744
30446306163
34946443845
22692560469
34102247047
48950009577
31096343051
15963135615
19573275026
22129489753
6983396315
41342760402
26366821020
46020654742
10107619120
23335905790
30270351201
16972183712
35227824175
39999622142
17794548855
33905896505
31991250907
34441953545
31922371993
49151920626
35247213026
35398777541
19890730851
31984766112
26396331964
37226472544
27412620749
38318104298
20601224339
32150466793
28880191787
27696497405
24021807620
33298579383
38629479401
29106461550
29857650955
36265073603
37295817469
35755495390
27363509164
30880050913
30404366931
35246717594
24816822177
30164635856
38999343744
29497849189
35271255086
34918427092
30913351683
16769486996
21646218769
34029963688
35692529428
35607318663
38338293799
23088816171
26537160349
31324238976
36298816131
