32400523865
26675628362
21469616066
11081948763
29827872999
40164167147
31544549673
28794921191
20231939282
26591524539
31296165057
23328879245
42414379806
30013319872
30127793359
36321640086
34411311023
30887605734
16490848071
43423794868
17287846632
41954338556
42760300032
29671590149
30061864130
30495901280
28635159390
30855407573
41350814895
30114785704
34515512549
51527820825
33013110793
33624516454
28247750678
22010228873
33889091724
26772046447
40633277169
24821460113
32466426665
36813399658
31738645965
24755618456
41276791679
32484259991
19004033202
34406616930
38134507820
33297915329
28191535852
35149499463
33297026692
2452416934
21659517713
35323563406
21332285231
28158104397
12432509660
21361048464
33914923677
22207478871
22894016155
32573318033
42831760516
11159138442
30561933533
37927610747
18968548550
26519030716
19362875007
21847438779
41269322706
32319349754
27303605909
31630581293
37042266494
20096746309
22399659820
17896062478
39748966309
34325774579
29018610365
21540049023
30959428854
35307278057
32443641864
20949643553
33753085784
17920047149
28857819562
45345747612
38080940759
24748642825
17969256683
35509729415
22322301222
49747823952
25074319016
34307956195
22690348911
36176525244
28657378754
37771225076
19447688069
31778974814
29400397400
25320544506
25916623467
27408424930
37950450068
14625152387
30388697402
42366717348
16472122854
37466360062
50844589045
22601579024
28320337553
45019039947
52268266704
28883638880
31934138706
16309458449
14976189275
55615713321
44385845062
19790460647
23149039176
33155559102
58776187044
27402452700
19259426588
30212518839
16637700785
28763184585
23173091200
43677404211
26323630442
27061006358
17637409655
24443610141
10057206904
51654570109
26466059337
43318044598
25267510821
29727167486
53560274771
20747787793
19306618529
26736767469
34401481398
45159584585
26830051967
25887490210
62533129452
29397015813
23926348350
27749812544
38466356261
32413775726
30819738691
24760662961
59691460210
45670811417
42517380101
38713755083
28544818168
48085158510
49382256347
42223299128
30251552818
29129378050
30443695182
22605516686
45606511029
26985544925
26969181205
17596518500
29408066050
35021317647
34434654826
34563346854
19935229722
35142826285
38803600553
33923663478
21170429980
26858932660
21274282966
21924989707
21597695386
20655086602
17844144559
29029371852
28146229276
31406602254
30261785484
24181700330
24227332558
24183576670
24751026642
16471855436
24028662657
23570581616
20973919466
22383776300
13837434713
20820655999
16294262279
24128178085
22544683842
16737384954
22116945327
15867753879
20342868337
20310233983
15070107317
15182022081
13206917830
11490003646
12888777432
14300902135
8718866879
12259735102
10014145158
8101410619
6206086361
9010753608
9067396494
9914054454
8498541763
7910603285
4093176047
5382158093
7003499386
2065751408
4811688105
3420796459
3712034762
555594095
2188072432
560479066
5825674956
4171883871
3191043658
2065961162
3299787517
4107057250
6410370137
6556872975
7742950376
2679516174
7207534498
6351275734
6698637190
5976968647
8042200940
6754682736
12413336254
6896161507
8882615892
13400907708
10089893543
15289355767
18169380789
17417956136
17267780660
20692049411
31746791720
29507845230
24766000951
26035843275
24796878718
26462512846
20381399642
14293894886
13737046833
17644666305
23630217187
12124800286
26231540592
31262930805
35536772767
24688314129
37088034610
31901636188
29142882679
27673870134
15818412755
26448356767
28500025607
39115311230
23929423423
33017712296
29437603154
33946018608
33458361261
32077984524
36230835058
28028389766
38797190727
50020129677
32746546131
14029432709
19532330771
23172720841
1692763611
41754161322
26432688993
47387713621
12758339882
23705317448
29428860785
14401594755
35871189588
33663845221
12579892603
33051348684
29313172030
33239562305
35757924669
51149079945
38715350940
35130607764
20995020276
32577553492
27063430059
36753004901
25240174217
43535456534
26399836446
44055384613
31245381194
28777661929
24246768492
35293508908
37965095792
28738824351
29506551885
38433936191
30452130217
36936629931
24440462101
29893537420
36972627284
31356266862
27942534100
29288076484
39408601167
26501568723
35441597207
36699079818
33211984892
21721016061
22845367393
38062889596
41142739851
37333486941
34110966114
30769915704
27515272547
31253791900
38454556526
