35842332814
25223279322
20278698771
8066831362
31026065688
42071327339
37821057046
25486904770
20037348341
29241383529
34005099559
26244662994
38604537706
30273042268
29431450681
37059737665
34560838938
36417772576
16917134163
44252352583
16279504999
37557133730
42824061425
31275247659
28219682182
34078013259
31437296507
27438921732
40119012577
29342845385
38672192134
49854209270
30871748006
32257731680
29006071501
19474643747
36531378547
25970628738
40050151346
28715160049
31503989314
38639175958
31099477872
21807410285
42197245655
34356449329
17831342160
34552045805
39158187175
28657054602
27896460407
35797818737
38638092887
-82873655
19722536846
32677960744
25290978337
24570122692
13283772017
21090519666
31237582322
17804566403
21118493634
30161137812
46058998430
10476399583
31339227527
38760093678
15926424407
24230432798
18177476736
24115951614
45439394179
32718311657
26356832716
27387969177
35718213841
22797734590
20624864619
17774644427
39007081966
32979913286
31082127697
26116423588
28745772052
31168718071
28988210850
17985383894
30876944861
13003426165
26612353825
46509725426
33410357228
22910657218
21955587867
35047634881
19825460864
48782843690
26319965685
33540881876
20739459881
29513501358
24430470365
34542493494
19863771564
31787796202
26750802028
32410820448
23723132850
30368929107
39591607671
14786332570
31192150415
38849360495
20905745229
38349272670
51275883889
23160187563
26386728077
49539898276
54070282920
28044326812
33067066831
18057722139
14378389080
58391882623
43591290882
24129105821
20431748670
31430105315
64277721278
31260662074
20048354416
28533318550
19130080040
28805891680
25996248812
49383490625
26369660605
28583977269
21600420314
20631321563
8173940789
55948032922
26474814909
44930256368
21768841490
30560537750
60164700036
19178777028
23630100528
26923940859
35556382722
48124814122
26458231057
30898408380
62909173467
26965532105
28418407534
32933540112
40852910069
28039447021
28925928661
22070488854
63368229033
45957139262
39954463368
36432353480
27038821708
46276506248
52547339621
43104339706
34797306447
29368720289
33287480196
21488202259
46593965158
23734319324
25491744950
13992200828
32846560613
36028697690
31946298551
31501856537
21742494945
38587419350
37068098139
31467319932
20679714425
26002213035
21364186226
26154014922
24189215732
22546665456
12399409939
28985832771
26308611051
28460924148
26679884602
25097104426
23306353515
22932081358
22635683629
18633073958
20894265927
18994703582
17957377518
17426269368
15837070250
19778790792
19278759707
18784336253
18000531984
16758350981
15548784866
14994962827
13691388378
13381628800
12290364554
10633992637
9527308846
9900808289
8282572076
8380127420
7358068708
7746231105
5023024364
6436190956
6815783026
5006195138
5800767598
5583607308
3167924555
4515794177
420607913
3441648204
1764741987
3556198214
3065790234
1618010362
2858528126
1159320663
672854352
1444562688
2541852352
1909615674
1869332441
1294860912
845417695
1398678119
2240448701
2115841802
1928962064
571103895
1614229536
3723750430
5141891926
4353496021
5470310206
4528290661
5734485841
6914246723
5850296837
9932110477
7688089226
11701244655
17610628416
17025626853
15359194002
16305853548
28062496644
28352614403
24672317838
25983584514
22429283687
24404171586
20120269088
14528216658
11069728311
19634258596
22646885663
13677277347
29078668183
31030265879
37549471308
22552637171
36814399253
34117926088
27848632195
26650609121
16026663402
28586589815
27553393693
36585707820
22197922457
34354981473
28936045923
32905422351
29125720047
33072603502
36740795973
23147944625
39976556424
50217467823
33697421191
15625632137
17654929501
24634388672
2715695772
41451188786
28165672690
46947745499
12256746620
22995203684
29277608664
11792814936
35984602853
34283596874
10771922429
34806785929
28132314565
31176092269
35457264690
52807843757
38924856711
35745253100
20017226106
33740088459
24452020404
35264687944
32015670925
41708136386
24287962491
46353985916
28359377905
29046234699
25316149380
33290445441
35505566753
25474893707
26808163773
39012946377
32257697935
42449069303
24532400584
29388637546
42253204392
31949813688
28203323285
28260376971
40654368355
30768277011
34640966603
37282184362
36182143633
17325071241
23774213017
34035161646
43108948869
38457092755
32110077641
30712500544
27294131514
34252533918
40029363702
