36261968323
25905924230
21354279260
7949578849
30926585789
41923472075
36064346957
26083550219
20280935613
29589892869
33772211046
26794351554
36945994954
29289187100
28560499847
36725784894
35228881112
36607264753
16253922204
44155602914
16891549795
38496382777
42758613185
31040224727
28764334242
34893878832
31402877237
27234626899
40551948557
29722425926
38425630986
49973779829
30929819829
33269590220
29251978605
19079029571
36831358698
26650164808
40705661906
29620236458
30458539501
39758957425
32022497022
23143794574
43751917071
34552385040
17885287553
34995753417
37530066301
28915645301
26395724817
36457993722
38323966416
454742329
20667006733
32717584272
25716875367
24424179871
13506328641
22314195336
31440309185
17934466752
20735004114
28794182614
47290995031
11131809869
31311721958
39789823600
15706500130
24140984257
17397662573
24989112742
44849424400
34257179592
27477510944
27179997046
35949503379
23170440237
21985843286
17315334279
39713358336
33101958576
31233135068
25984660783
29784886444
30703641113
27927097902
18815613814
30677054537
13059565144
27678606735
47188381303
32438718578
22695108067
22269434970
33791346088
18893159639
51133560554
26359614149
33685095023
21523532716
29271302022
24163475509
36163684267
20108063997
32354557247
27034699764
32808973258
23676648896
30176357869
40268544638
14769143276
29648161762
38264524285
20602907802
37478843341
49831794840
22959155863
26262199205
49724144578
54010784230
28547820136
32847125704
16535109537
14509808999
60066247758
41946315540
26156075511
20224155775
31983116574
63956091222
31634341261
17579094555
27569642564
18367337891
28158109461
28536427391
50272751260
24941231577
27403768758
22234708103
21746010981
7667884831
56258191466
27262061925
44472821097
22113825997
30247888215
62088902538
18500049612
23229327599
26461378813
35602015504
50073020980
24974669514
31737244547
63959775843
25936289343
29268592167
35276031764
40557037295
27228561735
28501840055
23593397602
63725996559
46228551885
38987042893
35728542918
28856697178
46958190860
54336805157
42245827408
35317920415
29056759870
32283646788
21185673725
46968900404
23885524590
24254552091
13558374253
33839527844
35502802203
31986523554
32325890919
20316848095
38484635340
36726287709
30586771090
19287602249
25972743163
21076821579
25265062961
23049432698
22825582964
12404317724
29477503056
25804440991
29153711611
27093686343
25118098099
23272793989
22405799323
22575448617
17640406951
19892903674
18654046667
18049537770
16411615532
15509252747
17262777069
17990878359
16651919946
16039752961
14581417277
14144493540
13348673122
12071763546
11773139850
11263652203
10369379204
8610118291
9056161188
7254197494
7448768568
7536143311
7127754034
5645380305
5304590193
5942627602
5006963784
5383504520
5063468366
3314403032
4236719970
256100690
3771595571
1286219140
2521554550
3103923210
190852734
2695861095
2067420009
591843670
710574727
900369838
1161004861
1653893170
1007145323
1206825866
32139203
36987279
1486373346
1590885624
1269589386
677652079
1847001654
4680483987
4458958752
3526116338
4275590075
4472948751
5093732662
5229466870
9239154902
6450195209
11916263369
17427890788
15140033820
14547509101
16924870290
27422642970
27980063615
24428704605
26028989497
21811254488
24045120607
19117790555
14404871402
10856355036
21331194866
23281822058
13844298411
30719506379
31714770898
38349706503
22261148545
35566618126
35275434260
26961754528
25744960441
17016411462
29106109775
25627790917
35530627476
22877419895
33896819660
29935032924
31868635128
29864989532
33961878787
36476253327
24048572710
39162272597
50287062691
33640455072
14180830047
17501305891
24891550197
2664413004
42306319215
29201802517
47701373089
13433094540
22355459854
29220105881
13371079651
35935902484
35195771490
11704278181
34354104631
29317010397
29827425610
34573941027
52874262779
39088478321
35718902454
21097514107
35222243166
24914528844
36237966694
32160443025
43059499668
24113396747
47605628489
26905163255
28195056325
25474039445
33360467475
34292256800
23856057820
27126085016
38682520225
31990283792
42174944541
25751117448
28655607247
42363711166
32272002796
28949261843
28806063662
42371843347
32369170415
36509424676
37408515583
34398276625
19250810801
23400391727
32421819532
44318475511
38860973735
31200861963
31030318188
26940244088
34623964018
37601997590
