6391627107
12082079082
7341168264
6760518367
13139889439
7220447144
7744704695
2929743742
6287310662
6834973979
11030460642
10654631171
6556908924
6322350380
6846492437
8153916850
9010976241
8805124275
6861146506
13130832072
6823043139
11844570462
8315645689
10823145100
3236884098
8567605867
9292602202
10100346243
9308431716
10058711287
9860810692
7973883049
10607173079
7207304058
4780411435
4493962888
11083464168
8742179441
8800147265
9271411794
6140826462
8584616358
10221065464
3919780792
6242126764
8307088204
5346911320
5758979827
7188052210
4065375395
7626970859
8048156091
10458715544
10196752835
8756867025
11844892737
9290889886
4238545884
9143453810
11360108317
10223475351
226087456
10654797101
5419151193
9681744946
8222948932
4551969691
3607966287
4964026057
6452940530
3136479517
8251377244
6000087354
8205169791
11503282908
13150392327
9760319915
8440365875
6366995402
9404049836
13175988642
11777211431
13568895953
6511324385
7976289753
9530204309
8624700381
7196983982
8766675095
4237692284
13395255436
7474678240
12987561484
8928316760
7715669730
5773656812
5854506201
11284658368
9086146930
6233068307
151385151
8905578341
8339348116
11253580546
9758896074
14376642622
4539299921
13574960741
9177588065
8852596967
9858182592
13953396949
7608968289
8538743272
11326965789
4597539557
8737159763
3277642796
9597748327
8472933458
7290327668
9872163659
8290792444
6151225869
11332947954
6517581858
4903528314
7998222091
6814255576
6166010070
7888134900
10981909703
7638008750
8924656395
12747289772
10197297527
6747860718
11988052073
8316954298
12619477732
11745020245
9598880404
7447936334
9116629796
4736011774
11309115077
8520448681
7844065330
10583214410
15893198043
10161426817
10744313696
8072887411
6977058307
9641960701
7910040876
6714594366
11889901084
7451289898
7086380095
6214300612
5849148414
12472223799
9553298680
6229209697
4602388213
3169203678
9520839199
12415818690
8037625986
13481412305
9870073963
9976067588
10230251502
8358811381
7153337861
10069247865
11192054552
5294633286
10751192984
6255054299
4355340538
7827773010
8313943759
5908754009
5869741552
2362469583
10395095046
9365214972
4227057986
8170965545
9092041086
9312740728
9561641285
8282488102
9815561428
7951983441
8510768016
8896606363
3515068648
7623461757
5220829894
8413304991
7996605915
5657072060
6248587656
6908159134
3622114379
4291216233
6719376447
6748791921
5303858121
5951934617
5102091995
5333255722
5326855931
5090279722
5212803057
5285150410
5669412072
5587177622
5612398903
5445008764
5799453073
5473551085
5094264224
4728549610
4402887350
4093434928
3810020160
3558576806
3352317442
3144102007
2944428293
2755227611
2384767578
2429860226
2296221228
1575906451
2085126078
2272422830
2214534633
2181566600
2112277558
1988333818
3544967417
3459650613
3344810116
3201303414
3027059800
2853818563
2413628545
2231932651
2467215795
1948782510
4021973452
3891007118
3734192110
3545514063
3364379549
3147130397
2926452038
2719097872
2419804561
1898752609
3456027542
3334171886
3209184546
3155753833
3183457651
1408110295
3526084936
3551006734
3515143953
4338395487
6151568008
6944033591
6710452860
1936394249
4608131300
6150610178
6451537644
6059412462
4267063768
8500714027
9813998281
6882332786
9354220948
9019505563
7826163773
5254968227
6329605695
5955951194
4577858414
6658908989
5731239207
2931247141
10982579371
8031038567
9752562312
10001882463
13602467560
9339458284
8819659347
8922910435
11992479896
7183862303
10374787759
13385215859
2280505171
7201630483
6885769436
4919265269
8954961442
11748832433
7796615570
15491545863
8082529119
10012011703
6498329168
9595414424
9711967996
12377446456
9477619263
8588137725
11331373583
8791863584
5286265084
7425509312
7000223429
6546953208
5771803130
7046268055
5774549731
5939523464
8058942157
6099460010
7066631698
2895145640
9482716334
8708073758
9838112043
7892429299
4241016200
11933438181
8250667885
11503927708
10502309604
11370224729
10903850224
12497041935
7628740637
6670958816
6319277216
14367980426
4079306274
10817491160
8376187262
8410291286
6630473372
3257908077
14816853457
14000072175
8292955446
8336737058
