7969125790
10747272818
8980673434
7072358488
10684519643
8045937430
8276460254
3827809671
7542845861
8705327344
8260023702
9049365064
7156355353
6377405338
8911758582
7175800336
9608325190
7070381092
6744889226
12225454748
6105441247
9161465304
9772702548
10864515914
3652382563
8077508549
6689592162
10888619668
8475098868
8227221033
9303214896
8765060204
10393709428
7260872995
5288807687
3840562872
9706005761
8163543675
9507749575
9695471166
4844544623
6845558511
7481794386
7471494973
6395143232
8734983841
4708421485
6741895413
7359135726
4896407172
8282361982
7402915625
10185529996
10213529502
7441845441
11418610679
8220211460
5927677819
9398797978
11606770510
11523044303
1099408714
11561249690
6796315516
11081729892
6338119050
4838947818
6469567477
5032621578
7303857649
7618962538
7711268336
6284159489
8672947145
9995800753
9970395306
12423780138
10081365133
7163957701
7417392390
12598900703
11431989505
12077084734
7650273034
8880287526
8649565235
9665616662
8059099892
8235524836
4961295078
11693700259
6760827971
10738526095
10199562068
8741344372
5964676564
6072812654
11813840517
7912847247
6477923642
1994213904
8246117418
7671942403
9715845721
10873066303
12555686644
6325652995
10805348186
8913877933
7734639456
9797774946
10662880105
8250970192
9130860836
10712899955
5073493329
8582343367
5591948786
7520193472
6701273937
5256958780
11418472013
5651218584
8311402917
10070067885
4556714823
4853624473
6360317563
5784388178
6807264361
7064737992
8766629496
9460108417
9530462193
11611922298
11476549777
6968745512
8936777797
9260889386
9878586782
10951029520
9757098841
7192519977
9286976825
3841646102
8973383918
6796512441
6191170562
10676323203
12725028835
9631844673
11021496876
7738198978
5840813493
7830336058
9231153151
4993469090
10526115139
7490537056
8762616573
5880201667
6280755441
9073238567
8885518183
8171908323
6721484368
6145908697
8710671737
10869624226
8738691455
9818318419
9250018558
9476875809
10513857366
8838971537
8719913381
9178456785
10735268729
6064338438
9326688485
7894650023
4320650223
7990559563
6814178360
6984419613
6612736872
4908432824
8862002946
8668029659
6307192604
8950957775
8746439601
10156424300
8363083497
9169242551
9863488640
8949339538
6927612064
9219258205
3912649873
7838495403
7425716213
9524469856
8343898568
8418108139
5191284911
6500802534
5011184950
6002714412
8358692310
7573349994
7074443119
7278495159
5796181617
5372063175
6410038896
6213838638
5754439938
7483295715
5857599922
6752741091
8535954793
7765377694
7059022902
8011231655
6468191654
7218054913
7539207425
7117272136
6287127098
5618007533
3318583363
5414779113
3235535780
5474722001
3522834814
4987346709
5807090028
4195200835
2844442698
5355176658
5282829790
4644417847
5223021522
5053524874
4802751677
6755746904
6748975014
6102552173
6077996575
5227931676
4782501655
6760915529
4061275960
4445043681
6198610149
7573205289
6939107042
6094060615
5123578358
5998817875
5731880428
4641025395
4910364026
2167414944
5612270293
5637264035
6117049536
6847926299
6336980340
3851360299
6133261456
4937188255
5312447780
6654904087
7333785966
6794651661
6726247569
3255125581
6567639632
7082599182
6782529779
6435652178
5948643168
9336355067
8451565822
5723520302
9912055119
9821373812
8371548996
4859603514
8540371389
4679241848
5263934988
6255557809
7606285921
3344124982
11600304388
8199111762
9479742832
10653946902
11301184136
8186817103
9209358043
6324507992
10007128673
9970904848
10169196164
13219247189
3384775177
6379027231
6768018402
6741042983
10057219672
9599080230
8015232348
15079759533
8384541892
11119138773
7063267944
8150498980
9232970239
11360559790
9435372007
7941290984
11671325040
8543576369
7718670650
8395010863
7499341533
8041676711
5195021825
9332022594
8464170952
7305242014
9386374306
6293923207
8079800760
5254312675
9474154401
10746419029
8573651145
5597590241
4868134249
10897014851
9042924708
10263136255
9400521381
9789878467
9162999483
12299899165
7920208621
5666854077
7436084234
13159934254
6595437779
9711491997
7808535975
7386742319
6913639242
3639920132
13280939843
12130369703
8320428678
8506187066
