8684415406
10410536251
8343023381
7579733235
8423143848
9417677311
9012466282
5988875742
9137605274
10249719149
8803018724
9708191627
8244923697
7405740870
8328520007
7380722322
9113562689
7042444565
8241970846
11578271570
6290573288
9483576751
9430516398
10634895664
4193579996
7905606704
7625018440
9954248663
9253437201
9028901035
8719302695
7794800492
9050615371
7164304463
6506018262
4714488216
10389574755
9149467962
10419086674
9143723368
6045610606
7252008190
8731891785
7912391975
5769778591
8130386351
6015311947
7261166415
7115121293
5373433632
9474882285
8046917762
10453339381
10225743253
7398879809
10745231237
8824466224
5725742284
9696287795
11743671239
10499193640
2167984846
11931818042
6958563155
11503445220
6417846694
5018712420
6417239282
4547495048
6521905441
8586408155
7803077713
6452893670
8353269098
9833449382
9446608518
11173414674
10742435286
8274957905
7192218652
13382460378
8388172545
11059764954
9974622462
8544140447
8113119583
10111793474
8744649171
7712513080
6129554706
10305919696
7436696916
9766537462
9195877472
8904706967
7266684065
7615642944
11330835259
7962783786
6206453826
3344858648
7544317886
5769630677
9770698521
11806978077
12560688128
5319436403
10804776308
8571885934
7971248426
10224033571
10924453345
8493001596
9446163984
10125644095
5229294760
7681458417
5948615994
7580114615
7268739225
6637211844
10960161302
6387498463
8098338796
8931176831
4264673599
4482004423
6416408269
6186478009
8540034452
6621967799
8377082843
9112795780
8858790398
11218581867
12101191791
8479859509
7662117668
9189143129
10122526014
9870409393
10001747837
8187281914
10832555759
4771542152
8199907683
7791545170
6791096176
8174367614
11585280389
9285523226
10700914246
8763775015
7335940042
7900390223
8710184849
4849394323
10994516655
7044030605
7825657740
6369109743
6639176720
9271117782
8616945358
8866867816
6922148197
6673538247
8387937810
10523486015
7461794475
9196798507
11109052488
10093695806
8973488164
9970743920
8631375509
8643494095
9280945674
6244909387
8939508446
8013613152
5032654292
8034877886
7010858791
8551377339
7224006878
5124404256
9134961596
7666156545
6302078828
9031580446
9432448199
9946227143
8553312163
9414392927
10539546691
8827514610
7352366159
8802461653
3419206922
8753337362
6398887734
8470383029
7524391893
8211254271
5871025998
6550285062
6223592791
6122382829
7971745221
6591374737
6977802803
5831763203
6555036942
5766410483
7416464673
7590403686
6627753199
5689203878
7493830709
6877358427
8466051117
8619082153
8293893426
7261890540
6908643302
6271723135
6174429881
6224767012
5798468939
5956257866
3382385411
6597122349
4007913557
5765816980
5392820912
4873769135
5491632594
4317904456
3785805759
6227227443
6592096754
5833241307
5831101457
4730825640
5644030901
7126416817
6677935787
6542627575
6311881605
5876629144
4916149229
6260600392
5548162210
5071322666
6755544769
7572887294
7064063730
6412219863
5566225155
7141495394
6716766507
6112748345
5324326983
4125537790
5459958743
6513331119
9168458843
8467986259
6129412108
4142210075
6942517318
6398090785
7580358802
7794082788
7451850395
7494803716
5139182432
5487863597
6657569544
6375431399
7276137195
6898034901
8098819361
8973751056
7377049991
6612637431
9153170015
7722149653
9479617229
5589452855
9596780869
5057073999
4872232267
7430877233
7832563042
4444431693
12101767297
6909030578
9454977896
9310639261
9836729028
8792973967
8163313937
6508331490
9294297425
8710890717
10279757758
12712118646
5072726609
7156594375
6805257224
6704167919
11315063011
9871406729
7680705239
13092214190
8479106975
10554785165
7955749906
9075829132
9112121936
11408644380
10097318200
7088895170
11263264879
8496104797
7114824747
9342550993
8871744860
8711400750
5215982837
9541053160
8763748551
7529179727
8899572701
6209444923
7574720618
6270138647
10754522227
10895895330
8812348786
5699847728
6585711338
11357834154
9612470369
9433115195
7726010006
7790307028
8580068585
11763218006
8716158503
5320658223
8426593736
13175563741
7350183187
9104424876
7711883813
8584519796
6938599792
7155960115
11760895415
10920219618
7443709974
8713227480
