6385499684
12070812639
7306367619
6738541489
13143675629
7218748856
7767214027
2933849610
6297955187
6850519758
11054566219
10645603484
6555385225
6316356372
6858719228
8165001910
9008206476
8803429062
6875462882
13140829319
6809480987
11830883610
8322456611
10836100712
3207834680
8551942398
9306319725
10101334095
9312997799
10039493785
9822617285
7999544372
10587154272
7232502304
4790267469
4504419160
11072445270
8738821413
8799510661
9268956954
6125760512
8580600043
10253986231
3931135084
6243140370
8309363041
5370550076
5742377149
7185789784
4052609854
7632635204
8036073830
10477240035
10179142693
8737672907
11818269729
9283749676
4233280089
9159393075
11349348176
10217099460
215619134
10641975061
5421689092
9682359829
8234843663
4551428450
3624033665
4950685692
6473516806
3127417472
8238932811
5996792208
8200967204
11507662179
13133446723
9752714678
8446004902
6376778699
9412981848
13168262003
11776280624
13553154009
6520810858
7957255337
9532451720
8625902180
7177928685
8761668300
4234235604
13418947971
7474181084
12987273785
8936172741
7731640298
5752990653
5893068727
11268185298
9090264819
6252517003
162937512
8922436867
8321851823
11246100485
9749295829
14376456764
4535393736
13577495635
9180780126
8858511060
9862925439
13934096717
7602882570
8542473350
11339481469
4602333125
8746860179
3258046974
9586769025
8462141741
7303296479
9854260032
8290985923
6152822969
11317390463
6521794954
4914588039
7984680925
6826813876
6158588047
7887586740
10983547908
7638886648
8914026389
12734666347
10178165556
6769780960
11966757324
8306560185
12595081832
11743228152
9604415062
7447794363
9129504747
4714759456
11310389483
8538660678
7858243310
10558385956
15824500715
10164817660
10741760216
8059223879
6955321093
9634691515
7905435276
6713112214
11836390647
7480041519
7063867684
6235201274
5858896187
12443736619
9530289970
6234235729
4609162855
3159586818
9519960893
12381136530
8049314996
13420810542
9870472647
9969162873
10220721770
8354967752
7162227396
10058687973
11157868451
5310709753
10714290356
6270732554
4352794611
7831848789
8285137191
5902183642
5884943503
2337007136
10399954103
9380823771
4236333686
8184342058
9099745173
9310403725
9554433419
8260969850
9822517942
7938982276
8514847746
8915136421
3500935020
7610163295
5225032941
8422145874
8025019142
5670934366
6236575568
6960089541
3622586212
4302289783
6718422365
6788611541
5312488374
5994465482
5096876193
5343691271
5340999417
5097111434
5241589060
5293047081
5681588453
5588768393
5639545557
5446779136
5850371764
5499018147
5130573085
4774580415
4435508712
4107169709
3836593718
3598153764
3397649840
3189908829
2978122362
2788511197
2385615103
2472749651
2334656170
1563704277
2090948527
2330582262
2250366730
2207271537
2190418010
1984702220
3609946997
3484604016
3383962244
3238079851
3067150985
2892529212
2416567197
2251452785
2525070582
1956954933
4084664587
3944093885
3776979436
3588354130
3396790174
3179692950
2957601875
2749498616
2422776647
1893948606
3504571333
3362266360
3220740148
3191460910
3250793376
1414193961
3565171246
3559824102
3536194062
4342295836
6192147704
6946192029
6731807202
1915765187
4599809401
6153118577
6478874901
6060660610
4284716183
8516174664
9821328631
6888735043
9335632623
9064141832
7832359114
5241422312
6354501305
5961929188
4566647481
6687259396
5734280544
2920835218
11001595829
8037947194
9753585931
9982978043
13632671205
9317943832
8825724389
8911629299
12008791294
7204029553
10365985744
13393263255
2285338662
7195429610
6881063141
4946904738
8941464258
11763013341
7778225623
15504052928
8099238906
10015888781
6482220017
9605269006
9697956363
12384587558
9499242220
8602524343
11338010642
8805092625
5294663256
7423167855
7003566046
6554607691
5771890756
7027172871
5770350184
5943190906
8076675596
6088143513
7063488123
2899349449
9525581236
8711244597
9835558705
7869270567
4233488447
11944240108
8257403738
11475416104
10500368174
11368171880
10880446049
12478804225
7623967734
6671780082
6309583424
14393670515
4080563150
10804856321
8379279367
8425124585
6637343256
3237398301
14827870401
13992295513
8283062790
8343340762
