6739634486
11873207470
7029179694
7000402732
13013068167
7770097759
8174350030
2444073568
6164150388
7094815383
10555956708
10593717489
6434950915
6305003234
7316643606
7865668822
9240261248
8290937342
6581989978
13491457803
6444110593
11776647335
8535588333
11203500068
3154546421
8548070392
9669719827
9604194839
8440674217
9510491726
9548886581
7936077678
10664774662
6978426393
4919656281
4621740266
11453386822
8407015339
8944653344
9080020319
6087189573
8336094311
9795945521
4421497083
6074421715
8436713059
5402251835
5381607696
6682070816
3980543723
7878987354
8024485347
10585766765
10371900193
8738573424
11884160722
9153989609
4164874725
9127599624
11107817229
10426293599
112973720
10998656281
5676020791
9992842199
8018896037
4935203837
4131792490
4858906112
6624644037
3086393232
8430681507
6209095233
7879212407
11295959741
12990675608
10111325659
8755792529
6682293875
9256617448
13077406976
11809070699
12672031724
6656163298
7998090285
9413242572
8818802185
7137069272
8707577356
3779656432
12644263191
6606614944
12567592726
9343543920
7702426296
5710254881
5939802602
11057715786
9333265984
6887838368
498884295
9001193525
9136298677
11123828851
9807090032
14073476271
4402980216
12620741796
8782741911
8540413604
9691612600
13479907108
7459867592
7848833087
12139140582
4958790149
8584355755
3627835859
9258507961
8418088182
7263971475
9530105008
7513941696
6548351460
10936022608
6244566570
4560008149
7962145878
6682188129
6093369529
8082977309
10245264207
7380170636
8746610468
11768819890
9977834367
7171710546
11723169002
8312205944
12114743816
11647144754
9618048213
7704032503
8504971565
4871600510
11149598701
9260223203
7722845889
10856890585
15107600591
10065345681
10918282979
7791562558
7058012774
9409741545
7887626584
6683429453
11204376669
7300194970
7915834037
6226808360
5993209069
11434457288
9241990915
5764854155
5903464422
3638322274
9311504798
11509937100
8019758562
11980024527
9486988381
9538488802
9931099836
8033702269
7399211525
9742978628
11455405817
5385608594
10161466342
5884985469
4883109812
8167919217
8778845947
5886442171
5356544259
2368726491
10067758886
9302038063
3897709748
8004780977
8936262604
9372426794
10004494184
7379056475
10384415074
8421315424
8478709166
9012493225
3461671295
7912692625
5580686248
8973618711
8809819611
5783438142
5846985230
6650306883
3831174854
4399539873
7591298952
7304816634
5843893631
6260783252
5267240412
4784324686
5715585679
5418398543
5862379273
5654100187
5846259753
5579828564
6670859884
6200990090
6265043852
5865845962
6116142614
5806684121
5003488140
4589963146
4767022391
4308460339
4235127981
3761392539
3543322611
2731173617
2505930877
3244027105
3288064619
1677651095
1802422076
3029565444
3248986685
2740213832
2903888254
2348979810
4443235060
3765445674
4035431305
3864335681
3959663573
3901374949
3155286840
2955583829
2870417157
2441633346
4527658356
4930598274
4882053819
4533249664
4354343891
3294472751
3767252242
3325729373
2796282061
2401943883
4365914142
4167785523
4371036871
4040883886
3989977515
1020285826
4789853527
3642156504
4307854558
4842106583
6732883163
7379156930
7100799496
1973676361
4760978369
6242536342
6658735030
6351614660
4558216752
8424775292
10210333183
6769878250
9333984351
10139608812
8046806585
5078393319
6539080391
6139478636
4298575846
6839419423
5395618311
2745715368
11288181872
8824555011
9766162512
10041531933
13875025816
9135298692
8595569705
8245203427
12246108333
8109315293
10794457020
13876290649
2577589363
6885236847
6893495447
4656393710
9071612630
11805189996
7379062726
15721982130
8723794828
11161528217
7194308963
10116662279
10306730764
12499187524
9549066314
7854156301
11365754759
9038154904
5277215107
7635013346
6624947224
6711893943
5618342166
7585546077
6336644663
5779798600
8077911205
5870926333
6736874047
3177242786
8911174997
8440884094
9313303514
7374450478
4244381303
12187515205
7590477947
11902115907
10651913346
10732662744
10212315628
12553340639
8105080155
6439131716
6969275632
14087378678
4133778867
10791292466
8035661434
8795705346
7192845323
2918621611
14278789478
13881264661
8097822370
8165846939
