8262416282
8104862698
7892327411
8410917078
6984356676
7886174677
9480672747
7674606096
9334257976
8509560688
9270822237
7607423184
8340396970
8285071610
8780011946
8400650497
7172922515
7471685140
8549160340
8856763483
9009208132
9005744298
7964649865
7401749248
5878474233
8389266589
9320952994
8239715386
8531713215
7691646673
7615110861
9091195418
7429091083
8672741882
8864210387
7199880551
8123554832
9046132470
7782624603
8209752414
6646032736
7819772348
8852547580
7967860306
8841142066
7954997369
6746862454
9046002143
6376947721
8453607005
8179341715
7573321508
7473422484
10192955365
7561502909
9551248277
8355530047
8730309027
7783287817
7339989474
8173603088
7253836273
9432694754
7768919242
8385064785
8620493469
7971865143
7512694289
8221830094
7656334935
7865600390
8928562601
6984408590
8662352944
10038485147
8584564662
9612934524
9319076419
7592535347
9243197081
8330277049
6952220315
9289076458
8693123859
7725493694
8554529707
9084875688
9171604278
8537096712
7454048940
8884162628
8400470915
7103778556
8736870971
8569085799
8173949908
8509469573
9344260595
7921433893
7767353198
7122841587
8885748857
7238591783
9442587426
8671370438
9686316219
7960460230
9722042127
9326260232
8196530974
7866184175
9041338738
9824332505
6921339307
7628340604
8358367512
8120333832
8606757565
7706385184
9274305983
8212931916
8380868962
9533687064
8822064906
8152737626
7292636560
7384888743
7822115965
6885023298
8884615895
9669942365
8732308792
9084702361
8509430452
9450563143
8154728921
8634341145
7680015034
8643150942
9004274891
8552702815
7899112515
8436540146
9618193401
8861349304
8377933833
6547015867
7379509075
9129767214
9333456953
9495009681
8681497950
9248671906
9316644993
7974558986
8189988241
9093138822
8975705066
8254846828
8156893068
6657832091
9102884110
7859662273
8084097495
9194364194
7503068013
8247409798
7797458005
8809658426
8683451010
8206563815
9925530606
7902401885
8494922608
7993322954
8971606581
8160381722
9057465234
8538702422
7970479304
7448529314
8672179105
7743839073
8647990649
8093938377
9634438382
8676169364
8475017349
7828692268
8566314946
8819280338
8222415698
9987028546
8143935184
9551222882
8284369815
9441517215
8476619953
8195596171
7706641304
8366230213
8090686577
8420432032
8828354875
8472184284
8252182354
8948819556
8902712358
8429334227
8680878851
9064846693
8533954845
7796638459
8209215369
7804482122
7396547342
9078198580
7728634540
8848981065
8368455924
7114424115
8984984708
8770468275
8683838888
7689997919
7658050834
7330219467
7675179576
7372859974
8163563827
8274377869
7656315647
6470042701
7128333593
8759619880
8246687456
8025442753
8106233504
7312655613
8027355054
7598204364
7343039381
8728438173
8974804005
8559877124
8550755084
8669623242
7758653960
7980408575
7227677650
7125493600
7872327392
7505799847
8002290466
7613012269
7888504619
7839637466
7393740769
7898722573
7354345670
7991753406
8700554936
7046768190
7346808183
8917118030
8509880974
8581969793
8818582567
8191065811
7457578044
7971070256
8251009963
7802969208
7956356211
7741194317
7775934855
8300284343
8106585846
6559227497
8352343171
8122619405
8787140155
8372393796
7152949615
8632805107
8247069743
7852983523
8499130196
8510898079
9061558696
8376266616
7749885968
7657604292
7130313156
6971111682
7866752409
9309604367
8726551665
7608214529
8367469219
8460067718
8458304972
8471252138
8172931589
8179150009
8730615623
9016705146
7762690398
8522074490
7652730000
8616493616
9083072949
7715871750
8897399391
8156845986
7671252460
9813658815
9160633719
9329884600
8620470125
7656869237
7805475088
8988134584
7557789340
8972382787
9339675631
7147073134
9485456186
8808688637
6823745405
8170464277
6864022124
8196736152
8654734949
8770140376
8396924756
8873294458
9298685252
8810868229
9622473798
7996739714
7498761008
9487588667
8126241279
9394727485
8341674745
10097473933
8617878643
8069243820
9194690114
7803876149
8775458954
8213440874
8696548435
10256543460
9145296649
8870580553
7528636695
10566948763
8058997997
8579013313
9369303182
9598586363
7840277511
7794109713
