6396191952
12059662332
7305109143
6738747067
13135408015
7225505367
7772175215
2931113195
6303171347
6849280893
11051778324
10641890739
6555789364
6308610327
6862699214
8159546838
9013118535
8801631731
6879687988
13141587406
6801982508
11837710713
8330107496
10837828600
3205710608
8552208668
9299321924
10103801327
9317996272
10049412328
9831308037
7993320231
10584806680
7253693908
4798056708
4500147592
11070030531
8738927824
8805721682
9267205192
6118980344
8580036750
10258503785
3929250878
6246784608
8300495103
5366875081
5731413661
7177400472
4065988599
7631274235
8045351281
10485624486
10189175390
8737578421
11823688744
9280814681
4244303110
9166988300
11347905874
10214163625
215101555
10636037811
5425221562
9682237144
8230320001
4550048045
3629521818
4947444181
6478680481
3111037856
8235314568
5993436415
8197895157
11500382000
13121442731
9763603748
8437162785
6373138419
9405214550
13173843722
11769031840
13547829742
6528905395
7968664806
9515011114
8625421048
7187026800
8769787364
4239758346
13414496190
7468291826
12982259444
8936658910
7736444600
5750536821
5897990726
11270052604
9086964174
6249880176
154809699
8928109319
8331104884
11246732134
9744926307
14371652291
4541947547
13564882086
9179947270
8854468133
9867915456
13938016382
7604465183
8553962487
11343034803
4585197050
8750077235
3270975828
9585114363
8468358801
7302673219
9849832764
8288872936
6153708900
11313538183
6519344260
4910210534
7969887527
6828869775
6160288141
7886534444
10977915712
7632870213
8915684294
12720201511
10176705026
6764596411
11964500052
8309233602
12601827800
11747840032
9599725781
7449885084
9127701028
4722825796
11305846126
8537871586
7865963538
10566047085
15812752991
10162857428
10739528718
8056272137
6959941494
9643510955
7912649866
6714338962
11831622631
7479504752
7065541191
6228148646
5857398414
12445670452
9522637764
6230577197
4622534050
3159034758
9510037252
12365302154
8041071273
13408345899
9882124292
9980868698
10217265081
8348875352
7158336505
10064884380
11153071196
5303186862
10703505328
6275471771
4354723849
7833915245
8292726007
5906425279
5884519866
2336265966
10394398954
9398863414
4231949778
8181206528
9100093021
9307758663
9547962677
8261263936
9818942346
7930434763
8519703840
8920368482
3496060043
7598782846
5232168765
8432768368
8026858130
5676574224
6236931747
6967435461
3624524646
4303801226
6721382355
6785202157
5317584069
6007830699
5098844518
5353507566
5343249108
5105556056
5245278527
5293197670
5682849839
5589787621
5636859989
5458172271
5848324009
5500987350
5136088465
4779444050
4443944193
4120494870
3846026615
3594205119
3402316828
3197020973
2987997216
2800368869
2384132596
2489123308
2342122307
1565098999
2092172278
2331299698
2250268169
2210861736
2207716038
1992063760
3632335088
3490017632
3395733798
3255555958
3075828406
2904514806
2416187023
2244329991
2541102450
1967504051
4084845290
3950786838
3788656033
3595531117
3405901259
3188968116
2957789349
2761198883
2427958401
1900285762
3519939792
3364734553
3220396295
3196038448
3265857208
1409145286
3571930407
3562300664
3544085547
4349509187
6196688206
6956696236
6735580586
1922927705
4601440146
6148686476
6474960909
6057020009
4264012787
8519925910
9827564984
6894561103
9333163414
9067722220
7828726266
5240779982
6351285795
5957416472
4566649833
6694247315
5732878852
2931844586
11008735041
8033689158
9746718700
9991871971
13622889751
9323185222
8829460260
8908159489
12003277499
7206164186
10376311293
13390016918
2279643781
7195405602
6887967244
4953511026
8932885227
11756946103
7781297267
15495179912
8095651977
10016246893
6472683530
9597533980
9701777206
12384162604
9507491246
8609977003
11355441626
8799521163
5291240923
7423394346
7007014372
6558921399
5772478652
7034592312
5769499811
5935946809
8087995813
6083235317
7067534246
2901352025
9522890462
8712411387
9841385881
7869590496
4217906471
11947571953
8257369510
11467521133
10498710634
11362690668
10882149447
12475218070
7619868701
6674020928
6312674965
14391709135
4076239046
10799747641
8370519868
8420792779
6647535633
3231344255
14817702230
14002660153
8291876929
8356222306
