6399363890
12063006585
7305853052
6724055510
13131110083
7230662050
7780916729
2925470619
6304363663
6856427229
11058798160
10633735991
6566150660
6313806818
6873405155
8157957323
9021880580
8809415623
6877191796
13142312306
6794988581
11832778155
8324054000
10842035941
3196792770
8556124284
9295079721
10104085994
9308160551
10051828854
9836374591
7989887433
10585285453
7261329262
4801060313
4508455198
11069606115
8738165785
8809829714
9263909863
6109860284
8567259297
10260030657
3931485185
6256227403
8318660241
5362808899
5733268686
7189707758
4065861270
7631140155
8051548833
10489911581
10182899708
8734101997
11818814256
9286292311
4237480761
9165822746
11358645675
10212732171
201757869
10631896858
5425220819
9677062524
8232672698
4550961693
3631524005
4951820260
6480882216
3110851076
8239550169
5995848157
8189815248
11496894310
13113061034
9751594938
8433200578
6373904137
9408574460
13182386436
11768940833
13532954360
6541184656
7953940936
9512474621
8617637928
7184277912
8777823330
4239993175
13417352720
7460518782
12986909357
8933813432
7736043124
5746917979
5892817339
11280966315
9083458950
6255405900
153877156
8929108159
8323717671
11244668334
9743011394
14364466715
4552193638
13557582596
9178230450
8851106644
9861926141
13932589153
7603000021
8564921937
11347012583
4578977339
8751908214
3266461075
9596462212
8459851511
7293573881
9848453689
8287595342
6158328837
11294638328
6535456427
4908446335
7960187898
6825240481
6165583567
7878817479
10982740198
7638748060
8917647892
12726352278
10179322832
6772121837
11970167950
8309393926
12606621150
11755838881
9614014234
7456917755
9136959434
4717187792
11300461553
8540114145
7863060697
10563581083
15801934000
10164789182
10738956223
8056799215
6946399924
9648725793
7914447419
6713006118
11826708677
7484238358
7059664468
6222745466
5864127586
12436522532
9531201278
6221129051
4626215991
3156934917
9514732796
12365928655
8040877969
13397518433
9891997315
9976515919
10210964837
8355649202
7166260738
10060112593
11160458130
5297171932
10700405737
6279664765
4367586459
7830645039
8297760704
5911384397
5895489400
2334923913
10394425377
9395744405
4230417049
8186261093
9091385472
9317734509
9556589507
8256681992
9817520417
7925712052
8518166261
8920084974
3487138934
7600197012
5241700608
8441374211
8027791409
5690759854
6230035401
6973414065
3629275110
4309535868
6731085220
6793397582
5321195171
6021093396
5098700255
5369992227
5345861829
5112465588
5257299047
5307279614
5693417593
5593561820
5644041119
5467019579
5853833867
5507600297
5147811191
4786438807
4454243347
4106782634
3835178466
3598090270
3413766118
3204646158
3001858209
2825758375
2386156337
2498690946
2331010998
1571892154
2091651520
2351108022
2245993695
2233633005
2219620666
1993987146
3641956303
3505258668
3407868154
3264240009
3085571314
2911721512
2424278110
2255082751
2546227261
1961608260
4100571734
3961505829
3793354170
3607444590
3417501876
3198879438
2973260983
2762470106
2430084587
1909423312
3529189277
3367669478
3231129270
3206436437
3287794235
1411539365
3580543141
3566791479
3554951218
4343092284
6204026112
6959982545
6732556697
1931063184
4596793117
6159173951
6482270601
6059552657
4257057297
8521541220
9827383903
6907524615
9330373441
9081959448
7822379148
5235965585
6349989086
5951595876
4567056108
6696431697
5724838947
2933208450
11014106591
8017243494
9744319644
9990578077
13620638289
9327706987
8845734069
8900048186
12003043752
7217284883
10385560083
13391398452
2290143325
7193621695
6890676225
4947644722
8934995258
11751165316
7790162353
15494168476
8095879541
10024827876
6478323337
9594955717
9697401839
12384931790
9502162040
8610207217
11353253308
8819602694
5291375540
7432598738
7012991361
6553547194
5756882916
7029926433
5773827487
5947095593
8090194487
6082317628
7080934274
2899583414
9528540018
8712629882
9838318156
7864276251
4215640658
11950015956
8250218495
11464826422
10499624550
11362851938
10886591008
12476295964
7616958262
6663427905
6312925120
14395635936
4061623796
10795399493
8370875748
8424764521
6650994080
3231217751
14817072494
13996856450
8300030602
8353541135
