6399779669
12067196858
7304811662
6721478039
13129715062
7233792651
7781572790
2931034829
6307835989
6850775449
11053726122
10631465237
6569495753
6320246405
6880736456
8157413648
9018827685
8809590978
6877672070
13145253377
6800328940
11833457683
8323361025
10840112748
3193340080
8551876327
9291023647
10109225714
9312170237
10058723834
9833146519
7986859353
10581587729
7262554162
4804174785
4516108697
11069020325
8740471966
8812774654
9269651471
6102235688
8569089014
10254915135
3929151784
6258640456
8320226732
5362917574
5730080964
7189222597
4063540679
7624331502
8051008413
10490303320
10185286668
8735874601
11818499192
9288701336
4233297458
9170111180
11358716211
10213148786
200096380
10635009487
5426998813
9668276880
8234146214
4551434438
3634088265
4947275154
6474537397
3104728878
8241554732
5993683792
8188705281
11495875554
13112119831
9747737587
8435347329
6373317106
9409125180
13189289477
11773717547
13528469907
6542713362
7955303319
9513112216
8615785611
7178342617
8778187981
4238059135
13420279772
7460488517
12987722555
8935984665
7734566178
5748822901
5898380312
11277483070
9083190135
6256673655
150641217
8928802850
8324060063
11251742978
9740704423
14365685186
4552492554
13551616343
9178579495
8848982743
9861615014
13931643270
7596857863
8567778963
11357834730
4576745979
8753022311
3265610450
9596735669
8456021524
7293353235
9855203690
8291927082
6152346467
11293647909
6536002142
4905604150
7962669208
6827547485
6166941443
7882210201
10978057438
7640851387
8915560975
12730363259
10179680502
6769674877
11965719149
8307481861
12604721772
11760820281
9615245075
7455451940
9136197035
4715973683
11304230495
8540662304
7869408553
10563269494
15794812412
10168437634
10741121062
8049380467
6942464547
9646093672
7919268682
6711535475
11819414547
7482708374
7061661205
6224374125
5862293862
12435883209
9531456774
6222296207
4628705223
3159075164
9511364058
12365046715
8042030770
13396484516
9894896842
9979712622
10214508362
8352932809
7168419167
10052804143
11157802730
5298046235
10705413257
6276843463
4361805290
7831226781
8300938368
5912320418
5896588352
2338331622
10390637397
9395494612
4235007228
8183931321
9092875634
9320685249
9561006206
8252337161
9820047179
7925397219
8518458414
8917323276
3490643332
7597121858
5239902098
8440009425
8028934186
5694037258
6230431670
6976330968
3630368387
4307587568
6732952611
6800180074
5317732906
6012835410
5099196172
5367515431
5346069208
5114353266
5253565508
5308210218
5690457302
5594915536
5636180816
5465135906
5855415986
5518723015
5151658956
4792227563
4455963863
4109687025
3833056712
3598375306
3410893016
3209851699
3007418395
2832883806
2381731426
2504274426
2327714013
1575143733
2091133885
2362948715
2247857545
2237244420
2221500310
1999028798
3643810295
3503556454
3410949844
3267456578
3085086361
2913266712
2424488471
2255499985
2547506510
1969450042
4105358525
3964063173
3798036081
3605257545
3419848008
3200849624
2976747305
2764406975
2428718008
1906710254
3526161393
3372477821
3234703727
3204132958
3288410668
1419044955
3579057941
3566061918
3557433071
4341032392
6205722483
6961759652
6738785660
1920022946
4593580070
6154922536
6484818491
6061639835
4251877359
8527333110
9829648928
6908025612
9330039236
9083784027
7820757966
5236967892
6355294556
5952914607
4565654528
6699869999
5721365043
2931676922
11012824169
8019621589
9745390056
9996637108
13616271997
9323502923
8846493830
8895662553
12004441206
7221530978
10390019624
13389586874
2288272415
7188616787
6890363814
4946291780
8933733632
11750897531
7794130946
15499047979
8092328510
10028316005
6478637674
9593034611
9698391178
12385888703
9502925311
8609281075
11359562154
8820147968
5288493611
7431596954
7008560087
6554461359
5759538813
7029333055
5768732065
5944581663
8087895305
6084063334
7081771675
2899467349
9534451839
8711545648
9835499143
7866791117
4219829874
11950103626
8247537859
11464365026
10503730919
11361195585
10890713977
12469936177
7619352339
6666686811
6316599543
14396565953
4065931335
10798310937
8364508357
8425261947
6648611720
3227530265
14812658389
13990895298
8295949123
8354077202
