42039848
59573362
45090698
34835453
24855808
36223997
23716117
43359888
34268003
29376426
33461694
35203376
44270296
25503988
19648891
35182158
29668692
53625091
47745277
55360368
47297772
29336308
42057730
30421391
56079274
27383489
37213310
41554820
35983865
39215647
23279202
33869619
31575407
38500224
52630361
28865889
42247853
36568109
44926884
38032389
43902420
64684361
28754717
35991736
41452116
40022386
44930036
45997269
35332294
49895602
29946834
32414733
43739514
26986597
29967405
39218535
25062329
34987093
36250984
28196953
39705268
54670913
34651670
32298518
53428381
39745514
43318411
39025723
42351813
52286179
44423638
36252748
20376959
45910106
41832220
37982943
20730182
29940294
25787805
32519598
42715259
50542269
34233485
45494448
39890114
40386449
30313153
25870625
40129891
46338211
20975089
50999675
34009195
49838309
34240262
42850374
64033989
32416650
20233740
48551359
50605280
67396660
33858284
30190317
51073108
24475535
48928725
34938413
55470258
24615812
69635989
31131496
44658453
57715274
27888278
41883938
30808163
36412509
38790423
48364705
43052021
52448731
23003094
44967968
41564346
87338242
43415087
38290174
36132330
38892558
37671904
50080851
25986703
38521240
36448425
58942705
38407238
43169551
96414898
43648467
24745601
40319945
25391249
26293075
34471348
42857545
22972809
43785204
26801441
24034575
83802922
33846203
29292630
27865104
48039985
29090239
34316850
46202822
36158938
36801172
56909454
65508172
37202354
36494619
50853746
44239169
24010905
32943028
48197961
31733715
47241300
17791815
31539403
31930390
39767233
35774509
36172839
17295419
20548583
20081000
24057122
23739910
23720585
20954576
22405263
20065217
7044932
18816466
22561048
20939641
14155676
17679204
15656172
12029401
14330220
20844323
13486889
20077989
18950826
17639693
17557618
18307064
10893334
18748796
15093375
22012327
20078591
21115348
18438377
14090145
18704371
24601319
28030909
23932555
26078060
21610555
25196713
22673731
18967600
22561418
25281474
22180370
46966946
22587539
41142945
38923467
50674443
40162681
47584607
22756608
40891910
41634499
42008329
33227489
39718864
44767290
77456463
43949738
39484411
36124948
36219963
44212436
64378794
30047766
103165724
55114709
115321337
29599625
126695887
28199349
38208468
41590997
97075059
47290134
44898802
46884739
48148345
65749721
29100463
38739362
64651409
47323632
24201643
47686585
44941474
35318657
58083528
45965747
57192653
43347823
27079355
32932707
44686677
35518846
29855236
28302709
32725163
42006572
38281031
35973276
27111567
54489951
33681604
64391383
43568359
51310585
55158933
47308864
21695389
49324741
28630345
48342736
43592173
26611299
44225960
33332007
31829653
73624976
32907456
24007668
49338460
59389269
52335384
40545411
56300272
50928305
40791212
31756506
50910733
34843364
25930888
49207495
61305414
50181684
27621530
11381112
29711017
53290049
49970916
42990090
37389123
41121886
27680263
29396697
46443485
45828952
25965822
57193178
30572532
36088108
26016113
47507832
59528351
19385809
48236556
44969052
40437134
30501961
19404574
29837776
32616143
46088335
42754100
25947468
18239268
25724839
50455519
63347241
38478580
42224923
29177840
46013938
32540938
60987791
18688416
56646924
66777148
39219032
22258080
51357804
28286092
44280189
58418477
49403083
37719334
