41955206
41653633
41241114
42976893
40478345
40435629
40981971
38055248
37022161
42847615
32767327
29590248
41647960
39322479
43748991
40093466
36557542
54429635
48196573
48434035
47586388
39031925
42137260
41110367
35579089
25336139
44178846
46752644
41686231
38441593
41170672
41087431
37370426
45024310
36706146
32663769
40625850
35277174
43808605
37067270
42207894
51601293
35933842
37136843
37621890
38033929
39171603
45238570
36762225
39453810
40224050
43362840
40947859
34794574
41435605
42248315
38765535
37900071
47441612
39276757
38052090
43116614
35648404
38563514
51582622
42011536
44915118
43710230
43930366
39316950
36073611
42693340
29696677
36512079
38053301
44464841
33387643
36531520
35597239
40497947
43871114
43028655
46950856
41865315
39236190
38849126
37425335
33568378
43254784
36681831
41009247
43878280
31339806
35199054
41039418
47853217
48206819
40217419
40846363
44790468
40099784
28423947
41707440
37277174
45871431
37912529
43978327
41460012
44848439
35289864
45395653
43687720
43061325
38217086
45730622
39396506
45177375
35014923
40030533
43026918
47231894
37888345
39234334
40805036
45597947
45160458
43137475
42003695
34802919
44937670
43784293
41067525
43708904
33545455
36477205
43281201
40494850
38661120
38617091
37637457
32099290
38041140
42154462
33579172
41255143
42719428
40517300
42321659
34209119
35296184
39429561
35170687
40226623
37076594
38676012
37330945
34620553
33354310
38795583
34827611
41188636
39929957
39634142
40297154
40770011
38121447
39479426
37522570
40880677
39565329
36824781
40929576
37831687
30059413
36187950
36028792
38323197
34966574
34395915
38117405
31385347
34136508
33454777
32608037
34017844
32788781
34287037
36809451
41833986
32031929
36336164
34271222
32006394
32626333
37672643
30094351
31432648
33941664
39548311
36444285
38974478
42983977
40298893
32964903
35517605
38869895
44155772
40813976
36027703
40472121
41048837
41869384
42076328
37600427
36593503
44787469
43137501
38885806
36162387
40985509
35738313
38817257
41618906
34441280
42281305
41582348
36785438
42765427
35615481
37598492
35199561
42753507
29312093
39132305
42082756
41007642
51076479
41038138
39576910
47930759
32530068
35345701
45473382
39583725
50899296
42703357
53981104
51748609
60829233
37442250
41506170
42190843
59550162
45765898
40002526
48595225
40941470
52349729
38307304
37628296
53022180
39394391
39868338
41107970
47986697
35870459
44232903
36400206
53253458
30438130
43115339
39446310
44430273
49897750
37290736
36529234
36686190
40632795
35044222
38052364
35103620
42158319
40587762
47607396
45240031
46150737
40514771
49970813
26520801
47254936
30800191
46351432
33206339
32433298
45147896
37984412
40720204
41757182
39980237
39403287
43011418
44348526
45940924
33198501
42030045
47258486
47036959
39179539
43203612
30330421
41561350
39682177
38508261
50374183
32083686
33368656
39473602
38017438
39847250
46820616
39307013
45082645
40418385
38589633
34367510
40136562
35528976
50403275
33117207
43222899
40084156
43447791
42566925
31464057
49868949
38664609
39052508
36915735
31940652
30560140
42635192
40789584
40839359
34380616
37608496
32803607
42724673
49014073
41901597
47607370
36282803
42864100
38505091
51974256
34307685
41248185
51806512
34938447
40275677
47142644
41965867
40902361
47596354
50225045
49574783
