44235759
60457116
47464503
37876593
24683553
35651621
26858136
39954170
35920226
30619928
30140650
34071529
47341504
27752668
21139316
35700603
33247244
54268365
46282449
52564917
49677209
27612428
41349444
32154353
53847929
26137671
38802623
38804238
33295712
40740479
19109804
37303503
31077991
39933877
52614391
30859812
44518112
37559463
44001772
40307459
44923687
61920209
25601866
37405382
41377747
40365274
43002213
41872762
36577859
51357465
29084436
31428408
43935204
24841848
30616650
41329037
24611344
34950608
35936529
25018550
38650372
58347819
34265040
33466970
51302834
40768615
45463295
36699129
39521960
51138571
40985572
36716617
20045381
44599618
42179622
39760267
17168965
31530570
27405808
32407242
41612283
48815059
32788435
46501155
41565787
41274739
32815151
28203678
43050136
43605598
18598861
52046767
32852637
45594081
34248830
41992916
63320759
33513823
20999918
50625774
50329182
67739788
34736271
32716224
49651482
24544902
50194118
34850680
53242705
27270035
72708670
32790703
47726199
59208475
28676491
39549068
32188727
39699520
38981948
49223028
43124854
54746582
26062011
48341785
43317979
86175245
41808529
37285418
34320290
40262841
37059120
50757190
26967187
38910755
39262455
56196860
37640603
41153681
97501123
43020249
24577032
39962589
25460826
27110993
36150079
42838852
23181938
43640242
25487251
22324422
84188469
31109599
30745622
28697224
47948081
28517679
37538557
48168575
38372643
35965842
55517540
68969917
38333640
39997720
55141628
42594985
21580482
35076555
50058285
32541156
48350433
20124929
29356673
28393240
39301588
37105294
35318819
18370097
20287945
16995558
20040128
21648236
23012321
21885786
18761080
17638257
6461464
18420499
21510877
20075398
16506170
17784860
15807971
11007675
14424686
18919280
12191690
19004399
17222352
17900667
16861723
18697227
8184777
17783847
17155774
19886453
17459877
18498833
16959320
17704286
17739227
25783446
24845535
23328800
28722959
21293240
28588656
19767717
17857601
23769351
24684524
21239776
47414527
23229813
39213366
35392080
50558456
42561929
52400610
26229360
44733722
41763823
40321717
29704313
40059252
49404180
79222633
42798160
38272118
38369692
36572309
43630010
66559035
31295024
107586549
55167880
116279103
30006537
126356964
30096073
42381213
42378446
95672986
47828165
42625405
43446302
47665916
66125180
28234279
40379411
64594091
48470887
25627508
49393394
47734670
36574879
58595747
44821289
54686940
44243087
27850865
34349262
43704032
36577115
28753940
29609948
32755949
41216617
38528436
37875156
25541523
55198048
37093594
65524206
45766193
48839375
54512474
51506673
21941233
49234592
30962611
45727643
43615290
23138670
42812338
33014491
30827244
72268428
34238567
28440557
46416534
60808762
51949479
39749754
56948450
54499187
41433084
26986140
52655321
35875301
23795839
50006542
58144497
48361098
27704302
9918745
30655331
54369028
49947690
42780261
36656402
39912315
28319613
27335532
47602168
44946379
26954677
57346937
29134072
35227638
24440721
47968492
61866293
21879382
49514470
42837650
38142050
29309411
20030952
26392550
30482538
42801148
42349061
28792957
16485809
27099024
50986511
62664391
37984870
41720415
28341911
45386571
31454126
64625101
23164586
55302458
69271688
37728442
21453964
55154423
28149485
44999424
58377201
51989826
35768032
