43147130
57415306
44011755
35664878
24830672
36358068
25375159
42838996
33964880
27694108
33252163
33872936
39952893
25638655
28215032
37262336
33269129
52967534
43521214
53938969
54904466
27765734
45997226
34121255
53763582
25343818
37601628
39389225
36033887
40290740
26494534
34538994
29481434
38375844
45595863
27299471
42406255
36165020
46657626
37037693
46889062
70484209
33497584
35311451
45008101
41740824
48021662
47223838
32111785
47869503
29609497
33116894
39059135
27879002
33722730
37525227
24273336
38558750
37269290
29100634
38477859
51929504
34450526
31473225
51280139
36156132
43977291
40719660
42358042
53719568
44916364
35750405
25797056
46293092
45079161
43181535
26051646
31587688
28598149
32060464
37680155
49597160
33833443
46804456
43185658
39918269
28061923
25613143
38985950
46366990
26337621
51028648
34788916
46167938
35824025
43556989
64341532
36712324
23726492
45650563
49666940
63593166
33090202
29513830
48025934
24552943
50088738
33168042
56764683
22323374
68601159
27814093
42737052
57928595
25358355
44955862
34978462
38627231
33685638
51117650
40768360
54856926
20978653
41042017
38181172
82228996
45047804
38369739
35562338
40595968
39419593
50108451
30276652
36377782
34047288
61005069
37303762
39192951
92137193
42277711
24542963
38334906
28604002
26536266
35537422
44347560
24497857
42170372
25409458
22695424
80385893
32884016
26892842
29525015
47216188
33602121
34897197
41150759
39121879
38246376
51685292
60231297
35402366
40720259
47032105
41214240
27472959
31296603
48566482
34453360
50604594
18417144
31214539
32214872
42397453
38207982
34327578
21607755
25192417
24294083
25461867
26903290
21741320
23620413
20690947
17177817
7021394
21822881
22747325
21625056
19818469
19032722
15399468
15409585
16349311
17604301
16627354
19821079
20110852
19585025
20106005
20852121
16330059
17099597
19325918
21239075
22899431
24823907
19979017
17625613
21880913
24874039
26551777
29172541
27119500
25793432
26129102
25273682
20145269
24610901
24044136
23914848
42634710
27304755
41621033
37405389
46306448
43919140
47841007
25100201
39868334
38296858
39696742
33678198
39836079
46999549
78003365
45327030
38491599
38040260
39840846
40592660
63090851
31928321
98666346
54310133
111999757
27007160
122047540
26591524
36126099
43068604
100164114
47945711
43498695
45511932
43403346
66527870
34034734
38945259
66255044
48350323
24104760
46531978
43355885
33964779
59399630
45808864
63932083
41140201
32190418
32664683
48407039
38586401
28009713
25373369
30546650
42799477
38935039
36672772
27327846
55603719
29098476
62509728
45355180
47947008
53879766
49112628
22901856
53496258
29815064
49870485
41399387
31064450
44383070
36748475
34377527
70512238
37654929
27621752
48417633
56531763
50609881
38042381
53616677
47918296
44404930
32545278
49657179
33461723
28842211
50313424
62366165
49354286
28373088
11799588
27660336
48947024
47996472
43411540
32834278
44917571
32741359
29707475
47169065
46077563
26560319
60637140
32667570
40961605
29204467
46373636
56292771
18349597
48963054
46329390
44360774
33064580
18913853
31373884
33018806
46281177
41832119
28912198
18802075
29448273
48288042
61337886
37567443
35726141
29451945
48068784
29905499
61874374
15754443
58993103
65296362
36697931
24033889
48993233
27552459
40703432
58916151
51691142
38464448
