36716953
53366500
36620262
40112185
30037267
40947752
33775886
45380929
32199658
44549069
32102955
35538296
32184151
35444847
30186978
35549011
31976456
61413666
44036241
51323215
53010166
31323344
34090743
30694137
35226079
15147076
46535395
45468485
32802373
34547618
35748297
44743429
37268891
34774788
46564629
34544985
33280008
39351986
36023145
36398350
46626714
60520318
36642237
39645197
44815107
37399695
46990810
39060581
35968410
40139752
28589095
41349905
36530063
29624155
36215251
44042410
28198031
48167093
45485469
27354363
39469515
53626213
27551701
28027199
48483034
43889809
48552644
44373540
44568626
51501060
41536812
39210384
22982652
42159767
47674679
47249570
32855972
35896017
29134877
38061883
39416811
43806619
39650341
43467765
36869384
38277103
36644824
21414105
38462711
36248873
36866915
48254267
29026692
44219109
32652544
43604799
58920696
39676462
35834786
44419922
45534546
38799689
33614728
42343083
51729061
27680928
44494176
29941914
51475501
35802105
55802732
34529509
39475848
35114646
39552171
34570515
33765008
38884511
32655086
45187988
37475139
47291468
33082586
45232264
42737781
52158953
42498807
33445988
35000680
49844133
38769059
37012020
33721943
32842096
32963390
47057692
47177374
36550786
49151644
44608789
31493325
32716295
28063230
22993571
25468911
36321537
31705124
38152932
32167248
29008526
46741023
29172535
33843864
29902639
39855776
31527105
36028357
33110043
42194318
36241714
46957072
46731598
31996257
34448662
38122665
38370415
38243881
36921726
43616333
38468488
42888356
29177881
36046410
21509932
35244483
37346923
34639205
30602750
32311667
24352563
32163875
29857365
25091479
19903397
27462351
27478436
24466577
29327689
34417736
35375440
35280274
29044566
32019219
34023748
31175168
35620510
31585206
30699646
33544376
38459063
30678685
34241346
33010354
30023997
33567939
26030215
39703296
38363577
24289354
38551848
39342805
42621471
34760020
42267664
33702895
41756472
38702458
31593412
28138624
30220431
33584311
36647484
33961035
28703894
48165494
37561172
36638248
48972198
44587787
30124872
43826704
41821174
33078609
31959204
44561276
48940088
66846603
42258653
34010676
41985896
31669019
45002099
61159410
30808389
81605080
38784202
88064148
48328539
98477678
33582438
33152580
48362880
109590811
41724986
38657586
41786425
39429191
64847224
29551664
41050025
67651968
40004349
30934973
37877292
45663299
31017827
56849245
43728436
67238204
39887400
41141219
40120723
42284820
53033563
26153834
27435008
34559566
39522962
32070287
41615315
36008994
55492432
32374387
56215684
54912641
44112664
38698121
52206699
19948987
56206700
30505914
52749111
39258083
35701081
45056482
37048148
43269368
57276509
35121325
39709028
45717277
50769860
46153441
40310671
41209235
41870461
42777867
45524943
37895462
34825929
31595601
31268952
50084383
56168425
30657811
20438795
30702486
35041820
44232802
45228958
35878445
42342631
33743505
33452159
41912048
32777934
29006419
52707546
33604492
39883124
33963901
45265766
44645918
28943327
49930052
48067134
44296916
28883095
29600504
34535058
38275504
38903842
38406852
32614222
16521727
28959859
50402412
51545256
38420586
41026226
32091435
49373453
35018879
63366027
28395009
52265125
52800213
25064367
33661857
45722777
43005738
46078929
53992648
43373837
42614669
