38392108
59527048
38541679
30620809
25416097
33796056
27676041
46783226
29995550
29984305
40748955
37475287
42203564
27610028
22098944
34037281
30615877
53829811
46982883
52874959
58338732
35016465
44485091
31313006
51734800
29022375
41384883
40440378
33838281
40841397
33493406
29459642
30201280
39639666
50727733
33179837
39688221
38884031
50772549
34100161
50296513
64421131
36297129
37551263
48321402
44005104
45503421
44621910
24901616
42811142
20740584
37407706
32407774
29338544
32707565
31611073
21241514
46793514
40170263
29153973
34356482
56718846
27536956
29238523
54202733
35357998
43905918
37886833
34379784
50085406
39099266
36370381
18387406
45176342
37507811
46188656
25756371
35647519
19861745
27853061
39424047
46372855
39537768
38940839
41472577
41706046
29629226
28575910
36455481
43463974
30353399
51529610
38215217
41377857
36592138
44889950
64962921
38987552
27922466
49970778
49187601
54038561
33021342
32668583
41661686
21787240
45428041
32824770
52599458
21834518
63849582
30744847
40404574
45679794
26252442
44297740
31392528
33377741
28726125
54239075
35162974
56406000
25516111
43323096
37677595
75255691
47844229
35715712
36792350
47640670
45189429
51478049
30674504
41820251
33257480
60476473
35842125
36020837
76771416
41890119
21155278
39743951
28075410
18000872
26671359
36522740
29676246
41259722
28885555
24053458
65679760
31548075
28747142
34695900
45817257
35805517
29583112
40534472
48462299
38574595
47690817
55263086
36084015
43359005
46786151
43302043
31160317
29173663
47586049
36267042
45883622
27067192
35104098
27571161
41522908
42200073
35127407
28655280
27427934
24270481
31062803
29311940
28148362
27154058
27759271
21662265
13308091
21634311
21709645
23218845
24521853
21224498
22193969
21132116
18927722
22595778
21573497
23868366
24327803
26490296
25054385
24285326
24438674
25679561
24793155
20942323
28172871
27624262
27021923
26601897
30124260
28217187
30187249
26715042
29517924
28701989
24732573
24415218
22234647
25287731
27206351
28642174
37127712
30998864
48907844
36817858
39151697
40249268
47215577
24506206
47473295
38678876
36579082
35778517
35651877
50237095
79190693
44289690
38939849
41355544
38627187
40079206
64463168
32103375
98086365
53742937
102005915
28073163
109725852
31506989
37303725
50647987
104567597
47612807
45971078
44257876
37926186
65603896
29501175
40469736
66379883
40045983
30100779
49359598
47453818
31883588
63055404
45805846
62576805
37024722
36925766
39054337
50452449
49395131
24426221
33630787
27924776
41377484
30617732
39803670
28241460
56470400
30930524
64357667
49769309
44243249
54791991
50539298
25438353
54467779
26084378
48944012
38635635
31483756
42805138
36412794
39079268
67589746
41967053
31515436
48038093
55128728
50730698
42149348
48394355
50578337
43015264
37730002
44035273
35044481
29106109
45571319
66434469
56508710
26120421
13984385
34953316
42540091
45216356
43250793
32486424
39484540
37639986
28782525
43600506
41822413
33892172
57801798
34126554
39090965
32587089
41549160
56342604
22430472
52136497
43037360
47851225
33024058
19546984
33511314
32783835
37237345
41867855
32220914
16349311
29207979
51307235
57886182
42903008
36355121
29123656
51076769
29577924
59604519
16971002
53471230
66293338
33308328
24789458
46633021
29267739
44579672
53306342
48273660
39700238
