49779054
61164339
52141789
34318740
23549469
34701390
25700084
41236361
33027158
28975711
26507707
33707786
48666611
24902367
21325473
34902299
33081160
55978417
45839912
49822774
49839017
27688702
41650610
32371662
53680813
24149671
40400161
39347889
33583057
41860115
18563040
37657403
30690928
42277935
54176329
34321936
48387873
36961609
45699576
39490052
44332534
64211182
28895819
37591553
41414057
41789188
44000424
43791852
38517615
52033499
20948966
32632282
42478429
28452353
31845630
46139137
27541553
39024753
31267619
22483099
37007511
56371752
33180658
27681966
50924702
38851283
49567525
40296515
38189165
50997087
43263557
35522571
19989247
44698715
41843338
38970310
16464281
27516380
29281382
30658340
39161803
48922919
31671556
47660242
42078155
42152390
30423405
27813633
39531789
45017894
11666509
51958182
30249941
44790416
36542952
44892760
65788909
29257648
23132231
50673677
49258657
75588339
35970377
30966010
46164514
28105637
51252364
35117635
49408844
31544491
74332249
36749997
46624725
54047906
23072004
40124148
31934783
36275158
40411999
48120914
42577954
58369002
24256385
52424403
45476349
88975775
42595749
36689325
35901007
38635670
40482743
49710840
25369175
39044632
38624547
56865312
40932128
37111999
106743895
41382048
19492561
35987003
22980286
25620398
37627627
43799165
22792291
42644102
30070939
23328374
89277658
31744898
29766199
23373258
45934841
31463809
38613533
47568604
37369882
38709904
54455110
69551389
38911268
39583285
53823683
45500131
20244602
34744763
49517211
30594004
44138691
14685848
28189254
21849923
38319532
35068408
35467305
16543863
24834628
12800479
17474878
19551596
22750948
19350147
17008958
18647871
5139930
15715846
16741612
17518962
15790566
14778877
15334860
8769538
16699078
18305390
11194384
14863800
15788415
13533500
13054340
12985439
9078425
13446992
15994702
17508841
15755666
12260375
15574566
18191033
15352027
24745638
28887472
23176979
30588058
21772044
25579753
21569514
18464372
23802145
24855739
25746373
49239908
23632993
36549416
39212238
45394640
43909439
53458267
25624279
43346567
40594044
40999434
30709032
38976299
50237557
82855100
40130742
37504061
32967020
37862845
45776828
62974783
33540602
114351109
53871344
120217813
27235316
127516142
29009646
43076052
43739461
91959359
48401131
41730100
41169041
47986127
65649498
24916111
43442289
62905589
44877532
28275339
54813956
45359325
35012669
55939874
46778626
54569679
46942040
29191305
31214664
42615298
34910579
35624197
32294536
32350249
39922327
37515266
36021175
23592896
54399121
35024121
59803082
44169514
44820558
56448064
50547896
24823541
51843130
33561734
42959546
47246071
26229349
45785841
37327559
30473963
70236205
37106976
30017480
45382081
61792348
54319793
39126047
56514211
52281935
42530136
24010872
49622087
33783769
29150733
46703026
59419036
49687776
27587918
13065176
25923774
55689608
49062722
45486262
34537066
34322492
27014016
24986082
47670798
46789460
28876811
60351875
30966858
32989658
25608661
48529860
63561241
21640230
50529959
42039341
38753867
25361008
17982514
29483794
25657334
44171196
45179406
25925939
14516620
24897065
45922304
66400535
38365575
42089575
25265266
44052868
30844222
63075439
17870997
52606763
69841072
39139839
19745867
53067414
31995913
51452470
62149993
51659366
34604756
