37544571
56834066
35132913
37144676
29897355
37886468
35684217
47660501
32396972
37476292
33450286
41323654
33156605
27857926
32695262
37902153
28050806
63337971
44805046
55598841
59704955
29796790
39604859
36578844
35947422
17133621
48711464
45295192
34293133
38562964
31850368
41003940
32792893
36513151
44151185
37421099
33891152
39746219
44965252
35389641
50002555
61207661
31420925
41702387
42266485
36498347
43679723
39274415
33258102
38374811
24562790
41230631
40307158
27637724
38389109
42088503
23293465
49685318
45061341
28191078
36442221
54655394
21815084
29142219
48176680
39712682
42543622
40804761
43285830
49546878
36627030
34999680
21495263
42610592
42410910
44088346
24888965
34492430
25563140
33136787
42966996
44372035
38442379
38415917
42650916
38287952
37304281
23508363
36233277
38225845
35200837
48859703
30173359
42783180
31997659
43483983
58208462
46354328
29100698
41694539
45369226
44074142
36642677
40196045
52590321
34774118
46416033
32207287
51112180
31953439
60411767
33994631
41362002
35126792
35350765
37404690
32925919
38848947
34897904
50992654
39655063
47365344
29254100
43877194
40425716
59171534
41810304
34123574
37437798
51080408
41958583
41398451
34677760
37833691
32386568
48626827
45850379
38266369
53794123
44486525
32135456
33201871
30731650
22827295
25258780
36830133
28993345
42084278
29258849
28060291
47185294
30625484
34091976
32613374
38884842
31467873
29252001
36943625
45183533
33688795
52815211
48091708
32502805
36465922
36275571
41585707
34326436
36490333
39795452
41222545
44734686
31640846
33717612
25022555
36871280
38798121
35507603
32608558
26471837
24454385
33441385
30361262
27967846
26769087
25766299
25337701
23337988
30075072
31795397
32097245
34437334
26999467
28241191
30156116
28058984
33942677
26565484
27711319
31705660
34229633
29438422
32787551
33341986
29860399
34463439
21327072
37272066
38223923
19291910
36359329
34345916
34916165
31306580
35278192
26326219
37080599
36297584
34928684
25073753
26542607
28935406
36161512
32887487
28004046
50323052
35208494
39137382
44377109
44906719
29229275
44327446
40040750
32189382
34304201
42182761
50593587
64096126
47136788
36022139
43838117
32538761
42500712
63367050
29828517
85057741
42380462
92709106
40152945
103127169
32499447
31412088
51613776
111063596
45296526
41480265
40681876
38684480
67336064
30117010
42789259
68571652
40938812
32636375
39892744
41952421
30010673
56559243
42662166
64974831
39637697
38677039
39324008
43769733
52211093
25551901
27280848
30726100
39725084
29761720
42966739
36865768
52172266
26096189
57746726
52155198
41962347
44405474
51056818
20192140
51611140
27314222
53349398
42110281
39658985
47953396
33071789
44081229
62923455
33847911
40507117
45395798
52342957
49854271
38763902
41813309
42234125
39844372
40079721
37715335
31421230
27908352
30499915
49895994
56176869
30614560
17823298
31714006
40815033
47911030
45858723
37841603
39480681
31404559
25398625
40758786
33418859
26627705
53076134
32839167
41035178
30677515
40167164
52313237
25102111
50956626
46580999
42935862
30668230
26235613
32955601
40522186
39423125
35583770
30763869
14664354
29869385
50933428
55056130
36592613
35539698
31477583
51467722
31749939
61046873
24169155
51776553
54617067
28308389
28652058
46670923
43121808
46600806
54689173
47552798
42783306
