6.53
5.68
8
9.16
7.93
5.55
5.55
6.71
8.85
8.48
6.47
5.98
6.77
8.3
7.26
7.39
5.31
4.88
5.49
4.21
4.09
4.39
3.78
4.39
4.82
4.64
5.31
6.65
6.47
5.8
3.3
3.97
4.76
5.19
5.98
7.14
5
4.88
5.43
5.31
5
6.1
5.8
6.77
5.37
3.54
3.42
3.78
4.46
5.43
6.23
7.26
4.39
5
6.65
5.55
5
5.98
6.1
5
4.39
5.68
6.1
6.29
5.92
5.43
5.55
5.92
7.81
9.09
8.3
8
8.61
8.61
7.14
6.96
6.1
7.81
7.81
6.9
6.29
6.41
5.37
5.07
4.7
4.46
5.37
6.41
5.68
5.74
6.35
7.51
5.19
4.7
5.07
5.13
6.96
7.63
8.3
7.51
7.45
8.12
7.51
6.71
7.39
7.69
7.87
7.08
5.62
6.35
7.69
9.09
9.4
8.79
8.24
7.57
7.69
8.12
8.24
7.81
7.57
6.65
6.65
7.39
7.39
7.69
7.93
8.61
8.24
8.12
8.54
8.91
8.85
9.22
9.28
8.61
8.48
9.34
9.22
9.09
9.77
9.28
9.22
8.36
8.06
8.73
9.09
9.34
9.16
8.67
9.09
9.28
9.4
9.4
8.73
8.36
8.12
8.97
9.64
9.83
9.64
9.4
9.46
9.83
9.95
10.19
10.93
11.11
9.77
9.28
7.87
7.57
7.57
8.24
9.09
8.54
9.09
9.03
9.03
9.95
9.28
8.97
9.34
9.03
7.08
7.02
7.87
8.97
9.46
9.03
7.93
7.63
8.67
8.73
8.91
9.58
9.4
9.7
9.52
9.77
9.52
9.03
8.85
10.07
10.5
9.4
9.83
10.5
10.19
10.68
10.86
11.05
11.17
9.16
8.06
9.28
8.97
8
7.45
9.77
11.96
11.78
12.27
12.08
9.89
9.46
8.91
10.62
8.12
8.18
9.22
14.65
12.08
11.23
10.38
9.83
8.3
7.81
8.42
8.48
8.79
8.67
9.4
11.11
12.51
11.6
11.17
11.54
10.44
8.91
8.91
11.6
12.88
13.18
11.35
10.93
10.5
11.35
11.6
11.23
10.86
11.11
11.11
10.38
9.46
8.79
8.24
8.18
7.81
9.7
9.95
10.38
9.89
7.75
8.73
8.48
7.45
7.26
7.32
8.06
7.57
8.06
10.13
8.18
6.47
7.81
6.9
6.1
6.77
8.12
7.2
6.65
7.87
8.91
10.31
9.77
9.64
10.38
8.67
7.32
5.43
2.62
2.69
2.99
3.6
4.7
5.49
6.1
6.9
9.4
7.81
4.09
3.17
3.6
3.17
4.03
6.84
4.88
7.57
9.4
8.67
9.77
6.41
3.48
4.33
5.07
8.42
7.26
4.58
3.54
3.78
4.94
7.63
7.51
5.98
5.74
6.04
5.8
5.86
7.69
6.47
4.76
2.69
3.23
5.31
6.16
5.31
4.21
3.85
4.15
4.33
6.84
9.28
9.77
9.4
8.73
8.3
6.65
5
6.53
6.47
5.86
5.98
7.87
7.2
6.16