10.0
11.0614493287882
12.637065261959911
14.341020659220565
13.974814790133474
13.161628745190008
12.987608439751439
16.616827775099377
20.464554831823655
25.361633519972507
30.20709581667386
35.2240969174795
41.155571771140394
49.25123949876599
55.019392222234586
67.4483219229375
85.37430378229551
105.5104738675309
126.12704313623752
134.25866688569144
133.4502248078918
136.97082648683718
156.30595221830762
180.85206280547214
219.77530277739817
311.14923301952774
424.64904552929147
556.1892567964735
620.2774199576054
681.7489898843515
726.1174092823953
760.189940949887
820.133729152154
954.7382414229305
1019.9169760936176
1047.5464078357809
1094.461804394682
1160.9809345376668
1248.9737460220572
1334.6284723769884
1351.8110698670916
1446.7544857936134
1611.0218397086949
1736.2964386130577
1882.5415395546818
1962.517330554723
1888.7229823620712
1827.6485160918255
1804.7840656356561
1848.6801136122078
1865.9684969912257
1816.6921944639494
1953.5349940041237
2258.923369974661
2491.73234399921
2468.3657664821294
2452.8415288252772
2550.5454854396116
2831.602960915875
3348.099503271578
3984.279912903655
4600.9713531555
5090.0142297454195
5533.47013972198
5886.448295237446
5967.941493751526
6337.246210407504
7534.786078351078
9707.506405033228
13966.343148895166
20958.84397313166
28445.003917721915
34521.22648909119
44056.58531253917
56490.149208667885
71163.86587549454
95104.92649729564
127755.8367040415
164574.72278476987
211213.01369345002
310301.26385151554
529663.8102158182
874383.9587673803
1173925.05067946
1343087.2988619274
1531443.1266078025
1590464.6736175192
1505005.6184743007
1453418.1444784366
1462052.273227861
1432034.784351064
1425371.3239089102
1496309.95926333
1516997.0614599662
1572994.5201328227
1679751.494701329
1782610.9554724323
1958655.8922726242
2328466.111370099
2857542.7934524636
3183327.34545521
3290520.3129256316
3290178.551615172
3192326.250056012
3143134.1515074507
3332529.908975167
4078912.0352574554
5847556.9215566935
9340551.128292141
17065960.366135035
36489611.668397605
68647748.32265712
95859754.05121629
122088572.43627441
165549596.63915533
237460888.99625477
378964117.3838067
630047724.0884968
992558259.5294745
1307406474.0405316
1524762220.226037
1759826851.5229263
2008081081.6957798
2245316042.576879
2436255868.809811
2602797328.241038
2663121964.527055
2790086663.2165675
2844449840.8258524
2845013038.3893943
2797352974.859653
2702229939.6881585
2616819724.3255925
2583929976.1320615
2712125779.4098506
2884774611.949081
3083953224.844518
3325257211.7055106
3560417618.202188
3750824704.3265853
3950814490.9144564
4178645762.890949
4410828730.779903
4664146095.271431
4869992428.131344
4802058918.0126095
4903028307.959834
5098847292.273701
5289007645.332282
5509278203.4446945
5751868536.953156
6033037488.397364
6284115981.644297
6475670423.719432
6687208986.17187
6949504426.549968
7126156442.060312
6937633185.825691
7094905652.838329
7386695044.289859
7707712874.554403
7981184045.795071
8210060745.272082
8592126849.231771
9105935686.62336
9589557511.093235
9883593195.872337
10223184285.04835
10614987243.926956
10941961640.194153
11190893740.534344
11437275587.548838
11691486935.504108
11953310013.862186
12237752729.781355
12557197193.320396
12948037999.71467
13372857469.855082
13842603775.21208
14308236536.383976
14753482039.467005
15161455558.49085
15480726578.541107
15756025292.004734
16042431244.047132
16351225754.57521
16788812030.471823
17236658899.311882
17674798341.306023
18103012321.93128
18530489631.540127
18952954457.28721
19366868373.1608
19766374350.141777
20171568368.641598
20528519067.549923
20710405720.455093
20891179734.503048
21272062881.674942
21685677114.685337
22099595272.876167
22507035977.835117
22886052917.482727
23229259728.7915
23555125239.123943
23892169610.21183
24061321063.501965
24157172503.840824
24402571262.521294
24718747312.825356
24999609698.61284
25293706593.95382
25577934171.081203
25754309788.851025
25733382796.094997
25728271599.422935
26000889645.357822
26326196866.323708
26602131013.677834
26731133962.248863
26705307824.09377
26781745844.928833
26891172179.392124
27022864319.244953
27207691544.309628
27442928736.91369
27774082544.40871
28091433514.483997
28356648322.58929
28601035049.044678
28835864581.637764
29052276479.891994
29163949513.66625
29099299541.445625
29050717945.836758
29226563039.029457
29458845093.86414
29653234220.05905
29697114323.57831
29197683741.88906
28117186511.47376
27336697897.74606
26687530993.244614
26124064278.796234
25776862270.313126
25719664893.998917
25964997368.235138
26199328722.24524
26406526028.093586
26579429564.146435
26720053855.224194
26832794499.771484
26930812530.526833
27037026657.673927
27187383892.23319
27362027276.280556
27561702146.030888
27785165951.029324
28019516760.938324
28246599357.547874
28448298031.479897
28592652245.626465
28691487181.40175
28782777578.49434
28861057072.798447
28920870411.342686
28977446706.665306
29020417645.3236
29048886308.488808
29084759630.507378
29132811998.381924
29201714403.372253
29289019053.34815
29369811707.257233
29408860876.79166
29434742849.150883
29508669278.1115
29640719244.214115
29790120912.437016
29932309199.56714
30044540007.56338
30118670068.363823
30199338187.408207
30310562050.27107
30397209435.22977
30418101552.935345
30402599060.74434
30371622215.99503
30365970958.566708
30414600117.339195
30501533185.187984
30608309472.652252
30697208845.328747
30777096514.17492
30860326569.203014
30900822515.97435
30851834379.958687
30757106285.76672
30672945226.73951
30636425279.838596
30588862646.78576
30521655676.694134
30473940453.14463
30439477238.725784
30373309869.93879
30334615553.737957
30330769806.94734
30274358557.007557
29097409069.31047
27512561981.022377
26032167553.491753
24595030213.51517
23253938905.756092
21968417223.533714
20783637571.963234
20495514643.558456
20543028680.065014
20569727751.326565
20584200344.10719
19759582263.417263
18700077006.181423
18463332938.126278
18477948477.015137
18517831176.510178
18548687780.583004
18574352018.081512
17811923075.140194
17639429444.47387
17718966748.392246
17729727856.79591
16925490407.999815
15978726723.374186
15111969554.146938
14297620514.310646
13516164742.114386
12771962628.128582
12030299033.077091
11320419345.545269
10651224039.606604
10021520600.195965
9438963619.828144
8901242820.24501
8417091309.927343
7984063211.571647
7649749329.993114
7726742380.83068
7366023166.889447
7440121908.369709
7611786607.162519
7830220337.542762
7490100244.456204
7086155571.970112
6669513218.997074
6275209680.326666
5904217487.85856
5555158449.6627445
5226735879.510422
4984897646.011474
4802031661.642763
4667371764.03032
4831788638.890728
5020319208.982592
5273237495.188571
5128026801.646839
