10.0
9.680182153997112
9.504885177041594
9.202761414157955
8.658691502420009
8.160086836187498
8.225927566490492
10.177727062709508
13.658010578831036
16.179953973490854
19.648817746962294
32.0239195539665
54.96143485481363
97.41674294396549
161.14857864276297
248.92972385682447
370.4184227139639
559.677232957833
886.497139330826
1464.0302133462765
2591.0854357983976
4292.881257328037
6390.646836108928
8206.574350588342
9620.133900095001
10085.728324661142
9613.934072415424
9486.144375913242
11649.98847245181
15734.260808055313
23206.998056006436
33646.17201151152
46412.05103529951
67496.36989529416
103440.72767882205
142943.15448157757
160597.6603028774
172779.69110601497
170416.46977231305
168135.9180344212
158195.67403539407
149786.73407944106
144708.86452290352
138149.3511803983
129981.92197014108
122297.35321581626
116429.67712590419
113797.10176271739
112661.48151926634
130141.02105519861
171860.10393088637
240328.3020324689
355955.1440381443
538858.6004694183
751850.1874523468
890945.2632521912
983615.0969089885
1133206.9450477445
1497966.8784241667
2544922.8055952047
4442839.575877359
6369673.288399742
7199961.913047815
7549916.703997754
7720731.111341016
7904331.309561101
8494746.810974397
9180677.638716256
9367807.092219204
9587075.84444172
10351810.885651775
11998395.011527311
13614630.204276081
14959275.07353243
17747526.971762195
25533603.88813996
44707756.98886626
80412699.29605186
123568296.68975732
153232697.21131876
165557575.7940792
175007422.5577483
203749211.63587567
272478124.2232144
372242856.56430876
496026497.7752597
669471961.19746
814543816.7805883
879934798.1570762
962595358.9947122
1065894962.895463
1146241384.5625203
1191058412.1390004
1215223601.7733529
1327620849.1508493
1554589646.8220973
1687153771.263196
1685405883.3190722
1663282562.5275075
1632488643.8425386
1610301116.424063
1696917541.2923138
1903919498.6337662
2019066424.7386906
1971281751.4188888
1921109674.4015417
2055843324.063778
2397112812.6934843
2911758064.186602
3543887886.316009
4197376274.643293
4664570557.046782
4740572542.967063
4630658791.404411
4520595706.335761
4405191217.734056
4259713986.9833827
4116155417.18039
4006878591.720519
4133154106.9913073
4441050102.63241
4730520323.710573
5053587034.823647
5434565751.758275
5857365211.866956
6392456826.851278
6991220562.128069
7551729695.407058
7985119184.326084
8357850810.15909
8705757074.369219
9014441270.758242
9364025868.708132
9801658167.31117
10250581243.089577
10743488247.57403
11244374002.304928
11707157460.4099
12148457424.210043
12579055013.808826
12922927394.78087
13166101192.79741
13332363411.63166
13469736253.478008
13629919167.620512
13842162390.276176
14096707518.961464
14353088333.154072
14597951449.159136
14835494893.323236
15064827894.943188
15250950076.745195
15469843803.031332
15639612318.009607
15767992182.99025
15866358020.639894
15950631418.328405
16072045749.787474
16199271726.631306
16327182486.602669
16428974198.61383
16576478922.575655
16711554561.940685
16870972486.5485
17060786463.03
17238148584.984066
17498012751.465725
17786438117.892784
18134425782.108433
18491128786.20706
18712561932.741646
18916425630.355892
19156459527.41053
19389159759.88899
19613097695.346275
19876249709.146366
20206700054.825996
20573556139.795494
20917258243.085224
21275698703.880974
21616417807.411034
21947834724.103363
22276632147.961575
22596556270.281937
22909608991.89514
23196910395.60632
23487189171.450138
23736940576.56416
23978996953.798405
24255184006.130814
24551994942.038456
24821914776.251328
25090793078.5315
25363923811.24113
25648281237.931892
25911887989.652054
26148884563.35794
26364688682.954628
26444703330.320053
26483284702.480156
26573582469.520252
26720001154.72881
26933211291.885303
27195218983.943657
27469464246.79099
27725143249.674637
27949547609.17317
28190747016.72837
28448281315.806953
28692839397.670242
28935129887.774506
29176558806.48954
29403754095.45151
29620311470.49732
29774093008.08387
29884884336.882656
30051637189.630875
30255959689.079063
30448277818.676796
30665134102.473354
30897646303.61264
31117318009.382843
31328274288.39647
31526422444.035183
31707607816.595882
31857799969.06309
31990067970.129326
32124018384.476833
32261639040.73274
32391741214.977947
32519038013.454304
32669074317.926918
32815629543.91793
32945189647.814114
33091529266.350586
33207503107.757538
33230145576.21078
33099203666.283634
32823479968.657814
32520985797.36178
32158613537.748753
31923373587.493786
31868678805.012833
31856566935.148453
31822104680.61056
31792570230.640335
31886537817.700283
32063261166.253326
32244649421.665623
32418691031.486862
32588686827.099567
32726609649.545383
32813072749.234203
32939599165.605164
33081976086.45479
33177880094.065403
33286251780.234776
33437377682.895744
33581779778.93333
33676297605.29835
33774161771.969276
33914511874.090805
34046424357.166286
34043202918.928326
33839421983.406075
33563725393.339657
33306008916.14242
33103709009.221737
33050301732.881935
33155111645.094486
33244568861.615147
33291595622.723473
33373572481.98419
33476140111.268692
33530209559.31873
33481330625.992664
33366287057.70594
33264550996.464993
33186512972.813477
33126984821.96329
33080686795.69874
33029844894.385185
32951937465.129444
32842736109.605034
32752975721.868305
32726778185.719254
32782398770.096474
32857536317.712257
32929890787.45233
33023645241.161938
33056143377.95039
33040603348.83908
33067663943.035297
33138917694.646515
33234969433.717445
33325032591.602596
33408821116.691887
33488665181.2648
33474977195.976704
32227537586.738777
30445495545.525303
29843518941.90452
29872187736.04455
29960206604.383175
30077020281.412006
30208663673.67591
30294496798.667744
30263461860.075222
30179243047.74404
29031846731.646935
28533029659.070126
28542144929.588245
28622351135.9027
28695292789.417305
28681784638.655437
27520996693.129963
25995988022.55118
24569059232.414097
24185501261.92569
24172251349.019035
23203545695.68057
22916819295.586044
22897624276.74912
21928310781.96871
20768051874.908382
20536079513.205353
20553837609.94242
20607660110.0368
20697725931.483356
20719970643.770866
19758273393.351654
18700060423.709663
18540590878.061405
17736945405.85983
16787463772.184782
15876392253.272688
15034136480.628733
14201161823.533703
13390546749.199566
12602333289.41
11857279710.773737
11156273968.81327
10516243007.081434
9931578033.908155
9449656499.049837
8950993068.376547
8462403560.383443
8049670722.77927
7724229122.055499
7447205933.836486
7574320944.498246
7756418349.049
7896527049.663928
7592270457.159149
7163787600.017146
6749675175.721632
6393003832.967523
6044571581.149111
5705603187.530147
5389379658.572665
5128320913.42693
4883350828.138786
4608665429.834563
4384800168.46238
