10.0
11.184987116162866
20.289660895604445
45.954855786184744
91.27706405659224
163.16963703540222
272.1765622953343
466.89468614512015
777.1817690472633
874.4475240796668
1025.7888311383351
1493.0237843649995
2502.8795558430634
4393.313238279103
7398.712483747076
11933.726091154762
18667.196238147175
32414.479219200304
54211.2041992511
63311.46914006324
61357.846839642414
61743.745916602216
73159.88321782486
96239.31803209943
122646.5842803419
128279.35549296912
137880.9310271986
183578.32775038565
320024.2740634796
601206.2158345056
1129203.4487509439
2174193.3681494175
4260457.21569924
8567111.090878181
16887997.196296174
33096047.637268264
57775082.1946796
93106143.16786037
161661474.8501293
280752860.73918223
416437440.27863175
483190833.32882637
538704692.1860062
559154997.8336505
591834632.2130322
667359669.9779243
781006798.6026952
921622960.5254862
1010773477.4467436
1022224213.5668066
961790022.8466973
906738049.7403785
860315874.7921983
815961512.7736512
768045804.3154652
737000586.3585209
737448243.6076783
723587866.4672894
682703821.865733
656599678.6964912
654918096.6241102
654748583.2966241
636613467.1240653
652777216.0731714
774521950.4364411
988556632.9663218
1204596190.3790605
1407447465.7724779
1527954135.6703064
1610813513.4278557
1806781653.9507608
2018218556.853346
2118223906.708925
2083812600.4842594
2026379805.8703995
1948643600.6048644
1874361423.9716866
1848616912.9188645
1945086066.9195998
2142226053.3709133
2330909823.6774335
2417285153.175595
2387882608.646964
2319408655.7613044
2252129318.5998573
2303105360.4267554
2525372579.142261
2834324363.8838115
3225351791.3529115
3608635036.2390633
3757373329.774268
3729010535.9574175
3856834916.5967607
4105184770.331581
4330030480.678602
4581606350.648333
4863701731.145367
5151268272.625357
5555092806.130837
6062554157.397791
6445671555.311622
6442671073.011091
6483128840.097948
6790955312.903523
7073656562.643083
6983111302.237176
6686696052.85978
6446176608.256354
6194441492.582087
6185922239.535087
6494706919.100006
6927516424.754431
7344277868.444281
7701676814.948411
8007986165.531541
8208864026.314518
8357203445.654435
8518179392.876398
8662411945.0954
8476311907.577218
8097663180.835108
7755685323.152121
7819099337.902475
8187492343.351295
8650809384.518723
9109060442.442352
9511269378.636911
9869958322.494629
10232493464.097557
10518004118.461664
10665761849.990337
10757551553.068596
10852077175.240953
10963816034.901598
11092214160.070312
11254225162.800812
11439518283.177935
11661959282.773853
11927528478.59266
12160778892.576212
12312335908.78145
12469099185.802773
12651795477.168583
12821669570.765118
12952486812.69147
13091098640.610111
13287939784.247686
13571020048.838924
13883795560.228292
14143511269.382265
14358002366.063494
14681333163.072535
15143268859.223116
15642201786.772861
16093553902.449963
16413485623.981829
16668121580.757215
16955123181.122124
17398373593.940674
17852475181.304882
18295595509.230865
18764390772.511898
19237302414.933563
19699689640.611
20140976557.777122
20533109578.36858
20749996651.324127
20876895891.74958
21108092690.882744
21451512600.45803
21869334669.954693
22258112919.29225
22678114814.480804
23000820174.54428
23309052082.191433
23625631867.427814
23969137814.06497
24314731181.50915
24618056290.678936
24905102432.80634
25239937432.40129
25598700578.006283
25924508275.6915
26218298591.751972
26558384112.09309
26816055841.72393
24218187436.68769
23455265123.954044
23313917464.564865
23455519446.812958
23696668574.772774
23887299009.912453
24127055473.181217
24419772923.960793
24779148332.920673
25205588855.382015
25682800215.143097
26153749400.855278
26604783109.800034
27018095874.63377
27435519634.738132
27870573154.376823
28262441431.564377
28414099733.962738
28437397014.68668
28656952004.682816
28945834636.660496
29259382644.632347
29586034135.29901
29816776968.4007
29960411902.666138
30036324961.21275
30176725878.622047
30413190619.721355
30609575837.274063
30840889203.634823
31024684311.963062
31048533061.401814
31077064997.60791
31101862458.070282
30972754505.654125
31057556387.563366
31242160663.19633
31453675178.280678
31692618905.673607
31964860496.499115
32259805616.07278
32564898570.01816
32890163814.901314
33214281089.13802
33514366617.962776
33844334644.89593
34161382893.916367
34454197471.597015
34726842522.77933
34982387768.52618
35224124385.28135
35436634826.38793
35629995363.3078
35850654438.22327
36095671090.14621
36346262687.232735
36606962570.08487
36872738594.193756
37150789776.28356
37420713463.80672
37671225661.35736
37902473982.99251
38107799769.33367
38213194585.048935
38228046835.259186
38348041016.80041
38532595996.5005
38689061441.1188
38835839998.964806
38952344995.99506
39034029438.41774
39147622909.970535
39244001165.60573
39334093007.462135
39423791789.84018
39514238874.10056
39613852345.715
39719249266.275116
39834961106.563934
39945866784.701164
40046283474.60732
40174917460.81829
40287528877.68664
40384104414.018456
40452654473.45456
40504485304.90949
40533837744.663055
40533077689.659584
40515205174.77865
40456734420.39287
40407361778.09596
40369746346.44682
40309570424.49605
40229567090.82184
40125627223.79278
39989167912.89132
39841900408.97121
39733809483.00571
39640544365.19756
39550087221.29438
39468472674.18294
39402033738.274025
39366346258.66006
39363837818.71291
39389259818.610725
39431400483.44519
39468445056.546005
39480286114.82633
39503345135.97384
39548354156.70894
39600816554.767334
39665288743.86146
39731663786.81332
39791083076.267685
39815537842.28708
39785835966.95104
39754267929.78488
39763689656.07901
39802799199.17544
39851603244.64468
39902114393.52948
39907816035.87056
39867458677.51263
39785066322.243706
39700365703.91669
39603673493.854645
39467648165.726746
39314209956.3835
39142562511.614655
38967610361.00629
38840067339.93087
38749340059.1121
38658071056.97892
38523155189.02293
38410229289.7766
38291413288.99492
38162077702.88072
38003673368.657486
37828447936.49912
37644223570.79411
37470675866.61295
37297108261.09168
37133324303.703445
36990492653.176605
36814399818.90704
35118883812.105095
33155708340.447296
31263645919.90298
29456050897.774868
27794787703.952377
26256570238.023407
24784999235.799854
23409030894.85689
22167148517.98576
21016132649.053722
19950360577.230633
18957523597.79144
18008464765.184216
17076050282.499542
16250961691.311228
15473840319.369398
15480516447.40378
15532296726.674093
14807603372.56025
14064897933.609003
14087561525.647549
14231392898.888517
14320495088.786127
13690332386.24955
13053248091.19126
12415838499.438576
11764169029.102211
11121488704.499758
10484500298.977257
9865071397.168875
9287971404.806946
8790083956.711033
8278832550.164312
