10.0
9.408797114184708
8.852546313264428
8.32925141944424
7.841640159875741
7.406466395598747
7.061079944810856
6.758860075086588
6.36668516755093
5.990284908565424
5.636528508391882
5.3258634178828315
5.301758548762492
5.702020079090265
7.084517699438639
10.743662847575004
19.350747063310013
39.18600614436904
70.200932595788
91.35562675996468
106.30065869609777
128.01438551011682
164.82449751925392
192.55896607430964
233.46022948564766
295.90182206076
356.57911665511176
423.7214508766526
510.2052300554288
549.830570452569
545.3273238809661
550.008110709128
534.8533029355895
504.7483058229565
494.30053470893085
552.0323522038506
719.8919652876623
1038.433235586671
1398.0701723975694
1445.3344783523228
1467.331660000632
1534.3658077891555
1855.9938308956146
2577.6507931529836
3118.8255393500735
3293.5960013487033
3589.6907652540963
3647.3029501826018
3501.4555731698247
3490.612503378517
3296.005188931068
3116.3200741363457
3021.1296644347617
3002.7386391874425
2952.6807315280453
2928.4772968275443
2875.0387172736346
2705.0656002640767
2586.490838011865
2646.1722503510155
2924.501189607382
3431.1014285583824
4300.483165281554
5828.819502608131
8038.850656896102
9364.998944355995
10593.840180347526
14295.895547533299
23965.192016460707
35892.40336488538
42757.25466246984
49871.83146180207
66543.85491917086
101722.66503095135
152950.80199566777
204302.79941066712
238084.323043877
250967.74075911517
256644.20274367995
253071.4344268783
243048.95316492097
240119.0805713133
240014.70911595406
248750.20004659495
261563.45283863804
285872.0132791947
341737.3886639827
452943.09964326123
731885.8103886871
1487878.9572131296
3423729.8821459874
6241504.805766982
8553151.871006815
12967530.679810409
20959739.374399155
29174737.051786307
33642032.01929382
33433205.908546846
31951842.45472287
34277553.33099599
44117896.34038591
58241295.83361914
70337810.87338297
90923406.71424577
148306432.6619718
288121702.0296756
540939295.4975992
805577456.1964989
1092340259.2959962
1425643837.2687452
1777463505.6617439
2146222645.4601877
2412434663.2610497
2589936382.711484
2967274249.663782
3486819682.6677647
4230819900.7085238
5131493890.01848
5793108525.943868
6386717662.781969
7124618664.800931
8086203375.761883
9219961463.480204
10419844339.634558
11525706971.80743
12297671237.111675
12843522135.1422
12735612877.881723
12386979423.94315
12182543014.072006
12606923806.198257
13560255937.40545
14466035067.927526
15003320298.048038
14640269907.142397
14000702013.060001
13451334374.416159
13124781072.517088
13434086982.09737
14085408792.762981
14825746894.328388
15466762943.020128
15979883722.628815
16565844694.271025
17289464360.77482
18081992442.744064
19062978352.931316
20025017847.96589
20722205449.687714
21580083132.040005
22463906412.454834
23062682137.903427
23849363824.209934
24602665066.776585
25113864245.925037
25672889997.710762
26179720739.78476
26807901783.38082
27689354901.87383
28677311402.552006
29658925985.8757
30445637828.86719
31219831656.265656
32175742904.242516
33440474465.92505
34503429504.81086
35262051667.672554
35933641440.71465
36565056629.652084
37580101487.824875
39193617256.62751
40858384518.82485
42278748731.871445
43435392228.54392
44331067115.39057
45291937970.461525
46420031305.92037
47496222045.44961
48934088928.33421
49999990503.557884
51401794344.3438
52837225546.51474
54151501810.753136
55385470386.75596
56412959453.053055
57236026043.1487
57878655949.65094
58394958933.86084
58881608690.72999
59273459558.55777
59562370251.76753
59701613464.84343
59764114617.8391
59834281767.09047
59949427391.145355
60046689808.55341
60143393070.544365
60320356632.6664
60504960168.26034
60610711270.0467
60707069317.03958
60757817606.42324
60753163650.25329
60725733537.61239
60624322601.79868
60422153100.290764
60222044178.77814
60077859758.70539
59911086777.91536
59719741335.2466
59513809573.168076
59188579774.10282
58662339020.18133
58079421559.87941
57565990775.39641
57155576001.09608
56778496103.41661
56392852241.62406
55965535435.9981
55539769902.39186
55119137618.50766
54706691679.732735
54284464075.40129
53849070760.684135
53375030897.35539
52830148427.89407
52236693048.54811
51598529459.737854
50890921881.789894
50255597279.15876
49731187217.33428
49246248010.26603
48722536187.60025
48049242721.15158
47184608615.32477
46255319930.82323
45114097344.01104
43696927360.89469
42300078632.43274
41284046317.26693
40555783537.597824
40025496535.149506
39532271154.27974
38998585911.56381
38415031546.37502
37798209340.502716
37115898596.58436
36211530404.12069
34960650792.95455
33821811026.82178
33145258090.062214
32676471810.23705
32275680469.96021
31867279267.434914
31444868152.806522
31061702788.848362
30718464343.319874
30406112489.89062
30121204701.69971
29825976802.520008
29545084385.110233
29332691474.338444
29160989553.2678
28960427714.132153
28747463764.700993
28640775403.104515
28606148092.946903
28576828811.52477
28564474146.036716
28543682932.15214
28533117451.6421
28532568839.67098
28629994222.225914
28850461977.782883
29100885048.57002
29285918555.99186
29332906167.478745
28573811784.11851
27975400267.817112
28204754834.97965
28648424392.882706
29171353768.73462
29746292841.268684
30348833784.618626
30859714880.41071
31314882670.18101
31658236730.305923
32175961195.527817
32896280805.38045
33561744470.5288
34074417211.408638
34415059920.40463
34750207032.97869
35409356009.480034
36188744828.70129
36615668122.21865
36750962642.96599
36888730491.12014
37102595655.345924
37418749901.92414
37892234241.71193
38480204240.57338
39004673555.78983
39471721949.78916
40017022614.25883
40337259198.12395
38873115191.97387
36693883349.55842
34591904955.678734
32642367786.86887
30890552665.466873
29432109547.84701
29337563139.658943
29610349317.525436
28591536591.779232
28393664846.251324
27481369312.78897
26188476230.49484
26009783840.875286
26257735713.86062
25317559117.282078
24014422869.88614
22726871226.55644
21505639241.355812
20472913301.997066
19564926734.528282
18633949924.891354
17806254750.505817
18216739368.51059
18997981854.20684
19702763786.193367
20432948630.275578
20850227940.954056
20023077589.868855
18988476498.7361
17909437311.192707
16869257298.541418
15890477845.897774
14961463748.854368
14186620019.964624
13554235441.163422
13049699150.86274
12629282527.497612
11997958285.774485
11305923884.018969
10692292448.69309
10123338936.510752
9566959165.446112
9115577487.637108
8779323773.05313
8394582145.711601
7995764846.394179
7635613955.189133
7294381315.990653
6884021517.009406
6558684353.258952
6401010401.967707
6275918626.008718
6266940460.034196
6190617634.829168
6583101239.999161
7109980141.833446
7573143482.857826
8101487237.565034
