0
0.02
0
0
0
0.03
0.04
0.14
0.01
0
0
0
0
0
0
0
0
0
0
0.06
0.03
0
0
0
0
0
0
0
0
0
0
0
0
0
0
0
0.02
0
0.01
0
0.43
34.68
53.23
11.54
0.66
0.11
0.01
0
0
0.18
0.37
0.02
0
0.7
5.16
21.67
1.58
5.92
0.04
0.1
0.01
0.47
1.61
0
0.12
0.02
0
0
0
0
0
0.06
4.26
47.48
6.67
0.69
0
0
0
0
0
0.02
0
0
0
0
0.01
0
0
0
0.05
0.55
0.02
0.31
0.04
0
0
0
0
0
0.04
0.72
8.24
21.88
0.92
0.01
0.48
0.04
0
0.05
0.28
0.1
0
0.01
0.08
0
0
0.07
0
0
0.64
2.98
20.89
0.66
0
0.09
0.66
0.14
0.1
0
0.02
0
0.01
0.26
0.01
0
0.06
0
0
0
0
0
0.01
0.01
0
0
0.03
0.25
0
0
0.01
0.01
0
0
0.03
0.01
0.01
0
0.04
0.08
0.11
0.01
0
0
0.61
0
0
0
0
0.13
0.23
0.14
0.13
0.03
0.02
0.01
0
0
0.02
0.02
0
0
0
0.01
0.06
0.08
0.04
0
0
0
0
0
0
0
0
0
0.02
0.01
0.05
0.05
0.01
0.05
0.01
0
0
0
0.05
0.03
0.21
0.9
0.81
0.75
0.16
0.03
0.05
0
0
0
0
0.02
0.17
0
0
0
0
0
0
0
0.27
0
0
0.17
0.07
0
0
0.03
0.13
0.23
0.04
0
0
0.09
0.01
0
0.01
0.09
0.13
0.05
0
0
0
0
0
0
0
0
0
0
0
0
0
0
0
0
0
0
0
0
0.02
0
0
0
0
0
0
0
0
0
0
0
0
0.04
0.01
0
0
0
0
0
0
0
0
0
0
0
0
0
0
0
0
0
0
0
0.66
5.36
1.8
0.05
1.58
0.02
0.02
0.01
0
0.32
0.29
0.03
1.68
5.1
0.99
0.36
1.33
0.32
0
0.01
0
0
0.02
0
0
0
0
0.01
0
0
0
0.03
0
0
0
0
0.01
0.46
2.06
0
0.07
0.42
0.42
0
0.01
2.33
0.01
0.1
0
0.01
0.03
0.06
0.03
0
1.86
4.13
22.55
0.58
0
0
0.01
0.02
0
