23902942
9173287
26171653
31716496
29407292
32201304
27657989
35508392
40503938
21433715
27617761
13229625
19764640
12586985
45520068
23291437
10496346
22731376
21486389
6828585
22475909
15998305
19515986
22895125
19101265
29618581
24855196
34390939
13404074
35812946
6990185
29810212
28733046
8691510
8233908
17030506
20373298
27800870
21915643
24241936
16316683
25754338
27442021
23829821
29480146
36470251
21876947
14408890
16804878
22788576
34175903
20294045
16174465
14826366
36118815
8612912
15686657
15185681
25020207
32873013
18697554
34202004
12118198
23219440
16450964
17379184
24085647
23543495
31947490
27322566
15752336
28152735
30122758
28908296
31679756
20452182
20952951
16949082
26561581
33191050
16236691
19090090
12227626
23468515
36042950
33472372
3786961
30588803
20356091
29895775
23362619
28257145
22568731
22917861
6065832
29576304
12764125
42104910
35657715
22424789
22573113
29551732
16952764
40353129
25861111
20264861
12101781
27496754
37499213
30718542
16697380
21401987
24669461
8430326
34203416
27590668
22760682
21210410
22205334
17056959
12690881
23315165
16634368
43277322
32129234
11175428
19500787
5289366
17204071
26701796
21431046
20017601
33030191
18645892
34502560
11186671
22039698
46506490
30456459
20834653
36274821
19502297
21579422
11870971
22471818
28951947
16473479
21911901
29446468
19831468
16945386
33133945
30592378
10365392
27838475
20867251
35726761
32075767
25743185
31437377
14120535
35034114
18612526
23416579
22836141
33924850
14047190
43293098
29210300
25099286
27595444
31305512
19433218
19560122
19903796
38590087
50358203
4565649
37727625
39093202
19187924
24779745
35940829
43379293
16899449
23632801
7670090
19065516
24459548
30805049
30610160
31467183
20075446
23138379
25950709
16256871
23352464
13276572
9444449
40570503
16498164
14543599
38791421
20137777
20294273
16844878
22151427
8299442
16479103
24012219
21052187
19468011
10282030
18427515
15112642
14633261
11873638
16425821
13537957
12396347
12476404
18624389
17492338
16847161
15951758
14794757
13792989
12255151
8260549
11159121
10234096
9796607
8731231
6756627
7792449
6992379
7184386
6941905
7516879
7014559
6817888
6326191
6164615
5449983
5379177
4645791
4628856
4503164
4200407
3536749
3551836
3507422
3194849
3027462
3441488
4829758
9033122
8545798
8592969
7958592
8111204
7592333
9530785
9484350
8807680
7688168
9705895
9888588
14583959
11856393
21636787
17111360
11602943
29437320
25505565
25363966
28534342
33398650
20969525
20027780
18656907
23999664
27031414
29608390
22504099
20807862
22684211
43773549
29112733
36113069
31022631
27791838
13910882
25804962
24494051
39175308
21366548
17564063
28403047
47488677
21678621
10442764
27002021
35923062
21530637
39428274
20405238
14573691
29751360
35270965
25481481
16145073
25369738
13504640
16634619
21353848
15153805
20609585
26506536
25410950
33785576
26068127
33742613
26292771
28275787
33250203
10734302
41773099
17635568
13068713
18055339
20975128
18378297
25348700
14844919
20356032
15883866
19504678
10409150
27382743
28735798
25634459
25196993
13714915
22607305
25210478
13608113
17164410
16216835
20016848
25009490
21598597
37716853
30583344
21178808
18806945
22038668
22252496
18560751
15685921
23614648
15871369
18651538
24446772
14065721
