23282441
9567330
26465883
32206993
29949085
32051677
27106071
35382262
40343833
21220868
27276638
13100004
19463557
12669441
45016508
23711134
10869125
22991919
21347830
6732746
22282652
15400959
19386435
22398317
19413918
29449839
24536794
34797541
12903117
35524016
7064261
29997183
28852682
8988827
8444876
16438102
19791204
28533818
21294180
24096006
16472042
25541225
26997500
24524873
28689996
36750861
21748459
14781613
16843218
22725285
34220051
19931153
16115921
14403026
35867892
8549542
16182924
15589064
24465111
32704605
18882430
33716644
13158551
23741981
16004678
17481660
24547116
23466281
32044414
27435618
15789795
28396961
29867634
28696270
31675415
20972257
20914245
16688435
26345180
33253751
16230866
19555748
11719880
22807665
36272327
32782802
3789622
30571369
20440889
29301863
23593598
28454523
23087814
23257409
6043222
29292309
12634466
41843981
36045059
22270605
22719275
29096762
17035164
40672952
25243117
20496771
12353863
28256844
37648424
30723352
17076681
21484632
24702421
8170162
35048732
26612203
23286731
20768299
22526385
17099040
12987412
23170900
16972599
43765067
31801244
11781092
19218589
5442223
17394353
26658110
21928556
20434299
33563004
18639925
35266773
10666168
22553598
47588148
30403918
21310884
36597632
19352068
20907084
11861493
22431019
28941903
16261679
21882281
29756926
19876478
16923388
33336935
30930426
9809621
27992793
21067289
36292643
32436136
26024773
31455714
14122084
35229498
18571811
23005315
23818549
33418056
13700759
42498764
29149877
24453513
28014549
32101386
19196829
19813920
20370138
38801907
51202505
4775403
37614903
39822530
19263176
25265843
36010135
42918632
16787668
23549904
8321505
19006599
24219634
30696985
30843608
31294204
20456016
23093311
25831935
16904915
23769053
13548390
9346372
39036735
16481004
14451133
38360601
19582128
19906562
17016036
22585551
8066956
15888074
23775422
20710407
19353071
10252973
18333525
15323020
14272608
11145304
16910554
13264157
12389392
12319535
18938870
17989682
17216120
16160535
15001397
13589125
13100089
8184961
11380294
9955408
9369848
8267295
6506017
7876476
6944523
7137541
7557208
7525973
7278965
7280184
6717087
6280516
5770154
5503514
5015112
4594866
4317595
4003684
3935268
3300590
3770774
3513574
3438210
3295828
5658570
9581626
8797526
8606071
8255442
7881226
8177294
10174429
9490328
9626085
7703033
10011348
9879878
14023396
11390033
22109267
17439923
12431611
29407621
25628652
25656072
28453127
33467892
21181447
19698449
18240684
23796943
26606268
29655233
22271630
20244731
22968247
44183078
29235204
36465340
31026203
27876100
13907887
26149405
24267300
39361569
20822358
17324397
28630451
47256867
21794596
10914750
26586659
36080470
21211114
39402406
20294218
15097804
29446939
35046025
24978873
16034279
24975524
13764278
16430420
21541112
15132131
21281721
26424990
25699502
33957788
26046523
33813132
26574140
27240426
33156374
10692410
42000981
18023631
13316630
18190176
20780802
18769837
25343115
14750091
20251638
15641278
19710081
10559759
26646131
28609215
25805680
25243726
14032765
22870652
25251168
13090321
17064548
15621487
20069545
24859904
21378118
37918222
30700736
21146387
19052787
21670650
22443136
18532756
15949465
22966109
15535215
18744757
24342461
13901216
