27701589
12855034
21057627
28393546
28933580
28931639
31020404
38271203
38645640
24849023
26873942
10966747
16302588
14969112
43469739
23677497
13951068
19725548
23278760
8084583
25827744
14825487
17894405
25513961
18348582
33856836
25381148
39396612
12913343
39398764
10306962
28577245
28271668
9714404
8416985
20397780
15537265
28741526
24763841
26872827
16567780
24454353
30659963
28914456
30603560
33049012
21154303
12752474
17739466
17332073
37573488
18382943
15724505
16710819
35274443
4742943
14182191
13417905
23835240
32078799
21698839
32610219
13215903
22159943
14375869
18493571
28100310
20154242
33245068
26431907
17960544
29734089
28965825
28263129
33912994
21491351
23347490
15177091
24041290
31753620
17282013
19589277
10102772
21027681
36698719
32585999
-1514343
33223102
24692231
25952634
23639740
24520449
23014063
20204276
11280637
33623664
13750266
40181962
34870059
25531121
21186202
24462330
16868784
44156762
28677414
15521974
9298770
26031986
35738446
26000445
18060075
21004943
23032295
11183168
36675214
25052820
25242966
18538186
21057185
18826391
12449133
19304467
17463811
42499614
30581576
9392346
24756367
9894251
16365627
25165452
22271951
19249882
29784403
19567181
32683780
11756860
23394394
43782458
32133702
20477635
33941004
22273146
18097036
9819780
22294550
25430383
15485928
17604765
29762774
20719856
15056103
33030623
34428146
4829057
28014533
25207503
37534774
31301976
26691073
29989217
12534147
33638186
16173932
20800825
21470768
31300658
14487570
40994988
30360800
20583518
27743724
34295939
16970339
17581564
24177414
38447763
57990152
-6396811
37864945
34502803
18021460
20243884
34156379
40055398
16852579
24196336
12442056
19012636
28562121
34047364
28434293
34326651
19038864
22084785
23541708
18097705
24951334
9520222
8550907
32853508
15901092
12106467
31729258
19446265
19974440
19366322
22775780
12168916
14120344
25735227
19064653
15981554
11148603
17990952
12958172
18418187
12052804
14321773
13628371
10568146
10899276
13716083
21638803
19676979
18726025
18697659
14116547
15101481
15512758
18212339
14557705
9602613
11483537
7533691
7610729
9772747
10171034
12370611
8278855
7451239
15543943
9022221
7495502
8552893
6794705
5801747
8481178
6079171
6898109
10405586
4713402
6193501
3423475
5747907
10304449
6033237
15766799
13387219
11302109
6995750
11672169
11594078
11510373
11265300
15617658
11913755
11279797
10933984
13516445
9239870
19210301
14474416
11704749
32810754
24101421
24443580
28254205
36556630
23164007
19701882
20491216
26350859
29808417
31142661
20781838
18176973
20243094
45493209
28277964
37087397
30745538
29890308
14718004
26377271
21481580
44260981
18912857
17754232
29845275
48152561
17583870
17246442
29002351
36668063
17528157
32869565
23397945
19222028
28524210
32539512
28019797
20419979
21014964
11310946
13803172
17554792
15492274
23427757
27130013
25529790
37596295
25763613
35604859
25633068
23800978
33792686
15174801
40777062
13057198
12427381
22952413
22937864
20113262
30584704
16546389
13755306
17678337
23805307
9845276
28141601
32808975
27197825
24153585
12257853
23582638
24926670
11570728
21168066
12954280
20805550
25360956
19036554
36649394
32098660
22587741
16907986
17766342
25434232
17377552
16707391
17580559
13987950
24248193
26900082
19259727
