32147842
23056083
20785510
27909688
25073629
30101576
26058448
28458978
36816663
26072640
28059483
15192606
20985121
19875967
31338007
24636089
13270913
27320156
14386638
18318904
24580832
18528742
28531755
20042140
24929070
23809863
20863701
27102052
15404077
32157695
14574048
29178524
29475714
13878351
5927392
19494586
17542193
29866405
28120739
20919684
20346798
27291412
23434183
27735301
24929586
35233562
25845801
20096727
19552684
20657155
26487206
25121629
15462994
18154296
27091680
14422508
16823809
17628611
25836445
23527873
19028323
28804721
21328328
23955461
23598786
13708429
30206853
23192103
29679781
18893950
21180283
24385893
28713839
24554309
26272812
22445699
21018486
21879890
23876224
25440657
13599004
19149452
14723983
13996120
31448100
25727545
13441602
22074964
22244801
31264956
18049900
22880482
21374848
30807703
14427228
28121110
24611580
36670190
33267103
27845054
23042729
20861281
14603601
36796530
26997027
23309763
20301353
29129451
26402724
28597135
16152071
23800014
16484232
14100268
28324161
21253439
28138305
17225218
16409052
20481192
18508728
31482807
24235322
28283158
28966689
15918700
21370817
12727843
16280191
24538342
21539296
20303660
32278547
18134308
30337443
9650262
23618963
43212877
24228753
16355021
32856408
21195736
19612981
14769235
18088696
25117852
19860086
24864212
28615094
20234778
18935051
29839974
27804257
12725146
25453189
19540328
39524539
25063463
24315089
37515057
14693287
25333047
15539782
19541224
26004195
29928730
9992045
35082246
15824197
24993382
21721575
25849552
19294360
19097523
19160450
32587314
43623947
8571232
27996151
34719164
24609894
26708168
25179682
41678844
15588263
19903896
8479467
20103814
22667212
25054398
18940769
21234493
22165105
15972283
29294037
21005610
24008101
14769005
18233461
30409439
22570926
16329705
19073223
10537781
22086554
17675076
25354679
15243366
21137844
21967422
20683929
19348511
16158345
16323806
15963956
18421900
14914933
14160448
15671208
10563148
17870323
22280259
19401463
18755724
17313430
15242917
15233374
16406748
20597964
20369576
16321028
16662755
18238794
14183575
17140396
16848807
18435179
17576460
16040473
13668180
9649607
16205395
15167698
13906564
14691435
13255868
15423658
8699860
14593843
11700662
11508355
13888623
5073798
12869761
18310337
17671989
16995918
17726069
16845939
12322266
14818113
16402731
17931429
15894549
17542511
14772140
14965203
11777445
15876288
13065422
24246500
21507393
27861412
31512322
29606543
27384658
22304340
25663057
15175815
21092476
12593956
25240815
24219179
26086216
22709278
21451715
27185272
30080318
26943446
34084449
37117491
31733392
20472072
26850276
24123782
32427869
26444656
19049586
23621465
48667272
25841827
23060237
22791461
30850724
17869585
32467079
18148135
17633644
26437761
30386544
24354904
14558903
25727632
20547096
18011387
17529817
15386937
28628158
32315801
36349371
27117619
28060099
29956596
25217303
25227000
32755307
7855093
35764023
21985779
10852721
20304518
24988581
20146486
26120004
18102478
18105873
12077561
17945714
11750185
21426512
27699766
26073337
16547448
22815309
32776825
22476095
23311481
22289768
15919399
20353917
30648202
29184932
34299084
35860541
17227006
19409129
14749355
23707295
20325618
15794685
26022238
19483808
21203361
24458061
11348450
