24953501
20723404
22105617
23457231
21848899
28600472
29879984
22893974
32876071
21872998
30610522
13641777
19886497
19004715
26098253
27732172
19883477
25731752
17362684
21905762
22560742
22453900
29676427
15962806
30205949
26905450
21356326
24408597
14593064
35547362
19144170
31355432
26902397
17071696
11133012
24215640
19738402
28890144
24325360
24490554
21377929
26749037
16576417
23056314
24953581
29299120
21672408
21952487
22588625
25915818
23249079
22903307
17870489
23111530
31038095
17286667
23661353
11444086
22604894
22504088
18454877
28771325
22104721
22915576
20142308
15752349
30439686
27584474
21087603
21286140
24875633
25110849
26701513
29108144
23665731
21890892
22298522
20614239
25877122
22768237
12797067
17558756
19037046
19295227
25264482
24314659
12407467
18338861
23517545
27850546
19842842
22502800
19986544
24432976
15245685
31483015
20194137
30719595
30020464
26245211
27828945
19524138
10940654
37272170
29364809
22931115
21194411
22943548
23323040
30117174
15699746
22330032
19101657
19404406
28620521
23809395
28512465
17844589
10205401
25450230
15997775
28196844
25783204
27101750
28110416
20984332
20218443
19079282
14157900
19467786
21234259
21441650
33985448
24043417
31483373
14652056
20183044
38338029
23898727
18353368
25989423
21512366
24118994
22535630
18226282
29827360
21142916
20038310
27606741
15665032
20546400
31219980
29918156
16030104
23348616
22154620
40098861
23250159
24399127
34593673
17863692
25286716
25241740
20942643
18625659
29869312
19239784
35605492
18845385
23628668
21263703
27811811
19928629
17348487
19202893
29531496
33274437
15925251
25977509
30354207
25148240
25067946
30165398
40826544
19214727
20541130
13514294
21976690
23239623
24129542
19888464
23268444
23606034
18676005
25357063
26243472
22643419
16500604
20719521
26144248
22247125
15972020
20053719
10045577
21614563
11930584
22350950
12833690
24730436
21997336
18366890
17855495
17154034
17778328
16842727
14517063
17762733
19842491
14842769
18805547
18440596
22470156
18197673
18651395
19411746
20596244
16460774
20941870
17748277
18527136
21979644
17879249
16694483
14702225
17306027
18673487
20779833
20340171
24533217
19742618
15768094
19583814
19643854
20856474
16313783
15734888
16282954
8043111
16070587
15492363
14809746
15206858
11506220
15058391
16458117
18404394
17333077
19506898
21122423
14132654
17628436
19823264
21263004
20248444
18997355
18599917
13852959
14723124
16746754
14708261
22842572
21386745
29655217
29707684
26472036
27951106
23005862
28749399
12070365
28299946
19143093
25705844
23571123
22068354
19888517
21431220
19480865
22810936
23966321
28292164
34805404
29799712
21761562
23720387
19467652
28009159
24931107
20172739
21462540
39917209
27610878
20063240
23047349
30436215
21146722
24936121
17746828
24670485
26566733
25811505
26527345
16598443
23170777
22267188
23473501
20359279
8890751
29753266
30507468
35694388
26900812
30346119
31656951
26348287
27377330
32166087
7761257
33725264
22348744
11859840
14678210
19757831
21065646
28727238
18176309
21104150
19370907
23397368
15546361
22919678
26542470
26000230
14378064
23307656
31994815
18597365
25295434
23184812
17096056
23714750
27789800
31010756
36376271
28765498
19858575
17000972
14860821
25273428
20658308
14854218
23211266
25987518
23688633
31956432
14556914
