23085275
9088331
26366526
32565879
29906804
31495569
26968323
35123430
40906880
21013204
27389155
13084482
19872121
12241111
45132568
23785859
10905079
23094714
21346780
6791532
22336890
16163881
19638149
22143594
18929757
29394263
24476703
34787493
12479774
35878325
6772615
30475452
28923810
8881152
8645575
16526375
20115709
28293945
21206064
24569526
15869730
25122070
27222623
24525101
28356844
37083432
22102435
14946152
16856090
22708245
34629139
19606336
16440457
14719240
35877638
8544738
16431050
15327665
25047437
32213760
19596161
33159017
13240215
23536892
15886893
18044661
24513729
22773426
32319984
27652659
15471129
27761025
29542538
28246468
31986787
20913728
21026520
16871140
26400107
33846312
15723292
19224245
11777386
22790476
36161988
33029499
3680828
30577866
20299992
28859929
24039193
28842294
22960096
23378885
6242772
29573021
12146168
42101016
35716537
22490076
22698480
29076192
17025003
40294947
25725326
20314229
12743561
28097504
37683059
30710029
17377348
21670956
24778384
7938028
35464900
26153132
22759435
21042007
22453142
16828446
13094933
23050471
16551220
44351806
31453328
12112459
18988593
4649807
17197983
26573544
21285773
20760955
33439730
18095744
35792078
11263918
22236720
48593398
30037259
21431189
36363883
19527660
20637277
12114924
22047101
29330866
16759515
21534658
29476014
20465754
17010605
33478739
31111465
8721676
28054913
21456664
36604366
32336171
25841800
31624122
13895633
35745089
18558196
22768670
23972778
33423612
13820267
42604610
28621599
24187341
27983014
32354467
18656968
20151750
19961146
39110785
51529455
4549469
36742850
40015886
19592558
24677250
36638539
42792433
16598094
23373628
8844740
18555031
24685054
30509687
30862133
30801475
20197518
23813702
26214515
17272840
23501311
13329854
9597123
37943846
16570876
13871375
37618479
18951333
20254282
17205796
22865900
8198209
15915430
23830268
20597549
19141386
10498779
18960583
14936991
14216683
11181679
16832443
13046606
12567810
12736318
19539227
18365093
16884085
16171897
15112411
13965699
12664156
8233403
11389865
10722062
9799878
8442982
6250509
8034621
7050835
7282396
8407265
8142565
7728111
7540390
7037637
6550250
5970845
5622878
5308178
4814487
4663512
4127510
4111494
3515713
3802574
3948410
3300271
3661088
6165554
10132303
9455646
8803252
8265663
8349784
8824852
10104715
9510076
9321901
7653494
10358949
10572066
14090948
11891928
22239192
17293968
13211958
29548356
25006694
24690808
28259263
33798306
21700836
19504996
18768359
24237852
26648111
29077152
22344982
20506925
22440934
43722042
29501443
36159271
31439807
27730577
13980520
26256766
24022167
39236197
20319668
17313266
28582696
47185705
21494274
11219845
26673863
36283650
21340193
39372051
20038487
15395093
29602543
34476380
25339843
15874183
25077811
13292513
16064181
21812374
15184789
21729854
26532980
25173367
33770779
25478565
33906171
26716164
27647174
34287863
10379096
41842380
18557396
12897798
18146011
21249528
19078708
25701045
15287353
19584382
16011615
19710248
10351427
26473319
28903235
25860781
25524316
13869499
23082819
25282588
13292149
17237767
15833889
20156097
25066264
21992734
38142900
30561011
20728970
18670965
21929403
23066531
18416740
15934367
22624836
15776454
18950148
24537847
13893630
