23667937
9615192
25794152
31609630
29517236
32728220
27520874
35498404
40416963
21609068
27545510
13517848
19646050
12894310
45915911
23192215
10907144
22781391
21708748
6528177
22440647
15896834
18656178
23088640
18975113
29802971
25139578
34637578
13369146
35328179
6514241
30200324
28411886
9169263
8465031
16994013
20372605
27003970
21631067
24326888
16577946
26146686
27419950
23659198
29525352
36770295
21775683
14283321
17019367
22925753
34472246
19940661
16299877
14659017
36557964
8189081
16176000
15172349
24725922
33230615
19322849
33938360
12112605
23215983
16325866
17198026
24122302
23223375
31899758
27179765
15982691
27994294
30173741
29313145
31659283
19940418
21409779
17318768
26325993
32804041
16819818
19313360
11865153
23514156
35774803
33850548
3940546
31077896
20416678
30121402
23351804
28187885
22520111
22929071
5984894
29868498
12677982
41775496
35860157
22473411
22944364
29548212
17065081
39968551
26043300
20400593
12572129
27533353
37426350
30937823
16416031
21715258
24769180
8431099
34258966
27473568
22946860
21029360
22644989
17074524
13179361
23441777
16641704
43313443
31851077
11628056
19327615
5439060
17331531
26872392
21284320
20084995
32638616
18949308
34258585
11535540
22365555
45941699
30210774
20512946
36926824
19187338
21681914
11467746
23007066
28657460
16616485
21594242
29218808
19542634
16933028
32955985
30129529
10246015
27558709
20963447
35652354
32107753
26224284
31541472
14178806
34827398
18197893
23821549
22524078
33758679
13841936
43415253
29190452
25417017
27740359
31008546
19608759
19757941
20346275
38474846
50545338
4451989
37562878
38880271
19810907
25332860
35798549
43781067
16432299
24273306
8114663
18368723
24685894
30379710
30210390
31438999
19973514
23019002
26408690
16463495
23348631
13140518
9406434
41657801
16483964
14453631
38831330
20432476
19948259
16900740
22201648
7807013
17287551
24331535
20938297
19505807
10537471
18414143
15432776
14536387
12240797
16544438
13822532
12607803
12717187
18623581
17157862
16340872
15694176
14501396
13762908
12001630
7557242
11197871
10127384
9979529
9210800
7022212
7700450
6826612
7173317
6914747
7027692
6865371
6784868
6345801
5925285
5512107
5041345
4618755
4364905
4305796
4047988
3802412
3643968
2736323
3062412
2732493
3168670
3861110
8734046
8590373
8489487
8041218
7606676
7353443
9562454
9305384
9210661
8556058
9397085
10211956
14614979
11802785
21768369
17103338
11922018
29462889
25904358
24794887
28702453
33293420
20564695
20114507
18602215
23657172
26799124
29682363
22319431
20904495
22367655
43895207
29396713
35782917
31013496
27258712
12995157
25832501
24176055
39172452
21644761
17693458
28702657
47263427
21801499
10277131
27181885
35759905
21400884
39339420
20270307
15175161
29600384
35149185
25326218
16259383
25073820
13323912
17046783
21163509
14645037
20563121
26661199
25484375
33712041
25837024
33753890
26381727
28119782
32642112
10404131
41659768
17844688
12886463
18168458
20889125
18386959
25388515
14767278
20598509
15861662
19597781
10025637
27205815
28752140
25237296
25477955
14003842
22652835
25137481
13779960
17164030
16022701
20033795
25134365
21700552
38132790
30481593
21066030
19091131
22136988
22163124
18489099
15561689
23764904
15961636
18640610
24257144
14104260
