4.1894519594479855e-09
3.941770350602065e-09
3.7087317497937653e-09
3.4897672464620422e-09
3.302995795391916e-09
3.1944138697711667e-09
3.3849190817385843e-09
3.894630924252279e-09
4.7529699375486644e-09
5.6135283811460335e-09
6.816890426808041e-09
8.735261013666437e-09
1.2297259628778733e-08
1.8448604949414837e-08
3.0052178897841134e-08
3.916861305305216e-08
5.889295469042338e-08
9.030618444968953e-08
1.3317802270842474e-07
1.8280131294092217e-07
2.3640841221871025e-07
2.9859889258301245e-07
3.6899721510104996e-07
4.840070147563957e-07
7.263381609197916e-07
9.834752911885117e-07
1.0838734758163764e-06
1.206457022247448e-06
1.3440363507103831e-06
1.5851645360332983e-06
2.1454418654117626e-06
2.5831014070467647e-06
3.0812214654765184e-06
2.9706557272512044e-06
2.8196843313657093e-06
2.792020285293411e-06
3.1766459246627676e-06
4.197717009112195e-06
5.52301306901415e-06
8.426376187712981e-06
1.4726333356269064e-05
2.8293065371203908e-05
5.835500879891173e-05
0.00011950143545455488
0.00021919296699931151
0.00034551964061637437
0.0004098938462045295
0.0005067581576896849
0.0006495668288083475
0.0009544288447184813
0.0015543837950394658
0.002294072800398827
0.0025888266595369106
0.0026248451849595093
0.0024860289003509595
0.002421058825246986
0.0025340122144283973
0.0028188824188250168
0.0038775779717477817
0.006743047926564525
0.012377777893257391
0.022064208430305217
0.03125279830789242
0.03306378048009054
0.033526835094047365
0.034124233765376766
0.03550004706782165
0.03955167938877013
0.04544742522449837
0.048534618096930694
0.05455482171809212
0.06841919767602518
0.08494624824945911
0.1021018268270216
0.11982261001893242
0.13653466894507313
0.1556825903041098
0.1742056973478725
0.18773778890331855
0.19783535275027272
0.21013087684321013
0.2241937767968069
0.2381972125985241
0.25223462542647707
0.26519379667303283
0.27704031765124715
0.287073499891203
0.2948808718703166
0.3045233528277742
0.3150115381050268
0.3252881556873333
0.3354407172438679
0.3457602892235261
0.3596924737679152
0.37591916471943965
0.3905392059061032
0.40346564040620886
0.41369284026275566
0.4210512683850273
0.42794148980515306
0.43373180228509695
0.43638008414009705
0.43784205321362746
0.440422965211649
0.44811761705383607
0.47195121054238803
0.5130543565065151
0.5614982798837104
0.6079218091923817
0.6451085839962659
0.6755521766771033
0.696947836274786
0.7167029320638262
0.7397816081677826
0.7650188262864098
0.7882856653988399
0.808202909221468
0.8241969278788115
0.8389360897049083
0.8519474141801436
0.8632233565994278
0.8728907859242971
0.8807795778355364
0.8930004387975863
0.9056848858307941
0.9138380354676624
0.9218355976197268
0.9303259317547334
0.936518150250146
0.9415620716507255
0.9443481259569408
0.9515940023286814
0.9601450106047781
0.9597059795927154
0.9563513367652173
0.9620301554469914
0.9722139384637484
0.9798723380547836
0.9834836336311131
0.9897434512532719
0.996145523916334
1.0
0.9977581938291269
0.9864960783650912
0.9666620391495718
0.948995309409056
0.9367231463480901
0.9359131449746759
0.9367776673724987
0.935691495440989
0.9314923652537701
0.9191614546239533
0.8976065073120725
0.883997755366861
0.8758509639996337
0.8626774213402705
0.8426984591402092
0.8157640547045829
0.78589915531785
0.7462271123424592
0.16369363715557717
0.13409134539363862
0.12899598348038052
0.14351153786056875
0.1575061399397366
0.16283315002950072
0.1629338013989599
0.17350876963002232
0.18679633518277133
0.1988264896531604
0.20419576624496208
0.19928001505660875
0.18989147393912453
0.14680823425353134
0.13234398253646248
0.12562003779565203
0.11620499523532124
0.11659014851761515
0.1165959750613106
0.1165959750613106
0.092297958760046
0.09403772662369775
0.11011027458025616
0.1289850407507509
0.14704952270219027
0.1614364195090981
0.17087831136992415
0.1723983403099587
0.16711771463924352
0.14903754586882495
0.14903754586882495
0.14903754586882495
0.1097408570319616
0.003631168959217179
0.01677238253581206
0.01677238253581206
0.01677238253581206
0.01677238253581206
0.01677238253581206
0.01677238253581206
0.01677238253581206
0.01779456285434168
0.025805243724399157
0.02972052147262469
0.03968499962526692
0.04899490014210339
0.052272548674071134
0.060193381522785985
0.06933477349434812
0.09016032887742369
0.10583889897828407
0.125215249850274
0.09610680429636355
0.02163779599754988
0.025267661836871794
0.04304688165424339
0.05173443327964356
0.048746994091643174
0.04123473912289027
0.04927734852599513
0.0476743640253923
0.04381218164900208
0.05423910391620212
0.06718524408052501
0.08561041264105393
0.09879387164741757
0.09991659457299655
0.0782126271370104
0.07915482864503835
0.08451942219650235
0.09614032922943387
0.10858462771129077
0.11900930597150682
0.12378433015402587
0.12114520578604487
0.12043853774556075
0.07235743085101297
0.0275031565574021
0.036125863404546155
0.044246162050303725
0.04666781125651877
0.04666781125651877
0.04666781125651877
0.04666781125651877
0.03844823028817435
0.00027056541447569076
0.0002610251204693398
0.0002610251204693398
0.0038390195260814535
0.01323973438304432
0.025562863159770032
0.047947035311389614
0.07252563627694603
0.09586292185651875
0.11683810789194343
0.13553529352149676
0.15384480372655562
0.17060121289518712
0.18561140881083976
0.19902564277954568
0.2147298375894671
0.23513040592432258
0.25430898460953894
0.2733814676921508
0.2834784883382648
0.2764470775931748
0.24153902913407488
0.21218582982740597
0.20656420549177965
0.20344036045159183
0.20675209168628522
0.21810849388295714
0.233805798614948
0.24808674455945653
0.25838987617590103
0.2671233927487471
0.27553469621307775
0.28268168001418204
0.2894053397457766
0.29834815124239145
0.3089783041653237
0.3182516880778366
0.32614371113290497
0.333115007050946
0.3393063473746578
0.3444640244733509
0.35215928660524526
0.36096593464526217
0.3688911180439857
0.37595970513532645
0.38443673578764603
0.3962907665077333
0.40892101735054687
0.41956562334737496
0.4267180217621579
0.43076125133726917
0.4342400595326383
0.4393358806022879
0.4440218880354823
0.44816571193390015
0.4525023796454441
0.4571376646069659
0.46496501978486077
0.4736927682221714
0.4784460747303239
0.4630706655640051
0.44069034464825924
0.43585422835767795
0.4396101589149381
0.44421185007147634
0.4481263748271309
0.43357504669557934
0.4115714809702665
0.3899337698419672
0.369423264190033
0.3502732093109466
0.33212095616336207
0.31516509988235797
0.29911493905428466
0.28555289326014827
0.27361577569501894
0.2616968184500939
0.2510440114392061
0.24148734171685834
0.23276530123957262
0.23603879345025594
0.2322533046243468
0.22575858554278105
0.2289852462453497
0.22414186417571863
0.21657502821934432
0.20873294017452867
0.19983733394281655
0.19173599400585242
0.1866599040408762
0.18180894045261306
0.18672424465380638
0.19263122662941545
0.18779482486777457
0.18017182493303863
0.171862230169226
0.16422531664557027
0.15684827286267394
0.1492135177079408
0.14055745367143216
0.13231899906520603
0.12482077720978002
0.11828209398186726
0.11192347652084494
0.10535574149691601
0.10096511785024491
0.0963733078974189
0.09167363643326445
0.09046006450043448
0.0909166203892933
0.0909942965827252
0.0988106383842227
0.10979391378488687
0.12376854857623956
0.1315801503157943
0.1381758720920514
0.13570368903882482
0.13231585421667
0.1290322136621657
