4.208645675420739e-09
3.9713919497894805e-09
3.75265785622018e-09
3.5701403344789922e-09
3.462968195474901e-09
3.703654503272462e-09
3.5096370907745822e-09
3.3173782148214258e-09
3.5831571186497503e-09
4.76633149880441e-09
5.723120480078084e-09
7.133504733612722e-09
8.031584502103848e-09
8.927472261955707e-09
1.0467592215243541e-08
1.2548249576454666e-08
1.2836420848615924e-08
1.3935911692899189e-08
1.4991893987643644e-08
1.5968956893627334e-08
1.6228123185284048e-08
1.701962409524784e-08
1.774725299827338e-08
1.753833100510769e-08
1.6501459821339643e-08
1.552588877786792e-08
1.4607993780646289e-08
1.3859159965351836e-08
1.4188038518679915e-08
1.720631393463448e-08
2.357414254320104e-08
3.1390845084762044e-08
4.1849467474102055e-08
5.973072765786711e-08
8.621132515126906e-08
1.1036964484710047e-07
1.365977449047564e-07
1.8372517900255195e-07
2.98789690728257e-07
5.507799113526707e-07
1.1240757035926694e-06
2.131042727159204e-06
3.421946405721796e-06
5.3147107800518145e-06
9.096838631123988e-06
1.5129217236292731e-05
2.5086783655547585e-05
4.085241540445458e-05
5.605658814650211e-05
6.436490467643542e-05
7.873382318651713e-05
0.0001142594100723653
0.00019341540992727857
0.00025607853569380574
0.0002657724853605869
0.0002767763819156315
0.00030486829453512635
0.00032992802360344364
0.0003597128543754877
0.00041850972367198406
0.0004884901414298299
0.0006734777728966859
0.001067348702173078
0.0014667901396871851
0.0016776204147830962
0.0020037864608389217
0.0030576163489589793
0.005687145136603058
0.01209129522435623
0.02370667936344223
0.03991793439096888
0.057304822056885786
0.08329079093899916
0.11955584689187781
0.15303038765448665
0.18385292971355205
0.21145936679829316
0.2360210868964355
0.2604486052202086
0.2855327150336737
0.3049347586289572
0.3178131710669065
0.32823813549795255
0.34080582991513064
0.35354876179126915
0.3682317004277705
0.3875814815265654
0.40991920865316106
0.4357825392545631
0.45356179020413895
0.46799596252799547
0.48725023347727137
0.5050113757302711
0.5195523275743557
0.535199558956687
0.5521149728961569
0.5680252741045934
0.5809079897371972
0.588354454153383
0.5971492416928298
0.610823125847858
0.6262515098219007
0.6385940826683352
0.6489247794333155
0.6617155086816497
0.6756049823814297
0.689091169475564
0.7024153754489173
0.7158348408489493
0.7307962497529993
0.7471930691179113
0.7603953537302248
0.7707859871540387
0.7866053756253744
0.8057796422895582
0.8243363278664936
0.8425021824577212
0.8597360965246992
0.873413530126782
0.8861685708014068
0.8956162570105078
0.8973812522764797
0.8905352954749914
0.8891162512660076
0.8973248562445909
0.9129956139331608
0.8875984439717971
0.8861365222799735
0.8947752791761632
0.9062481126868349
0.9225019084644718
0.9376120551241696
0.9503045567422925
0.959988289116634
0.964313035685397
0.9686765900374936
0.9740706597267845
0.9838245896900879
0.9949307504399267
1.0
0.9927994080634122
0.9602739141193669
0.8779828132004026
0.8487374011019604
0.8571128273897326
0.869259377447951
0.8789006951303633
0.8790745031089431
0.8702345670933611
0.8650604604770832
0.8667154028185913
0.8693751300313582
0.8648776787759805
0.8547623777009781
0.8279026869731719
0.7889495076953631
0.7814816522268592
0.7838436013252339
0.7883275402586724
0.7977590147203888
0.8110185098855062
0.8286802808925656
0.8465397476787969
0.8615189557792722
0.8588864603123391
0.8325429784641748
0.7726523672333532
0.689559639090678
0.3258266429604551
0.307291467120503
0.307291467120503
0.307291467120503
0.307291467120503
0.307291467120503
0.307291467120503
0.307291467120503
0.307291467120503
0.252571360306911
0.2541995091155199
0.26453227918921973
0.26883341396035854
0.2671468660389561
0.2728443531364897
0.2615713186790654
0.24302234803717365
0.0028660640739976762
0.0028660640739976762
0.0028660640739976762
0.003465247038715157
0.01810679547186737
0.018503688360324722
0.02540847119936305
0.026423418272043777
0.021206213362406783
0.021206213362406783
0.022237937202226915
0.034212922510157964
0.03769698583465828
0.049265958810616066
0.06577067873874269
0.07331791188540163
0.07406984617633974
0.06657425007893235
0.07988331773611207
0.09383488605217889
0.09954765178722313
0.09954765178722313
0.09956821364842439
0.09899620334687978
0.09465066409189092
0.0858184893021318
0.0858184893021318
0.0858184893021318
0.0898644694665601
0.11035454285000662
0.12248059833304095
0.13225198989617806
0.1348252778270416
0.1260052448413394
0.1116789272669281
0.09810946196120955
0.09575804839250543
0.08783220948092671
0.09013761032284143
0.10396611013979408
0.12661214245794758
0.1498987425933464
0.17050219987727272
0.1829406589683385
0.1899810775944763
0.19733169087454136
0.20837282284485512
0.21652473507306552
0.2071471882677792
0.2045473659902715
0.20400771606981566
0.1931988238592629
0.1931988238592629
0.1931988238592629
0.1931988238592629
0.1931988238592629
0.1931988238592629
0.1931988238592629
0.19429677697213057
0.2020506442964277
0.217908713990366
0.22097324693541226
0.18683005618423446
0.13955632702846182
0.12468702053717276
0.13435345365042883
0.14450673147691603
0.14693494250288666
0.14271385329175973
0.14298169984692122
0.15064829522948814
0.1619453748737074
0.17214218820483446
0.18113632766036114
0.18875148414254667
0.19540063685063452
0.20157402474589806
0.2069031653878492
0.21115434382173467
0.21463025006582548
0.21785174157571705
0.22082848703129615
0.2235079844119379
0.22551769479791034
0.22675541248866793
0.22684394568057242
0.22594062428583248
0.22550514333909805
0.22568362393721067
0.2257485800996228
0.22563447544776902
0.22510165420165798
0.22408967734674826
0.22232733961880763
0.22025816028174403
0.2188443018243155
0.21776202811992848
0.21644218133801482
0.21487745546086492
0.21298716387240674
0.2108923962508894
0.2088780002105485
0.20663933369137105
0.20341408431200766
0.19921748927167532
0.19563641179705002
0.19338727326076388
0.1916452623407775
0.18959008327636112
0.18657619780060702
0.18293684782890468
0.17926778034025947
0.17581713370575636
0.17367117670591342
0.17273061656827024
0.17347709432147682
0.17587752404782558
0.17803080984351682
0.18109591916560278
0.18460366155665314
0.1876325469671514
0.19095491044862642
0.19386636750075906
0.19793708043907676
0.20249532737714115
0.20691145465458702
0.21072849801058668
0.21405490079462655
0.21761603106073157
0.2248115604100337
0.2336233378135308
0.24190707710184906
0.2516998135143705
0.26350006499849365
0.27666195902120994
0.28514813604623884
0.2920030203356229
0.300127832209614
0.31422892416146936
0.3311567244743977
0.3470866226925422
0.3606557712003659
0.3726870925054353
0.39039390218663766
0.4014503739216153
0.4085928187570284
0.41480213570381896
0.42197157886730796
0.4339112916321952
0.44513889933895107
0.4560129543181321
0.43783511063506103
0.41489201849285207
0.39604110033071976
0.3773137840019653
0.3610217711386827
0.3458744075394748
0.3486786542327681
0.35438424480222036
0.3588752323401657
0.36600960562900936
0.37105676102378665
0.3751624768041801
0.35970223453282263
0.34214950496548735
0.3259289259647142
0.3110606642439251
0.2962091939088233
0.27898294765908377
0.26257810574317253
0.24738702723804273
0.23487126805039987
0.22336609080702172
0.21381886247241494
0.20676157546078922
0.21236268493067312
0.2191358885689401
0.22569916004942175
0.21824091305887
