38833318073
30973523273
23798647558
43707254580
8675041839
16493157699
28627751154
21374078727
37637358041
29858103293
-3114230542
39835829035
34593490317
56844739296
47676054452
24659044631
45441691602
35280694646
39648275162
40354341814
36694944816
31611732211
39369393223
48003842033
37655602703
25365156203
13433376300
28924775591
26468059970
22048965557
40589515718
36185327166
17876039610
53820259237
50736413514
40334284463
35677907836
12743632598
36735972764
29009619419
19236674527
39093623899
12344766586
40239435486
16778696789
42809075140
-9137704462
19971564713
43808373227
31292090285
29162258429
40899774669
44596885053
36723235883
65354080598
27123016573
37446131625
7219258710
37823606885
46308125555
50502064138
36669451998
23242733367
27409901036
30193270306
12050896929
33061395050
62841784932
16155672028
38630109525
42107645500
32959479131
30267680818
42347281362
42561043293
35642013909
51654874195
36681601322
26377072988
29057542444
2979763582
17786988049
49236423811
52842174521
58697349795
53663107028
32599191039
27182578341
11659611727
2241032138
32168633767
41001596352
31278860661
34839212274
30901994734
44982450500
36968119695
29600759650
52076673050
50020420467
35825293981
38752999747
39067288915
29374704346
28305899284
35090764044
38662871604
35607677684
50058254802
53847192095
36443072434
37410074942
64547875477
11849587043
31082971409
32482207001
35061780958
26665899980
46891500583
41835496019
19395150214
9618654582
35865465654
30119463101
54660625631
24582582432
39424153447
55297811225
40737027113
60126460040
3969072867
44201371978
42912116770
33803017506
123963817737
42850688343
22223939362
42136876262
25013262259
35711223525
24893185879
20977401164
27251869971
41126380986
19508736554
33210574882
39388822031
28359155580
16293218415
28933859918
21409844563
32724884035
19768036352
16396401057
23588701309
44357624841
34951210300
52037768821
13666253309
36046644880
20810524688
84615402175
45035431409
18341226613
41921070121
26927585955
28147290698
10602858543
25938769760
25925379110
42080325365
26490395539
84878920705
35678506480
45540167247
12413225499
27885200483
306782349
49761370904
60930463403
19281095874
40836780858
30928804464
21118069637
34681131924
56530129071
34640701036
50000955032
29821581605
51000458467
33527439548
34392638489
31563135194
34202670450
13266665928
19799489109
23790911633
30212104362
15222090406
26994052187
30725052313
11665403902
25046307468
32501002149
34767991743
39524127336
25096849345
30543144712
11584726097
19878282156
31886114611
30900161052
22085200461
24645438229
21008763136
25462575025
23854248725
22553494000
18205006617
18570630662
18874807425
17320720363
16386335654
16113092248
15018732303
13973083284
12883448446
12077251754
10050671822
10129482574
2987412188
9290202533
8346838008
6618049376
7474785742
6592889183
6077642163
6124159866
5590479236
5403522815
3362035708
3174461452
4012484040
3789194935
3899018977
2338386645
661473169
1039088606
956699235
2147494775
850031814
1107953188
1861987493
2293466620
1383844665
1411538634
415914
1152855764
1423873608
1224529314
330072436
2127888549
2366661024
2810668832
1906109588
2727398721
846450464
2898200731
1021437566
2241648200
1033165090
2140088577
2175621634
1111689503
4359690507
5631786102
6290783431
3476338667
4554080820
4795768330
7599401395
10439300036
16444408865
21369865082
20930659936
21298759460
20444899718
19742567998
18459507772
19300803747
16766301989
16958972096
17363364168
13311536002
16823420223
21677721122
22358683327
21509076367
22736600008
23282007391
21320420891
20276988891
43930534366
40679623010
41345696299
42097130948
33324882625
36396956246
12036617146
29950324676
42168658328
48740359492
44647140661
19168557214
21665273993
42903449733
17673627492
2756353422
13652857498
38310141972
41319352751
30430058015
49987293315
32934105975
62510548296
12125542681
37872805177
52890743591
23216984744
15206970933
43366205092
19123001284
19483709678
46715286472
36524187072
30344149094
49139314137
25825878599
43599460956
5622918851
45297243811
15029385113
49089627866
27210162676
42852674824
25770483852
26629995889
46762124932
4950246096
12812272353
60955539625
35749526702
40062014523
21224693139
52647001665
28345446602
36973549346
27527298079
38608445909
48078065539
48784030069
22370307271
57818427014
56385149699
37254819064
