35500103251
29419207849
30675402284
40137446853
13817478966
25953532070
29028518397
22918354284
37018144428
30388647286
532018501
37289987939
29992145479
57072515675
52575398390
31160705676
41170532792
35079391433
39739303560
44827505376
35419079155
29593042212
38672339089
53836867733
40437253788
24196704306
16979484566
30480167036
28774589553
28928392166
39596317790
38108379776
18250069865
59245771944
51183571506
32599107160
29001852537
19414045499
34461496180
28577635422
25495724372
44338202398
18062380399
32841899973
17603388442
50010409954
-1737344372
16852031999
46925662259
30480380432
26844577208
41012030772
42505085558
43581526252
68669413479
23757293902
35463407363
12209872577
36995802250
51758584229
47077326092
39179576035
25402014636
26109654985
33247319602
18872989105
28219431212
61243494081
20828221040
39042281003
44164611461
31612896444
28244797456
44745609225
42257735082
31475882217
51302589068
38654758589
30306611801
28076760401
2045158433
28796008672
46228189006
59599100582
55637299800
53313447456
37756654302
27326961698
9951681637
15110480156
30466568456
42222981150
31712879143
39191383626
30579987825
43600516710
35359420758
27435503889
54127486984
49650247914
40044633771
41421244003
38511493381
28387019037
29250615011
25556197418
39353056769
35218233548
49449114161
53861428136
35479698761
42201297470
72090657155
10815369402
31334798465
27095084609
34697121160
33946711207
43230902129
44065517918
13762921503
4879884264
36263152550
39634354829
47279674703
27748518808
40210868139
48758817123
49114075989
49249813468
5722819620
43655897477
39977990245
29750061303
102529128563
43617514963
23729034407
43466566246
26624899626
31184828189
30033753010
25655398183
25395619200
39902858139
20454761484
34871877581
40665278924
23812113530
12802842202
28707404328
19385292076
31455272237
19423309694
21435224181
19373506588
39876923076
31878852179
45509567136
12266467547
36783648555
17674979670
59109239695
44224449209
18735382837
40240629308
23869781198
27050380779
12174563821
24178539697
29246437155
37847275601
22818123166
73971820904
33475497844
47294565127
12419884242
33519406185
3314581419
46638488749
49079414982
25325244421
38988954248
30663784263
19731849750
29814497118
49183439993
34328659413
48520409296
28611018694
52621606986
34786266215
37932197306
32982820492
36384962164
18068040635
25682635579
28434104866
26893127342
21909531040
23188270864
38456900221
13583618555
23368569886
30586382280
43377905703
37650804316
22838464454
33718648808
11656644870
15188662597
39207476759
36153598352
22214522395
20876965837
21763374742
27589897362
29257274257
32616325823
16159761283
17759741824
23054509073
25370930865
24594131194
14965420709
19605012430
14611306072
15718119244
10632168770
11410335526
18979160657
6897948286
17905331916
20735014072
22029822887
20738113165
19038897291
12499213397
16289631101
4634179767
14206506063
10634218727
13665720197
7430268805
11977038514
4922801016
10618016183
10067660526
12940922105
11983914889
678044179
10612551657
10608771678
9587886893
7822535551
9085677065
8192089519
8228941414
7497549951
4853213158
7062057592
5995475504
9325710742
12923690479
12184435972
8066846771
11541593307
11007541104
9754970505
9134196587
13735457339
12005498665
13617888807
14811969956
15033767430
15347071586
14660745639
13594810958
12669998286
12359656144
6248945272
11719100130
21497446608
23765094766
28291470918
30706226954
24469973398
30809019784
29535187705
25329521908
23131184885
20182013535
20670205179
19783155588
15664329559
25347098302
24591929879
30965201656
19217957940
25271647572
26473845730
20781105239
20629600248
50704093585
38950330931
32402241559
41720770803
35870087117
35547049677
18020840201
25574166028
43038183188
43834310047
44297782467
24731150951
25534633084
38202521247
20016645741
6363184081
17472214366
44799675591
39038398888
31240137012
49487667178
33213972956
58936938760
22579788200
42097769252
52267382842
24914518157
13097893502
45003437254
18338508172
13483183713
48681958930
39701341411
29003376145
50056494282
26805543301
43108663844
10136380177
42139247112
16926586092
44300863221
25360459509
38820855535
30585585327
22805047438
46193009971
9297153742
17198144647
64355445361
37079678969
36918274134
23395830715
50546555463
29158706253
35140800270
31266781783
39096450668
45749840365
46589274354
24435385680
57198765149
57302603823
32611988493
