38342990918
30440155272
24462605524
43890870698
8376062765
14882090504
28501376569
22403100255
38191632515
29562909751
-3501004254
38985489141
33237832851
57905822225
47558182444
26296694420
44118857594
37548297489
40601696882
37600880866
34482382621
32148773421
37577656494
47519565778
34253872395
25169491356
13734829711
28488074727
25870714807
23770365997
41439808311
35743989015
19333529853
54209529747
50367915331
41125458094
35097440248
12749369741
35826340533
30038429751
19374100737
39562716391
13663359830
39809164727
18928430821
41338187138
-7655184942
19599806051
41281453021
31065533655
30190899890
40384714445
43791503864
36933665855
65355062940
28489326472
38708136549
8318447781
36601340731
46209464894
50314009697
35688686648
23023890176
25784008567
29229291411
11500399480
33428650665
64509882956
15909029763
40586388225
40313581232
32368627638
30353690989
42501274660
43347543966
34776687754
50619279753
35410033915
26427511218
28961006831
1925607128
19034918052
48079968087
53156757455
59774684149
52548608933
29948279333
26253560754
11912396016
2879202009
32315661003
41128297827
33112201291
35220195682
31534753084
45891764286
37561862784
28685860318
51244181841
51214002646
37420743333
39979596084
37000196210
28865431178
25734203944
37409215924
40940418341
33319390412
50618139920
51358405816
35982055351
36724071596
63884216500
10795465537
31363175907
31662877011
35695208342
27292330452
47999136805
40306114760
18204134738
10709316786
37705012955
30467428439
55772523296
24695904330
39219338795
56523830202
41009124786
63353858167
4490972644
43091584901
41584069111
35640364906
128024658423
41106833429
23690856208
42613804668
22072202436
34098390346
25817581376
21601183108
27152306646
41350297769
20836564003
35394125424
39668694334
28493342954
15873337134
30448197943
20671811716
31793318281
21020480507
17886078028
23114566903
43837119684
34135841644
54793739603
15162236534
34928960872
19969122187
90254298094
44351949776
17330983692
40049005796
27708564600
28316448062
9996681033
24713527061
24987155308
42601878925
27739310318
86152652371
35728955267
45512353249
13781094285
28548578079
815745448
50170765182
62962942693
17809520999
40398232269
28676169843
20015746569
34515014502
58887611159
33494110891
50425709396
30776225402
52688509735
33082943161
35477008068
32527738491
33259938035
12373353553
22615588604
24169336288
29746288361
14406594762
27674987602
28047058235
12026279041
23699483036
33194628892
33867378199
36803026281
25831163738
29863204749
10976280040
20527446338
31003412580
29154526043
20150339496
24651718993
21716198797
21945591786
20449359492
19674384348
17818260255
16476497389
15831789154
14541338540
13399696816
12234217111
11665689211
11131810394
10522265408
9643870241
9051743699
8548831405
2214677478
7542040430
6847862757
5885316697
5586541491
5420384522
3382506735
4965388520
4473210668
4051847279
1424927221
2868491143
2681862009
2336495517
716448032
2551921915
428109356
1449024451
1356707351
1723716469
771710063
1657675765
1615099816
816520087
1519092881
853285013
595364178
1087355648
571105771
200993861
1096804552
94941504
833382306
836624360
678548092
205453076
756623141
469871563
626084647
646926208
327469821
463444653
309933364
393169452
85129557
1557334205
3426830966
1465544465
3711655144
4512969006
3557532447
7687097834
14796436504
20205300203
19880603528
19107677952
19215489390
18471486531
17373012832
15614949235
15967460569
15676929299
14657603685
12952089165
15712907278
21647425244
21521840546
20281207372
22939234867
22377178014
20118740077
20968362345
41612688988
40560530058
44679502546
41751378062
31020549590
38297867728
11468431488
30663730576
41280234278
47390851169
45646038789
18524683133
23497263216
41347525843
17516975284
1153202013
12187950066
38560211836
41236887932
30305839058
51063715599
32783761626
62092520162
11404019461
38652040110
52491398913
23324967656
14443569970
45252926503
20523403186
19234566526
46608915853
36445228314
30666111441
48205501531
26967934931
43426823708
6324895580
45593067182
16735360762
49907446031
25858551370
43142697680
26918381702
26884025286
48040286385
4816791034
13915960818
60622384368
35306688061
39851746135
20995701026
50851252755
30564185780
37265149199
28863749221
40307386119
47577803624
50442484423
21489976353
59800376784
54583371214
37530984553
