35494621286
28999977566
31091995538
40286071615
13943468812
26218748124
28404762750
22361199651
36704629460
32051316484
79035473
38486427512
30230036830
56606765675
52541136630
29594189789
39020748185
33869900344
40518770195
43494716757
37657910931
28692289437
39693129216
50836246605
38506484206
24111051632
16661858034
27926350287
28714401613
30535246116
40532852300
34742091525
20355567589
56831227614
50550483851
37014694221
27933387815
17194146678
33460312757
26325943639
23098186609
44957627843
18298864033
35268421229
15144005318
46802694467
-519640928
15697149187
46424113175
29277219211
26977795217
38567978419
44216938647
39301426453
69850641136
26113368703
36452450080
10566840952
35826293479
52687213809
46276789729
39017849616
24862594428
28769262707
32648280921
18453972300
29674823149
62635160299
19680811745
37054021239
43333977951
30216847723
29655128099
43158714573
43671087160
31357544432
53242865161
36266046366
31191309041
24793247537
4296857990
26480700690
45078904193
58602395089
58438741340
54945155696
37264095305
26332298589
10402993408
13941471879
27983629248
41449179223
29567161427
39429881384
28692897268
47269420366
35535649103
29749427533
51900025393
51271866921
41019719217
39476919565
39061005805
27869827247
27615422721
28324198468
39113410969
35015320833
50472952870
53566230814
36260471533
37886128880
71456595353
13891064974
31398416141
26139800441
35672282399
35097393002
45438791822
41847111074
15773382305
4554206821
34057041786
37921278779
49081813408
26974649748
38745506616
51279798724
47238250695
53051237828
5891381562
41576119641
42264367793
32606866018
106417016076
44478986056
24237640699
42181202162
30877923705
32830632089
30547260990
24117818561
24211723867
40431940730
20809159318
36031981564
37878837648
22111283854
13512346166
30887111521
17639459587
30862816331
19888413159
20188641008
22205839848
40290974209
33773966116
45487821514
11526267303
37625706352
21208109352
62747493626
45153633560
20313580293
39589247179
23069168080
27492822511
11568273933
24013929427
30880475713
40372712138
22853302344
76734640855
34682765342
46941117856
13373231051
34849052692
2095875116
46625839808
50126305366
26066391803
38856607707
31530182648
19069543251
31920008793
51272104217
33620859386
48008349008
28217145605
53588882103
31083144026
38781993423
32748430626
36380878978
16267643196
26628492311
26967687241
23504696767
18653105146
24521930929
40233356129
13170752874
24543076830
32496699478
41607213501
39795087286
22105634000
33781456073
12416859090
17154013722
37092712791
35113248057
21574319478
21092057589
22230082934
27361385613
30864590282
29566643146
14604648463
18275093576
22253451729
24724332441
24258905244
14875197897
20306110281
17159208441
16239043888
13079848624
13913911484
16574078741
5326527248
14654427179
20107194240
19221304551
18348738485
17758180335
11845482238
15142243304
5011876893
12342403918
9399841674
11890643052
8902597358
10830415079
6681773008
8314015521
8076058374
9327540562
8558964787
13280441
8224958080
7590495673
7826860162
6458292048
5803396542
6026946162
6010675980
5838924849
4805605135
5165042508
2566758662
6695886388
9957088300
10690129232
9957287289
8353624631
9253315160
7079030842
6231653782
9909811349
9263429700
9214666582
14659326790
13768428403
12120633098
13251369479
12378553679
12297538352
11595708001
6774568079
11243284421
19319726433
20665180246
28156464861
28577056287
27823300300
28587964941
26433837614
26557751873
23549468400
16999282462
19430389138
17997318186
12783583402
21074249108
23230433625
31500010246
18714634510
24828312547
25646915281
21029295506
19582728632
49545503852
36597311751
33845780211
40496483179
35305120324
33753999388
16687227036
28128275924
43014365235
45329320387
46977814347
24244947084
26170496819
39337653144
20441132936
5188118877
18216204852
43728028426
38856930685
29939084532
45612406589
31922499852
57575587767
21204064835
42618793583
51569832429
24682677980
13555658623
44006059161
17168099338
11976791701
47832391131
38565791057
27523946808
48833796007
26107471064
43791722193
9785372148
42180970861
15365854202
45676564263
26807522239
39690817823
26844991375
24044033254
46263905547
7362438991
17725111469
65207413584
35985565568
38238758078
22511002567
49181534714
31105394895
36023360023
31050198659
41002464604
46974065959
46550707211
22737361000
55368001078
58572546224
34218160528
