37788807261
30723983904
24336767677
42743652760
9758050261
18903620381
28660446417
20221777692
37647120977
30008584728
-2783636538
39900179018
33979344672
57663491936
47148590540
24210425844
43737475273
35594311634
38662838044
41524472166
37112808897
31133801484
39829864123
47834471590
37478103806
24818533501
13535713030
28578899533
25946334624
22567523487
40441527272
36336276156
17909800844
53398925042
51668700555
40648395873
34094950729
13725439693
37828687048
28622251602
19421767096
39394376750
13225681684
39317669434
18168748647
42575974075
-7906236848
19093923412
44752352915
30243910325
28959710316
41450842777
44181786941
36352758864
65572823975
26809173238
37084905266
7420748424
36866468304
46985884088
49780537016
36604380488
24127494725
25940746088
30080645871
12751201047
32581065058
63029542269
16742203559
39211290635
42282978602
32275917529
30195274994
42761003737
42250828740
36156369530
52378130216
37274217370
25307891138
28838013881
1899309980
19385391135
49142741996
53599736043
58530304234
53499365224
33416680851
26938609718
11637003888
3458853632
31431254705
41487300968
31503486001
36065157494
30862729685
44269885768
37440440368
30005099647
52654950229
50015023213
36682776852
37920508423
38651202230
28831390745
27627819181
33906949385
39893892280
36789262659
49984296029
54573146662
36526167457
37987347383
63997464423
12303409886
32643845349
31920897137
34025072552
26826033475
47929757134
41211454316
19557571907
9547174319
35066032132
29842530862
54976626645
24494461178
38695026946
56173902887
40173922527
60071313362
3997685850
42750578967
42987557291
32375232590
123284060773
43225898836
21343126994
43502924658
25505438919
35491056669
24837787079
21937730386
27140933113
40616342695
18319634444
34712874691
37906442638
27424342664
16078359717
29741072172
20764978709
32192746532
19376197078
17308766888
23505620660
43058583963
35081573189
52079571906
13364626201
36176871391
20356028877
83312001318
44045159656
19100478489
41857683643
26443998568
28166160599
11686281391
25992771627
27524534335
42520887663
26571612733
84223847182
35774185177
45969715738
12286688836
28665112924
456073587
48618048148
59904772920
19990940766
40993901147
30019957208
21657406618
34352182857
56255588147
34675467765
50769517676
29906130368
51414136411
32931515014
34249828182
30798384907
34829829654
12806203571
20217529703
24638399796
30277347177
15738543597
26163299139
30746495298
11925102154
25064437991
32139464892
34709387736
39047256619
24543566925
29733488499
11622319921
19862336115
32705002116
31191423247
21501605738
24872506699
20970163400
25833837053
23259057852
22210554594
16946897947
18535599510
18289193009
18057966103
16861158111
16339376091
15457878403
14226742432
12532793875
11786404596
10711787093
10029238806
3400806229
9459183501
8641821034
6753398353
7589100055
6827619530
6142258877
6387586640
5386127856
5601195239
2672708188
4593725290
3968772978
4169638972
4300912567
2841446820
1794466201
670097302
1328307352
2555310817
925754176
970914574
1376159679
1157262724
384733700
1241155146
279647873
1237021875
1802461757
220961409
174448476
3000346803
2940335785
3727364781
3510242011
2938825873
2335545158
2962053029
655539959
2580160957
583739710
2805294845
2532095547
1617196182
5879402922
5647753669
5487889549
3441503717
5369276574
3768359827
7622827234
10882215617
15630265176
20500514371
21877290217
21628527030
20369011901
20550477800
19127383940
18570515325
17724374299
17217433338
17355810902
11980157536
16630548239
20595244220
22513103670
21193959283
23491635853
23152891294
21837353832
21017362879
43845863643
41073683275
40626993357
42204545029
32462101612
37149857616
11740811026
30445768691
43011921307
49144894030
44146089443
19496359020
22159649696
43515663472
18353044478
2838979296
13541165636
38120916751
41864872191
30215749558
49382486072
32938415942
61903431280
12253614966
38737466435
52899356490
23769784789
14533247206
44842696170
18436303578
19001809044
47309039045
36922491716
30650536303
48894439088
25208658704
43228541529
6234046508
45259883950
16282100054
48736554813
27037316700
43346953410
26929457276
27355681993
46489011573
4666186513
13115076008
61665151110
36075695019
40209289764
21710970082
52893954878
29589067922
38150773894
27270804703
37775106393
48432640059
48312328461
23087209515
59300560472
56327020840
36363533597
