38256303850
30157133453
25555049902
42412635972
9390607593
14807663740
28592637973
22806591677
37083150758
29423298139
-3266677584
39553431939
32767994718
58618065574
47183018356
26158229497
43287485522
37748558351
40552324716
37631491853
35142085533
32295406829
37352103119
47583560315
35427612545
24043413033
14079786374
28917852219
25303079883
23749583278
41918287554
35552391463
17995269919
53722583984
51872072626
39715508277
35511429629
12310690873
36460155196
31336810382
19644790973
39085483421
13687775715
40453285925
19172637346
41219225214
-7411064229
17168814537
42392183979
31058959741
30687134972
41390802163
43304460202
37767047433
63941142799
27230757870
37810907858
9010920144
36248531396
43878646330
50979198214
36030569691
22840697332
26509837657
30531758169
10853248701
32577989560
63673897490
15523146415
41437533197
41167311932
31937512908
29130368997
41974499095
43314511672
34306433400
50125070656
36238564966
27463514250
28110551835
1931820339
18606585293
46818096140
53109160642
60244084999
51122744581
30054859409
26177214531
11315476311
2199257060
31758772550
41267541911
33001804625
35068644683
30420448508
45886485405
38250410347
27815724969
51195710449
52673026803
36892746167
40115473136
36210041102
28349654080
26071991093
37376682903
40703926508
34893800450
49715772497
49500342446
36474134602
37130177890
63777088277
10947784105
30121364743
32345086911
35008385909
26576299517
49936323745
40329134754
18632447220
9258358191
36649385912
29977649395
55669803165
24175916577
38518494474
57438380179
40469259367
64436279642
4537096417
41899351873
42042590560
35540767223
130764551525
41021629358
23541517748
42116443330
22595447420
34258707438
24949938225
20624158631
27938120647
41014850765
20759403284
34227196896
39856270811
29082446680
15183954986
30539683243
21081076506
31408307888
21703825838
18577723413
22225769108
44349034613
35040672851
56630392824
15133697653
34880502384
19921766786
94627186650
44642637615
16146293480
39702453449
27061754805
29047761124
12106283267
23996873546
23575195179
42644612547
26395596858
86876559548
36118011172
45217162371
13416798339
27958103022
1130411437
50471718259
63627105823
16362359700
39943419104
28598075714
20259927889
35437214021
58824778723
34237932764
51031439290
31093151425
51323882015
32983941514
36174907096
31722634616
33573871117
12525548741
22134824890
24092569781
28483965572
13664343148
27076774379
27616598746
11486288571
23553123034
32685343945
34537327532
35594334580
26038306569
30761853512
12244915250
19096382890
28550902555
26618305426
20680191897
23374925972
21658262385
20197784765
18629819568
17696721483
16198879603
15223165877
14153252093
13213262146
12418788657
11492686413
10904238853
9313035495
9114979916
8805611901
7785316090
7397203536
1916139879
6299778935
5953182658
6030577914
5553637107
5253764503
3129017443
3971613119
4064708977
3563654290
611318895
2656832080
2551552965
2859008153
348690093
1912541989
321409481
83133696
340663319
993281146
1630043308
1332354983
1535583211
490854424
1398593691
101823846
403385417
305982000
228869024
1063465324
938249858
17015587
416459461
444357185
554724824
273309667
58760382
666570333
185751820
470558361
454924935
485967438
309663557
400908087
159187608
450665900
2104709647
1154412141
3174173921
3058223906
3049379966
4899586708
13944032371
19506947657
18868209396
18963914980
18490955299
17384288615
16418645472
15587460216
15107121926
14668587444
13816522304
13393586204
13954644839
20877611730
20304298874
19254426198
22009249849
22924787774
19512612668
20952032184
41123532129
41307374766
45345019999
41340684594
30248127094
39085631043
12071071488
30319491660
41218247379
48334832217
46457937583
17072524894
23140865953
42163557474
16985067950
2338113106
11297646429
39006824768
41000363865
29373777498
50331890010
33471332566
60674793395
11044121809
39494208539
52085717188
24576492254
14265513732
45088147359
20902566768
19788999366
45514848233
37884440654
29153778765
49288596650
25925094038
45530119006
6241479417
46545730096
17305427304
49500354543
26429682539
42509848054
26213914557
27791542736
47620981516
5965078679
13774148124
60104782846
35581437328
39721401325
21216447682
49656383610
30093486631
37087870938
28771969369
39801983136
46599809247
49815582995
21280440110
60271161868
53552374322
36803143844
