794295496
513182372
402290466
652750138
459406063
495926416
824957270
555261689
666145131
861046768
415054176
777935450
605360836
501183265
727026125
410765078
297526227
601808136
531790876
622079610
495773975
153202528
364890445
356467371
575015620
434354238
317930753
691630151
255516818
525428016
890961312
558147198
334648274
527259730
490062324
233951857
411453452
947675947
408634150
381464066
755141210
672914589
523446713
647987404
108906610
686452488
181453039
494696294
361193879
667383166
405205188
456966448
487712022
672391611
676818257
486157783
728764513
210114584
296084750
252696572
1043958378
302489525
418910734
281520352
317085474
493147409
463049354
478760197
531669917
32941779
629497745
365551746
512971665
554121959
523844982
474435401
550396001
690661664
209203549
772918269
517949274
279680918
739543655
416144727
676785461
486218104
337080287
646616935
398813168
503592656
805403819
727179200
387925670
574790911
392297826
690038982
538495400
636916430
629394924
339100105
426980146
236968940
445366708
341299294
529815041
645807749
537783508
351190160
852729398
594592978
340653037
565778349
479473490
294784051
477589330
388398798
553693466
709827979
677489615
238724508
622399127
619871174
267957654
583901773
398292875
285828328
519259253
565259987
524400736
486484781
421712290
250589001
380340614
247267928
538330937
436481764
422763116
365370492
393327805
721399961
408725702
622195127
557891321
654845307
328472926
492769223
762244171
343047432
730659506
389634786
637606897
514598828
484239653
738396229
615035318
643097356
440301253
1074002370
598014891
415414231
366577932
576280421
550639861
595959121
207729393
739837891
302852100
463741391
471643112
837856348
244065940
529819894
402023957
486849331
973420288
433741651
472905080
386108848
390502797
723202689
649160693
422888802
348049958
779466412
624527350
494905546
705360475
753438471
452991123
832490042
320431902
400793057
222235464
329226671
466526805
277995637
831401060
630894724
292150754
474972655
368699595
578011891
315407007
441450045
965870751
556143884
490339466
414264140
451449761
545246046
393204843
884868617
436294433
470732605
333429632
456100983
545741723
1107023278
379853110
497868120
435554927
106582570
877996324
517957981
325128864
362209872
840440323
477549077
523588962
495198347
632009614
563138668
473622032
190663303
205305167
480875832
405145316
373880605
389136790
263164074
409917377
369374539
306221128
385323447
303272012
163210885
237184811
307041413
293213584
215428848
156304686
150496358
190475981
142759793
222973390
68413863
99478729
180734624
139338222
119623515
37610976
110525709
52070622
86104318
81892065
837640
15439061
48316415
46430350
34847699
67901519
33037286
57836426
28289009
4490398
4233812
48546275
41958181
42075394
44821687
30369449
41419660
39248898
51619658
96905241
103646127
97374630
88704412
97705095
144389850
163358456
156756785
354076839
350120263
335455653
316324224
296157447
133918545
430671825
409111281
472100083
496722838
161856164
252332046
431636451
378253097
420080920
277321125
491130281
394947539
383510185
623025339
440189242
400239202
549721848
473368192
531464008
655429336
610106562
694011767
443143912
368561959
377159738
337352599
438913041
429153195
410602864
566304084
645997508
323914859
614584835
410414544
893374575
707731308
458012595
654598122
252205561
477322883
469113872
481797801
502754853
549594749
385661998
584653105
748484274
649010581
626801661
163858430
313221726
368776569
552877984
572139286
223698338
460306171
352990085
545288768
497520471
522415794
593190813
460963967
775157478
478774793
245278466
231009870
515008767
