824875405
495048470
382344074
642405570
451206619
496812839
809044017
554154208
689206484
825960387
435075811
742670567
578425370
462259814
720225266
406354989
341882705
595231203
510309601
600905960
531269542
130084790
350430793
380193834
575355202
410538270
335439001
675575782
268131837
514159258
891485077
524432271
332974936
521094755
462468205
256744267
380231575
944840599
443110464
346710812
765544144
677084221
556713377
700371026
126462195
676638968
180459058
493587889
356716936
673926625
395686267
438410615
515178302
674347948
673984775
487485984
748821217
211460244
302331401
243472901
1011028373
316853381
423082859
322887537
307331393
454023995
484168373
468905356
526163770
17333771
627570879
335270277
533735773
584618604
509307753
488029980
542415617
634969563
198005839
784178646
519718370
299097126
730899890
380917038
694290302
496096368
314371291
625055007
439046252
506399206
768470497
720751850
376819199
611250162
393938934
657257129
570335685
618277889
602311160
338377724
435706811
224857292
462171654
318378588
518146935
599474247
473896161
297004271
766502308
589332747
346534159
580903692
493555149
269091330
499710551
367091735
554703608
710803139
657048881
224514365
615524145
575449978
291829592
506833197
423104294
278710784
530527870
516099447
486991341
460210859
406040836
212244974
380568564
250038480
545840556
454798332
419319787
382133874
374816164
702354070
425583797
602385085
559364283
626117693
320302097
493593338
694486224
330437636
738851399
349895156
626190474
545032543
474867442
701774554
659997660
614160886
486806131
1032523795
608788176
414606698
392962824
550559292
585470197
594320422
212365875
758096590
323918560
460449399
446158470
843888616
219715497
536088514
408949000
508506652
1037572287
381605981
454841348
362399751
363952660
748508436
647861140
455011341
332419248
829043823
636304844
465520280
715646475
763945341
467774409
879855406
334244122
398238748
213772049
310071044
419849881
291550826
902161754
617746565
294522840
509681991
391643791
550329001
327066060
448077376
1124619545
585229127
501136342
460402158
459235336
563060373
442038463
949276848
469686200
486561649
389260794
462221253
573224057
1331546792
395875817
482829887
444280129
98192900
1051139328
527769339
360023239
349856680
839049754
493182740
548717838
505893163
638680054
555190800
479138822
240921635
227997389
497026535
362028382
371247392
400088417
256421880
394725876
368677111
307379820
358288949
299427100
135520619
262515469
317983629
296443026
226473220
128001383
149596638
184110049
131742181
221986709
83774829
109282878
175779270
163511426
149566519
68340031
124232297
75678808
92635247
99799702
6223344
65403976
34944619
6623773
24005556
44884927
43363326
17898254
11004929
60611323
8243967
50444297
33305441
50918187
16782312
41203011
17321868
40176207
24780041
30960633
33822231
10744353
22587999
24146649
10331065
19960268
67757436
260393382
266821153
257447129
245847159
233468073
105814780
373698961
421789960
476621325
472991498
145289590
272595845
432023538
373313846
391913574
320139046
452844895
410346146
369921363
595126131
429086407
423676828
529722189
472408070
544677157
685038629
594796084
697359300
475943646
340474970
370374935
325608484
453834384
399663870
422718368
589709974
671308875
334450811
617519201
439572302
872310458
732121185
452626279
664251196
214837742
510172733
472536926
486669226
493218211
569876550
407103565
566751828
735812964
625267762
626475751
150068584
306087785
329855347
571371759
547888878
196007785
443357745
322288941
571653807
508572479
574239515
596611050
462187187
782224506
491237565
226501062
221700149
519199302
