816413878
488577899
372554544
676652130
474175084
466692513
825142913
553613606
701453922
855964686
451985957
784955001
539043335
443360113
689964477
388712865
351775663
607972313
493813233
602346543
520602746
129461766
332379360
359656786
582435029
443518991
316716523
666896359
226239626
464794709
897635420
522762620
317385623
550194759
460167265
238119042
396217783
944085537
438970907
367220312
740713471
667195546
606625841
663660668
152049830
659487634
208613684
516118945
333803867
693985254
382183312
423581469
512912568
694563629
661476017
459568789
759465432
202214274
313101904
240944517
1052586082
276941293
420406223
337002403
269618724
415431222
532887393
470554744
509251177
27348007
641137627
370960087
505260546
576290819
522521113
516676193
535856690
642363056
195488898
762422821
507628493
309652615
754137884
413724531
683576728
509502228
307556913
600935293
390565354
540658684
740571070
708713517
387178373
592103477
390078139
616966992
556703136
552909034
575615679
365329895
473186800
256535134
439328605
315091767
524593313
526387114
462084911
301232143
656842939
531911118
354505360
561381671
517539420
268342556
514033247
367442261
587481822
646160756
626017329
278492820
533807054
512893969
264234730
449632835
438520339
251093715
505337044
491604834
483614866
450114883
418074791
191187356
373859289
220639667
497112822
438096436
396606547
401751901
370335984
668521697
437139568
593719936
572544211
564462113
283061944
524820098
677563831
308676196
738933448
336268459
598660375
524106494
497544708
662765536
674356486
656323520
507322985
1041936420
607473287
426026184
396198855
532505787
573034493
610429952
216408737
729506023
291002316
446949551
399554731
861234599
243075226
554234611
393990826
520104381
1116485684
387975722
497282441
375372497
384411706
704086281
682169148
462648850
307884892
962841775
626076794
456068221
771713391
864014496
460754545
957018935
306801173
414050077
168146446
317392433
430351711
304268096
1002915622
640972612
276626613
517914448
361771953
597661327
251996992
442559108
1346130217
560299075
507149771
494152460
432016558
521358214
424937151
1108046746
429587417
488260114
360282768
468240910
555326605
1464613550
377119263
481362517
446768138
109503282
1036115300
503354097
342151034
351866221
835223766
502722126
574745887
468351396
667039201
559679926
473925117
268427669
239453748
509594505
366437100
375070884
403083193
309058846
426575749
348750759
321245459
379408579
282846329
155738436
249718190
326574061
305520733
212252194
76282577
86948148
160634961
172738031
216842191
64523179
128018222
161023792
168019556
128259452
71709651
138002229
105321592
113192609
88060767
15698149
62029163
30365937
1687180
3478633
35261830
18171805
59483346
16069645
28232593
10508327
14324646
47865345
24961837
23567221
20101638
6031075
28667903
21471869
20577772
1723483
32894894
24419612
6199109
4438569
16697767
8563044
25081884
26278160
43013917
68057727
62767235
63231411
307797076
393466656
439177450
421204017
122738046
272184851
387131046
364665264
341528759
339276267
444250378
394141103
399082338
566173683
417347852
430587103
566331639
468803524
497020381
627719208
585414145
673194316
523215885
326118475
373599061
309907278
465982110
439235845
396405319
633202973
623757748
371537246
586032460
429767403
858068467
743026046
407778563
632455127
226085293
510797281
472667663
459570534
470717428
637391628
416097132
593300656
729656090
599864856
580536996
165603764
329642947
349260042
624340910
542827430
149232573
448654000
377303514
579241545
498708464
592903217
613921616
445158280
813122192
542228062
236761085
215210998
504274327
