827705735
499997070
386446728
634935177
455552946
489420759
807601660
536640159
693191211
822701965
449841237
756803995
564798498
459914518
725467708
398125929
330037239
596546321
501532305
601599262
539499128
144244721
333980979
370602885
579863634
425335976
339856418
667104098
263125414
512291313
892192855
521921906
325981720
536929576
462049464
256085314
382476479
924465605
430425976
343779561
749122324
667577174
566675266
690358632
129102544
681252130
192594347
489836839
345596231
670836776
408070963
427503112
510699951
668720166
684688274
477544623
758020727
226375394
324201045
246996182
1005765715
295961754
430924261
323491789
306727201
450793435
497644856
473275813
539740220
27132026
633678335
328214964
514643747
579988085
497009425
494041474
534527486
630335999
200164135
792454361
500208904
290139057
750986517
385913870
697703917
490217101
322800793
623317157
437629294
505242587
757412164
716323814
383611627
606809092
392691010
656985830
557653224
615752114
597165076
333494706
464961801
212371880
462146715
325602774
531794161
594422772
473429019
289497534
749448574
570941843
361155751
586286126
498904318
263221546
513393165
369012122
549412739
701981733
647762552
233966763
603947799
563047264
281404765
494170658
426279149
277300513
543515796
503424247
480052937
442816340
401519344
211448219
371238463
250237362
534124419
460498231
410796219
395400433
382432877
704231912
409013394
613179544
553674202
621556500
317634349
493635404
705835340
334430647
747857057
346730717
628582165
552677912
488140347
691612066
657564729
622753645
493964986
1029829592
608820292
406957709
379721572
560383984
587536839
600751102
218900698
758175090
330202700
448694354
439769633
845995904
223733229
555159770
413258521
509505949
1035044126
385363882
467949204
366127501
367722504
742719982
652923130
457528656
348779919
842554929
619031372
471582355
729892158
786467828
452640384
882832201
339778369
408147006
210106629
300932638
400358910
297386965
924661318
630507705
280230370
525033668
380650417
563687349
317006170
459684444
1149199055
572185757
492223378
465271862
441655958
549760562
455293839
971399694
473603875
473145210
380135354
477821072
571899319
1374059111
390673505
490458376
458954860
99157291
1050103065
515616761
360522373
345842869
835342816
494091545
534166343
504340140
627783316
539348282
475445993
255208370
225009705
493108875
355935550
372049335
403573293
259052338
392886702
369918642
303160731
362809915
305444405
127120870
265489548
318931131
306019390
213705357
119279315
128200375
183409625
128658369
220602846
75965537
109372161
173414595
158330411
147344113
91981534
122307532
81660697
93294964
104627520
14092257
65382128
41627545
2848473
582886
45999294
56623669
23602381
9237700
51642629
13373536
27468806
10591834
37205842
19830655
46120793
6377471
36335266
35346392
36251893
29378847
4040174
27367581
26138748
4063651
24668131
31144361
230158470
245300252
240405506
240344845
226550883
100441201
378283610
402975991
478976385
468143918
136189800
271168620
423172622
376040495
377880993
331020785
450507085
414076274
376583512
608591156
416059834
397301541
544666618
479567752
541578844
688953810
599011806
707990041
490665852
338720221
377079508
313681790
450969817
406212157
419762741
592385661
655260837
321082982
604912068
436971379
885139227
730106264
454563685
648087608
212788906
504463471
465808600
483714339
499107849
580330961
425871586
586632624
731557245
614076381
623537298
174858275
312998420
334376092
574610947
556457305
202094241
457936097
327930254
577816144
505753098
587153221
616186840
475114957
786098469
491441164
213328699
211251709
504672205
