763278432
505985911
416632386
655277667
460451021
518996478
812364444
551563507
655484577
863333512
421855768
773422808
600472005
504170479
727936145
417645742
302455834
590249927
524096287
608345526
475673920
168509648
353920545
367392361
575061232
450992851
326446859
691391426
276213212
523408630
855148322
577425551
349847400
538612997
478976712
252397915
393567933
915297776
405861047
369443400
740523635
648883044
545000492
660958629
100093933
684439504
171328232
490748317
389290139
662225216
391926741
467819577
496611027
700917581
696153976
504368653
722346786
214312232
282139284
254065708
1060087647
326135455
436491681
265470102
309347364
483531837
458171679
482808160
517300132
14492730
626008253
356654804
507004782
575029378
513738481
481724255
554194278
686578582
214262143
779727806
520382718
281354499
755443210
392157808
675996668
472042011
319571979
678043623
410323270
498519828
812123882
758614932
398341980
576146424
375881035
682890367
526175332
627028043
643299186
339150799
399131022
239665763
447449349
321674450
528407977
649186482
526022545
369656728
890942977
571456327
353131058
563641938
454520860
292745574
494564254
377848180
542175599
716195266
674990794
239300973
608697465
657161921
278264575
604833134
389759857
284055404
527084813
561898200
533988253
497907100
430776080
270830064
391140806
256053433
545817597
405320568
437026472
382392611
407120095
730236990
417621776
623664928
559559971
655738758
331022934
494209301
752975326
348311508
725073503
380785851
625972639
539047754
487662420
725406298
590851688
667759973
449908953
1078580170
580002287
427163733
374159102
563404807
543568238
612148494
190662491
750985370
319780658
466309862
484967082
801464066
247231523
522453402
421090272
499291410
994717845
437812797
481170680
386287069
394261308
732927990
664741366
417186446
349160466
763463975
631287847
488173803
699863197
736519514
455943440
837770188
319403226
386446095
216358269
322418253
444729647
279699025
808261431
619167560
296975306
459028224
363442507
617327409
323462035
434635222
922756829
546542397
471349342
406047370
471591858
515918842
398154530
839266179
421212782
486662491
349384933
425162677
567855500
997561358
378100019
484945104
437341192
73828812
841673050
499156873
320368600
371485995
835941125
479222599
538111135
503549745
634642655
586736306
491802847
192401489
199215785
470427660
424347174
370809264
405097729
271819478
427374368
362007141
284478917
371349085
299096059
142152998
220342433
278968319
299677043
207070805
175279441
159890987
217927442
140707250
224049522
39011888
118065565
174606848
108356385
122815772
33318996
121355836
68399536
76338219
83643310
20113967
18856164
54802311
46304895
28075148
59885834
29413544
49324995
29198067
29240816
3269029
50834646
50652476
37825772
41474920
76573189
75935553
82303308
95820123
152046890
155579627
150225256
151541863
148778842
179448071
206003167
214509033
380887411
383410976
373678114
315137769
337438993
129050425
463626075
425362545
521753860
487608938
192912819
239190225
415025732
368328964
441745762
292012728
507785961
399526070
387331558
627305455
450392062
418456059
545091837
459940569
523950238
651960932
608761257
717141736
435411820
371279072
395795687
350353607
454145259
414292721
416638452
562848715
650624122
332380954
621817731
396470909
891354061
706849872
430797479
642133686
213203771
451420533
502297415
470095660
472619123
558283787
411043932
580022829
742335262
647212118
612028854
176721776
326029273
357895513
549414760
562443922
207805598
475598702
373243993
541185117
498323055
527099238
600804057
485076918
781601499
477326856
253142887
243940442
510103270
