9527218
8777467
6685221
12926073
9051385
11792265
8710618
9261341
8271851
8525350
10999700
10597438
10170145
7735326
12913993
8571760
9354424
14727941
12234405
3960837
15411104
4978180
4930182
15687940
9929749
8471073
11576656
7728975
11876325
11646569
5992651
6668102
11344750
11836698
7873383
5324123
12374641
9498774
11908525
8131000
10857451
11305491
8061863
6505735
11666837
14013269
15098224
8993224
12562179
6361834
9987451
10141025
8981447
6239539
12228044
14330040
10176423
9540985
9783091
8283492
6928070
13088160
7883718
11864223
9534242
7492145
13193216
7603728
12146771
10326416
10108690
10070012
10152122
12863496
7912929
15572429
6434975
9802977
13537248
14847843
14046896
14864051
12338216
2665709
5207089
10425040
7795007
4546577
11082681
20146064
8592030
13163050
7728102
7506767
8186853
9889448
4656961
5591875
14992928
9948920
11542797
12553516
9950231
9631736
9984702
12855610
15744083
7854035
10404382
12484182
7536702
14869182
14215027
9915543
9054014
9255342
11497222
14190240
9034090
10570294
11871811
5270648
10219444
9591228
12297527
16769041
8103566
6626480
8153005
9034998
8371082
8513868
8344095
8501342
9204602
8472665
7596597
8085724
16200339
8831930
4653534
14555370
8672256
9116748
10915947
6498069
8763960
9792759
15907478
7493789
18070817
11348872
5209468
13409987
13900976
7319305
9242871
10923374
7969612
8057938
14882011
8095568
5811272
19405602
8954271
12022948
10154876
26473567
5984391
10180616
7970058
13800863
14177727
8730935
5934969
7471043
12100434
12067036
12011601
10707159
17614940
11835549
8198489
9500070
10078863
10440396
8030496
14074060
7228465
8175921
13634110
11292899
13986206
12171685
10766289
12383767
9017837
8682308
6451480
13656831
11405137
7868325
11754934
11246221
8956232
6905130
11301821
8323938
6820599
9336629
8078322
6549144
8105347
7086097
8742532
7961049
7147338
7662333
7868825
7416277
6061747
6555404
6141388
4205825
5657473
5262089
4349566
4777338
4594873
4185997
4111628
3784541
3266923
3500042
3065040
2935124
2847293
2714828
2558731
2329555
1914543
752690
132620
1761689
1576265
1274123
511371
1401040
1289775
1318550
960367
1378411
879007
1237261
1087243
454307
455981
1989527
1936206
2080541
2502175
3129160
3118155
3165361
2819906
2957019
4828863
6218333
6197203
6922743
7433377
8434417
6235387
7911123
10500938
11941001
12580961
11414244
13134341
6141535
7437291
10360149
11501458
7367851
10735552
11782019
3513027
8464982
5157834
13769826
12863553
11539425
8248125
6482408
9713442
15329060
9930370
13439123
12207670
11465764
11214396
11049461
10149737
10900403
9917794
5902031
10713626
6794905
15215768
9671022
13107942
7881787
18155585
10610389
9579609
11602808
7849388
8710559
6697241
10418377
8634827
14158052
9506180
11027532
11990753
10340331
10696569
9639515
6738759
12625295
9292487
10065875
7734700
11635622
10300913
9886586
9190055
8004295
9731089
9615966
8710883
11331875
11290511
7882727
10647537
13100947
8297703
11210997
11146664
10140271
13481748
8690587
6288310
9131658
10952108
12054520
12259530
9776207
7352153
10638137
9867568
12909586
5991211
10649920
11915231
