9447631
8975197
6721630
13027030
9065325
11673663
8357875
9780107
7907784
8439837
11445966
10790312
10288542
7045575
13156826
8683752
9173645
14612244
12056189
3413345
15307032
5014938
4194674
15422783
10167633
8463547
11576803
7848922
11909457
11950746
6179287
6678087
11546441
11659150
7957580
4924127
11797025
9659590
12299891
7979804
10953307
11549834
8135016
6376820
11236713
13754390
15718409
9287456
12775782
6266272
9473774
10303118
8882917
6499244
12175508
14578454
9809821
9519493
9620427
8704923
6853549
13142665
7872041
11609726
9577287
7516648
13171511
7632931
12220818
10350707
9911700
10551614
10561641
13076491
8376370
15735633
6719641
9469471
13758563
14656643
14125283
15321696
11859597
2646634
5419918
11206328
7648060
4510542
11858819
20093035
8411283
12926427
7907774
7395597
8019219
9565246
4808448
5468675
15199865
9820581
11580590
12903302
9292335
10112073
10308260
12258673
15729248
7444553
9984716
12041730
7692790
14972349
14502113
10085339
9420759
9210209
11291202
13812828
9457621
10429226
11226336
5836795
10137136
9722307
11794393
16826363
8793165
6277730
8042825
8986812
8031337
8828706
8766937
8623546
8840065
8813260
7969650
8515208
16541203
8987552
4609797
14542052
7998404
9393355
10033168
6413816
8835302
9680059
15900452
7807521
18874288
11465863
5373232
13422439
13939751
7091376
9120128
11089342
7949659
7727106
15095588
8056039
5785700
20566530
8770415
12496913
10156766
27679244
5690525
10575832
8030746
14054713
13778539
9109689
6124855
7260824
11755264
11613228
12745260
10795937
17754094
11832998
8234048
9486548
9950093
10483987
8187398
14489503
6568941
7865504
13570946
10916133
13905594
12010466
10743775
12823591
9330083
8415723
5958581
13664866
11476875
7366484
11779635
10937383
9045037
7251298
10763751
8467112
7150716
9083196
7589966
6388446
8055886
7372307
8563310
8155128
7040762
7210057
7407433
6977832
5791464
6493272
6131899
4909645
5453330
5076747
4500990
4284095
4196597
3776918
3503423
3375812
2944262
2941605
2682008
2544626
2204364
2010443
2051048
1894119
1547886
824106
103429
1382795
1369162
1251929
614390
1081523
891376
709789
566853
867561
496177
710986
609502
360164
416841
931699
1216571
1160929
1885397
2744066
2596037
2724945
2473293
2695786
4310608
6023136
5875043
6604295
7251125
7902708
6388457
8579502
10787766
12294370
12061133
11194030
12996832
5670396
7597390
10182495
11505399
7267937
10689339
11377122
3575969
8304981
5550614
13397349
13596779
10913635
8019073
7250191
9862103
15108013
10155328
13478715
12099158
10798698
11516359
11162049
9845327
10532682
9505033
6205929
10842919
6774961
14879931
9685849
13358615
8169930
18037071
10618057
10123090
12196077
7410367
8890945
7018684
10231363
8519144
14395987
9360352
11192117
12216656
10386894
10345517
9378395
6808115
12361954
9334904
10179703
7755218
11288951
10157995
9958627
8464456
7943116
9564497
9488311
8436245
10752131
12008061
7971362
10880667
12955413
7342544
10854495
11128309
10307769
13301506
8690857
6266672
8334667
11136981
12681806
12205363
9951365
7579575
10515348
10099164
12358131
6076401
10406483
12194865
