8188774
8159022
6852950
12664789
8603482
11820190
8205257
8942086
6789192
9944193
11040768
11636196
10346563
7830942
12892515
9048948
8409022
14220019
10686139
3736317
15126861
5725245
5483757
15260100
9476807
8181082
11518022
9008878
10441755
12169169
5115941
8005441
12711973
10779428
8152468
5190595
11451237
9587603
11648673
10088224
10907192
11446504
9575513
7731375
12375869
12696822
14354328
9305072
12923133
5276191
11453702
11008273
10117942
5856292
11615011
14566751
11074575
9299535
9092699
9265743
8706975
13724205
9220540
11626293
9923714
8532403
13276652
9447355
12847810
10708532
9137694
10758807
11553014
12754312
6901637
15211018
6297778
10723007
14113728
14422144
14352626
15581510
13233463
3675549
6663508
9741370
6901563
5555331
10966021
19944014
9486755
13508165
7651903
7435878
8472843
9834538
4647303
6197139
13898411
11174686
10829266
13175157
10480796
9934893
9340651
13473757
14717686
7441717
10313944
12255398
8048318
15170982
11958968
10569239
9907936
9220674
10542877
14228742
8915324
9588421
11823082
5950536
10427945
9510413
11304473
15636682
6133553
7604914
8069095
8945223
8797186
9729876
8655383
9761284
9995293
9220091
8910362
8147232
14979432
7379497
5187478
14409537
10368417
9592316
11016693
7374734
7606170
9044665
15988112
8790362
16669372
11611132
6110706
13180407
13991025
7706729
9597006
10823661
8364354
7126318
14722845
8287588
5529459
17647067
8499830
12823007
11820341
23014281
5333719
8900243
8534930
13676405
14405764
8318451
6946314
7529421
11223452
11862356
13707983
9814816
17766637
11145179
6834196
10476764
9084061
10399598
7848232
13183060
8911591
8486096
14378738
11962056
13974306
11062325
11420459
11565501
9959484
8207475
6224996
13968701
10283247
6944937
11898961
11983308
8651206
7278797
12255208
9163842
6199206
10389022
8220038
7932984
8470864
6776181
8192366
7696007
7921952
9492292
8206526
8152856
6831392
6907703
6388810
4412137
6296291
5190235
5376368
4891720
4011516
5159450
4974292
4832924
4363219
4536115
4751421
4346431
3867927
4275733
4249480
2800586
3115222
993541
2568415
2928235
2677910
1378748
2306363
2213144
2012849
1268803
2042532
1856194
1791076
2079412
2304964
678971
1598917
2106580
2352735
2044529
2681433
2804514
2460984
3328627
3746194
3578346
3695291
8081738
7127850
8092093
7994260
6808668
4399553
9225929
11306870
12393781
12778476
10450242
12953235
6693857
8897072
11492919
11858110
7641689
12515748
13624309
4230549
8776891
6664763
12481815
13517106
11983125
8532244
5754701
10333021
14913552
9274541
12365366
11325548
11824154
12012006
11021876
11362400
11994996
10006194
6908553
11525312
7996625
14518312
11018240
11462245
9147547
17993313
10875591
12159122
11861558
7397202
10241168
7048751
10622175
8153625
13195135
8283684
8549967
10692997
9928160
10258836
8827311
6820933
11872494
10497356
9608272
7803230
11174305
8915397
10445421
9049950
7103185
10696821
8607928
9181422
12121817
10606913
7690060
11548234
13251877
10257608
9205042
9283936
8571344
12889946
8250763
4966041
9638013
12561267
11832324
12662259
9987528
8217344
9945164
9826274
11550280
6429635
9543436
11098943
