9204971
8030573
6668506
12944138
8554070
12239376
8336514
9539513
7091823
9066305
11014296
12096268
10256509
7614848
12640740
9850471
8068558
14013451
11764188
3530099
14887521
4973485
5195648
16438307
10128901
9033520
10857198
8312733
11090093
11441332
6053679
7476422
11823000
12360235
7874444
5156005
11654042
9073080
11572987
9128098
10881744
11474229
8410863
7101171
12878054
13745262
14843643
9598996
13174017
5790758
10337155
10648208
9690358
5800732
12291032
14338271
10295937
9685240
9997203
8176905
7657871
13126342
9263394
11771627
9393303
7795719
13563362
8124417
11932098
9903478
10018986
10640142
10820218
12857357
7330688
15084219
5904026
9832759
14091720
15339310
14560999
14947380
13020601
4198078
5359456
10408669
7749895
4979686
10721674
19993101
10146106
13726708
8088069
7143185
7263160
9892465
4630524
6213263
15119417
9981978
11270166
12634616
9496709
9734249
9507472
12906425
15832912
7310724
10201996
12470937
7743739
14720842
13847827
9740840
10114128
8170256
10502856
14344591
8999456
10049059
12134241
5709562
9344449
9401246
12201004
16303901
6803182
6820838
7624866
9385350
7897350
9099102
9346101
9165929
9383446
9392203
7683286
7900899
15317055
8294893
5823687
14392294
8484055
9352567
9999926
6110483
8553935
10214877
14986475
7532916
17974651
12178927
6148622
12851798
14006351
7401090
9706028
10539909
8279089
7762290
14821693
8218827
6052047
18611695
8820753
11801768
11520328
25313955
5985375
9899580
7953153
14384359
14884126
8438605
5997695
7549038
11999115
12359657
11719405
10666436
17785303
11098356
7981785
10427372
10083975
10937408
7305281
13154064
7908959
7907599
14758013
11880956
13283353
11828683
10783910
11985611
9207809
8094689
5838338
12984844
11892421
8116319
12262649
11421507
9670999
6444175
11658397
9175153
6951150
10909897
8673286
7532719
7962584
7264051
8247420
8241086
8134345
7886638
7759731
7803866
6604068
6434241
5791646
4119407
6088917
5647734
5182372
4543695
3711939
4335816
4804713
4684127
3070676
3731893
3853082
3818723
3486414
3402885
2814744
2730269
2138705
908372
2194898
1790009
2048926
1486097
990344
2146260
1666437
1677290
1954341
718317
1385773
1808656
1160036
812715
962140
1896555
1843660
2199347
2033315
2558512
3310199
3020515
2954915
3266988
4293578
6031492
7401607
7043992
7404770
8089479
6496167
8566525
11618474
12105306
12449925
10714395
12996215
5635963
7769565
11377798
10812052
7654869
11645209
12707656
3189138
8214799
5491421
13203601
12569745
11816887
8124564
6636146
9824768
14355799
9791101
12848908
12159768
11495752
10694591
10853094
10698267
10291533
9868778
5786630
11078804
7805856
15314282
10454184
12275143
8930787
17975243
11252300
10959773
11752070
7073480
9398754
7180485
10399261
9267038
13590540
8982385
10303784
11698536
9568445
10204104
10329587
6664812
11023100
9860336
9791286
8703093
11823195
9607875
10878572
9014342
7966949
9465958
8957216
8886204
11396661
11314861
7758029
10507586
12202634
9226897
10631457
10326796
10010106
12935561
8160198
5812894
8521379
11632670
12370268
13479702
9312222
7776843
9963602
9142015
11603933
6206313
10174673
11597616
