9637026
9124238
6791035
13244667
8738131
11414583
8430512
9517152
8019008
8366794
11851497
10793687
10595849
7050166
13117752
8779109
9281157
14675077
12008412
3323903
15072371
5113472
3954127
15558633
9916657
8469512
11427923
7762646
11958485
11683146
6046284
6535719
11353111
11627616
8036523
4913917
11918431
9739076
12263750
8232746
11179293
11881831
8198408
6191113
11495760
13927271
15683778
9050348
12777360
6574739
9401991
10139409
8855142
6484114
12057292
14610162
9689955
9110810
9504482
9021466
6702737
13139802
7805869
11424877
9351700
7525114
13046493
7728293
12182573
10320012
10000670
10561472
10608896
13023975
8346847
16039130
6751471
9363583
13370505
14877065
14210033
15202416
12123795
2678780
5391166
11187687
7418821
5010547
11871708
20121149
8712601
13111103
7950989
7518874
7961967
9444012
4957055
5198788
15029611
9645795
11628113
12988057
9468651
10086062
10207675
12274838
15834403
7028993
9997434
12106014
7338288
15182967
14483522
9992489
9541036
9595534
11569413
13646874
9511475
10641081
11283945
5917116
10087101
9612352
11746876
16802679
8431806
6137894
8567705
9013197
7972561
8693880
8404516
8592130
8478297
8890708
7807307
8449902
16510828
9047318
4729248
14523129
7980715
9613737
9912226
6625931
8700287
9603807
16218662
7855526
18764635
11825750
5429287
13476019
13839836
6961180
8939692
11465939
8053446
7526061
15053156
8053856
5860485
21008525
8786884
12615291
10245007
28134668
6002692
11033683
7738803
14708329
13752702
9271760
6340770
7530382
11754172
11516950
12771059
10837363
17664869
11929815
8071161
9317480
10158062
10307610
8222462
14501291
6787316
7831698
13343097
10855622
13982013
12038585
10769479
13009204
9595749
8602151
6085338
13779385
11365696
7308172
11682724
10983716
9309048
7247459
10840085
8394581
7095693
9037395
7507052
6303910
7926392
7439460
8409507
7778921
7200039
7175717
7496719
7183753
5821500
6347436
5961101
5268905
5231704
4845172
4532702
4176758
3877474
3660840
3381780
3171776
2611489
2685013
2588659
2369828
1993014
2002748
1826100
1790023
1236075
851381
319846
1118516
874836
922552
631974
965547
937977
693871
725001
700500
568239
703459
693664
415892
385566
675636
925436
1422167
1572593
2545528
2372902
2511307
2489416
2489012
3969260
6031551
5822726
6285291
7343700
7940287
6357395
8561649
10466497
12451976
12101955
11171969
12730482
5878530
7644831
10058582
11408998
7184595
10895057
11542784
3787210
8403553
5569586
13464833
13808247
10949323
7990208
7317371
9989687
14842603
9869901
13890933
12286770
10760268
11249719
11118612
10160934
10858954
9761458
6191215
10716178
6802414
14620709
9526637
13780491
7996160
18017699
10332947
9984502
11889579
7161441
9023001
7067336
10408087
8764582
14686203
9440678
11464324
12442239
10469063
10679195
9433139
6758065
12312718
9387710
10311893
7828204
11207360
10247412
9536587
8548289
7715882
9710974
9620647
8218477
10831713
12458731
8167204
10606485
12979524
7053668
10972412
11136777
9898631
13355439
8544630
6017188
8415648
10883400
12559557
12081243
10040331
7618636
10670269
10265343
11960557
6359911
10307216
12284086
