10631213
8697854
10233080
11287526
10191990
9926199
8251061
9870551
10399874
10481200
12481352
10234946
11560862
9758508
11484820
10245580
8254769
11402482
11491653
8584641
9330932
10235083
11529771
10751197
8568385
10624335
10861484
11655946
10483105
9796641
8964315
10137319
10396367
11862992
9382407
9115829
10956041
12013437
10908307
9621187
8331370
7979941
10186381
9969227
10818198
11297998
11803571
8420654
11373126
9120280
12640925
10339173
11813253
8545456
9809374
12816751
11820234
10663390
11610209
9715279
10467032
10119014
9689821
10917576
12218492
10336198
10095301
9872751
10819304
10839650
11570943
9899009
9682132
11955679
9633317
11490885
10566876
10524466
10183181
10685937
9985828
11691273
8596581
9309193
9024690
8984148
7817575
9660004
11550226
12622514
9634359
10746052
8776871
7579565
9832557
9951971
9749653
9180600
10172201
9848726
11046026
11698063
9574437
8862254
11098015
10186843
9935950
9593836
9107298
10016845
8632413
10631041
11337985
10925765
11065144
8991075
10607318
11091622
10362003
9640181
9968888
8184199
11038668
9731126
11267188
10872400
7955719
9717079
9656560
11257016
10596653
9971375
10394644
11059798
11783321
11001596
12687743
11199316
10963786
9835230
10390929
11614190
8728511
9216562
10582985
10159512
9457418
10404272
11379854
11388220
10783394
9797725
10123853
12224588
11611877
9736996
7368779
9223148
10408648
9046865
12239130
9282820
9500085
12247861
9275407
10947052
8621582
11444751
10687456
10595091
9002112
10183111
10792664
9403341
9143445
10550843
11182764
10751833
11360932
11088734
12456275
10232958
11243085
9689652
11670096
10931927
11004034
11022034
9322930
10612328
11401712
10023832
10989827
9845798
11221508
10066297
10508653
10034674
10990540
10113224
10525467
8877213
9632569
9731619
9621002
9482600
11409046
9709612
8577359
9510526
9579277
11910766
9976915
10453047
9399840
9862101
10854769
10661850
10173785
10582349
10441503
10341736
10501614
10967385
9120991
9982995
8780864
9192337
8808216
9602411
9749353
7626187
9716428
10741753
10351497
9940255
9914981
9666493
8574913
10732687
10509251
10299298
9799114
9344042
8976838
9012506
9325558
9288779
9144820
8740809
8723175
8128969
7527837
7614818
7918627
9203351
9994114
9746949
9524242
9703727
9774841
9015617
10448351
10132500
9846415
9703996
9616834
10997416
10966481
9053382
10211013
8852022
8957415
10993198
9066817
10532402
10778421
9693101
11173471
9970263
10551769
10910428
10086997
8873539
10540398
10101942
8692666
8696753
11213406
10000199
10666102
11304800
10502712
10239525
10817054
11389868
9050448
11346848
11147181
10649291
9431833
9384687
10899866
8245723
9566933
9763052
10152676
11005436
11853353
10034346
12373238
10521542
13059726
11622939
9598417
11160878
10525719
11323327
11701854
9701167
9235681
11282921
9203266
10526811
9575180
10425569
10818413
9828617
9704609
9748048
10849614
10746803
10502821
10305923
8921590
11357903
7958637
11758663
8982788
11633373
10163389
11158405
10372311
9659780
10452338
9986127
9280107
10221247
9182212
10868253
10954769
10770409
9797880
9747803
10408393
10698506
11177914
11012420
9754591
11632150
9597274
10673864
9233221
10243005
11294228
