9811158
9202680
6612106
13129737
8730083
11507403
8285416
9388412
7646979
8564384
11738440
10988890
10642095
7277433
12949179
8855196
9195356
14561616
12003431
3438565
14999018
5238940
3876798
15417638
10072201
8503531
11507179
7728165
12029011
11687340
6075236
6436591
11099902
11746476
8161768
4967440
11883161
9810568
12199783
8319099
11067972
12073481
8156772
6326914
11606898
13942529
15656214
8751753
12678314
6431231
9403149
10245722
9088102
6564213
11945658
14668036
9969732
8782791
9523364
9183935
6524854
13205927
7960807
11434641
9472468
7772036
12966489
7835524
11862445
10162526
9858851
10649114
10379171
13032615
8168660
15872036
6807330
9340682
13503595
14877676
14145754
15353727
11959057
2934882
5250584
11131334
7383007
5099481
11510144
20054448
8835511
12862941
7928437
7794959
8238892
9528127
4838649
5342708
15071947
9751218
11519982
13084700
9233350
10265987
10039966
12473919
15648483
7190441
10036855
11989123
7284908
15408138
14526314
9989678
9478690
9630561
11572657
13492396
9500699
10954191
11376206
5922890
10070818
9466303
11831965
17047710
8423896
5980803
8745714
8865771
7926198
8750853
8636400
8586312
8356468
8851582
7555186
8462395
16652104
8918022
4634392
14585323
7774111
9743967
9685067
6923944
8899046
9609981
16094214
7762460
18793815
11788769
5504347
13273993
13899034
6959238
8812511
11603326
7767536
7575350
15052571
8167584
5841316
20988609
8547358
12470451
10455084
28435799
5935564
11099290
7984626
14819703
13623011
9204281
6390363
7511588
11782699
11667937
12544927
10405060
17571158
12147612
8030938
9168810
10068493
10373130
8051490
14383100
6834335
7569816
13349611
10923197
14112948
12107863
10737965
13046527
9687930
8783001
6239702
13849695
11508594
7275599
11754541
11224882
9179809
7294747
11038940
8358813
7111242
9135204
7463854
6294309
8047466
7504030
8161834
7559921
7182759
6965510
7348377
6809282
5842713
6147279
5845520
5460371
5028259
4744510
4400500
3976764
3776259
3517022
3182770
3075367
2345217
2653065
2456645
2291654
2094880
1774708
1758350
1482716
1159751
798564
230182
1121167
716610
959111
589951
968497
903429
692294
758441
629484
694422
549807
548512
55621
400210
411114
734117
957256
1211342
2274521
2351335
2477295
2737320
2180417
3779240
6065797
5876500
6222644
7277811
8098739
6278340
8408654
10813860
12325036
12280650
11491370
12701450
5642994
7905824
10324596
11484850
6871287
10828478
11552945
4143950
8213971
5673421
13392492
13942360
11032205
7777290
7159538
10070453
14794356
9999920
13711393
12180994
10784479
11256492
11233885
10323724
10814891
9629306
5998173
11101555
6788566
14485691
9666257
13322247
7956165
18097368
10538574
10065833
11973115
7251320
8792945
7154855
10680400
8884075
14593974
9253073
11357624
12463601
10345440
10726088
9332193
6616070
12352773
9329827
9996566
7907466
11115313
10712761
9527034
8615921
7742658
9913380
9613134
8417106
10831358
12240803
8264166
10913816
13233683
7056529
10962812
11275309
10236027
13009643
8599705
5989091
8293319
10784387
12634256
12098817
10170479
7690036
10542085
10243967
12019936
6470036
10269626
12476006
