3845474576
8647469857
10226621526
8714776711
4869434038
8333235981
8602897392
6947122381
-1355839779
5307139212
3038027840
10239045261
7247670982
7760160868
4213496267
12823412136
5250494072
7328791499
11682298264
5721703509
4190018690
3942929135
3828659454
7147430494
7047049391
4529361959
10593829160
8720082941
5475114667
6353161831
6737833899
7223855207
1662891748
5757488348
8762318393
6136282979
4753846304
9701676952
5722004838
9891668407
9920864303
7804203580
7946963067
2508287850
10684268348
487003182
4934095940
8615039745
8163616337
7257967215
6111898808
5519181205
8493922802
4326498760
7587753648
6784302626
3519611639
7662347577
9122344571
4131087752
5979416635
7116450572
9173005154
5624235434
3456502754
8604449675
7526355325
7708874494
2381703953
6332102855
8964694762
8331460657
7555110323
1277979146
6373490458
9155507118
3350872479
6975618102
7931648153
3356121472
2061358494
5724643271
7447022470
7100804260
5962331527
4953089789
2530156153
6557874770
4550096172
4298663012
5888144751
5993612074
4223197006
2340868149
4588307684
4751356260
5144991625
5571942354
5266008420
5051266665
4910994237
4698937894
4824230506
4881495446
6059040753
6033991518
5957919664
5826446753
5253600326
2741806822
5430004399
4787164890
4924974614
2973413600
1239455715
4563713745
4251318005
4401629272
572865166
4231047529
4175338503
3769755984
3699463217
2960335242
3722048302
3619123796
3519358704
3398609003
3234171406
2998544128
4321280000
4518533829
4409477430
4302729481
4190139549
3834702893
3962976996
3854870399
3736162589
3007542179
3539314093
3456874867
3351340701
3219081532
3173965130
3078714626
2459184500
2845914510
2683481643
2633231884
2536128418
2445517029
2294915367
2161098552
2019001343
1973444178
1900468312
1808569385
808172956
1418931800
1519230714
113908402
1372334393
1395663308
1802709438
2219029116
2307489597
1549187969
2198592202
2137552214
2082729615
2085255873
2060508463
3359639212
3784038748
3685153973
3526942708
3371826078
3190211459
3044011803
2903754102
2730708493
2617655516
2500107652
2393871142
2277028234
1360256989
2309191452
227814174
2662567463
2641531046
4703897901
4922938967
2436800979
2975865117
440784032
198909357
2040593321
9289505095
1668652926
3490308330
6023320152
8684363352
12194096414
5318500510
4040076108
11098276225
5259162398
10427127207
13988587709
3712657939
637011926
6123805466
13419593342
8353638174
4521952268
16836775382
5157172422
7139265171
3521217614
15311974140
3374353351
6815884326
7265670202
22911875398
7480029671
1891903628
3938507613
7310093514
7108652704
3220625882
8077096325
6931954458
15305831177
1814597847
8675117273
5059372721
6358776779
5974705091
8124809406
13445306604
3315350831
7555344606
9674125886
6837995366
3764688088
9123762073
4972447171
8173186503
4710770253
8394894771
8009307127
1929193989
4174794009
6158766732
6777289154
8893777162
6297408065
3564542491
6481863779
6557828182
6641565848
5762104131
3519648744
5182256327
5689648521
5278936107
6055986259
5742636140
5985418327
6914366802
6305357544
6633879122
9807332655
5463343029
7112959430
5953769129
4869661456
6894005263
8061300408
2572889465
5586761409
7325275927
7653743757
6374337805
7889117825
4892304753
7475511495
6322177000
1974582322
5719046689
6360110727
6513296175
5024061018
5986784351
7428373143
4656209875
13321904050
5675281117
5154866386
6704465363
11434900894
4085978858
6294534012
7846072110
7190077022
7373147071
8537873794
2479713527
6341257745
6012833604
9798794994
6929783974
8613753168
3921259903
5172493608
5408474084
8404185984
1420770766
8441953927
4856450593
9264917760
7655604585
4684671046
8800814569
4851938022
3977629981
12379782373
4490259748
5394588194
8586046524
9555377864
7043471784
8344138221
8485031992
7117878258
2900175583
5478415956
3090990135
10755267849
5410655443
2031498804
3216989932
7328401659
6259703833
10618555559
10337533687
8592983283
10692696335
6208459875
6153496117
10181590607
8726820111
5814621797
5028433263
7781122439
7823759648
3658436313
2637260123
7140091506
1589651343
6656213707
7347276088
8873654127
8228463317
