3997135781
8576055149
10050631042
8678262193
5023831483
8318913151
8699649366
6923006605
-1554895741
5389877586
3064301673
10251808363
7118890942
7732636955
4175662782
12880635241
5129835153
7406948056
11726724630
5748480385
4136804116
4081862261
3876422894
7175884372
7031283799
4447266728
10605407131
8579821842
5616142771
6501613428
6852548638
7242122440
1605463285
5717126356
8806708507
6126436476
4691001896
9755657218
5847475821
9710009049
9893670457
7624139000
7862442552
2452690998
10534681078
485581133
5035775364
8461410901
8050071191
7299843353
6179701231
5375833667
8429284217
4317338272
7544257267
6823062311
3389732317
7535141697
8929253815
3975369934
6244584579
7185080882
9243451877
5602512108
3362904739
8510701309
7438540751
7496313642
2585242329
6199525600
8349230061
7897821994
7620377117
1328177659
6355075626
8500583449
3460250607
7016620327
7575098999
3215034913
2247715258
5706570782
7011009650
6960476273
6080696283
4731974962
2574981926
6331762995
4713739971
4314551612
5776620263
5679608097
4351694348
2336974418
4504914942
4738001617
5008605771
4945552737
4741361960
4656025569
4592179678
4635595505
4687557474
4609144405
5447254957
5386430520
5315532993
5216110658
5170673901
2775604249
4832071606
4588005844
4376643820
2925752232
1268418901
3996185493
3912728145
3816373494
569853065
3659192016
3636799231
3569256727
3459767671
2961907967
3074203292
2916792985
2813973663
2712052297
2690471201
2749737377
3734665704
3666114791
3573787092
3499944082
3394663961
3316321828
3223628786
3115816003
3020679721
2934496960
2870124865
2793612622
2712809821
2639037214
2571526668
2500480563
2407059310
2302753197
2200013204
2130893274
2062798448
1977945900
1860349054
1746935948
1661476223
1560503644
1540824060
1466039804
846945823
1318860674
1228486839
129419153
1085445811
1025456139
1018348697
1495670194
1501883304
1545019560
1598451821
1529461069
1522944058
1523237233
1546667269
2897158053
3056407237
3031912210
2940549546
2848161658
2779658693
2651870805
2469695292
2367002365
2265283034
2170096430
2059882584
1924486868
1164020894
1763270358
241756566
2226055960
2469101460
4627908928
5332285450
2695936010
2885021526
510917382
228478117
1953989961
10088960230
1775101918
3744957952
6114440402
9113324801
13527179369
5377148061
4025443902
12204673071
5101496639
10856533644
15932252124
3609448292
528473060
6394461783
15159587873
8302431738
4594307673
18619933096
4959080460
7217834347
3408499992
16809873031
3360984417
6996061090
7216428109
24686055973
7623355611
1973621132
3842841767
7203764223
7114758963
3369579588
8151522593
6886295882
15150004974
1753981584
8703257678
5016926014
6316529453
5969605597
7956015248
12289523726
3246074693
7597321122
9519719336
6828033257
3698800860
8645612375
4908767580
7794513680
4675065626
7379561446
6886643952
1822899945
4153607612
6009779153
6294455257
6900414450
6501326114
3724346552
6094663000
5933367517
5629587636
5338853114
3534186999
4949077020
4945338703
5083327519
5457942869
5435464409
5398939832
6171363646
6237150913
6176254181
8049030768
5414841230
7130507705
5886003064
4954098116
6881018280
7606194714
2746493277
5558945697
7272146086
7424492598
6473641669
7594503203
4866771525
7048533413
6417617027
1988549226
5755918316
6480849636
6195204569
5119153599
5963618226
7192434361
4697911833
13066858400
5687171002
5252505792
6799883281
11367847171
4223200823
6112639315
7779306372
7112252954
7454391714
8674208556
2532360511
6283541096
5959838530
9841792275
7033816346
8630871731
3880023295
5170907430
5355939796
8464893075
1410284127
8431273444
4809529940
9148194335
7706110936
4387245379
8759968403
4889376040
3957018909
12366440665
4523259253
5407437598
8571821163
9543937552
6951861641
8370821354
8404162580
7157091179
2919628408
5398896117
3080326700
10638903942
5379546841
1835698796
3385671054
7176088654
6077550927
10516238194
10439289008
8390486883
10776974317
6150129591
6093605333
10251466801
8873794208
5807400651
5041298263
7764190842
7867794752
3633963868
2657271561
7038979656
1595372269
6768059023
7416015275
8853882547
8242638015
