3881954217
8578973571
10223819529
8697527968
4900112491
8353576471
8614609682
6936713799
-1443496020
5366989769
3076544818
10261315165
7201975855
7760761037
4227375216
12842794822
5314815749
7250136852
11705620421
5616958300
4171106710
4002702751
3803498489
7119244038
7124729488
4470211733
10621858944
8716465290
5460683434
6377277968
6756178359
7239931883
1720491878
5819643035
8791299997
6203123492
4730430138
9761508784
5732362106
9806876827
9902801648
7700727531
7977165302
2537115812
10693158731
471646636
4938618399
8537572248
8194008454
7300650259
6146347986
5519688288
8450283525
4350249002
7613133284
6785252828
3439244445
7678202930
9153629104
4066354173
6027929303
7080971704
9113829198
5694117860
3416704340
8636403896
7494110337
7686567552
2433013787
6293084344
8824552252
8255979341
7608614635
1287849369
6315745919
9013682421
3388751570
6985564567
7962883068
3335652195
2089555790
5724339429
7323142501
7060227586
5931913958
4907614122
2543951808
6500028132
4534114751
4325359304
5914852885
5875628231
4257011551
2310538847
4647760023
4795063864
5167747668
5387268589
5198439854
4961950341
4869474737
4685090507
4810232058
4825570339
5977084658
5918657398
5836931940
5749636360
5284016318
2658686738
5311952594
4757587727
4822727440
2953778895
1253326737
4474333350
4283506853
4267993566
530267412
4115851222
4074275309
3763107724
3711901407
2991257778
3568334099
3494781467
3403942406
3271483413
3136186609
3015860864
4234919330
4318336227
4258660288
4137768660
4031063081
3891600685
3829148495
3708509350
3578302027
3010462610
3397656357
3308471600
3196775196
3125133266
3039138131
2966233155
2514920782
2722125887
2592478197
2524748711
2438158141
2333509956
2197732273
2071881475
1969675246
1879425477
1822166555
1750559227
836817552
1475028861
1470879869
127050708
1324007307
1295778449
1657635091
2086187408
2139568347
1520400937
2063284364
2046761965
2012653659
1943785424
1917436380
3247345397
3694118022
3556080191
3451099765
3302477269
3110297641
2979961344
2825418474
2684964519
2532238092
2422632967
2316606433
2244148063
1336371168
2187296760
191629330
2607755158
2605600569
4693276665
4937714226
2540931905
2972504076
425331074
274839429
2006631285
9499117171
1774696870
3573893311
6044620354
8715622892
12521512393
5342792876
4025175406
11248419020
5266281007
10603819692
14275660253
3671354563
642819276
6237575803
13764689792
8374808053
4600806683
17230007342
5113320469
7094806556
3467514675
15599705092
3336408244
6850296692
7228714092
23271212595
7479225238
1897442663
3957174734
7272886620
7100681701
3209821161
8156017425
6913444647
15394126331
1752183430
8669792990
5066093220
6411963352
6012065647
8105158949
13223194388
3261060994
7571785972
9662967143
6826150510
3744877134
9120597046
4939103475
8082122572
4691597264
8241029392
7814771085
1888024386
4180825519
6075627140
6771499155
8511739101
6420970064
3576709853
6459707197
6586645658
6409045665
5751307591
3495045515
5172025365
5514660911
5353086615
5954915038
5776776404
5862319504
6769138504
6303876957
6515547782
9467788956
5454961838
7168633531
5940819656
4886449049
6889848801
7946058325
2600019761
5570666991
7282767973
7577810831
6400953624
7891151456
4958780971
7395397731
6317727972
1960540389
5710405989
6332577585
6422140532
5073798623
5984796853
7378723292
4678968410
13243970352
5741223759
5145517272
6765747035
11437027622
4067022358
6280078678
7826565028
7269475311
7421432722
8638991655
2527750152
6334714583
5937060763
9840030404
6955515872
8684333225
3905948436
5136765673
5402161855
8423107760
1440397979
8433045882
4914982858
9247255307
7601505935
4660063425
8858288767
4797849906
3965442241
12376663885
4513487939
5356749370
8606615001
9553773528
6983099025
8402975499
8463096740
7097695773
2895971542
5397386999
3050420447
10737466223
5397609192
1975212285
3284764742
7334791412
6255094111
10630397966
10356155109
8489655214
10704145614
6149417332
6152953459
10112465746
8715735088
5839569964
5029427022
7793106925
7835072857
3699309239
2656042675
7127562902
1603635935
6689948026
7357772656
8938603827
8249881045
