6783624598
6677573145
7535606827
6376131318
6367969694
6268008188
7208033647
5683414402
5519861832
7177180413
5862379009
6905564345
7332109382
7145983472
4869131653
5825012810
7617773742
6278831982
6471008817
6958298912
6626275833
6101943638
7127239621
5268852035
6184893011
6677488114
6771858277
6587736872
6262448401
6484482513
7217835672
6692701196
6407941220
6901366458
6775756862
7584287452
6639490038
6940092665
7035895627
6208473881
7021598135
5645097513
7283233111
6339685546
6218183167
6681799504
6743284056
6291624464
6164729171
5562200645
6678679379
6232196737
5840532972
4952172712
6342061804
5640264067
7463361866
7243284756
6714768012
6551978782
6345090394
7004477828
6627269618
7512630289
5234866762
7647241508
6768552210
6675363480
5861245510
6278758286
7448318310
6608127180
5574501178
5071513845
6757441491
7040992841
7235537946
7194549475
6195693026
5479236354
5687208955
6595757511
6095395720
6876558520
6829758099
6263188332
5915664213
6758134105
6011831101
6704600050
6460398517
5900436633
6878492903
6643724868
5658501726
6087435014
6745057469
6813263579
6175192500
5936280964
6147385435
6180021917
6387486766
5925463471
6433856064
6328677670
6615057556
5803808936
5280470388
6475503062
6538632408
5942825081
7010121885
6652139619
6835782895
5858435276
6059175580
6432950772
5973996890
6364919618
7097252242
6680064057
5709980360
5562181953
6795509202
6189659943
5790585258
5768882571
6990203352
6894763516
5655702528
5596696621
5454642993
6138435956
6552740452
7084478722
5974491401
7170198735
6171994911
6846943948
5188149876
6265225704
6238761450
6112177742
6138534027
6682737460
6263910623
6356939654
7467499314
6607940002
6228697815
6714499658
5959885680
5525584432
5687356609
5857564986
6195807642
6116682028
6184700140
5977366076
5895208872
5244041736
5557641421
5890235601
6623021908
6383519491
7087691213
6770534324
6688679088
6474672166
6099170701
5940319809
5289473787
5079922041
6899164434
6264551629
6219525231
5824815501
6218317935
7088009635
6571206926
6400882515
6032846845
6249264947
6456191030
5875259073
6763965324
6684632802
6294159693
6093396514
6026442346
5374106981
6323177321
5513115218
5196655103
5571986508
5239066018
6107688413
5853044064
6048314389
5593367525
4659095399
5988073132
6354367000
6728047503
5783526376
7415449866
6692734380
7362545256
6713217160
6316938870
6117211921
6626071207
5990300541
6465128955
6262549977
6470632060
7309529125
5760639910
5663028996
8711210756
6494183571
5808619674
6509439079
7364504541
6364645293
6418810627
6883319766
7852930023
5708438545
6248824014
5931114592
6194679052
7542011130
5687740237
6281821211
6380278588
7738454347
5986959849
5701407317
7432022933
5082696160
5978122437
7498111845
6497510667
5454559913
6225600554
6006207065
7148668376
5713628188
6877392066
7225015052
5809249549
6493216242
6847789388
7676928089
8152329590
6683509620
7372821043
6860680514
6201062738
7063864559
6728932139
5960149465
6226287603
6549709783
6140998249
6598618954
7007225060
5057007610
5995321645
7079145095
6999692107
6735283929
8515368644
5081411788
6905419323
7183063239
7404463809
6165236793
5249498477
6748567817
7004382177
7050692862
7141852767
7925594346
6569633859
5466332537
6352243842
5976559517
6387150226
6681662262
6244100025
6840543037
5902548773
6003589044
7109619928
6593320046
5407447669
5836544953
7328548196
6217974123
6416211201
6940588143
5994407105
5898642971
6856315823
6147593373
5834564924
5966910105
5982858610
6781935554
6482361211
6394637546
6305394035
5533149456
5424395893
5988463015
5374502574
7995752352
6108575094
5958020442
6249620893
6472246216
6529840519
6349084436
7074691127
6733762706
6689881395
6288288883
7626280482
6466853741
6845803879
6394552330
7266044959
6244799884
6604248924
6966683420
5382090124
6327143315
6432174281
6810468059
6187031576
5892080216
7204203391
6521054007
7412492541
6858196012
5809732605
7110294797
6167040002
7522318082
6648288192
6123646636
6487007035
6152250469
6356809120
7342022576
6570749046
7064612467
6845700150
5438035829
7103041113
6649532335
7178109625
