4016672646
8575554532
10063950186
8686149875
5026619288
8300046595
8698601844
6918414971
-1543679400
5384638771
3058931263
10248025507
7116160699
7718672034
4182395583
12882635215
5145687870
7418386779
11720081558
5727540520
4105595886
4077683439
3884962608
7174942957
7037786136
4446816721
10602791460
8566296606
5609129349
6512230148
6874573219
7224982379
1586919089
5710369797
8800986302
6134993817
4686310145
9756663311
5843793876
9712302320
9889513417
7643840120
7855622597
2465365861
10540862331
489891697
5015699838
8454516182
8036330878
7310926501
6170850780
5373150885
8439426541
4307490785
7549504913
6817240641
3383391628
7551150885
8938357578
3971277959
6240865878
7206797980
9242018171
5622978280
3358618700
8513257274
7428934878
7511209664
2559074836
6184583209
8368350437
7923496955
7632086671
1328662499
6341374467
8513059562
3471603813
7000364531
7582405841
3216868426
2237185269
5702754823
7003764766
6949026899
6075100961
4757948017
2577524309
6354704616
4703755192
4315538332
5797925546
5675024110
4334012650
2334590487
4510456804
4736529660
5030770595
4951351344
4755132473
4663435850
4587185807
4647177205
4691310019
4615311760
5444152268
5386070560
5329605247
5222327760
5178752405
2762351340
4832277825
4594478011
4390877370
2917592643
1264606690
4000674039
3919058282
3822902772
569323692
3675403824
3640406713
3583642405
3462560824
2968524709
3080521968
2934068634
2822838640
2724964582
2701844758
2761619421
3756362444
3679700484
3577476470
3507764413
3410968380
3326079672
3236521225
3134826282
3032126761
2939529713
2875483678
2803617657
2704652771
2643834683
2577165421
2509693846
2407210727
2309894333
2206606409
2137987389
2067097847
1988458718
1851040646
1761250600
1666309496
1581300370
1540390774
1470594523
839712317
1325552648
1243885868
125636262
1097450026
1051704910
1025752909
1502669654
1517616366
1543750250
1613407325
1536873587
1527583294
1511556996
1577422663
2934072402
3080490786
3025332422
2933174386
2881382882
2783399190
2651004874
2467555066
2378102699
2266060097
2187023428
2066341964
1925090879
1170590983
1760300257
251245306
2224436077
2470783477
4614442846
5313115501
2703929399
2882306460
506199820
227672725
1953202426
10083525207
1793512625
3746714171
6101273879
9102722528
13510956884
5377415839
4026446407
12203861779
5095549328
10856535687
15887758880
3595335827
509038315
6386828232
15123616024
8325220217
4612409606
18588755262
4955346085
7220643375
3424843625
16799227275
3382577929
7008873459
7234123210
24670559777
7640577500
1961011702
3829229073
7204234034
7120023002
3379209499
8150200097
6878628585
15136337105
1744570726
8699955785
5039504743
6310607981
5949216061
7964770723
12318979725
3248472287
7590272563
9521188966
6818408679
3705784347
8660588720
4918315281
7812298254
4699757075
7398734326
6904300701
1830977710
4144582803
6006757537
6303806079
6917290448
6514071306
3724431604
6118702771
5974043250
5643273527
5352552997
3535517819
4968163837
4960022800
5085816594
5479940485
5466505150
5411646913
6185370681
6231593905
6187216756
8076403510
5408664828
7141137862
5889834853
4947644698
6879168429
7612004872
2749541372
5543664898
7287498987
7434190038
6463483058
7594274691
4864024287
7040484992
6421253087
1993330266
5724694485
6479841328
6192223305
5093303353
5961690309
7197409526
4695863391
13067560798
5700599420
5234022428
6817436546
11366493046
4236859528
6126605497
7792089862
7126214962
7462241942
8656635678
2534879623
6245658470
5968801491
9848363243
7019165125
8634877896
3894660340
5160388004
5365799950
8454304326
1417461165
8425395052
4835355404
9128850153
7695023674
4377651353
8751732570
4897906298
3959503269
12359656037
4522345473
5391978710
8597266876
9547047099
6942921899
8381117239
8397219971
7163640307
2926383796
5381689294
3063152502
10639959978
5374066740
1802721565
3397445343
7177267082
6077356775
10523919006
10448449141
8389576004
10770171353
6151644412
6093398932
10257198094
8865792265
5818307755
5028065373
7746873659
7877849281
3616193527
2656487903
7029561303
1584700944
6775790281
7431461906
8864237416
8231751767
