3809427739
8648003048
10204215331
8622232752
4850233424
8278755820
8578739900
6991556968
-1371425675
5232895553
3002955336
10194815755
7265819640
7795105981
4146053632
12781299430
5205412069
7284188108
11704474991
5701182238
4274575305
3961030082
3836614700
7141625477
7127900402
4475357051
10536605137
8652160998
5459439760
6327756099
6718357783
7201073829
1671529344
5725204520
8844213259
6095555198
4840768677
9700765972
5800061231
9865802205
9903718241
7837739895
7964413933
2514804115
10619601252
460670240
4986859506
8611213955
8200811415
7304581676
6107786443
5486391672
8558327354
4358921464
7622454816
6814116451
3535209343
7749410360
9019366561
4131717295
5944654803
7075166957
9161014017
5651110865
3472667451
8618668707
7509301373
7708856746
2431345802
6304789885
9092044475
8452835252
7549519210
1276749400
6346284839
9336948515
3378367667
7001017601
7925121411
3352634797
2082621321
5748551916
7559368439
7184174801
5949018405
4952079323
2600910719
6557950330
4496373374
4337363210
5855754210
6069747694
4193976202
2390567599
4476211693
4769376256
5202726402
5674253832
5404039064
5137925860
4971006593
4654259185
4781328643
4909542534
6160579718
6135054822
6065809414
5957263943
5278687327
2729953921
5536130853
4870764151
5015478489
3026614805
1184707676
4656036136
4259995078
4530131969
629930956
4434357898
4377376984
3767186961
3724320022
2884321467
3937523205
3807668449
3693103472
3535241694
3372281433
2996863482
4374173199
4633541695
4567922744
4450756553
4342764225
3846668717
4101467523
3994080871
3848945311
3007571659
3660850897
3566311039
3455441171
3367422620
3282216244
3129228054
2470642949
2932912543
2805245857
2712853152
2638464893
2509738604
2380264629
2239932598
1997330451
2037018184
1965510521
1887129642
805310679
1347150618
1552445492
104691083
1434943807
1557700918
1923953165
2338233551
2377475944
1516912758
2349257492
2305553110
2184774666
2082342152
2166616005
3493418265
3996501000
3891848477
3674514323
3398633998
3309998533
3117440722
3024605074
2861156302
2709401855
2600932640
2439918623
2354846010
1306456449
2390028456
215061933
2732740743
2699913888
4730232473
4915480830
2412778142
2986061411
412456705
264399368
2052949271
9110722719
1700522403
3493617535
6047650846
8639909764
11955267724
5341854341
4013363213
10920619634
5291557088
10373516766
13529898814
3695723625
571525676
6057027008
13067727792
8345743328
4522005914
16525288670
5137362261
7079056886
3592566309
14935010937
3411052199
6858908582
7247542593
22449275756
7467619643
1803312169
3927973700
7337320852
7110588831
3216069838
8079687141
6934677616
15241536670
1847463936
8656397210
5113323479
6287127476
6009567088
8161655676
13636297083
3283005349
7610833025
9649184460
6812775108
3698360620
9089913794
5021619364
8173553408
4710617167
8431326889
8263111036
1820649765
4194123135
6174967779
6833704796
9314367521
6297670584
3589780368
6591133905
6599348783
6888125224
5744645030
3474494348
5157860299
5851040633
5273999418
6214751531
5749816424
6040115127
7043891126
6302606275
6700395186
10046927553
5500416375
7162650764
5972579034
4872691884
6876022899
8240306877
2581938819
5601599368
7393171454
7657394265
6413754059
7988788288
4879626748
7582530348
6355064599
1899831828
5642698062
6437820716
6597139823
5025730634
5892514189
7482223918
4616322957
13333440934
5649932286
5209245904
6666561446
11532083834
4117979864
6285091205
7889935358
7230458882
7322705434
8546763388
2437382910
6343656986
6002834693
9800906786
6943239043
8628486578
3928216264
5198590977
5496659012
8424180939
1461000381
8439247921
4924296174
9193652016
7701120380
4736695659
8754680127
4872129116
4012182701
12402429911
4546190408
5363146168
8555849796
9580979583
6996118259
8346707107
8462766256
7156123852
2866462908
5505433993
3054790958
10656993976
5345684797
2048290898
3187273389
7392116326
6234839614
10652083004
10374560168
8573284476
10734238917
6207171314
6078571333
10102403380
8759369699
5823584510
4985580424
7745790943
7818901118
3683998112
2592263688
7048208092
1566776466
6674340505
7330313705
8822881834
8157895210
