3929111356
8625908422
10154881496
8744340289
4974412543
8350088462
8636380900
6956402580
-1467239301
5336053982
3049724946
10292903870
7161856214
7701642940
4306183189
12847785639
5310958525
7332488748
11705946533
5684416319
4129243242
4070227595
3904483343
7049516238
7122532378
4417036918
10634737565
8714753508
5500774001
6411616362
6722437696
7248226454
1659757772
5733490701
8780725043
6170517642
4723204407
9678507640
5771397599
9738918000
9945823516
7727892859
7985024123
2513289940
10697983986
486937217
4944575057
8460241997
8176541633
7300255863
6151865962
5542283384
8538972902
4371044870
7690149720
6832576182
3429753795
7619966823
9090633026
4051339758
6082988105
7115958770
9140929741
5684450898
3396154694
8657671084
7500308457
7584666481
2507972852
6279949308
8711238927
8158115741
7626644935
1317798698
6369932162
8907554490
3363440900
6995137444
7883020237
3260542777
2103606495
5684039314
7249926110
7019079561
5905597280
4806662413
2501495557
6539449083
4532831828
4324018552
5876530168
5799409973
4259007109
2275038550
4605478612
4840664769
5133242658
5232710468
5068275398
4879414230
4814210024
4597120283
4772961551
4801650135
5859876679
5802949738
5708203346
5609600318
5260184333
2714132192
5188095472
4755162458
4729727955
2927869702
1239175648
4333158860
4236320148
4145367560
550902077
3990755429
3948541507
3739167058
3715559176
2999390166
3377646266
3307308011
3235141984
3128888188
2976020069
2938302236
4101639772
4135482118
4063196776
3954023129
3856716507
3767616608
3662630574
3542465861
3435939026
3000884478
3267272027
3175112233
3086467916
2993648481
2922978381
2840676711
2564566381
2616603352
2504528550
2419104876
2335539731
2233763044
2124151150
1992992786
1884046605
1817184122
1746190744
1680775031
908590499
1475828755
1413718491
209098205
1238255701
1213826088
1514713244
1958535867
2024350931
1535961675
1962205462
1930246676
1852142523
1793480897
1813360845
3172657779
3528864256
3412229579
3341514121
3187227543
3041120917
2917749280
2773463778
2612442587
2516710803
2414257919
2258851648
2154861430
1335048545
2022052244
239112614
2586347355
2525779039
4710084875
4997568830
2575531810
2911808393
482544443
334352100
2028089125
9629125075
1793177952
3590003841
6041114673
8771752851
12814298852
5341207808
4054873724
11460412895
5229470395
10728565210
14715913557
3702427334
625832078
6226035944
14149335051
8309304181
4619193389
17596058350
5083166020
7165184599
3425949329
15880453229
3356313615
6922165020
7251151595
23638751303
7540427456
1919632754
3960905173
7265780161
7142703611
3250000580
8187589070
6865895285
15369427648
1821727663
8678524561
5087845712
6400901403
6025842265
8086295622
13079420854
3337150228
7527092086
9587747226
6808718977
3762353284
9032197144
4968537584
8097528481
4695359335
8111565600
7569298126
1905773378
4198526962
6111222027
6679332581
8023340690
6476453508
3635538572
6518800624
6467246823
6108922115
5761903397
3477888000
5135868215
5386669227
5349138341
5790214715
5720725756
5733890877
6609903385
6373167931
6465444733
9157163013
5395084504
7142409157
5909829158
4917068315
6860590024
7861301534
2654625112
5597399554
7242417590
7588123652
6435126874
7776170158
4934888619
7260507722
6310930749
1972867234
5730079439
6369251888
6325630898
5084269659
5968557380
7330974666
4641965363
13244957443
5705655274
5121269183
6907508816
11431928828
4020337926
6245469172
7740942089
7237683290
7436446957
8594773541
2530192388
6372926504
5936816479
9912946093
7016475176
8635736176
3919688211
5116634757
5395739867
8377571569
1385545031
8387482916
4863843617
9156055501
7525459176
4612570649
8844277928
4783396833
3966158155
12410785483
4489582975
5361328209
8598968862
9552071361
6997472007
8405439249
8486254039
7168927248
2979490986
5294476033
3072302593
10718149180
5422109960
1878093108
3397379233
7372698985
6206080770
10678250623
10403741808
8465677267
10647870806
6148767121
6119795936
10114032647
8720501663
5807600009
5008645246
7761062966
7849402304
3666729358
2639046693
7125164415
1578627419
6679571014
7386849997
8915612768
8229115511
