3897901231
8611123425
10208119228
8724934533
4876112281
8327483095
8584950533
6920270058
-1419293980
5359581615
3061698720
10246468376
7225731084
7791695400
4214407597
12824115134
5307019630
7271049734
11711422649
5642352757
4168479805
3977413434
3815084853
7132193305
7109255823
4516710684
10621756317
8726445871
5470980390
6420266117
6765221226
7288876545
1708127728
5802731919
8758493198
6196281651
4751374870
9745027633
5756310410
9838424403
9907621578
7727690157
7960749699
2558375885
10697111221
473920709
4966145638
8547726780
8200548951
7323872968
6152064315
5521030278
8474250192
4345183507
7604954407
6811547472
3485969470
7681249271
9127857725
4111415358
5998078981
7062212927
9142366955
5687048207
3440025137
8603950901
7488102685
7682592728
2412394467
6320279104
8853135417
8277338658
7579335057
1290018975
6333207116
9056477008
3325045607
6983608887
7944835253
3324904732
2094193595
5736291006
7379293506
7104765743
5935108500
4934840854
2564424288
6530405734
4547693581
4334502490
5896350583
5923680975
4244783851
2281365883
4633476088
4788654283
5144900754
5415501119
5220964788
4966536041
4892569436
4686177333
4867033642
4853504513
5959149391
5944652873
5858429504
5772784581
5244158510
2702170579
5304417451
4760788062
4866187763
2954891557
1224466245
4472012406
4241052320
4320769333
574568177
4165296234
4120613759
3786613839
3712290323
2966133836
3616061720
3559416117
3408999318
3318384189
3168228060
3026870526
4296885136
4393237251
4294522389
4163609313
4069002774
3873289043
3866297008
3747936296
3613907863
3026481519
3435304000
3354551223
3253781365
3152832126
3084055759
2993511551
2491553539
2761691665
2639868632
2536478725
2474219646
2364547249
2203904232
2100302131
1991377746
1904142270
1815619838
1770994415
861561506
1493268190
1473826278
125731322
1331497110
1315727834
1695853733
2152187604
2187299618
1510281509
2099718041
2054625070
2024936831
1975258780
1940954841
3245327219
3693102147
3588795398
3459513952
3286375739
3134986165
2993122972
2846679142
2705221957
2566367573
2467465745
2346656438
2234555997
1352353485
2213616358
232265433
2654006158
2651638191
4690384900
4924938192
2509168139
2997201155
460648696
236892404
1989425732
9414939357
1729648155
3569633738
6070397474
8684218391
12457472232
5335302659
4025394921
11224944745
5266687709
10554862739
14200733060
3688488766
652281948
6172009354
13697560611
8376523950
4599598688
17153989314
5134015436
7143637128
3473087863
15530410347
3325472883
6801153644
7260837376
23179479068
7471148029
1865810648
3963635403
7295610869
7110963790
3199247738
8126534144
6902507543
15372026108
1795137913
8667575451
5059295052
6390439861
5991486691
8107623095
13282126959
3317855949
7572996926
9647731294
6857616885
3749801447
9116374945
4939086237
8109747488
4713936013
8286590380
7853869286
1934377250
4183922556
6090503456
6765656384
8622702305
6397562979
3561788304
6480656826
6576287273
6448718731
5774186178
3486312365
5177641593
5548481634
5316103661
5962195881
5777981107
5861227789
6773571561
6266582745
6514802556
9547191207
5433597246
7164984647
5936975842
4886251523
6886574119
7949876541
2582005149
5540653895
7330739572
7618934456
6405526293
7891055919
4946794352
7419024326
6318701297
1961388400
5735610517
6358663928
6437223627
5071752306
6006100570
7357095334
4664325067
13290927173
5709378394
5153151142
6770023884
11422025741
4064028440
6284527603
7828062106
7232979912
7425051906
8608620596
2533206877
6333531625
5947664493
9804651659
6919965932
8633776432
3904193824
5146742963
5389354292
8401808027
1437581550
8442115417
4880305105
9264081404
7612106726
4662080912
8841360740
4779078661
3976975870
12359544983
4537357300
5366031107
8611866195
9559044535
6959779317
8379436122
8476261077
7132962041
2896732936
5402536513
3095046621
10741407048
5371707668
2003190303
3247981976
7342016720
6260943022
10653069241
10383192975
8494569576
10707247882
6160979814
6112409410
10132421919
8716914029
5832486680
4993647053
7790184416
7792855955
3659322327
2644011460
7138794499
1596304235
6679367853
7371825609
8922397780
8253796621
