4002284057
8587186148
10059073448
8685495609
5011301959
8324402800
8696641305
6935667203
-1561011000
5390596731
3062373055
10261416716
7123018251
7727385089
4174836832
12884433961
5128618190
7418423478
11725095486
5728117498
4141760866
4083336003
3875793471
7173455893
7038108763
4452912612
10599188642
8573563481
5619177621
6506534623
6851664875
7233475785
1611832558
5721985097
8815450131
6137978505
4699773800
9761048803
5850931499
9711841078
9909763186
7628018382
7871776461
2445354540
10542989861
493423189
5019813575
8458178087
8051185990
7313811555
6180919175
5378940105
8423465095
4310428900
7541287703
6823547731
3383392587
7537048990
8931785335
3966581729
6251322335
7188036809
9239805655
5605226279
3355734962
8514002266
7438782603
7502329950
2594142767
6202809142
8336709294
7893354068
7620314941
1323968385
6352274562
8495255236
3463458587
7020002980
7569519154
3223550015
2249664727
5701763657
7000155162
6953256119
6081555304
4729539599
2560981677
6335267716
4707756861
4322296261
5761487967
5686689113
4345761099
2337859520
4510727916
4737875880
5014551102
4957295719
4741543786
4653643018
4599781958
4629390230
4681508136
4612664299
5452240235
5383767864
5305991945
5222417502
5171278518
2775228933
4825864775
4581560933
4381427338
2918439867
1270129746
3987083149
3903013109
3813206815
576260594
3662016352
3630332199
3572004476
3457833759
2960788742
3069331074
2914806689
2817464823
2711886632
2688472662
2748197183
3732597945
3665288238
3586403514
3486828571
3394969011
3301708743
3224654877
3118689558
3024411192
2931680564
2861986003
2786488614
2709165770
2630863537
2565846804
2497541667
2410213212
2302486960
2202959575
2129762894
2063751325
1977315131
1866013814
1750003064
1654549871
1559127384
1539352036
1467553978
855293236
1316092550
1215992290
131415731
1084405367
1027977078
1010853619
1488381060
1505457410
1544843781
1585661303
1525898446
1517864510
1528229866
1556793671
2888842411
3046114577
3030194614
2940129269
2841880549
2766930771
2627561551
2466651036
2385798450
2261891756
2167838857
2056518229
1919418239
1169605618
1757122720
240981066
2201890388
2478567503
4631912514
5324516654
2703733447
2881960208
505033264
229996239
1951685164
10102534942
1771120519
3750675958
6120038410
9123503649
13529569730
5378148995
4029785196
12210183106
5108816029
10852491637
15946182242
3614648908
533764010
6388434550
15174982570
8298191388
4593652119
18639376552
4949782452
7217200149
3422354114
16815472735
3359392645
7004148156
7231426332
24696692977
7613064117
1969057309
3840597501
7212505640
7118658511
3369281107
8149753448
6884106620
15144185845
1755612391
8697071874
5016346609
6313632255
5981093379
7947000715
12280403747
3248131155
7598333319
9522817029
6824269267
3690745857
8631741766
4911012351
7806819468
4680242320
7374133313
6885520121
1825869647
4152854006
6015892490
6287077216
6889660615
6501778656
3728891634
6103820831
5921412368
5624823428
5325743913
3529968130
4952161355
4937032838
5087458180
5458931816
5422258130
5405299408
6171856475
6242688164
6170504291
8046005764
5417034948
7128931794
5890160709
4953786576
6875854208
7611185849
2743908333
5548357849
7270634801
7403631836
6471052270
7594942541
4865937570
7038295727
6417937564
1997625401
5761879756
6485018883
6189598184
5118303683
5977090150
7190059943
4702296236
13060958211
5683022273
5254698924
6785241272
11369317099
4225950469
6114558287
7790957063
7110482509
7459006295
8676125152
2526047357
6283624369
5973203773
9836543891
7050401494
8632222894
3883109213
5156539743
5357201868
8467213999
1406615879
8419365111
4800359513
9140783487
7699897265
4394720545
8760266944
4891702490
3947829901
12370647688
4506442908
5406838848
8573705053
9544250598
6951545740
8370110156
8408978865
7149704086
2928532313
5387243530
3083262231
10621969323
5381666434
1837568165
3393662429
7178480129
6079159713
10523051506
10454330722
8392319162
10776630132
6144755768
6081312206
10255230390
8873326825
5803456174
5042397640
7760706601
7860556593
3639580894
2671982459
7044847940
1600199090
6758262162
7406133339
8856502648
8242556602
