3941397143
8569093513
10095968591
8795902010
4964790962
8302640719
8700634375
6961777648
-1497521631
5316122789
3052962429
10284642264
7177244065
7770233507
4220250035
12877380929
5225479889
7368087316
11676998138
5672669149
4158860152
4127838486
3830546292
7183588099
7133999120
4444629053
10663907968
8582306079
5566969576
6409499831
6829869316
7218589740
1669120213
5741238372
8806977510
6107597410
4733235088
9749467551
5873475569
9684068451
9985744684
7674230518
7935543355
2535057384
10575464043
451953088
5019795649
8448754591
8117820907
7312857612
6154350692
5451385466
8488541813
4296788105
7603121793
6822045374
3358874696
7558432134
8980987144
3991463732
6175007241
7169763354
9192605408
5709878104
3394424278
8559131145
7467748491
7503188740
2535837374
6240829214
8564107011
7989062721
7682192040
1318487591
6353417533
8696273465
3445349960
6961362364
7742458063
3275119823
2149656896
5685112839
7144789612
7013123654
5951303705
4745389882
2569263434
6430093859
4636467439
4308891882
5856739632
5750125366
4311221540
2253035404
4547653129
4686266808
5118351666
5102128656
4944995129
4770404506
4690054198
4628637843
4689657432
4706893993
5615367460
5574360987
5503370840
5383834220
5250409716
2702554816
5004612283
4749874027
4530952859
2896111112
1209346363
4137417966
4050617381
3955187720
614782824
3814406531
3769198896
3680990859
3583549848
2977218576
3148052444
3028582743
2973502210
2926466047
2855507358
2852637471
3936590579
3854198164
3783971915
3670499766
3599217835
3490982976
3399997594
3294004800
3196710225
2937945305
3025798202
2958135179
2840685188
2785761633
2719444428
2639696273
2539596637
2430692126
2314794369
2250397103
2182323443
2086415944
1967331262
1852307800
1743583502
1673816371
1597161503
1554455902
897818751
1394159898
1301300847
146672167
1144922909
1059515689
1280616494
1726203659
1744304741
1542763600
1718701980
1686509667
1683873316
1662353104
1607136164
3117688535
3311641617
3234476816
3097401492
3035247114
2900169610
2775739037
2635230797
2515876253
2383180164
2273487865
2130526235
2020813574
1245700861
1832004800
235147177
2379153222
2468389249
4656747023
5262263927
2591759561
2932609634
497397520
229595299
2013660466
9906937547
1810990064
3712233184
6067851529
8965397068
13182339502
5301137959
4027842512
11818005654
5109176221
10813203999
15341336539
3683391117
646702402
6253856304
14640818073
8389171074
4561561628
18107299976
4961038322
7227364719
3410847480
16400973036
3326469134
6875502911
7260284329
24205139606
7553351355
1952864621
3858949752
7208625806
7083700751
3316015318
8207537949
6861081801
15313947355
1716270658
8671712396
5091025481
6336023461
6054970702
8033335837
12649512024
3318497290
7565379193
9546068254
6850531770
3759263458
8828421740
4940763476
7983514745
4705384312
7667767385
7169489481
1859034300
4102939548
6047543891
6470620359
7404811057
6577466002
3678196725
6402150791
6224442412
5888772690
5564049643
3527927852
5062342803
5245282103
5207671689
5651912478
5585366372
5593021960
6357677383
6334152754
6315187177
8545237262
5406236044
7151964826
5871419370
4948727297
6922045541
7716688219
2687311623
5564573411
7262357101
7463736231
6406818931
7689485095
4872452329
7185717841
6436408236
1964445558
5734136879
6442207605
6297426247
5129809501
5944000951
7353958072
4704107841
13199574679
5653912420
5186948330
6885432554
11391935595
4146670241
6161656160
7779922371
7151768089
7460310329
8653493346
2486873479
6269609865
5996841161
9875737640
6995363171
8630328963
3924787114
5114751389
5354554246
8402591078
1453922020
8453112444
4861295110
9129173715
7597681146
4474268890
8716390579
4787056098
3916061952
12310653676
4487599448
5408825683
8611041306
9520089390
6961643315
8310999923
8476156922
7168342163
2961784929
5317092547
3047893812
10679930919
5393359066
1778174847
3351841678
7220452605
6073624596
10624087519
10477336419
8450162000
10703173534
6141815204
6095011191
10177703639
8786884790
5844101340
5027886920
7748085069
7805209768
3613856439
2612761693
7078873788
1597629249
6745243817
7450482613
8966314364
8197320993
