3933171178
8580152522
10115464974
8827271076
4949271412
8300788897
8761008628
6972699750
-1508323465
5340654536
3012580290
10292866122
7190860892
7760926764
4229579203
12904175155
5255494007
7348722493
11687991883
5680682731
4164932307
4141923581
3863727240
7143584849
7132071450
4420841145
10664609372
8648160672
5560177219
6387987066
6813357335
7188425810
1668196566
5748639668
8810760427
6123450654
4716540459
9748832248
5877353361
9708672313
9986356512
7708952660
7923591355
2515778812
10603093840
464898117
5007153091
8476814889
8105725848
7286306727
6183628461
5456707497
8517149773
4338406932
7640411946
6841520766
3353893804
7550736981
8983380711
4023644725
6135435250
7139739533
9169533609
5696299620
3413849598
8562565580
7470776589
7499460970
2532117064
6255391351
8578966209
8041809276
7641922907
1363317393
6373007910
8728003739
3419286179
6967628028
7767018295
3273447458
2147423994
5667750886
7152345671
7012200019
5911042958
4763478373
2525283161
6464226864
4609250596
4286556495
5854609256
5750718894
4321815981
2262429605
4529452578
4709571453
5127132966
5136447629
4987326399
4811986181
4742109299
4645999514
4693108329
4732257025
5670661446
5618166966
5556400235
5419222385
5223963863
2696752709
5041379057
4772516112
4589556583
2900014656
1227969750
4170306982
4080445057
3985385006
581048586
3836292814
3773696258
3673698864
3612093099
2997251243
3217923552
3063598314
3030020064
2965840255
2879624790
2887338065
3969117457
3916891028
3825675557
3730925852
3630970746
3541306264
3445047059
3343968871
3233013096
2959965752
3065603829
2967232687
2876323390
2813301042
2751864180
2674337059
2568963847
2459792614
2354398980
2268382282
2199245303
2111132694
1978791642
1872742854
1773459689
1704808216
1647077575
1569436666
882477914
1412195354
1322762569
160539356
1162511132
1081633126
1311273642
1766611753
1765774116
1544112417
1768311932
1742809647
1756976049
1722748786
1641679074
3114294309
3324239127
3268961243
3162054579
3039462355
2918611887
2783580031
2651530430
2539522890
2409006947
2295256599
2126854060
2033148398
1248540253
1850882051
242153419
2436034099
2453297148
4672621153
5216399193
2565996842
2959857684
495868801
271850073
2019854677
9862149105
1785282986
3671327251
6098201834
8898351273
13103929602
5318756424
4007217542
11720855814
5122774753
10788026050
15233542541
3705297520
637346923
6274652928
14592853643
8358729673
4608706722
17987648565
4991781948
7210524386
3427126691
16302262156
3335049129
6870601637
7258468565
24158561665
7511348945
1959980443
3865801541
7183927910
7094349994
3340477667
8200510010
6848996850
15359305716
1698431508
8649024145
5104310843
6375927248
6071429263
8026367753
12706579438
3337046707
7564833956
9543372531
6851878838
3754529567
8903426966
4986621136
8018737240
4674511182
7778434517
7261248005
1895376466
4099397885
6056813483
6525033881
7472247714
6565482088
3689557858
6444766588
6293708324
5931402002
5599202647
3484233890
5087560201
5255800891
5250593874
5684008644
5628794115
5593050223
6402346604
6354100392
6326713593
8619959844
5385973608
7139951817
5884797088
4962494507
6879362058
7767893617
2695656758
5549477510
7245766449
7489724710
6410627699
7766578245
4899309493
7205427222
6423394403
1964926674
5713155709
6439042447
6324354158
5097793369
5939823721
7337037634
4682154237
13204324823
5668438246
5160968217
6896155041
11400724266
4155619630
6208780666
7774495366
7185264634
7501647283
8658971361
2502440223
6276380891
5979628462
9890340121
6958948659
8607289691
3894035861
5162925159
5376870576
8377391240
1441521193
8446263596
4891285194
9122138537
7568455089
4518336865
8716667814
4778572687
3930307060
12294368769
4480830489
5415153452
8601416359
9512377805
6957398915
8347931458
8474815815
7168118068
2971388014
5324942462
3076604691
10699584344
5388444902
1806051260
3360298395
7243961662
6067076158
10641236062
10458564692
8476655820
10713344458
6096694590
6063155617
10191941013
8786248344
5806598910
5043208316
7739463679
7804830026
3665269352
2598103236
7041520182
1592891893
6735300345
7440905486
8967403910
8186758017
