3901067883
8601481764
10190136811
8721197440
4862878720
8318970786
8583131760
6942897216
-1411164871
5362109764
3052893291
10238860888
7215903370
7775284910
4210044361
12841072358
5313376617
7272597005
11705222802
5655912532
4173233945
3983363887
3820483675
7130891486
7103958535
4518635380
10632014243
8732468156
5492101241
6397944044
6773265509
7288386818
1720791946
5781233765
8756643871
6178753653
4747343595
9744833574
5745091345
9841883130
9901031891
7724413646
7964547308
2551503915
10692536792
463137701
4958921323
8550649618
8194031881
7326568326
6147618426
5533243872
8484391295
4346878667
7618379232
6816404033
3490937692
7676601137
9135028131
4117186933
5988343799
7047100874
9157274518
5688596029
3435106226
8602859365
7502333388
7689956033
2412541242
6318020409
8860628439
8286022280
7577100411
1308245294
6338409008
9061244391
3330332157
6982752150
7955605639
3326731151
2088456789
5739620551
7391320380
7107601879
5934610410
4930204354
2580751633
6538639444
4552660775
4321971706
5890222454
5932506735
4240668445
2286216928
4622539118
4788087128
5155986822
5432557698
5210084034
4955034458
4898157329
4683197646
4876672815
4852025368
5995115227
5946035400
5867698194
5770355103
5243419914
2694632019
5307633877
4764811344
4875102213
2943108201
1209234905
4455638853
4253164935
4311526412
580364028
4180878489
4142816324
3804936885
3723592000
2960848716
3609364021
3572243767
3427026410
3336525218
3179938236
3028486639
4298378024
4395041094
4307896397
4174194073
4073707429
3874766297
3860809787
3734892211
3622154186
3017750204
3447201486
3357250839
3253599250
3168685268
3090381465
2994553455
2497119665
2757632755
2641186416
2549035770
2489760812
2367765764
2217529694
2094082459
1999320622
1910259690
1811204576
1776977838
859526742
1488473474
1463925151
114768055
1331045393
1343635782
1705912081
2156675566
2203066079
1525610939
2104701187
2058463741
2033866267
1983322824
1945723639
3265654543
3707828278
3590202996
3461520907
3284380615
3141334796
2984605635
2846129108
2713867257
2568286978
2471676065
2342541840
2243754158
1353251646
2218939837
246565455
2661555470
2650373735
4687795007
4919305485
2489920927
2994318659
459790952
220120755
2006445657
9421494286
1728442457
3568592658
6066645968
8688076411
12426660505
5323021541
4010899703
11219257923
5274352566
10541133193
14182802609
3687432322
648362695
6166691801
13687807689
8377794206
4598998584
17131453976
5130502620
7144233822
3472044067
15516015964
3341844205
6794272036
7255640353
23141703016
7469218646
1862953967
3952538881
7305075591
7111527992
3203749403
8108457040
6912327998
15354369699
1792899542
8679366760
5054659511
6387040456
5973344712
8111962602
13304684182
3336805798
7574674700
9638718097
6840633223
3754554338
9126425379
4940802584
8118299568
4708399685
8310381886
7873741368
1937785804
4176690285
6109651861
6744216290
8643518197
6367605255
3564070467
6482225115
6560845113
6462050444
5759194996
3491115686
5190299310
5562034814
5316057608
5974737023
5770922073
5870411582
6770061555
6277215114
6512130756
9578497484
5430408597
7146831217
5942996272
4900941257
6893677681
7961078813
2593330228
5562848053
7325888324
7617605885
6429667337
7902641754
4946603930
7421295572
6321542929
1936798736
5756701247
6356896231
6419520453
5068419983
6001482595
7370042676
4665464902
13290950300
5708592169
5166950916
6773252836
11399918015
4042134357
6279446596
7816826845
7228554400
7419922859
8618137082
2530846813
6318039269
5948758294
9784960491
6906554412
8632116058
3910091830
5144997606
5393421402
8418105657
1438015865
8447175979
4867743088
9263748958
7616635892
4653466424
8864718216
4778223399
3984796502
12359210619
4526434816
5366237243
8600677210
9545353559
6965954831
8384359940
8485575708
7120220849
2893442149
5414921864
3103437929
10743096663
5357169295
2004359147
3251707075
7323403450
6268827554
10671136612
10393298064
8495387761
10711421988
6158951911
6102812926
10134782375
8717415854
5837004643
4998577882
7784919400
7788338021
3663469067
2652120649
7123050173
1599087026
6679768747
7383164153
8916315298
8234203028
