3877196016
8644380181
10193054370
8688509199
4865902078
8340678858
8573553115
6961881627
-1393956967
5345754902
3011525521
10232806345
7229284571
7762568172
4182184470
12828783063
5294843414
7277526962
11666053303
5689095508
4165762221
3982946210
3833429133
7123422585
7082865237
4536336782
10621189454
8759237039
5485348293
6389528596
6768398119
7262567515
1685253202
5746306334
8754714005
6176462990
4760790499
9701286466
5721365504
9847758694
9898971041
7740308769
7971437626
2553527512
10679457410
475173703
4957828038
8581239003
8161967908
7322302225
6127773182
5538301172
8491850988
4325544527
7606225565
6830026823
3482422531
7650328686
9143912353
4146400399
5979529435
7069468614
9158893741
5671273940
3453731855
8591016981
7481855477
7697822210
2392988289
6304852309
8911339593
8286016282
7569260624
1315311210
6341166653
9114353952
3345418538
6988497352
7959135455
3336280023
2110126790
5731280077
7396981943
7129678667
5939663313
4939280278
2553325144
6534084673
4556723193
4320666620
5890010010
5957292044
4270907828
2310686818
4632466368
4790535236
5162871292
5469354641
5230149269
5000220789
4896896571
4677676452
4889472551
4874490312
6020895913
5951758908
5894129013
5793866168
5252124583
2710391995
5374766083
4770454183
4876236049
2961756127
1198478012
4476214258
4258108900
4341537669
583985830
4202950641
4156033363
3799346372
3699775398
2944955125
3657246847
3573481703
3453001927
3351370788
3192425398
3010416403
4299055802
4425617163
4340098945
4233080388
4115428248
3814138735
3917438625
3796822771
3645869251
3003064432
3473062877
3387549383
3295794241
3196927291
3124102336
3026142474
2487592668
2791714122
2675585376
2583409572
2503218584
2389911311
2265300577
2130293894
2009948156
1936155232
1866682563
1789240564
821740729
1481480320
1497436997
115299226
1334395169
1363086702
1712791147
2158943620
2250454317
1531528490
2123712217
2095249246
2064060948
2047324893
1980316977
3277391815
3736671092
3615221820
3498414392
3289038394
3146609905
3011536596
2855625071
2724889355
2578367006
2487616916
2333306190
2263939725
1330166602
2242968682
204696285
2664375140
2638031098
4700240433
4897323612
2491738480
2995574867
445401943
189615757
2004471361
9391486519
1714264790
3530695213
6050140840
8705215467
12334569333
5305799765
3997938770
11198573032
5237592335
10516120921
14116401936
3691242563
640861993
6163261312
13606448183
8361366509
4561276847
17046002021
5156169809
7140131526
3455046761
15463428021
3359748461
6778970902
7244772625
23076735580
7454935310
1868843454
3950406099
7313125697
7118178652
3226072410
8103747938
6902331494
15320675017
1795216314
8701939579
5060362874
6385751940
5958593684
8101873473
13352394754
3315765061
7609953725
9636711042
6822260818
3772052881
9115093345
4946936082
8115817561
4723620922
8334462103
7920584320
1939460529
4179853059
6147312105
6738712484
8740357283
6354176113
3557322690
6482410143
6544653674
6519507518
5779361387
3499081606
5204960380
5581041211
5344848529
5989969259
5771225182
5905776548
6817662704
6271682772
6530619561
9669656198
5431601748
7124127114
5958779283
4883215631
6896656571
7964387826
2605960890
5576105065
7338845171
7623569613
6436444179
7897419309
4917419621
7475215124
6318869234
1934642550
5752230593
6335894673
6431471169
5034156887
5978446813
7399620942
4689582093
13299855995
5721536996
5161910468
6759040615
11415017584
4076081712
6278242775
7820647470
7227082039
7404351130
8605929078
2524995159
6329304715
5985120144
9810722202
6947338252
8575796320
3907891729
5122133224
5415886195
8401922851
1442473310
8446755660
4878289519
9281015496
7646896936
4643825747
8852897941
4844635690
3963927785
12377143683
4515695334
5360515246
8610379165
9558164646
6973432035
8373875415
8485565063
7131822687
2897213388
5414415332
3089153311
10733251683
5399828191
1986705313
3275360043
7333033124
6277060274
10680413511
10358827609
8529558782
10728968083
6161410979
6122296826
10158507134
8735715986
5812594029
5023627153
7759910582
7793179109
3637610799
2618834393
7128857128
1604946063
6692271584
7378828366
8859430829
8210419450
