3853156888
8674686646
10242821737
8679860978
4846178044
8183229916
8611709907
6934914075
-1430507607
5265137076
2960162751
10209454794
7273052281
7823215776
4073103845
12790892405
5201749951
7314489226
11726182801
5782678816
4184201654
3924251042
3865873434
7104342510
7074107995
4506034640
10508966803
8683159788
5429618283
6321039433
6748258593
7240773509
1675096921
5764733584
8848680754
6046765167
4904235389
9668576135
5834379970
9833798985
9942882518
7841733312
7956058541
2506414809
10592043301
531029017
4955407418
8625750200
8190460467
7256402342
6097709176
5445208914
8591944979
4420355689
7665764125
6803008316
3500291251
7715317407
9001310455
4158515688
5963146679
7093340571
9182235491
5641996213
3438701178
8638206447
7504824376
7794103024
2405549540
6341318504
9140709722
8532353831
7497217269
1275517622
6378844860
9395395025
3348815213
6992347052
7929762382
3285837673
2106137386
5767542020
7608624978
7249275060
5928916990
4913190266
2629232082
6519200770
4516028425
4343723969
5880603802
6132883980
4189261096
2423758543
4531375447
4825504963
5216308700
5745260324
5500631153
5176095876
5000308499
4637943855
4799212356
4933309286
6265232197
6209686878
6131994689
5967513402
5243332427
2722770863
5557858588
4896819070
5103034593
3050775615
1185967263
4707689162
4290286899
4526575794
633736108
4553250241
4511771944
3794875426
3752750409
2868388244
4036994331
3886510336
3746156112
3627775449
3449248976
2989138851
4397860780
4562520783
4701848883
4592635220
4474024721
3859096293
4225151592
4112922025
3974459110
2982141235
3764416843
3660862393
3555441412
3459754522
3381927642
3108320274
2469987224
3025318870
2879338235
2790982099
2708412432
2593568915
2434889614
2288540420
2018235344
2081233520
2026203755
1944930434
825941899
1337713626
1614392386
77500600
1486466050
1679845692
2031678972
2414766072
2492608805
1559498898
2455667455
2354438471
2227443366
2099368241
2265542758
3510116030
4141025720
3960612214
3766654903
3372646866
3380471071
3173491558
3065692761
2900062952
2764365660
2653175691
2411486413
2364538927
1241547133
2470663958
207281305
2804951004
2750756249
4807453099
4912403790
2387832932
2957979974
374537082
170973444
2053052413
9033230925
1714050818
3497073617
6004012323
8610132080
11830959739
5362702927
3991878940
10796287690
5284889826
10359994599
13264233683
3659320395
589406180
6084153451
12801621934
8304537575
4464246702
16187550435
5175955148
7095118605
3556535489
14722357081
3421175694
6847779763
7284279281
22124927414
7479313348
1787665175
3938819561
7346036164
7067165292
3224487067
8054638017
6884267522
15130958345
1859234400
8592048343
5099152524
6291329486
5991047897
8193648401
13743707423
3281817247
7638310637
9652606665
6832130257
3707289113
9127447364
4998837427
8176253870
4747578868
8450793015
8389613133
1841557559
4140953035
6149298878
6876210358
9579760826
6226660745
3605605396
6608136938
6624080695
7070606118
5764323002
3512872459
5102898127
5956492282
5165201150
6261011661
5735365420
6146077978
7109172740
6356754686
6732260074
10228892279
5432642984
7197291239
5979106340
4918835446
6857319246
8273779308
2535892648
5581427710
7366069397
7660293241
6456630146
8082979503
4909870635
7621304590
6347635096
1913507217
5632673822
6362653874
6664230912
5057475026
5918687652
7517379319
4636300239
13392543110
5682686309
5159499076
6692564551
11541004331
4183063289
6266495482
7890731942
7249525716
7287379081
8537817294
2397296935
6414801107
6022360846
9861541617
6947037623
8643858682
3895077866
5180093877
5534227741
8460618737
1461257994
8384684849
4910785707
9139536781
7672478115
4781116449
8729431179
4869243090
4045708227
12409142187
4492265811
5400711980
8523770222
9563668741
6977909490
8337630790
8421079664
7159566216
2852709329
5549131345
3037655173
10671296194
5353465033
2020424788
3185760203
7423327651
6191549898
10669584316
10392207705
8558082569
10758630079
6158032537
6070259636
10099224318
8780736165
5821741028
4996734727
7779201569
7826502211
3703085639
2631725951
7083854379
1554865016
6680620636
7333374566
8828155876
8100593949
