4016650088
8579665437
10025466516
8720287859
4967763508
8308246495
8712945225
6979860772
-1436544724
5374937965
3060120876
10251570841
7124819759
7735204793
4237450766
12868620634
5202909126
7356864964
11706270194
5706644718
4150175008
4058626441
3876541285
7170475767
7073666828
4465101309
10648449761
8556521463
5569935931
6497890198
6827241467
7230349022
1610970310
5698966937
8826620724
6087360636
4683254232
9749141433
5862704211
9698201464
9941988971
7661404290
7920734918
2532567607
10539576063
504355438
5001165307
8458446903
8122985480
7363211211
6137326516
5386083909
8479265469
4301273513
7573553794
6799401036
3342964219
7544021426
8986936315
3983135076
6232027658
7146061729
9208847677
5719433667
3430286544
8556968294
7427361119
7479322118
2570104673
6202691129
8498856299
7939565307
7696552985
1324396059
6334513552
8581065958
3433489104
6987752954
7680039359
3216078280
2200289826
5662901981
7016121291
6980010036
6000767351
4785153755
2589829325
6392871184
4651489241
4343469964
5826498299
5719375725
4316500633
2280545939
4562024625
4716645678
5124294584
5045655297
4781269140
4742059424
4650427121
4633329810
4656806671
4647177678
5511606843
5490721656
5410470589
5330254378
5243954466
2762553015
4932134745
4684423435
4469025357
2927635898
1258295347
4073844503
3985925082
3854000006
582207511
3737808952
3687193628
3649771298
3525563851
3023543759
3106529115
2961893453
2856142062
2839691690
2784484834
2819198077
3865657924
3787688514
3702457349
3601513097
3511152979
3418775444
3326964972
3228203273
3118865471
2972669163
2951904090
2883535743
2796303879
2709940778
2641985075
2571578385
2483530403
2369342780
2251323770
2194916532
2126293314
2034645269
1917711714
1797271815
1695704452
1644224001
1564411990
1525136081
875059313
1361694546
1275884838
149706732
1127039338
1052778679
1150378906
1615866308
1610577826
1563498727
1680124399
1651489058
1608236101
1589271837
1605128267
3030981214
3186144440
3158821524
3050054541
2962121906
2831495112
2754548507
2597785656
2489691116
2365727525
2250380601
2108940760
1982199262
1203505171
1813621031
260928325
2329913105
2456200987
4627321323
5238086450
2613173797
2892836333
504459257
202265084
1998252663
9990019722
1811241290
3704315699
6087286511
9015619523
13359261304
5352660053
4008215181
12008708243
5072354593
10838638842
15597571181
3605687236
580848605
6291266597
14872536543
8325315983
4591184408
18314649083
4965804047
7226580480
3378624974
16620912862
3317288402
6985925330
7220494104
24412299052
7555850909
1966816566
3836955609
7225809784
7115843460
3342323058
8209430901
6902849102
15245850095
1747806734
8676223580
5075448302
6331597166
5987399862
7943719315
12535312515
3299544695
7598730792
9539735673
6808453891
3723388519
8764737707
4965661538
7944973616
4711982596
7572575858
7054214055
1883099868
4176931672
6000658020
6402800839
7135862795
6587237919
3721868514
6276883148
6110918684
5781467603
5472535757
3540946439
5028769285
5067959548
5117571779
5546998084
5549122759
5505387440
6288418671
6263089245
6266102306
8348646813
5476577036
7139918691
5873967968
4992816539
6869986602
7680176754
2709967060
5544447046
7278010300
7434902615
6419234955
7655934012
4868362939
7148361521
6420905228
1970057242
5773142428
6461625942
6264660219
5075832323
5924208132
7283137470
4684457524
13091207984
5690101070
5188937544
6854265496
11366677121
4216447278
6136164686
7779032335
7146626647
7514812459
8627019886
2506235839
6269573918
6013971633
9856253746
7027915391
8588714242
3912880744
5125739663
5347752897
8433568335
1431757228
8466732741
4848394980
9113609802
7615343841
4446738182
8728370909
4826469529
3934924780
12302351467
4513697431
5373880260
8599060691
9490410845
6970040611
8332858282
8423632659
7183595148
2975274676
5356574298
3113909875
10662951413
5389592893
1801082385
3335765616
7203500673
6067517387
10563161221
10437325993
8434730025
10708638201
6142280602
6126276543
10218473960
8837501089
5860135183
5002240004
7757473860
7830790806
3585906565
2666097370
7048492746
1588132895
6742319700
7420782261
8858071099
8176169730
