3826021203
8667823766
10235202889
8651673072
4870330246
8256209455
8599015386
6981849645
-1413371649
5257156887
2962782623
10205151694
7280210040
7807011957
4075135914
12768032031
5218189381
7261499835
11693868579
5755350757
4210299154
3926240580
3862950726
7100313340
7118119576
4491069811
10563547934
8696258753
5464108447
6315705333
6713777894
7255102626
1685434941
5728387506
8843823266
6064505492
4863601833
9718551911
5797158537
9837188365
9914825386
7850335241
7970292259
2497012515
10618238402
466145461
4944104257
8623737940
8226983703
7301531886
6095435491
5460225784
8552250441
4396855413
7642501892
6821869906
3510991872
7720912351
9015296433
4121283037
5969301350
7081359219
9151403739
5661946319
3453532094
8646395804
7500940169
7744383404
2417286844
6318018998
9112370526
8466765043
7543087263
1295154929
6369601966
9391186312
3359674133
6991853771
7920656044
3305310915
2086735452
5778425229
7608961768
7257954987
5939839845
4911018411
2617203465
6558254918
4492871648
4300705392
5880965966
6130590969
4198999268
2419552036
4530921982
4766362790
5229641439
5673996947
5469136248
5149603460
4992839283
4653874403
4771221489
4932532826
6187152009
6163490487
6087051220
5939862595
5286944488
2738858797
5549407345
4917353794
5063125115
3027386080
1171150850
4680919016
4313201981
4492626079
670812596
4489764910
4433127078
3803735126
3741632322
2853890643
3943793067
3853061114
3706515210
3597885623
3414544345
3003353697
4388550208
4587694296
4613974492
4509059242
4387795470
3860217848
4162975050
4040485557
3906336538
2988262086
3695919408
3610576890
3496515259
3395746628
3312110408
3141846288
2477380372
2961952414
2843693923
2748520537
2671455497
2552295291
2394045045
2264302032
1989308471
2051070234
1971664678
1905536544
836973820
1341075140
1571317072
103307931
1463079495
1629085139
1944696547
2396690042
2444224822
1549843493
2365026411
2325240878
2219867870
2075898425
2227997578
3498167573
4044169868
3939507496
3738928905
3381634950
3365380845
3158344195
3045922109
2897554866
2742888354
2626354232
2450889913
2340804485
1274417215
2416039008
175421353
2772053316
2727757577
4774500644
4926794692
2411100459
2960298065
389927298
210814631
2044754787
9085990763
1741507969
3492138244
6042664262
8624655103
11895592235
5358916793
4003921257
10832895263
5281138696
10379427688
13399544156
3708402315
604909408
6079740732
12934794599
8320089753
4492571312
16369133811
5129637806
7099918223
3566393650
14866284521
3428915653
6852607236
7276108590
22285327400
7490843145
1841575625
3925250796
7357851493
7111569151
3234389973
8064559623
6911962996
15187907247
1859976700
8617444490
5106847882
6284999673
5985934522
8150518563
13683301199
3265210513
7657157212
9668455757
6816675539
3664150153
9087778364
5011641390
8143134312
4722809506
8461252468
8312804377
1805360236
4157921372
6137581727
6845850699
9422366848
6273063536
3581211559
6618265393
6606360522
6984577720
5770262410
3492453344
5104590201
5911106428
5255294672
6219906213
5731525573
6088254337
7049872906
6344539324
6734327907
10107130702
5474567128
7182975110
5989012110
4890896116
6831992285
8253525495
2551037471
5583289793
7375846413
7643275973
6401296780
8048920030
4886379861
7595648997
6344631655
1907028542
5637386394
6421298246
6619779577
5069911260
5900079766
7482074308
4616048917
13359012118
5665755351
5152059182
6696109901
11535115805
4150390051
6289515653
7873198231
7239635938
7309967904
8542721320
2408981433
6382833975
5994867175
9819751841
6971987614
8650729292
3925576481
5169932456
5509371268
8426776060
1463641617
8415616021
4924897229
9166685141
7667237372
4753390025
8720032157
4870186348
4053382240
12401016500
4503783697
5423533131
8507953275
9568162748
6995954512
8353857958
8428494046
7176086291
2874679407
5511074668
3034601283
10667197103
5369041778
2026600658
3215415327
7413166197
6225165582
10645706846
10370766846
8569026991
10743509203
6184032787
6088712375
10067923494
8794147827
5833587946
4963340535
7783667653
7841855132
3685832365
2576009976
7061370064
1557891583
6711114285
7345382177
8822102389
8153818270
