3991274509
8567297988
10019607949
8693250222
5002589929
8290819115
8721250759
6959887830
-1482811100
5364543328
3020090240
10238529741
7123177289
7746716490
4217297925
12868504752
5193737534
7355387367
11724208825
5712409934
4127235799
4059952776
3878383564
7191335997
7057053825
4428723623
10617806742
8580869251
5588071597
6511818337
6869089063
7243304933
1607937690
5681796489
8809832060
6057885047
4682150201
9755976733
5848830208
9735402565
9919043763
7643400221
7888416910
2504829074
10546795749
513318323
4971985231
8443042563
8075022099
7366349096
6147634057
5394235253
8498052838
4300672936
7552644522
6811721860
3344730755
7512717760
8980998999
3992697495
6238100494
7164311197
9204538315
5668264629
3403276154
8513807362
7426623435
7503188844
2585125598
6198258338
8449716598
7935158952
7670165058
1302717988
6340685594
8516770821
3452319485
6970827542
7648119681
3229204455
2197797544
5709370794
7029249465
6971843638
6034396813
4763318092
2607792868
6368523079
4676336132
4349313798
5819946599
5709539813
4328192386
2311391463
4566333028
4698256873
5078708281
5009121935
4776999910
4717046782
4616133183
4625761480
4676558991
4626288773
5480149555
5440687867
5376539572
5274438038
5188844489
2769920647
4879117024
4624522626
4433654604
2915332847
1276367096
4032466262
3963650965
3866528232
595194943
3732045858
3685699807
3621631023
3491853369
3007364142
3112327417
2956617631
2827307408
2785524362
2748624971
2805187658
3842616535
3756536033
3672469274
3569056332
3476526074
3383013084
3297908348
3179788015
3094043760
2959176968
2917724222
2842137935
2749586136
2687482649
2628193530
2556922109
2454783091
2333105927
2250940835
2169428842
2107286902
2023233621
1908912012
1791040892
1687715972
1619462011
1558491416
1509584102
839160177
1351872068
1274901447
144750017
1109683390
1067454558
1109416504
1547700070
1582130655
1569838659
1646139071
1611611366
1603526029
1585745765
1598797467
3000454531
3145177925
3091764787
3001361250
2924000487
2848489735
2706363220
2556372520
2449021735
2335194506
2219629111
2099055725
1978514433
1189362558
1799592910
248383000
2286786298
2484997668
4655922219
5265102155
2664901625
2894800363
527726989
198615518
1989599172
9995457365
1810918278
3696489011
6110417693
9036625033
13410240737
5376333446
4014479306
12063887954
5078647691
10869677053
15717911287
3604770293
567296639
6338130889
14988874478
8326434760
4615276865
18420148758
4956894622
7204922166
3400869669
16659683497
3337444241
6962574374
7216262197
24511343865
7582948691
1987067329
3826031964
7209925965
7134374219
3373134325
8190156731
6888968966
15206527707
1730954417
8678849500
5047436642
6358203544
5987937938
7954713939
12477265367
3264951525
7592205108
9523968810
6826418812
3728072986
8719939380
4945218357
7898261885
4672844837
7519987730
7001686957
1865004117
4176546609
5998339666
6380689400
7020177476
6581747587
3711754291
6199281645
6074253302
5743721015
5434636332
3560326736
5014909125
5024507663
5118487173
5517852075
5505772048
5487563423
6258237758
6253147150
6231108672
8246352482
5439335288
7191136053
5857906906
4980527177
6864543965
7671187517
2714895387
5534712864
7294843714
7441534087
6432587827
7638823188
4854565128
7109471979
6405311197
1978016675
5766045314
6455522700
6233556172
5073324394
5952937064
7255233730
4682483572
13103789229
5708971623
5218991830
6813114299
11354596660
4230613592
6093702434
7767482950
7160081047
7473500548
8654638450
2526310251
6271519284
5983048284
9854060819
6999800325
8599039624
3887829477
5120730492
5347482934
8457020796
1413583981
8454394345
4848037445
9121884432
7643347576
4414205438
8739731033
4856694347
3949239648
12298311974
4537709801
5384988570
8591152045
9529039705
6979863608
8356942160
8414656163
7178074296
2963763504
5376082689
3093273133
10645815315
5394940210
1824203123
3348238205
7220943285
6081089821
10541545415
10466141736
8438773622
10744811689
6149922389
6082478099
10227694279
8867153389
5858947249
4989688856
7768287975
7841724553
3594754711
2647498592
7043631755
1599223483
6737905664
7437352046
8873957246
8184644191
