3947122361
8629927131
10121404382
8747910311
4958794060
8343679078
8647655177
6976106807
-1494944109
5338922960
3051315681
10316221431
7152979158
7749547111
4341844811
12868450908
5291955037
7333799560
11676044468
5694943372
4131873880
4080204040
3901351370
7056044728
7131308356
4429537614
10656490255
8698372820
5524228722
6390164166
6732381119
7224630342
1649942536
5733139713
8794585005
6136856719
4710468026
9667988593
5781093549
9749185060
9950274038
7748694762
7946744670
2489921426
10663695926
494572785
4940460566
8456926569
8176701457
7319843377
6144095643
5540561741
8571806140
4376892932
7668295604
6844455660
3429205438
7592049745
9093356027
4059443050
6110294533
7139596826
9163757725
5681121117
3408723021
8653925200
7475115768
7550249782
2532936053
6268292203
8682179236
8142486358
7661325555
1318215504
6378973998
8871007674
3354368996
6995186600
7895575712
3248049592
2085381758
5690564787
7231835417
7029806388
5915091215
4778816202
2515926598
6552435995
4568609911
4333226167
5883736189
5775937131
4261258753
2262380575
4618910432
4811231631
5126749308
5165370869
5074618286
4867963014
4791485107
4600510312
4724218222
4816674721
5815652468
5756972722
5678908307
5609578172
5270220710
2695798413
5170372668
4734991935
4703337560
2933104520
1237909388
4302692946
4206969628
4113281917
553929885
3963683477
3923981166
3713235367
3719883081
2990648024
3323974442
3254531377
3189223321
3087232808
2972844746
2928167331
4085958450
4109699993
4029214936
3915710395
3821946767
3723141151
3625233783
3503265351
3401302255
2971037959
3218296114
3151058684
3053422627
2966008246
2899897328
2819600883
2608885034
2573315829
2477813913
2397882537
2316890426
2226349025
2102540309
1974763858
1864045609
1777996627
1737698613
1666467496
887817937
1449720684
1383692038
178224170
1194503009
1200534177
1515881558
1956675269
1972956856
1558323191
1935349494
1891480804
1869297449
1751351542
1810089737
3167397911
3502373278
3406602917
3320769662
3162892467
3028341854
2881869676
2771364733
2605244894
2514052848
2385903803
2250520892
2099999940
1321749106
1969023020
225879332
2569222367
2511023465
4704510423
5025253806
2616670893
2916177070
465511009
325115678
2025457891
9677417388
1788153256
3596581895
6054879847
8763862346
12848153215
5335303345
4063483407
11498621119
5232271144
10765454215
14799071001
3708181171
609377948
6230383958
14224956273
8315799708
4604208489
17667783383
5046101991
7165217923
3407581823
15967884428
3360153517
6923592414
7265910521
23706595704
7545182125
1973576965
3938386665
7269998499
7158113088
3269230420
8178943556
6829872994
15383203472
1787416819
8662637357
5064796664
6420804073
6058602175
8071286518
12998426606
3342291064
7511210296
9573308890
6793989370
3781538565
9003560323
4951159478
8084421893
4701306844
8040375938
7541384286
1889276224
4151952714
6096803392
6666926778
7954704257
6464521609
3655125939
6499508519
6437922145
6087477470
5716051528
3471126815
5147642044
5342704704
5328196522
5774424115
5752080270
5699097804
6604461802
6396801741
6446352379
9105386772
5374535768
7149948044
5907947365
4933403640
6864431856
7859903910
2681644000
5587761924
7247872662
7563601683
6412535213
7788301288
4934345347
7246221556
6320802018
1984339007
5737338459
6377907837
6315815417
5090930806
5939311863
7342589223
4630641741
13256001809
5691668476
5150532783
6910492188
11422210746
4043950989
6236579323
7746290547
7228059476
7454502307
8583462610
2506686410
6368568585
5939801061
9900270395
7016674901
8581885804
3956962714
5098181663
5364241502
8367546036
1398238203
8435099217
4885230337
9145903588
7564447387
4606532834
8809431533
4813883746
3957789914
12403948828
4508506181
5346075553
8586493988
9560226975
7017328275
8395047520
8494113104
7191697347
2976675991
5323274369
3089004273
10723282972
5419752177
1840314499
3384570303
7360765039
6224409936
10690848956
10394553528
8441279906
10680008250
6162673442
6115270958
10137747988
8755335541
5799350218
4967925660
7781144866
7874224562
3676029943
2640264581
7116102629
1552402219
6709269891
7390246883
8903317585
8205943959
