3936521363
8615417875
10075347835
8791070977
4938157526
8330009221
8682783341
6982866070
-1524166980
5353239185
3051494590
10295685636
7156601171
7781909664
4301332020
12882712184
5286421048
7367553597
11658331239
5692904823
4131425047
4126670906
3904695841
7089114121
7152141394
4427071007
10638459431
8632984129
5542738874
6411756958
6758279062
7153468444
1659920012
5778527721
8839517373
6144962264
4717818977
9666212939
5835432813
9692051350
9957870320
7714933338
7941275789
2495335495
10619652616
457629702
4945298123
8449209283
8135905576
7271610871
6148068737
5481826133
8544100316
4352244333
7626547602
6834991580
3403967374
7586589592
9043947500
4029912611
6164133494
7141102812
9115536377
5673076681
3426842077
8612105151
7492458419
7533397921
2564126690
6272747032
8653745490
8082963636
7663653063
1363841977
6364242760
8817136051
3383905133
7006692207
7834312560
3291418153
2150698312
5658826138
7221219163
7004597696
5943200959
4805328000
2558850563
6511330543
4596237672
4320088752
5869261310
5758230570
4300626812
2262631177
4580493605
4720929428
5147933139
5178914589
5073472461
4828819076
4781476119
4644628712
4706808897
4790659959
5750433091
5685303728
5631500040
5528374075
5228132835
2680057463
5110572055
4756891968
4647293726
2885761281
1248359440
4233837502
4154889507
4053444743
552715002
3902231843
3855275850
3690232016
3665974648
2972934103
3237407917
3152920125
3116397218
3040097658
2930426309
2903795544
4051193527
4010667715
3940134883
3837777260
3736699291
3623914693
3543709711
3430401175
3317401542
2964422481
3147974339
3065376230
2979925511
2903366397
2825902246
2749147924
2600155955
2531495315
2418300242
2336419236
2272748007
2175261004
2053137680
1932385988
1826141250
1747692894
1693673247
1624363774
844695363
1446376388
1355603308
184946321
1209318970
1152677838
1420597530
1862758496
1887673964
1559662791
1856520523
1817979252
1771534656
1732827666
1742786146
3167470183
3425607992
3354350558
3232506814
3057984037
2981458898
2841271371
2727049078
2585191912
2460613092
2336337943
2209199533
2063874185
1256328954
1911705290
222062703
2474678462
2523806091
4705421153
5132190305
2583069408
2918434065
490040221
296653636
2061378114
9746573264
1769761912
3650524963
6069820311
8851103161
12963825280
5303986008
4026449069
11596739924
5163495627
10795464430
15000733670
3727736599
572446858
6271598789
14387219936
8354454140
4615427120
17824781908
5054466844
7178724758
3384127177
16126062144
3332138988
6883598102
7293560041
23895467249
7539098322
1941074381
3913003474
7259413883
7075887260
3288418664
8157717706
6853812491
15353091910
1751711644
8659560394
5078761069
6397427630
6057210578
8019526781
12862556449
3364121201
7528086491
9585907345
6801742035
3773020262
8968163803
5014887791
8103176277
4685206808
7938879365
7404952641
1893811011
4162658278
6060642298
6569897584
7778728316
6503787271
3721856318
6511822197
6332640135
6026016642
5687576782
3502236810
5106845797
5330824859
5300655700
5792544222
5708703404
5688711386
6491967234
6378397571
6380419287
8847716928
5382934654
7126998295
5905869416
4937102802
6874757922
7809053222
2674610600
5530605771
7256921560
7533761647
6382866791
7726707694
4862656938
7262716859
6351862819
2003680201
5736319192
6409406379
6320800839
5070794006
5967333254
7341341489
4658559276
13223773196
5694974760
5154237568
6859209532
11403970856
4128899961
6214352684
7746419113
7225259508
7502490799
8645907532
2486166012
6327869369
6013346635
9889759660
6997311078
8621681789
3921869547
5163819956
5373833272
8389174935
1413433793
8442029080
4898031037
9143082761
7563292831
4578112242
8748941878
4836698341
3909715301
12344317405
4493801821
5375475444
8607796700
9591569516
7075390026
8380911848
8494431666
7174318315
2929695334
5293014634
3116013832
10733917808
5415290695
1817030239
3307056116
7331442228
6190850177
10680085177
10420789839
8457252168
10688783502
6153527253
6135950390
10169609159
8731547931
5762742015
4951368415
7780817936
7847882966
3694357721
2577414786
7081953567
1536428021
6707837745
7408104392
8910594882
8190042879
