3944510435
8560267384
10117249269
8804662136
4975121915
8312663727
8712567647
6954873808
-1491270986
5325410125
3061054955
10286947968
7182104183
7768658339
4224881180
12883831370
5232394634
7371068264
11673683346
5689190577
4153513161
4119349232
3832586544
7160651596
7132032958
4431951940
10668815074
8600358963
5574982908
6411300608
6803578273
7214471950
1668005765
5728755355
8804653706
6118659081
4702847780
9752239427
5884243754
9684727536
9987506727
7689892011
7936714279
2538686907
10577397648
451050737
5014502288
8453396415
8111653700
7296193477
6159943433
5431220216
8500308005
4320332545
7597682617
6835388988
3368758475
7567239739
8982226157
4005444698
6162731418
7144237568
9171893433
5692531869
3405456520
8555695716
7467390477
7510467013
2531358512
6242466096
8566809633
8010057923
7673982498
1337775156
6362078469
8711794658
3437904725
6959233522
7760074897
3244286067
2149312287
5685127584
7158090485
7015076428
5939752791
4753672766
2535351964
6444965841
4638888892
4311275111
5854025048
5743311497
4316795632
2248818632
4551718827
4699592845
5117673597
5117251187
4953024535
4798071129
4706732245
4630658203
4698948955
4696808210
5633086621
5586513225
5508235392
5384745375
5224902378
2704846717
5026116662
4766020783
4561934916
2888486335
1212810534
4151823054
4062768145
3952849497
594197376
3814056784
3786562512
3682402188
3587522124
2999842963
3175339417
3049948320
3005829385
2935672000
2850349913
2847120250
3955509988
3881907910
3810169466
3705960504
3598782792
3505144339
3421268816
3315571711
3207256505
2960777370
3032811840
2953373379
2835961752
2786521900
2726678710
2653257149
2548258117
2439328279
2335195895
2257266868
2192250451
2098201565
1951360280
1854140983
1742291990
1675018527
1610300865
1551609485
908890563
1396651919
1312095088
166146871
1166862737
1057117994
1282574984
1724551016
1752146434
1555448331
1729671370
1702618925
1715572271
1685144388
1605191534
3124198688
3335292592
3236875630
3105997713
3040010121
2900859471
2788213381
2653481644
2512735690
2392743200
2303842732
2129097239
2013331377
1235625316
1824608993
241943902
2403027575
2481363532
4653828155
5255522895
2576258841
2945293932
513735806
233903586
2030123954
9892309474
1801673791
3712568913
6054034643
8940843425
13159513957
5317807557
4026174640
11781039327
5106955788
10798466317
15316650026
3686029438
635125118
6268276148
14621375151
8379455255
4583340425
18056131253
4984022364
7234177170
3416144049
16367797890
3332939714
6874526760
7251195645
24189707152
7531244334
1960990008
3850706292
7201173201
7083346807
3322323570
8184122292
6868297116
15307283711
1720431317
8663990711
5110708277
6343209087
6057218639
8024483712
12653858847
3321613429
7580328924
9542867118
6850237631
3758839094
8862621172
4959126945
8005884240
4687037481
7719101288
7176937029
1878875323
4098517467
6068993370
6497640923
7418416446
6569194416
3671535729
6399628692
6256750381
5903162199
5581341978
3521888201
5071051188
5239685847
5220874899
5665000825
5595919996
5591307602
6376162344
6350301128
6302092714
8578200541
5384391413
7156265361
5861324229
4958789650
6903440241
7735493329
2677782119
5554237133
7266269549
7469984395
6415727469
7714509634
4888484116
7177190195
6439737087
1975714887
5719989897
6453680077
6307969463
5141607858
5951873641
7335047350
4693913917
13210868139
5671133212
5164467182
6893654262
11409181904
4146505482
6186143156
7767567367
7153765297
7467631294
8667662534
2496664491
6252909774
5978180511
9878386605
6980105660
8617372525
3917133277
5127857912
5362796648
8386685930
1460629187
8463123264
4858648430
9123512833
7612282993
4494233332
8703938826
4787866637
3917464462
12311336622
4489990589
5407644322
8607760454
9518298490
6959148275
8304801303
8493553422
7160576816
2956079356
5310932037
3061008375
10690130945
5376311188
1788256375
3372602965
7229162340
6076820246
10622119937
10475843800
8455974339
10716268755
6104022337
6089116401
10164672267
8801145584
5831850164
5048933157
7752607860
7793561201
3620083484
2623270693
7066272631
1578254228
6749053368
7431455093
8966619284
8188008842
