3930136445
8614727347
10093845245
8810587522
4942082932
8341862853
8687746061
6963524692
-1512199260
5349467854
3043819970
10303557938
7164735060
7788203433
4290699016
12887806801
5264651262
7366398271
11684967793
5688754726
4141010505
4121108623
3887966892
7113612434
7143233523
4404835773
10635283962
8634880663
5538708574
6410695167
6776032407
7161617147
1671442352
5778661924
8834327450
6142113073
4725013742
9668742905
5848935384
9703389630
9966203047
7718077493
7918823309
2483298634
10623814897
457912074
4949056725
8454396571
8128296861
7293862866
6138638458
5483852136
8538976704
4354683586
7637603417
6842959169
3396991088
7572010225
9031098620
4012330909
6155117916
7138006511
9132593520
5681006169
3419765908
8612086302
7500210208
7528157928
2574129566
6283804201
8635659101
8096854602
7670913041
1374197474
6365636918
8810613310
3400645920
6988161141
7826503985
3266165017
2148363371
5656505674
7219773258
6992840033
5945157944
4816868976
2563951264
6502653984
4613176912
4330136405
5861527948
5765546248
4302213646
2261781041
4575544422
4723435870
5154011447
5202051230
5071599172
4824757985
4793249223
4648502845
4704511398
4789602385
5750871316
5684148575
5601956272
5509284936
5230775886
2659827736
5103125473
4749377451
4631881789
2883168319
1251454475
4226361599
4154766094
4048724149
555734521
3904027743
3855032866
3693049306
3660971698
2989927509
3223682238
3132374722
3091319724
3050140266
2933219581
2892127342
4040728925
3997762864
3927477503
3825238712
3728709046
3614326546
3532552898
3430929208
3310272418
2984502264
3136319318
3050827842
2962770667
2884453513
2809318799
2731709561
2612692260
2519171785
2412727283
2331980291
2266522413
2168979789
2039633073
1913902038
1820669908
1745650406
1687075723
1620423466
864467393
1445070773
1361669756
171661438
1197933850
1152702420
1401674027
1863466643
1873418982
1548255853
1852759910
1820940528
1770967106
1742744395
1738291736
3162566204
3426268166
3363136743
3225593973
3052017258
2966349489
2840022683
2708995873
2579723459
2435532282
2338324580
2214108481
2079265172
1260414109
1906639612
233156846
2478835301
2525537317
4687643998
5123744690
2579271787
2911124083
495940118
292258349
2046938070
9749345409
1774218356
3659460276
6091658989
8857085039
12999950213
5313027476
4031004203
11627788878
5160857863
10789185641
15039502161
3712254511
595807459
6268462228
14411398082
8354862368
4592177318
17818020642
5055682191
7169117624
3384791968
16134289524
3328431649
6874162001
7288010451
23917141308
7538841035
1934528260
3903984866
7262739327
7066183097
3280080601
8177045135
6869934574
15371627927
1750154636
8659436937
5056938072
6385571883
6056386149
8002772282
12844994819
3341722365
7515514148
9582774820
6800351119
3781355008
8941326257
5018038483
8080379843
4678696488
7939892911
7372194841
1901413769
4158633063
6057585969
6542591159
7735507342
6509914875
3712950807
6508500625
6329649668
6012738748
5691635199
3502295830
5102195836
5322289220
5303994174
5769292248
5708339028
5670198990
6465914966
6357569065
6359763606
8813731868
5382972883
7149582946
5897595813
4942343508
6873795681
7801505914
2674571181
5525977183
7265831560
7525465913
6374639193
7736766774
4863307612
7262374393
6358820365
1984036613
5748573428
6398137144
6328751672
5083006853
5951368614
7335654142
4661894926
13213496235
5701134699
5157981061
6852880458
11386907281
4133077267
6201569721
7751197071
7234382495
7512856636
8651235451
2464221240
6308877465
6018666026
9886851325
7001613335
8615525523
3913674834
5165766089
5369110508
8373242960
1412286207
8430354956
4893955985
9115005858
7579761719
4566638119
8758427776
4822620488
3909640527
12331405028
4495341755
5388973036
8613278000
9594480116
7075942173
8389932881
8493340946
7177920716
2920724741
5316157705
3123094461
10728072567
5399443806
1833281576
3298285355
7329403763
6186915842
10669747265
10435038712
8461507600
10692455994
6142888707
6136140702
10168796961
8735421759
5776333261
4977043531
7783321136
7854894416
3701322136
2577122641
7080318432
1546128291
6715236308
7412171863
8925625912
8204972970
