3942055501
8612354345
10094505470
8781035053
4952094067
8340022420
8664436264
6965977331
-1490009017
5353294393
3043064177
10307517514
7123011661
7765432909
4328104085
12885213493
5287575883
7361021523
11670060352
5703365944
4088957170
4098012222
3904132506
7087413141
7136077342
4440279598
10660265828
8657416059
5531720294
6377525068
6747637640
7188834803
1649107301
5763447904
8802398854
6125959979
4725187789
9666903901
5817406752
9723320016
9965823808
7754025622
7922674283
2517480987
10652614389
474883879
4937257134
8431056457
8134422283
7320941035
6176402237
5531888823
8579191064
4386109199
7646171496
6857382701
3432896106
7612175669
9078171962
4045808431
6135589539
7141469622
9125212316
5675878003
3438606133
8603986264
7503293970
7538420653
2567696903
6281805126
8702388100
8105002822
7652940737
1324792478
6371760979
8848058309
3351641635
6996727202
7861970438
3270555289
2093618722
5680717258
7234920736
7015785627
5927526330
4779708231
2546970131
6528178392
4586445278
4306923308
5869906918
5750606581
4275078694
2268456708
4610596984
4763693794
5112684076
5174934427
5105464555
4835767047
4786059091
4631719314
4728094050
4798141405
5794175176
5742761227
5652319137
5554284921
5247596335
2689519404
5145718950
4740394103
4693974634
2915675203
1246606014
4264699937
4171877850
4050150740
554084710
3924770919
3875938980
3693735508
3683492026
2973916092
3276413348
3221253678
3171766178
3066239930
2950435329
2918996185
4043455009
4037411407
3991622178
3890465821
3778099576
3690406938
3583319599
3486918784
3360518509
2965110740
3196840939
3113451163
3023759976
2937406784
2866166952
2785051658
2613352905
2549532359
2451434182
2351132851
2281505388
2202258246
2076800029
1950309359
1828638905
1775411389
1716500619
1649152785
856820235
1446035226
1347147529
140081402
1215180031
1166537959
1461828289
1915750170
1946513333
1527118386
1906555849
1842146650
1812761567
1778764395
1784895546
3164320237
3454703076
3386700724
3287355577
3107966909
3001265059
2854856897
2735473109
2622959072
2475452554
2341346015
2241373843
2076329868
1305498301
1947085354
237456297
2504434988
2507690868
4684003233
5081435736
2624114626
2953283613
486370861
314841140
2011931735
9750451365
1791584989
3600852494
6064011405
8808911690
12892091876
5312773722
4029137248
11575111152
5228590132
10769200278
14893073188
3695403258
583624369
6230643397
14304181134
8320643585
4611524233
17738225508
5043652442
7166586407
3410946567
16037899196
3340358706
6904897704
7267373838
23745666653
7556256393
1965764662
3931385347
7277991045
7114667049
3293850610
8156816895
6871442852
15374198111
1777753594
8659926698
5078148091
6407902425
6052473402
8056340250
12950243400
3349080381
7536037510
9577801339
6787520544
3771524738
8990788590
4981728718
8108152806
4721118848
7956990371
7470248502
1894160675
4151327831
6070509642
6611382450
7892859706
6466230935
3663264805
6523117707
6399338905
6043292566
5698735353
3505710708
5112263750
5335327131
5336139305
5797315266
5750883204
5706613313
6529329052
6391551850
6393940988
8981620347
5356763316
7143911425
5908387749
4945035849
6861997632
7840803834
2707991677
5565329903
7239668984
7552308310
6417067019
7741428705
4894253638
7261247417
6309937416
1987734250
5737704846
6392772056
6314377311
5088970079
5981446068
7351000368
4615591149
13195821410
5712610465
5159619300
6895524198
11428167407
4111581202
6218088208
7712166983
7219033834
7475784110
8605702087
2490646295
6384629203
5961454557
9898975972
7005116519
8614488644
3924494943
5100196471
5370309310
8371840436
1409398610
8436643640
4888346006
9151143217
7583635178
4588707355
8767760105
4832205639
3931025423
12369092311
4503227706
5368234777
8600080103
9578565125
7042999164
8374747614
8494773076
7196665006
2958285932
5297698885
3096113681
10735239997
5420539739
1855741736
3351636346
7354437920
6199037105
10668417599
10422864959
8462673237
10678373121
6178236854
6121193014
10151105951
8747901348
5756625547
4969025519
7779851970
7859899634
3687207147
2603640153
7102122689
1552955077
6704845777
7407827594
8928127682
8206308296
