3998920349
8560629446
10037363908
8707530422
5017989079
8273721143
8699565845
6920846420
-1510459666
5369214776
3037783464
10235493592
7114011419
7699255178
4193528728
12840738997
5150845902
7405856441
11733930448
5713969093
4145537371
4066664777
3860657231
7206980237
7042951278
4419946158
10625885831
8564316524
5603602484
6504379923
6853207282
7239345676
1590948511
5686278408
8789353013
6103103324
4690276325
9742816101
5857189984
9726791519
9915183387
7635261295
7879031920
2480307497
10543794028
496661683
4994393161
8455805944
8055673679
7344869871
6162890666
5378571490
8474070567
4300660669
7553735033
6801906147
3365468222
7514204811
8974627548
4008091608
6229993644
7200655447
9211147506
5632408195
3385940840
8520530970
7389024517
7524354706
2575340302
6198525115
8420494195
7909117981
7659654948
1305680350
6339003515
8517546868
3468972910
6983776203
7622605017
3238115006
2205735613
5685064092
7028363613
6949664918
6045684636
4743543523
2609123501
6336137814
4688169698
4323838551
5808081316
5704075128
4328927458
2321816729
4570302782
4702218141
5078307068
5017391554
4769334911
4691690764
4586773420
4627946846
4677431873
4630061433
5436002114
5405073472
5360418838
5248548105
5195246413
2776372288
4850372497
4617280751
4415004387
2909863004
1274126309
4012478310
3939935810
3841732859
595824257
3699287921
3667840294
3607741680
3467527015
2984095090
3077001196
2936596771
2822466215
2756172296
2749119901
2790941309
3792043929
3719913570
3634181962
3523525042
3441382453
3355326323
3273837480
3170214729
3062822370
2959138454
2907273179
2831735449
2749843921
2670100614
2598659560
2525534027
2440529584
2330466373
2233800409
2157633337
2088301155
2004151755
1884267668
1776226914
1679812596
1608212168
1563039945
1480490641
847470111
1335555978
1261396321
151033290
1113740731
1055006792
1062567015
1529506238
1551849289
1540307131
1605000558
1580331828
1574347912
1564141569
1592013162
2969004584
3131884733
3064368627
2965008794
2898048247
2806914974
2686473012
2510577620
2402866893
2304115805
2192555785
2079163975
1970647523
1200054472
1775505135
258045433
2247231722
2459999149
4612367905
5282811490
2673498334
2896429922
505753445
206986834
1978126374
10039822610
1799299715
3715916263
6098580209
9063619911
13457828083
5365136677
4019300163
12149882981
5081877438
10866749958
15804075448
3587282513
547129833
6374401563
15044960440
8332256962
4639025736
18509575895
4947256696
7197017085
3428593078
16711687669
3382016426
6958788934
7218024872
24602476508
7611310903
1980017768
3835160889
7213867798
7116127844
3370156021
8146969322
6870765687
15172323139
1742994957
8698006301
5066919329
6338574668
5986127216
7956301068
12412962300
3253113379
7601485827
9510342008
6810049567
3732772141
8684200634
4946440647
7862747737
4683568225
7453282312
6938593740
1855898920
4164931242
6025693162
6311160908
6983778288
6562335532
3721203350
6147754710
6021380366
5712616564
5384947820
3562907394
4998591423
5014939992
5107845288
5495215857
5494383507
5450784104
6233599125
6223143700
6218653962
8157773472
5410683289
7173792688
5862332087
4971958190
6878199173
7651414067
2729786636
5543479354
7298119287
7449435154
6457922565
7629475329
4825452347
7071009955
6411147023
1986094618
5764256491
6463653017
6203258943
5082324044
5935719840
7234579245
4686354414
13072937183
5732064398
5226578479
6806234015
11360624884
4233495921
6133237628
7798488014
7156250473
7483282740
8657860918
2513371605
6252417748
5987209546
9857357452
7008263088
8628800398
3902060664
5155718722
5350927967
8437170591
1412487137
8428488040
4851223660
9125195285
7670219371
4411182712
8735238193
4867939838
3958784593
12327726664
4540006285
5380812830
8582701903
9534878708
6977454631
8360997975
8424718366
7191421408
2918561733
5381649110
3076035012
10639849588
5367935787
1771786362
3371220849
7206288002
6076443323
10537803906
10452328606
8429075857
10738183765
6150820679
6102982184
10232017906
8869575188
5823779328
4973804280
7796183371
7849398542
3597748166
2659049786
7038984285
1597980481
6748019057
7454429940
8853366811
8213673013
