3818200171
8665388810
10217497196
8657533649
4832896681
8274244678
8579663793
6977061100
-1393630180
5275324832
2973962451
10214845431
7261319032
7769604032
4174824751
12828534394
5234582803
7309971549
11676181114
5724282914
4232902342
3925201737
3815602306
7129795906
7126715671
4493777696
10528966655
8669767736
5476582193
6351444130
6727135351
7219190155
1683738671
5756430181
8798140413
6108506512
4825537193
9689513040
5791835908
9879164962
9922467386
7842514446
7957313270
2491399228
10645390337
453675912
4939117558
8623564452
8158849418
7300305300
6120540261
5469231918
8544385605
4352554904
7616722963
6810913913
3514443719
7708266759
9087951324
4147796830
5952607710
7069025041
9148426568
5626098685
3460300212
8580563817
7511988939
7700310805
2400089538
6323768889
9065678020
8405016359
7559688785
1238000260
6349019626
9300965874
3357038198
7012366727
7903167724
3359062967
2107108166
5752999645
7535180166
7133835138
5965558974
4967556560
2571016392
6555576043
4520291598
4338056892
5868084713
6026309083
4177055192
2374206161
4518431988
4745333837
5170498313
5621738450
5328838452
5124190171
4948450246
4668292158
4806512051
4885909509
6162990168
6113491868
6033586711
5926050222
5281128214
2741114765
5500158819
4875536036
4997816238
3021795286
1193393598
4603012606
4236601272
4476160142
646255182
4354321777
4305187316
3751584719
3727246300
2950988769
3799951945
3696462844
3627088118
3493316342
3323388590
2981550198
4349054897
4546657055
4521635414
4393170703
4298630469
3856647585
4079196217
3950972470
3819203418
3001718097
3619110819
3530674109
3414711725
3320677660
3238067086
3148410448
2441118612
2862768465
2781188504
2679683727
2596871362
2494134152
2357946094
2215560058
2011949970
2000683695
1935994737
1860695395
824921079
1380073279
1567539415
97772886
1383929782
1519402554
1876287168
2327041948
2342291235
1520393616
2317752096
2246360259
2142290226
2083523864
2126615526
3435093165
3898939828
3796038889
3624346538
3431924171
3256594668
3102218006
2956345407
2796772704
2672966304
2544517556
2438426199
2337870742
1310088008
2379181869
217525324
2697248108
2676050296
4685452789
4900153315
2412919668
2975081154
422313170
244603468
2092019475
9185373043
1652222092
3456553439
6068148534
8639757237
12045099234
5335666803
3992354922
11003808986
5303144250
10399233883
13699647739
3672661064
593736022
6109630367
13223941775
8339314229
4540765444
16624907770
5147407753
7126664872
3558309867
15080973866
3354829483
6846464047
7262389413
22639480107
7463442480
1827744394
3914559443
7315339668
7100246862
3210470560
8039243800
6899373988
15309350205
1840229016
8621661050
5077843972
6314576367
6025957906
8185889657
13600035624
3311589992
7587870573
9661736665
6821378842
3763854467
9130669005
4996610977
8158316405
4677393085
8441485305
8108212928
1852581021
4184314986
6188489172
6775690569
9164345636
6276932393
3591424794
6550451139
6573843887
6789845258
5706285571
3461539893
5202102298
5809123681
5253584248
6157817703
5695137621
6033597242
6994362287
6262000851
6687582910
9957094076
5492318065
7136437305
5934684566
4878816157
6903102398
8166842746
2603831305
5612810790
7350573020
7630497377
6380865097
7941751905
4897593146
7498157397
6312362528
1915755695
5667767272
6407980770
6554581354
4995015802
5897578660
7523845617
4642543538
13351004704
5658452217
5162490799
6671549765
11493062255
4120177146
6271641002
7847469487
7205349309
7365033937
8578824013
2498153905
6382809110
5984330262
9811404891
6956342363
8638811038
3909520022
5190706305
5457650048
8388312357
1485614013
8410269661
4939567541
9228222778
7690482870
4692698074
8705342403
4863058890
4002334659
12338032666
4498631457
5390672337
8589307577
9579980234
6996909674
8330025224
8469512757
7127713156
2866678011
5500226380
3050135756
10680357793
5355592081
2016715376
3192956075
7370686757
6233208344
10631374904
10370644864
8533122464
10700144676
6240110590
6120170398
10115654327
8727473449
5792895321
5007685124
7748045034
7796864008
3668125134
2599566281
7068894166
1606581189
6661577249
7352495443
8838861980
8208401350
