4009313821
8543845509
10049221252
8706314802
5007985466
8289868544
8709559053
6912605514
-1506583313
5398100846
3047297814
10243775901
7097140429
7697515443
4202104380
12848189260
5150585985
7405699396
11747671150
5721160890
4124483373
4069211285
3877065197
7219968591
7050178657
4408693412
10622032288
8575093740
5601807213
6507755696
6865277469
7236444053
1592481583
5681799632
8796996541
6114724647
4681667176
9741263281
5854209584
9711063059
9904045635
7629320572
7869779206
2470515396
10543452533
495746766
4983339079
8449430088
8089908183
7352821282
6178652096
5381690676
8458546840
4309768437
7544259272
6828480610
3381116189
7549659945
8979988515
3983794818
6257064230
7189929435
9215285683
5632420048
3385468658
8501020064
7408252047
7522567840
2583730169
6196445819
8412532358
7927052757
7636470248
1322836813
6348324587
8511548435
3472372513
6998580653
7590138101
3225903743
2199310030
5698036576
7013520518
6953763139
6059639687
4750128991
2592734465
6336451701
4688676960
4307285731
5800849359
5692586538
4339239427
2314065602
4563524645
4716943813
5073180183
4998802010
4767321123
4672355481
4583509597
4636644830
4670982875
4619502613
5444585707
5407868872
5340282104
5232338362
5191595138
2762703609
4843078803
4605133951
4401302229
2905928578
1272364602
4010747626
3925628516
3831800698
604631673
3707147376
3666154565
3600594567
3476092302
2981524079
3074297636
2941620014
2808477872
2746098189
2731746719
2788578845
3787918329
3707490107
3606462648
3509391593
3439988194
3355431632
3266465011
3175335748
3054651352
2940202721
2902792445
2805053880
2738031690
2670231615
2594700780
2524913428
2442152482
2333743600
2228710286
2157732740
2082022441
2004645358
1883983271
1762384738
1672637183
1618161993
1560178745
1472574111
874281716
1319230250
1252104434
130538024
1112586098
1053626350
1055287813
1532974474
1537518048
1525345788
1615882232
1568796189
1545850867
1538183728
1571281549
2965624793
3107398884
3039665316
2944469882
2888710332
2804220032
2661783626
2491039114
2398193817
2287470779
2177950370
2071840578
1957745719
1185284740
1764730319
255221925
2247379208
2471340825
4614968440
5297798453
2672557010
2893027826
496706145
197190587
1986618356
10058804330
1815859819
3744473063
6082745750
9076655286
13487967600
5374519996
4025907722
12169018695
5086814160
10860836085
15835984569
3597944749
528547707
6389004693
15047613921
8342248758
4631076763
18534257906
4954062076
7208049895
3431944790
16723388502
3385734369
6977308881
7217025679
24622069468
7621393490
1974284102
3827989554
7209531327
7101107757
3374952105
8138774001
6867683470
15139737402
1741942444
8700626438
5067592861
6322477538
6001537177
7940969294
12400384296
3247771513
7588024789
9514777115
6814691913
3711860274
8686831075
4933561337
7849728096
4692447986
7437711474
6927774591
1854519376
4159160651
6017288885
6301798294
6972884024
6550341318
3713020302
6142296017
6004706921
5694291991
5381992879
3573876972
4987565708
4985493413
5098286518
5493621713
5487710461
5457821587
6214197297
6232516972
6196857464
8131538037
5401972380
7174220126
5847101014
4976557564
6886602510
7645229922
2741508041
5559123318
7309242367
7462042943
6471198910
7627833814
4820508461
7061345925
6399345071
1990567729
5755142295
6457748177
6199208001
5090067555
5942972988
7207134941
4686258844
13069889682
5715010276
5227960437
6809122683
11365838778
4232905288
6117580565
7793960853
7158442472
7482115119
8645762070
2515668311
6237283960
5996080624
9850781658
7011731555
8630098874
3895901307
5138832957
5352152456
8444067096
1395270624
8426268996
4845949839
9106707601
7684916933
4405698566
8729967015
4884733178
3970005790
12322636630
4534136348
5387752431
8592165787
9537149283
6965054251
8361481084
8411266667
7178146340
2938465984
5398964507
3077940454
10620007273
5366371589
1767941349
3375297266
7200189822
6056416310
10536165048
10458338597
8419697391
10755426223
6160714591
6100534130
10237507413
8863365141
5823859214
4976308497
7783640618
7854166488
3611037876
2646965679
7039041352
1587824068
6751633845
7463114325
8850514519
8234008293
