3952028524
8579236879
10128697741
8818237655
4966069613
8305096490
8705063965
6964136689
-1492699752
5333002052
3039948511
10294653131
7184178900
7773776853
4240640501
12883812943
5241186352
7368079627
11690084291
5680760897
4170107611
4117357650
3822366240
7160037192
7140798787
4429988580
10679396101
8608533953
5570436558
6407458247
6806129490
7194981103
1658173349
5738724437
8805925918
6117431457
4703975973
9765408687
5881256963
9686302599
9992510286
7693775196
7932630217
2533215016
10590894860
456534675
4999496714
8455772890
8096821050
7284896523
6156594596
5439552851
8504345522
4313549378
7616618840
6836532585
3339698399
7564175969
8979012543
3990356396
6149708309
7155051468
9170459981
5686438471
3391367151
8566833605
7455423222
7506636840
2547889749
6249491808
8570528144
8004209979
7660829887
1333737483
6363498154
8709385305
3441375765
6966530825
7755006723
3244916605
2144839107
5673657557
7160274130
7020475359
5935085991
4751021003
2541943900
6440943424
4627587933
4301725683
5861505879
5737621828
4327053167
2246819704
4547138733
4703977706
5122555115
5143480922
4962576705
4806439812
4716975507
4625673432
4697592011
4708031491
5653993497
5598064908
5529862209
5401763969
5220381200
2691070083
5022334992
4778326132
4567031287
2879953463
1220908626
4165212884
4072622612
3959091334
608667423
3827111662
3794191568
3687000927
3580253173
3001178436
3179670071
3060743025
3018295129
2944449192
2851722452
2860231431
3970743780
3893973169
3810576506
3701482404
3608907046
3511786473
3427335995
3323434555
3205720100
2972002493
3038095869
2950530135
2846934458
2778250384
2726581573
2660905738
2553788158
2439173972
2337101683
2262900195
2182555227
2097124630
1956659526
1854737722
1747546302
1683978022
1632465611
1558609208
903580616
1400313015
1308257984
163729962
1166962727
1061992127
1279056400
1738566826
1753503947
1563897799
1739547429
1711554225
1735983666
1678859931
1615295955
3112570967
3341429604
3275351078
3129036663
3052951580
2906638296
2777978997
2672190043
2512040255
2391578600
2289236046
2124584624
2010145513
1234387921
1815757994
256174271
2409963003
2473867686
4653797317
5237324909
2563469530
2942696417
509862342
241253092
2036347546
9880291879
1810604058
3699533920
6062578734
8948294143
13144719437
5314261506
4022639654
11753633541
5110817773
10793199965
15288035872
3700297762
657232248
6275306696
14612009125
8368472688
4594029496
18029234542
4986577381
7224090949
3407029247
16355811584
3330614175
6848174795
7261784346
24204811366
7522634720
1959168714
3863243880
7193586357
7085256768
3333802769
8191438865
6862949902
15316528961
1720928387
8667972202
5112411134
6349743520
6055256205
8032909959
12657766453
3343279512
7582039208
9539353700
6845508968
3765649099
8869907987
4960655009
8002825625
4687313720
7746666023
7213153165
1890385688
4104417515
6065138093
6508031294
7415456456
6582264937
3656861186
6415970839
6259924213
5915984427
5576977514
3504817843
5072016028
5244557268
5227404738
5674795766
5597271568
5589162659
6381475719
6355790091
6314315279
8594979791
5372558397
7147173637
5863683060
4943342480
6896559274
7742783767
2698682345
5544170329
7271052517
7477759540
6413287693
7731893641
4894832662
7180771707
6428978941
1976634506
5720754145
6468018506
6300654499
5133373024
5937485235
7330359333
4687280002
13200573882
5668619940
5168710798
6913271284
11418693306
4146395312
6190448266
7772603434
7150876330
7485234155
8680328552
2497507903
6260756351
5978211092
9883291542
6969132817
8615957978
3915047281
5141099284
5358510871
8394766650
1455358526
8462803685
4872444258
9124311790
7601229167
4514144493
8708705988
4793958141
3911522552
12309702661
4480945079
5404507998
8618855177
9533237066
6963000439
8321953552
8481605568
7162648900
2965383408
5311947710
3059839492
10694333675
5380734011
1788076990
3381334616
7218351334
6069668675
10631014412
10462262952
8479130886
10712101847
6098053121
6076946512
10165760024
8800426293
5824010159
5042872810
7756272818
7799537864
3625475879
2618854864
7057987914
1576935593
6739138691
7446344323
8960554621
8185511834
