6446504474
6842872985
8315013643
6579684048
5717941049
6510784996
6891643264
5302034753
5033792643
7662556582
6531345086
6138859641
7985567825
7108276412
4726477911
5421316456
7000011620
6294677997
6367504109
6168089974
6469542186
5821988016
7145758068
5261941494
5580350518
6226252594
7553173073
7076101162
6438983029
6769321324
8199119012
6600226714
6259232747
6868705310
7095748540
7196566692
6588975908
6768274816
6612745116
6461060477
7037786351
5136465356
6889198776
6207312888
5967488332
6438805478
7311206099
6143674308
7055616996
5369108398
6410975232
6169209263
6378328514
4832982019
6281341535
5274728547
7287023201
7012243342
6769607063
6677164868
7930406427
6997320032
7026540815
7167337875
5388487004
7864339913
5634475390
7176380672
5525901917
5788973692
7513518049
6813869974
5906312723
4587710744
6573685703
6549414082
6838820813
6040756145
6398806214
5998050754
5365438055
7336543055
6523393388
6970080109
6410458405
5540435992
6095481184
6089143623
5655367739
5742827659
6070581120
6624083602
6723479776
6274635596
5924512674
6086140814
6132779637
6797442416
5904133188
5925824800
5981469617
6264650215
6602236245
5886657343
6589302789
5753480492
5875732425
5758170671
4752864882
7160057371
6833925876
6530400910
8007460208
6553672662
7386661700
6141162095
6319544972
5379860441
5598122090
5934213655
6597393659
6275258083
5626435193
5293156649
6108128873
5238118137
6401153660
5568667332
6518096896
6649727786
5773689944
5675471552
5812277062
6057962477
6373201974
6338164296
5457324431
6181670720
5906944291
6020466673
5258718642
6146913718
6061481503
5992121786
6108104735
6557684665
5985534281
6049565622
7311001731
6428716534
6783677068
6568967612
6086840603
5936070516
5512102970
5869563325
6121082283
6195431258
5906621010
6007321330
5748636663
4548245089
5473740250
5464553326
5982580030
5882740275
5885643836
7238958936
6538538172
6812324603
5245230536
6198519306
5461093265
5100159511
6825411038
6869524295
6910269112
6434730629
5698129812
5991898280
6010472974
5569636888
6044510866
5773203985
6035452066
5730020912
6599130579
6114456253
5580779583
5821159493
5485196367
5036882624
5972442290
5053578356
5280337401
5346936384
4069235212
6076791082
6295290304
5128386408
4916033604
3865554473
6300170291
6007941112
7303061199
5361840214
7226279842
6424111659
7562029300
7040110328
6203976824
5394691230
6635117241
6204212305
6774280051
6378648870
6390157514
7439613339
5721332657
6241362998
10038494793
5885684858
6329950012
6982609652
8344110856
7052456456
6127290648
5921806015
8632883073
5737060530
7476329132
5052588992
5720980267
7812048057
4985511174
6476988389
5817839143
7848181666
5771994874
5994215373
8069173211
5281196029
5644953910
7347907441
6971788666
5540975701
6654693669
5516655082
6942387556
5599550177
6845469496
7727629475
5414505993
6739192730
7167105087
7384323084
7358288488
6844759020
7124035576
6373762391
6158256448
7342977734
6995091448
6876123579
7018721558
5984567775
5295230299
6808565937
7842231240
5054892137
6204321960
7132362509
7932933658
7038607736
8153476384
6235278316
7490971021
7705576890
7609140029
6110654573
4795433915
6656715285
7317366202
7400054949
7444931342
7931529671
6950976972
5888498518
6452168845
6857101428
6027708216
6470003236
6834275311
7030888537
6175028768
5425053208
6668753445
7865888628
5199475855
5559780465
6927479458
7156228735
5793414864
7184945138
5770790896
5974996402
6786271896
6194610625
6280893744
5854338419
5684909356
7194853187
6489618284
6298401474
6701285197
5081656362
5838429146
6184382376
5500626574
8277973676
5614074649
5440442245
6611813811
6644192069
6755170613
6322199699
7504365611
6901318313
7473833220
6685496532
8021086434
6905003688
6636713048
6654264781
7161093342
6456938532
6241515208
7443904028
5103129165
6895152489
6499635301
7169633785
5512812305
6383535581
7346979728
6323785195
7339508215
5462054111
5391004766
6950126042
6290315201
7080709218
8143392430
6207616625
6212095086
5580834853
6322909199
7106279653
6307785879
7652665269
6259082389
6094711744
7581894384
6803109080
7325693056
