4006941892
8547649837
10053306280
8700969643
5011038305
8288517418
8702306303
6920253529
-1509658254
5393778673
3050112003
10243045740
7100273169
7702027763
4199126329
12850580948
5157455927
7400515712
11743042504
5726878041
4141099940
4077517908
3867210566
7216660863
7052259101
4415317258
10624322692
8573823036
5595241125
6514034102
6868628747
7244663192
1589950857
5677449009
8795627888
6114060418
4688594676
9740744424
5859350033
9712474641
9906576115
7635245412
7868836148
2472558122
10549771462
501192218
4988600738
8451422324
8076349539
7352794385
6180720234
5375915472
8468092641
4304389014
7536754455
6830580822
3374858838
7542176679
8977712325
3989108805
6249311949
7200823558
9211457373
5628169845
3379205261
8509540389
7408666492
7520214964
2579736704
6192255959
8409145133
7916626353
7643221724
1314278386
6336166673
8512077928
3473123195
7000464332
7598946478
3225423255
2202832694
5691427121
7014597773
6958506314
6054065217
4743293283
2586858182
6336996687
4687478618
4308296413
5807350954
5701502164
4327141053
2315392987
4568416919
4720842592
5078710476
5007278661
4771178044
4676918971
4585740058
4638317765
4669241757
4620118673
5447208005
5408597728
5343541947
5236084235
5195550541
2771147882
4844774690
4609448580
4408746064
2916574651
1270364472
4009242285
3934727491
3838751774
605779324
3703099577
3660763111
3600692467
3480556878
2984684324
3072855576
2937332458
2809299513
2744446534
2738714154
2790878212
3786550400
3710433741
3604547430
3513957782
3445466097
3354979968
3269166773
3171058579
3060742938
2950461598
2907880479
2804500317
2747658325
2663995319
2590605545
2532450993
2438817005
2329568284
2224197671
2147150600
2082555939
2003350485
1888670050
1769811489
1675576622
1617560840
1556165304
1466277325
866834852
1325191079
1259800746
133233555
1111843449
1062294703
1059831567
1533202662
1534154863
1530715011
1608377861
1570250805
1556172105
1549856674
1577175607
2964610111
3118001369
3047393777
2949120335
2887587058
2799158490
2668215221
2500134811
2394494844
2294213661
2181478328
2075696765
1966002952
1185907798
1764477679
256947884
2248057086
2475376099
4611785392
5291824422
2675200124
2890012071
494299303
196364451
1983848039
10051123416
1817127504
3734299304
6092385233
9076073929
13476577949
5368767353
4022077785
12169504207
5085189807
10860268462
15825710508
3599044273
535665829
6382821561
15045692454
8345616787
4631394823
18524621554
4954766135
7203018505
3427464323
16724833751
3381912742
6976194107
7223436198
24615125695
7618516965
1972931374
3825206856
7217189788
7101497792
3371968782
8145725107
6865643742
15155617067
1744538840
8701688343
5071724538
6330420672
5994546483
7952477774
12409105351
3253634389
7585182191
9514130861
6815649842
3708745791
8685072892
4930478190
7850904131
4693944487
7450892768
6927534963
1864271118
4158663289
6027755534
6311490339
6972781469
6548546197
3717829709
6145287785
6013867515
5694492710
5382036589
3568485248
4984703505
4992690575
5102267036
5501532648
5488778759
5455689638
6225038299
6236036966
6206148681
8143796503
5394455669
7176244564
5842040117
4975334321
6878758238
7648279198
2746336709
5561148157
7310962016
7460074745
6455243142
7626094533
4817183179
7070248957
6397292681
1986398286
5765213542
6465102372
6196334430
5088212771
5936350874
7215136130
4681743848
13074038103
5724562917
5232738797
6807019962
11366684753
4225768278
6125881744
7796903242
7157119539
7475223304
8643749667
2520083338
6230620009
5992497176
9849028731
7017199315
8631373948
3900348793
5141621013
5347313073
8447315378
1400420181
8428402121
4854344516
9104666746
7679554780
4412127180
8740939167
4882433005
3972560455
12321913511
4542041657
5391797987
8577829482
9533737363
6972545346
8353154973
8412462272
7180150497
2930090359
5395402189
3075611965
10627795426
5361936801
1762827582
3378381108
7203032319
6059301651
10535976898
10450555162
8433863757
10745767333
6158498748
6101446806
10233665347
8862997903
5834318559
4977381191
7787419631
7844607414
3607198442
2648815932
7040983552
1586804478
6748654887
7462033280
8854654658
8237784462
