4001892449
8577562150
10010487106
8729105214
4967351035
8315777608
8708172149
6975063642
-1440070309
5377654346
3062823538
10257091122
7128330835
7765322627
4232087504
12890617114
5206649534
7365307532
11707529578
5706465845
4147890164
4057893968
3888098362
7160088051
7065170915
4473461942
10649863580
8568863990
5584804589
6504782527
6832491006
7235793244
1640526528
5698108306
8812103761
6083088135
4682689465
9750097681
5876454265
9699215593
9950017982
7653023696
7939250803
2531561892
10531536663
489250962
5011161683
8457427451
8110557242
7373129025
6129025173
5387333479
8483364954
4289187774
7578614667
6805059841
3354746627
7553379105
8983675364
3992386986
6232324278
7156123333
9205383027
5706184068
3429628919
8571571255
7436618600
7473697574
2571558682
6199807387
8500286148
7941201425
7689317847
1341514357
6348603824
8573383593
3451109157
7004374074
7703609936
3215908588
2186799378
5664213652
7037903508
6971695550
5985885023
4781424729
2589564218
6407436278
4642175107
4330185167
5817356473
5707746763
4332129506
2282733047
4576746651
4729844370
5118753057
5037391895
4798641267
4741454383
4655356443
4638212000
4663547053
4641958453
5537113117
5498417128
5438237628
5350411521
5246711017
2777222858
4934768216
4690081308
4480362613
2923202361
1251420922
4073670891
3989424846
3860649538
590711734
3762776331
3713380481
3664457053
3537540654
3033274285
3118632027
2972532278
2860296727
2860863294
2795956743
2808236335
3879840777
3786266316
3694016029
3597612814
3496060117
3417173750
3330862241
3227284873
3120762583
2979382019
2958936458
2886420511
2801092588
2708006361
2637900621
2581506467
2485346967
2374379300
2262628519
2196547812
2131518223
2035168672
1920119064
1806898723
1684706639
1648746713
1566037152
1518976642
888844199
1360324952
1280313007
161363858
1131608135
1060023203
1154661964
1622575041
1624932008
1555690000
1679857345
1666178438
1618037740
1594744800
1590961684
3035424504
3173877066
3178391222
3057139679
2965377234
2841223953
2752052275
2597416479
2495785682
2374506657
2256945809
2096737572
1995138098
1207933277
1811210989
256346673
2329096790
2448669539
4625209483
5227333268
2618561750
2911618238
508909150
211403963
2004870938
9996561700
1801096469
3714560764
6080568048
9008896570
13354643649
5333131339
4028286287
11997883813
5076480912
10840086968
15576162706
3622717907
591468416
6295342532
14852400605
8332906209
4598639254
18287226099
4969398111
7241350763
3399310970
16595928036
3314703892
6968357008
7221509303
24391354314
7543312594
1957572325
3844860659
7202191696
7105424553
3329572154
8221040471
6916679331
15259031323
1755210865
8670076838
5067131402
6328181760
6001857586
7949223070
12542704857
3303168796
7589189712
9544181149
6804664717
3722971939
8768895145
4967135668
7955693666
4721677167
7575962252
7066403059
1893029052
4179624662
6005848915
6410219821
7170125638
6585753267
3705110969
6289778894
6128511088
5786784527
5494543542
3536404848
5031123599
5103959453
5109680126
5548498028
5544228295
5496573986
6289899165
6266768533
6277576063
8377669403
5474332627
7156799761
5885185043
4986397193
6887121002
7701471639
2704447254
5560279829
7265299014
7439732063
6412656432
7652266338
4884070430
7159758239
6423290078
1959047524
5769198135
6438117662
6253598451
5080268190
5934623400
7287258030
4698890974
13102448950
5684396093
5177218066
6858254691
11379499315
4184329464
6137262450
7787833212
7127503988
7513043138
8644495126
2508517055
6273111431
6014613501
9853775333
7031633318
8590996100
3929159284
5136568594
5349812196
8438949739
1434241399
8455096255
4864455426
9127741995
7622016622
4453924640
8712720281
4834253201
3936660813
12310325291
4498868399
5365854102
8599415079
9478476493
6968189584
8323099448
8417878660
7185261373
2966724242
5340539835
3110518528
10663743040
5390819345
1801460843
3334464322
7189004715
6067902087
10568975324
10438552372
8434464517
10723417348
6147752410
6123249419
10211338913
8835191888
5850513902
4995132166
7760045944
7820354748
3587402240
2665079252
7052061713
1597804787
6732003903
7415046968
8878848503
8186683659
