3864259550
8698325336
10261890459
8666569208
4839641660
8176363896
8598510885
6944018552
-1477991330
5244123362
2937752061
10215103052
7296177889
7818838168
4068484479
12765643217
5201954420
7296064584
11729803824
5801989512
4198400891
3966072436
3821059615
7088697113
7073254135
4473707371
10513914448
8670638008
5423367910
6324237024
6756216674
7268864486
1687488850
5769780064
8875446058
6041705548
4894603308
9681368397
5798969547
9845553980
9989219037
7824018129
7926735402
2524386203
10611525446
538113931
4948053542
8591636201
8260126731
7293339345
6114385889
5391012426
8600749134
4409192191
7664516063
6804983237
3536961692
7695631575
9022244186
4116825194
5994688982
7088702632
9186036706
5658170199
3415554260
8661619598
7498582912
7817853356
2433912603
6377396019
9190114559
8563326337
7515659946
1302938677
6363755002
9469589690
3319687929
6950069637
7910769296
3301486318
2100268519
5772946420
7605305514
7253050954
5902372076
4955495729
2605823266
6544119915
4519911713
4332889344
5876009455
6147677814
4151218788
2432608985
4535586108
4857413617
5190548562
5773529983
5508440468
5217285977
5003496879
4614167308
4791886237
4944078313
6327732258
6247362397
6186011656
6004441959
5238624402
2760519347
5615311411
4882804454
5125655245
3065660671
1190402876
4755154504
4301985327
4522191978
653400696
4581082272
4556737999
3793494231
3787687730
2890486761
4125606277
3958551021
3809647751
3686384361
3496659508
2976700029
4401935053
4528418004
4728545195
4632832722
4483583898
3856440078
4271373381
4148049592
4016504628
2932090767
3805407872
3698133219
3597281699
3478111139
3415569218
3136341438
2473431152
3054446531
2923624548
2826301536
2743899092
2617823809
2474074184
2332700919
2014858436
2115208458
2038996852
1958901269
832967753
1315557866
1609423432
79561220
1527338471
1722296881
2055981789
2482089935
2533534794
1537868521
2473006489
2388916158
2249048693
2114483724
2270289202
3517482624
4204541197
4012579589
3788272678
3341905134
3398978881
3178866068
3086441879
2939058338
2805943300
2706075016
2413750908
2391128428
1214383806
2522877316
188661784
2826425785
2809406063
4786790840
4918789192
2370275128
2988271376
379380004
168078508
2034001542
8971957999
1708940323
3496919167
6015919578
8592998972
11721232550
5370516115
3952870443
10712037897
5307952690
10346524969
13152273195
3661116644
551025988
6045731245
12725294503
8285237237
4493264750
16085033964
5148235647
7087491716
3568629650
14664743519
3395855337
6843766532
7273392239
21999124200
7488738006
1802849315
3961876805
7375889175
7040412532
3261263435
8071552684
6877379563
15086666971
1869726789
8581382075
5122092872
6325300411
5982685169
8192576780
13726987329
3318532046
7624821809
9628097720
6854213573
3753987241
9153717037
5043590520
8166646208
4713228029
8477593059
8445886846
1836328388
4134359312
6140823787
6882354384
9682272997
6212271719
3580790919
6604422140
6609228256
7129857434
5769569128
3466321135
5089457767
5996772702
5168266063
6322927159
5742682865
6178906075
7160463568
6358246333
6757791582
10268820880
5433493425
7191428237
5993324732
4948830167
6863768879
8260632068
2498723694
5593343757
7354411801
7630977490
6473855679
8108686125
4932358348
7638073649
6369978584
1895700106
5667841659
6366896238
6638026724
5045101930
5918095763
7474762701
4637522265
13398814172
5673814289
5177953746
6746212513
11533188918
4173622668
6262916857
7893636805
7248041351
7288571394
8566312541
2339838653
6416761675
6034116718
9904905620
6957303691
8629326586
3873237509
5148765172
5518272614
8449799173
1479575188
8374460421
4932511061
9125486003
7678740452
4780720582
8689721787
4850511601
4057523346
12407386628
4457732388
5408809987
8519579027
9567901260
6985541360
8329622510
8392529975
7180788049
2842878858
5507389487
3082828668
10661179793
5339817908
1973381748
3211851387
7409480712
6198399278
10680420774
10428776510
8556474099
10771849832
6172857688
6068457074
10080359969
8814242139
5820091411
4982453886
7766434585
7789407927
3701641821
2623898483
7062702361
1544374222
6722842510
7365342495
8838796204
8099047054
