3830884416
8644183474
10226766561
8725474308
4856902835
8297122448
8600559483
6980268251
-1366851574
5296267060
3011060149
10221554364
7270856242
7732187442
4184227515
12808167462
5243639088
7335364585
11662569889
5713777225
4192487317
3925035585
3808231391
7137010078
7051140559
4518432680
10562227861
8729484413
5507041941
6341250409
6708528416
7222639214
1668163276
5793309311
8783399744
6129510849
4804073334
9709170550
5708923085
9873297575
9916971618
7819996136
7942341031
2510384692
10677170975
462657118
4937533593
8592205533
8153878075
7296844142
6094151525
5514547185
8532668079
4368978197
7611108854
6778400410
3539415226
7684960993
9106015039
4140006305
5961749328
7106910587
9122008962
5609767675
3447253434
8605304366
7499290331
7712419679
2394829113
6334878647
9006356520
8361440450
7582029158
1239417310
6358243402
9232391665
3348971783
7025950465
7944987563
3357615233
2087649226
5752417806
7488085336
7117803773
5971985614
4938453094
2563119158
6540522413
4529976030
4336462686
5869701398
6023538623
4185185181
2362773090
4591204267
4745133996
5163720256
5586693885
5308457217
5056376766
4973017684
4676620982
4804792212
4904104390
6137131900
6055067997
5983975999
5877205004
5267563873
2740531540
5452547679
4828314033
4955270671
2990359491
1217621157
4604211269
4235766845
4428048188
592820118
4271050856
4239946674
3742569201
3738441039
2961609299
3750304850
3661532683
3577050662
3451129264
3282058959
2965520892
4339774534
4527397024
4452300650
4343902950
4225032615
3822420479
4008231085
3883950287
3762601546
3005046431
3572551928
3471820316
3375577340
3261225278
3196917431
3111956311
2458374037
2847531161
2739436026
2647225247
2549234605
2458980056
2301792697
2182002095
2037719233
1986843734
1902580268
1821486512
815306486
1383766160
1556205284
134712474
1378970598
1429097449
1820335736
2276040594
2305950669
1535443949
2248070174
2191317062
2108983139
2075146161
2082556651
3376972540
3834881224
3723763614
3569625304
3382972472
3211889414
3075430822
2911361514
2749633888
2633481500
2516510420
2404598426
2321523049
1345814117
2308762089
239821694
2674949399
2669261526
4688435555
4910148855
2437132662
2935496172
425665699
234488702
2034851757
9227577368
1679355304
3462078777
6013415748
8662352178
12130113458
5333824886
4036238631
11061146825
5294750073
10410259983
13913071580
3691673028
666079660
6148824135
13325170513
8323621190
4522591448
16763377435
5145711777
7170680649
3523122571
15226677968
3403145624
6850626430
7296735771
22845225968
7472061950
1855230547
3943302564
7298654681
7096281867
3212671086
8061478364
6917769104
15283941723
1826122217
8637711535
5088513336
6323694475
5964361950
8140333816
13512287554
3300366237
7556684705
9659894447
6836146357
3753938752
9121057709
4971984577
8189062311
4709860657
8414164762
8047925016
1897344411
4176651553
6186164367
6786121459
9034978558
6297480763
3599421294
6541211039
6539313568
6683621512
5759267590
3470921724
5177578782
5736472632
5256992322
6099534540
5713342169
6015734189
6962571336
6270382510
6649460517
9857164989
5486989815
7134123095
5946314875
4880760367
6913329853
8094523606
2575363223
5596410986
7316792163
7637573454
6384065724
7909754884
4904641214
7506618452
6310122663
1964226282
5706177804
6393858243
6538153474
5002543362
5949706963
7481743774
4660893446
13356213650
5669927381
5149233267
6693311106
11483434663
4107552607
6292171161
7845235577
7196353480
7368467384
8577423277
2440530458
6364014460
6009812090
9800412594
6956524293
8629478952
3949275119
5176689837
5419885401
8407299423
1461834848
8415266690
4891720506
9234886832
7683586631
4703374379
8751403774
4878337262
4004805748
12377318840
4502285223
5406920089
8572330123
9566926029
7038665010
8352787845
8479515115
7117179843
2872903864
5474522095
3066452037
10700519326
5371853263
2011006805
3209120924
7364253191
6273164242
10631442588
10339835137
8539774814
10689007515
6172896091
6145034534
10151444453
8720003620
5809153162
5017184009
7762099543
7829956517
3657986815
2648777962
7090133345
1589402717
6672844997
7343764332
8877011618
8208087627
