3897166030
8577333870
10228054746
8683898363
4910115812
8347005008
8614908714
6944236119
-1438694355
5360565465
3095098514
10267105276
7195652441
7755264177
4241656140
12840895270
5317146997
7253812102
11715498754
5605204835
4172146388
4009226006
3808202163
7111737981
7130116076
4472485304
10614575661
8714186776
5470138227
6374998314
6753455442
7252619855
1706107412
5809216663
8787839826
6197429095
4738451619
9761002675
5730756086
9807486451
9897953366
7709131108
7979724555
2515674754
10708057911
472004609
4917204186
8541942709
8190252416
7308756695
6154303704
5537614825
8452662417
4349252646
7620148460
6773269408
3442583856
7683057215
9148813974
4078712588
6019638930
7070348316
9120093713
5688679608
3417647221
8635279174
7504899282
7690714854
2431930818
6300280357
8812033498
8258183638
7622421440
1298012840
6311479154
9018482667
3401678528
6985918368
7965609585
3323904823
2082433390
5729452651
7320890011
7060279845
5929646130
4897350964
2550963572
6512853889
4540463540
4332974120
5913521014
5866313718
4261698110
2315657915
4652580870
4776166529
5164799767
5364320212
5179127266
4967950246
4856752536
4684811543
4797835879
4823895831
5966597404
5903954300
5841357218
5731024894
5281441570
2673535340
5309038682
4738937488
4817165028
2947725367
1261901395
4453049342
4292251519
4269203920
533878311
4103677472
4074523066
3748188570
3721299524
2984702957
3559344712
3511698664
3401505744
3271223220
3133094067
3012676156
4219175635
4322177677
4243390813
4129301363
4020759976
3893203992
3821818403
3704991761
3577312214
3015569016
3392957795
3298617939
3200773169
3122048581
3040073622
2955126383
2523241485
2720524896
2608670546
2519182028
2428831017
2319276481
2200525161
2061393949
1961513820
1875954722
1819279305
1757121984
844703847
1476474907
1466740277
118438217
1308261350
1300527357
1646161564
2075951747
2144663724
1516407293
2036954848
2042967089
2009024435
1946878282
1925197742
3245107293
3675955101
3537875126
3457778793
3296622676
3104888509
2972157312
2841387132
2682844066
2533471756
2424201956
2327481208
2233367204
1329418144
2186703697
184002764
2599004460
2585052361
4699174607
4935548457
2542248010
2954357538
428263613
258778934
2021196833
9492686731
1777918802
3574953877
6052855822
8708577623
12545469501
5359431202
4019565406
11259126924
5273005690
10616347280
14291030349
3681101270
651215205
6223992921
13772097831
8373094548
4590519654
17245578434
5108398238
7086325312
3475835713
15610366903
3332714487
6848835328
7228119965
23286547404
7496729748
1905633822
3959059334
7272953963
7112059217
3207719956
8143123764
6904178033
15387990061
1759968959
8665763192
5064146147
6417473747
5999633083
8099723314
13216878006
3256459389
7573149662
9662019281
6814140149
3751885202
9123830449
4935374830
8097485683
4698582522
8236468514
7805849499
1890025865
4187208691
6070482632
6777156894
8493370490
6414270014
3579570571
6466703866
6575904688
6394833017
5756998464
3493931283
5167442021
5515668609
5342881956
5945667285
5781187743
5845115698
6753426777
6293137777
6496282562
9455229815
5447169493
7174254879
5933020122
4900308786
6887425419
7951846921
2599058232
5572674960
7283287284
7578699826
6392918478
7898080057
4955227187
7369239905
6323290486
1953287263
5714136776
6332173217
6417323405
5079655629
5984338397
7378333544
4673985835
13236615328
5731866831
5142426275
6776030434
11444301309
4058003223
6272019741
7829001349
7276110959
7436771469
8653195815
2532422414
6325599526
5928421488
9851112547
6955129123
8681719170
3902080154
5135162002
5411628215
8406699169
1434493167
8425939384
4915734322
9246943328
7608600087
4651133525
8861314785
4801432250
3944419362
12386059335
4509885897
5349361035
8607540600
9551462253
6993833481
8397787129
8462168275
7088312171
2895636066
5388869524
3051012559
10738511893
5396639359
1970638085
3288792415
7331478609
6239079947
10624307871
10368012913
8484873420
10692714736
6159754230
6143814591
10113183265
8723976060
5825475581
5034238334
7788503800
7837056290
3701940437
2659041145
7136228090
1593761456
6696536174
7371468687
8944209500
8233059362
