3824835623
8669698320
10236003721
8632470992
4841456440
8260244543
8586054938
6974130431
-1405123502
5268731679
2985329543
10181221154
7250421313
7792734204
4095746614
12792387042
5236030698
7271375753
11688218092
5729027778
4210668640
3924720970
3853091367
7120347649
7122141336
4483678865
10560367090
8687896951
5461200700
6324861308
6682941645
7233350121
1677862985
5737033174
8827331798
6073124838
4862149999
9718636630
5775478620
9844702131
9924911054
7857082728
7974106418
2514752676
10615910744
466038050
4954222705
8617923856
8220422896
7314686522
6098033107
5472116243
8558852497
4384128947
7624851526
6813234934
3530564561
7726662099
8991127688
4113775679
5964014018
7063862055
9180038140
5680383498
3469376476
8635797039
7518493673
7738077818
2436822902
6300979109
9094468953
8469984728
7536314744
1276917678
6359615092
9363516117
3366214360
7002245190
7921245370
3303920632
2076681617
5761009370
7581777379
7240526006
5927149477
4919187043
2582208889
6549005293
4477348174
4325291607
5864037551
6115059193
4214882327
2399763153
4526269386
4770370678
5213325664
5687131573
5440436971
5154487547
4978970027
4665399628
4759700335
4915155862
6160649509
6136005227
6089200269
5949770380
5292460962
2736544417
5549473713
4904308466
5053601968
3014241030
1183450901
4679798818
4298230237
4513923678
663460328
4466463696
4425872577
3775272325
3721798301
2854953021
3947532247
3850018069
3682526326
3564260738
3405578634
2996683660
4366545960
4618269935
4609909700
4486489470
4357511202
3846405235
4138734727
4014158820
3877089677
3014504884
3682177786
3590229880
3485127632
3386683609
3305845227
3148917141
2482030688
2955785673
2824967831
2738257831
2643449755
2537307894
2378291099
2240008357
1992471347
2055035058
1979650872
1888742728
822296766
1339513945
1576994695
88924404
1476439998
1609510939
1940448427
2370736985
2421834789
1543918449
2365058884
2323784662
2222054033
2085404367
2211074884
3498220068
4027835880
3928523910
3714402868
3405350294
3335572265
3146109336
3044475709
2889507269
2736944747
2607338178
2469515689
2325225348
1306728450
2422270989
182877632
2753135645
2730814876
4756930406
4932829889
2410193674
2986922673
393589318
230170225
2055911313
9090198218
1725493364
3502004611
6044603048
8638073358
11929166761
5359147440
4027487971
10860253827
5284311480
10370976940
13444354120
3691028045
595627198
6074654725
12979233150
8320865088
4515332374
16416338447
5136267005
7076612234
3584227777
14887623473
3432801026
6856481040
7252306594
22328651592
7474938245
1831154850
3919213984
7360627411
7107169324
3219024917
8066995287
6886478841
15198770288
1872671343
8635820680
5136711733
6277551068
6000853472
8169568087
13651043428
3272469340
7655597601
9648789722
6823768503
3641747799
9077116184
5027778792
8153075633
4723361974
8473171368
8294804056
1815156005
4168508954
6156344857
6829279840
9391046091
6272089650
3584796439
6596706252
6597646255
6954946647
5759217119
3487640848
5134330561
5888514613
5284432751
6227023136
5733895300
6088933819
7032075707
6332045693
6711813268
10096309897
5482626544
7180105397
5993154626
4893504611
6821134787
8251667795
2555933615
5594033452
7380832270
7636061467
6404463118
8019094573
4865466092
7603082683
6345315646
1902887383
5635032747
6448811258
6604310600
5058686891
5897887611
7485458604
4608595908
13344919179
5662096968
5168031902
6667180806
11531832233
4140233162
6307429506
7880000564
7226369926
7319245822
8542957889
2419116006
6375207566
6000798834
9811338715
6952726782
8640995757
3917028970
5179306105
5487641764
8433932639
1457194782
8428326350
4919151019
9195046281
7690458692
4735874433
8733356296
4859370131
4040099412
12416075403
4497724997
5400884969
8520554109
9581271199
6993984500
8332108826
8448159781
7173184841
2855451013
5495662174
3042886957
10667510461
5368614025
2042085361
3190007900
7416281440
6232616276
10639189847
10361405661
8572349869
10743224054
6191780672
6098377300
10057402215
8765194393
5833111414
4965322199
7763958882
7827936804
3685017463
2581856061
7081162710
1557804148
6673789139
7324839836
8823243596
8153189021
