3959852671
8569638568
10088117162
8767062805
4967524117
8305424878
8697160924
6952660568
-1480725651
5342049761
3054961006
10286428153
7152253041
7761569563
4234725059
12902823981
5218922346
7366388863
11692808949
5689601802
4140397028
4111259633
3839916361
7166470763
7113535414
4440075952
10645773876
8570529845
5583144184
6421304811
6832450984
7232273405
1656969356
5741166135
8800165223
6129729816
4719944949
9763186819
5877528875
9695030122
9978768744
7691785298
7938374632
2528404584
10570490650
457581839
5003987488
8445880066
8110302206
7319364240
6128684642
5442635510
8463556462
4303542583
7623408310
6845875697
3363365678
7555716606
8978512103
3981415595
6167898866
7175880612
9198452756
5701624464
3392055770
8545813057
7464681085
7507432386
2540409973
6235725027
8554970607
8006802821
7693572544
1317859953
6344446089
8686576212
3435075648
6961149656
7734149468
3264627547
2133049040
5693246566
7145941354
7002966357
5952631543
4738305013
2581557295
6439988164
4638838629
4317938636
5858745804
5739874706
4303284093
2264924435
4549000572
4710330614
5134779836
5080814446
4929724381
4771371386
4681716417
4636738614
4680076656
4704041481
5611541324
5551105100
5482311907
5404048392
5234282191
2717103121
4986788670
4741553556
4542273847
2922728162
1222756214
4124148026
4050561407
3942551716
606019533
3807683092
3753995944
3673284614
3590467938
2968994665
3165330278
3026720500
2963791070
2908931682
2859043751
2852630883
3934505671
3848251928
3770834410
3664815963
3586578563
3487013210
3378778522
3288903687
3178146150
2936441777
3017555224
2943577317
2830164626
2777513099
2708933567
2627085979
2537987628
2424737829
2320410634
2243060314
2164801912
2065720308
1962672182
1847414591
1729909517
1663332690
1616030333
1553810885
901689963
1386430315
1307240034
159650099
1150222755
1049481247
1267140543
1701143437
1726163157
1526925141
1713461475
1683760386
1668546015
1638749660
1605766019
3113600016
3301604761
3254332048
3091450500
3016582815
2890168353
2782367037
2644044589
2489576506
2363740242
2270281268
2146132363
1994168529
1241694438
1826208650
247352738
2365569361
2478921311
4669389066
5257528449
2580294470
2938362297
502409781
213153435
2013382085
9894521921
1821054649
3716077800
6070377680
8973313400
13217283394
5290885549
4046357127
11851026515
5122907620
10833214753
15371634007
3678142678
625991631
6255587510
14665116179
8382429143
4552083531
18146391588
4943665115
7226911147
3421034505
16434850302
3326640058
6895757384
7254238088
24240286234
7563975937
1955263128
3868223538
7183553019
7089082800
3326789817
8197250974
6863213220
15309689036
1725023408
8668788117
5082607303
6331289882
6034927879
8031720035
12627561765
3299039721
7560341087
9556577065
6854412880
3754918279
8847551297
4941640072
7997294658
4708454318
7647607828
7138973110
1841789122
4098237861
6050803350
6468306929
7373868559
6580637889
3679839179
6393470135
6180701697
5879156926
5559668905
3530213334
5045614825
5239940597
5174292498
5635078953
5591576019
5568852986
6373884878
6332921326
6305386349
8529025875
5441012527
7140904871
5861152074
4949963279
6933096413
7717703311
2680213931
5575159258
7253245960
7452640318
6420294029
7667558761
4884653704
7202042147
6420383489
1938968409
5718934195
6435545886
6282264473
5150133198
5929710437
7358695320
4708033506
13200526070
5650192721
5182838709
6886108759
11386756457
4135025424
6150512652
7788233743
7157333067
7472545966
8659094625
2489811513
6285047677
5974631791
9848626717
6984410289
8601799122
3909719158
5108299493
5330552057
8417471484
1441583083
8445686991
4861743185
9118309321
7609388467
4477822464
8718616875
4810183542
3934143674
12324901752
4495515349
5367385108
8617813221
9518027064
6975684168
8323894682
8465851557
7167264960
2961032518
5330353719
3057422721
10679962402
5377406514
1769020847
3358761946
7236737417
6100164420
10621202772
10465361670
8451425466
10721539811
6138662026
6086128777
10189190790
8796574677
5849039228
5030030916
7746740178
7808310891
3612818616
2620903590
7092352660
1596154724
6727960579
7442359455
8944715525
8182933670
