3822633584
8658763516
10191475383
8635226355
4859142972
8284363743
8578723072
6988927199
-1387007820
5257632382
3003764975
10220073294
7283043013
7796833153
4156323738
12802851240
5212423578
7267026930
11717112973
5711537339
4261990333
3948917646
3830412620
7152856117
7131174052
4489369877
10555070105
8653613796
5466804482
6333397861
6713190590
7213478940
1667919795
5738410605
8831907185
6088300920
4844659717
9697446906
5790871361
9883990467
9909804996
7829365326
7959582710
2487823215
10636913313
464438564
4978520367
8620675861
8199028189
7303872234
6114610194
5479603268
8549735501
4361691433
7618052073
6823064832
3536417750
7736784227
9022967020
4149634953
5949072606
7066725985
9153833500
5645172901
3471186534
8596656998
7499840599
7706987650
2424428795
6299055177
9068101070
8440341077
7568055736
1269301635
6349710243
9335994900
3375917868
6989593130
7940383309
3346950357
2077742866
5749739997
7550648773
7168242098
5950078171
4946044411
2570415447
6561341156
4501173393
4346792739
5824359562
6064896068
4199891712
2396831237
4481373627
4766279619
5192959544
5647238177
5382750835
5149844345
4977837039
4671693062
4768355479
4882169891
6140695571
6135764228
6056043977
5946161007
5302802786
2738869722
5494267629
4854489738
5029563166
3033018275
1178953336
4640190139
4248707127
4508908328
620974230
4410844284
4372965236
3763492363
3704416124
2923783411
3908169497
3757619105
3692420854
3535611009
3352266774
2998400919
4368526274
4608626441
4557347817
4429067457
4328585279
3849180296
4089794387
3980156610
3841313956
3019695212
3641177853
3540815614
3444683294
3342817441
3259949782
3115205734
2467539416
2920448404
2796327385
2690129796
2620574290
2514547321
2362063949
2217846098
1979880891
2029931087
1956174418
1881661367
816790414
1355136833
1553766716
108242035
1422338626
1550688028
1899583080
2345677330
2357203298
1517884909
2366750288
2298616288
2166240975
2079570611
2144101985
3481092940
3963869251
3877238917
3660947996
3435267089
3290998570
3104540506
3025542737
2840994441
2713520684
2579577100
2430112372
2339120909
1288825919
2390536446
200311713
2713839364
2706015733
4725705022
4915413435
2405799420
2988226150
415418463
272090845
2045396831
9099666387
1677175164
3504291579
6042184246
8642889879
11989676629
5326477073
3991488582
10947841529
5288377953
10390631677
13569604416
3698245550
575263496
6064511026
13082118462
8372402235
4527874509
16568693962
5127426496
7116935725
3602995233
14953476156
3383572386
6857534573
7243058708
22517563268
7474623019
1821006923
3940135877
7335566602
7086328731
3220912838
8077321878
6926346015
15271004857
1870502226
8632151906
5105996330
6320877862
5990495027
8172105371
13628648822
3281601208
7573288565
9653864077
6821375150
3714138202
9107293850
5022705596
8168264582
4689610564
8442822556
8219039959
1817012682
4190825067
6173624090
6803387635
9272070033
6307351078
3586743550
6588084084
6595249882
6864883837
5740808932
3469294575
5163908955
5848819812
5270836943
6182299607
5736943223
6032609686
7053778078
6302276029
6685998953
10010457366
5495308759
7156387399
5970145379
4892973441
6890713908
8238485661
2570764444
5598859853
7389262652
7637760390
6396074582
7978888726
4878295947
7553369806
6331697592
1909860469
5625835241
6438942681
6543147196
5023661313
5888368436
7478848887
4616186460
13327189905
5649295899
5175963468
6666512768
11486816447
4112739654
6272527327
7865153654
7224567868
7324780908
8564244613
2452442167
6364002078
5999294774
9812258386
6946732437
8639111748
3924303985
5188844741
5477374147
8403468808
1452904540
8428417713
4929991234
9190581672
7716928693
4713258729
8721965372
4868808863
4011368237
12386574296
4545048604
5380320880
8549275354
9571625228
6993496746
8342822557
8479586658
7140092072
2880895409
5482256113
3038358065
10674992225
5358681310
2049297143
3155959384
7391274379
6242613761
10646057286
10391651349
8575757645
10736989929
6208772347
6092968173
10104891633
8752582343
5810055319
4985415050
7730876755
7814948856
3682875633
2609211682
7050577919
1592757127
6672056370
7310537327
8816112668
8158252752
