3947602810
8576753316
10129916178
8808988161
4968688362
8315953461
8707216242
6959255676
-1489390753
5328859582
3050424749
10295997935
7181693129
7772727603
4236346102
12893810745
5243412497
7369526151
11683808226
5688713706
4154333919
4115480749
3819232727
7157179842
7142349113
4436646705
10676231907
8602969253
5579096307
6411917225
6810024089
7198536117
1656824675
5729851290
8803710166
6120639609
4695958130
9749128418
5877204089
9694926630
9996872625
7692094527
7929086718
2525503190
10575667786
460881178
4998424486
8459170682
8100286623
7294507837
6155989653
5436404635
8507846334
4317071994
7616523365
6843048057
3353040173
7570680247
8978837434
3994298220
6147030486
7151233444
9176070967
5688576136
3392039327
8559466608
7462475232
7509396186
2536113444
6247316817
8573148394
8005715039
7670365183
1334435966
6365474605
8709141725
3439497944
6962848947
7757665873
3239846772
2141756757
5684524799
7166020037
7018499106
5945191334
4754154998
2533342695
6447262184
4633776398
4302507683
5867167538
5740749995
4326329355
2238763684
4543144185
4702945392
5131156261
5136095476
4952525445
4802312350
4719908448
4626983331
4695970121
4708616081
5639061919
5598900623
5529753647
5389117194
5219979268
2692412345
5022997746
4781537145
4566495360
2874440913
1214229447
4161776441
4070964645
3954611459
608085547
3824795951
3786509198
3683058842
3581862502
2996586728
3166059371
3058954253
3009429152
2938634083
2855591862
2849869564
3967042916
3891308302
3806905647
3701440724
3606951660
3509280585
3424389075
3324532797
3204208417
2966761063
3030939129
2952848696
2847026024
2784484315
2722127461
2651469447
2552761487
2441347191
2337301940
2257348911
2185730392
2096599565
1962668218
1854808599
1745102254
1684039978
1633217029
1567446186
905235764
1394160118
1315004454
166936615
1170901557
1056997533
1274377214
1733211013
1743915635
1557243593
1730939077
1712965730
1729107455
1681843986
1621004034
3119807152
3341126080
3262847243
3119072401
3049177822
2901808990
2786284409
2660901883
2515440809
2388001038
2297011088
2128388192
2013839716
1225562344
1822486662
251128012
2408336289
2474844381
4649101087
5249779912
2565587569
2948766492
508277566
229798481
2030375325
9885461808
1811102336
3706757940
6062895289
8940973419
13154167306
5320765140
4026448324
11767218016
5111171589
10794857309
15291096352
3697153338
658525577
6275598951
14620471921
8365528098
4588807583
18034390474
4983645718
7222827165
3406198578
16360503596
3329076964
6862516374
7260792773
24195810967
7520091980
1960807791
3861816704
7197693371
7082215852
3325946575
8185221973
6857470132
15314197013
1718347969
8668939016
5107884723
6357149687
6058340512
8023571622
12658324644
3329512643
7583256030
9545468891
6844409768
3750792326
8872219524
4957812501
7999490413
4694340990
7731944642
7201005167
1888291138
4103629076
6066779093
6500678946
7413478700
6568099166
3663436618
6411483396
6258312747
5912043179
5583235646
3512939412
5079908134
5241323479
5220472480
5665213365
5593277253
5591985925
6383704613
6357306646
6316495258
8586815886
5374325355
7148531239
5864197487
4938719944
6904922209
7743501592
2683838438
5542825765
7269703677
7474677032
6410170659
7721466598
4894204492
7179079104
6426616965
1969682509
5714223157
6463445347
6307155862
5139746776
5948226029
7334014369
4686698369
13208259854
5669847204
5176867750
6901047972
11413473090
4148488966
6191444340
7761990398
7141810507
7475461195
8677530090
2496241941
6256085117
5985443368
9878064559
6973806191
8609002570
3907354569
5148354776
5357519042
8392144259
1457861375
8464816783
4868715774
9128186415
7602297162
4509397539
8709563122
4787166241
3909506342
12307501756
4478697354
5402342397
8610156583
9524566015
6966433184
8319698838
8490622577
7156082363
2961762374
5306780865
3057644850
10698560955
5385711584
1785959317
3374697236
7221726567
6077160613
10625624711
10466605136
8477043154
10718364964
6097044920
6077314132
10167502567
8796533942
5820974110
5046095209
7751199599
7790960345
3627451012
2618527053
7062933480
1588989382
6742152176
7429666653
8957328716
8186144232
