4007885599
8579789750
10026492317
8721381340
4956921445
8312739439
8706164078
6972111125
-1444846753
5370207076
3046065060
10252469455
7119896065
7738814164
4235044263
12875265221
5193910838
7352274645
11705748983
5717478438
4147231796
4055350385
3861061729
7163002420
7070044894
4459855150
10644392826
8551166249
5562730673
6486354500
6841865398
7221360862
1608894033
5694559654
8820574034
6077677756
4689171841
9759530754
5863620513
9698354927
9939964494
7656315084
7908525638
2526004577
10541909927
501386678
4992958046
8454088578
8126676013
7363046821
6132483003
5373073233
8482698163
4314962849
7569101757
6796579220
3348382781
7540288493
8991159115
3973583917
6232067771
7141489093
9208115138
5711480131
3437108702
8557801856
7423962210
7478817383
2559245990
6205048310
8490502127
7951142500
7694653884
1320073239
6336888832
8571345434
3431353381
6986569562
7667148031
3202870349
2214330264
5673426389
7023412154
6969477549
6010342701
4780002695
2603210971
6396841868
4661682634
4356037727
5827669197
5718719775
4310355472
2286650669
4571689550
4707434942
5111917233
5041333102
4792261721
4723913324
4639940653
4629157363
4658174506
4650233947
5502336801
5479968581
5397132294
5333958243
5234620685
2760865671
4929807538
4677121042
4467703281
2929413022
1261188046
4057425606
3970244206
3843634451
584578110
3741372141
3670015225
3646145455
3530436006
3021052718
3107625593
2959614298
2841785418
2834647543
2784870288
2817893557
3865750782
3787342650
3699176451
3596584176
3505209734
3413153696
3320729740
3222052426
3106078762
2959350530
2946032573
2881030303
2797231084
2716969180
2635434715
2557539763
2483025440
2362807364
2263010710
2196009066
2130516485
2029116897
1918182135
1785316320
1689133397
1643709262
1567221205
1525626629
866904812
1351338382
1276609982
149046533
1120738666
1048220362
1142402487
1590930356
1598801700
1565258186
1671521422
1640432411
1600183158
1596703359
1601225963
3016465847
3167614799
3149428646
3051881855
2951561805
2830865516
2747073695
2593021009
2491154596
2367577217
2253601137
2120739019
1978023154
1209778269
1800609209
252123961
2317554235
2466583297
4642564144
5241166089
2622486232
2891142263
508497199
204885431
1989189509
9995685165
1806053295
3700757582
6082527493
9018910294
13378029470
5354978967
4003250467
12020506645
5076545928
10853267955
15617135668
3599321917
580509509
6293455426
14879340683
8333696892
4590768519
18331263862
4962936516
7224333118
3376425561
16632858900
3308369339
6980157869
7230489096
24418345116
7565582578
1966042053
3832017979
7223751112
7127521929
3348392078
8210992475
6900049054
15239877073
1738292840
8668126892
5071413487
6325361121
5993905199
7963732289
12537149909
3303191299
7579080388
9537811539
6813682041
3732659916
8752197761
4970493067
7936292993
4710991105
7567450058
7049947473
1876137971
4174356795
6004500879
6393720056
7116772176
6584665623
3725871535
6268870269
6117442300
5776808824
5478202568
3535948847
5027444045
5077433039
5116379313
5542172835
5534457935
5504028934
6296719181
6262221772
6270081771
8334832950
5465982627
7139929832
5859719307
4989873081
6875902917
7687870659
2702999510
5542997733
7271890050
7436356790
6423238844
7653297795
4855420946
7141031453
6414786281
1978960726
5782876811
6466515845
6261311802
5067595377
5922802258
7275901311
4668034524
13093007534
5680974817
5189800173
6848010226
11368422326
4228403485
6121707723
7784424437
7154613797
7503597685
8641919238
2502613607
6287204078
6019177090
9859882858
7023676292
8602633741
3905834875
5135810632
5339351782
8453617669
1418888884
8479944241
4844662975
9120199270
7618288379
4451233807
8729575877
4828907906
3934805986
12295608947
4509279846
5363372272
8588859372
9501825971
6972999100
8323592088
8407097765
7177619010
2965053258
5354750801
3115393618
10657599235
5387415876
1805265840
3348728416
7209267539
6077106696
10559422560
10447396264
8435480552
10718787588
6150843072
6128714701
10231099659
8848171798
5856464212
5007098667
7750781547
7836226375
3591535970
2660482582
7048559687
1597759037
6727167996
7423329274
8849734854
8188392069
