3919018258
8623913586
10146032512
8744101282
4973720136
8333851671
8632414469
6956554304
-1481949805
5335956054
3056591528
10311287008
7162716734
7727321853
4338882548
12843083221
5307509520
7351001717
11683434999
5704222666
4149713356
4089434672
3902653980
7032153417
7145605110
4437467511
10641497023
8705087661
5520892570
6393210404
6726205148
7270158663
1641897655
5739613204
8773730711
6162552408
4716306257
9685795387
5796938915
9742818525
9948526218
7735465330
7964391873
2495945449
10695346549
501013873
4948094991
8467338822
8177737656
7299207722
6153613397
5520480092
8567719546
4365590249
7683213869
6813032952
3437736819
7631193187
9091185086
4049140218
6090792771
7124427168
9166735301
5686581348
3406019329
8670547366
7475487714
7564695478
2540761813
6270721187
8692879812
8149816000
7630362959
1323107744
6363407897
8887659912
3353852785
6988327746
7889805369
3254310299
2094396756
5697256226
7231088460
7041399247
5903413521
4776454544
2508125877
6539139219
4543472496
4336289270
5888890892
5785846370
4264234842
2274900599
4602718579
4833039935
5135187148
5196210533
5082842064
4867307328
4790163737
4602123319
4748497592
4803364335
5832051723
5778613785
5674615437
5624143024
5257754547
2703731794
5192738931
4741705979
4718537047
2946702198
1236107685
4317689475
4232493246
4134993551
550958694
3988159616
3946833594
3738098540
3728475978
3001315097
3356087169
3297903349
3228994618
3122495072
2963214240
2936238581
4066354477
4101817593
4044975573
3940227413
3850167713
3750624009
3642722626
3526608688
3413596629
2985923005
3242694067
3157369250
3071776910
2981995712
2910200227
2830817242
2572608355
2600879017
2489753540
2408325364
2331156767
2239335400
2111430766
1986820373
1882345560
1801287598
1745522196
1674197727
905320320
1447260545
1403139672
195522643
1220387970
1201335781
1515958237
1956191778
2006427797
1543388169
1938516327
1911075987
1863826796
1781519593
1823769874
3158468097
3517902254
3409121063
3322995426
3178206060
3030574507
2911516109
2781876133
2623385340
2525046975
2395033965
2264295054
2126282976
1321618317
1988669039
230487714
2582440161
2508421578
4707563713
5021477338
2595365978
2916263245
486984368
328668688
2036652599
9638600496
1782670327
3598656627
6052213514
8780493131
12821904421
5334684528
4074375612
11488071278
5233387376
10734515047
14721212307
3705378132
622497371
6226361907
14193020616
8290458263
4612552526
17627392305
5083797396
7175953956
3425402310
15918899073
3362956424
6923760657
7272976597
23681740091
7524450255
1939215592
3975074887
7271984468
7159332009
3243972030
8186841919
6839175822
15380179559
1797379751
8667223315
5084154214
6421571055
6044839620
8074825047
13052699813
3337518080
7513099578
9572727781
6830000748
3780843131
9025860342
4941361871
8089995255
4705922113
8081258464
7566945358
1901694459
4184869856
6128584837
6667084130
7993680327
6466901002
3661727907
6512297445
6458432617
6086683673
5736531473
3478800316
5139326109
5371613005
5332800861
5781642366
5740403261
5719397443
6609130228
6379699124
6443716999
9124322930
5374384180
7156826904
5920131440
4931752947
6870947848
7873912579
2655831484
5608408673
7237018419
7574336856
6411926777
7767903293
4938892938
7261894995
6317531327
1977131186
5752645830
6377494632
6323389890
5084109240
5954025196
7328449047
4636229739
13248877168
5709593567
5131235540
6891698486
11422741964
4039431989
6232878398
7729118328
7230489130
7440995170
8593003240
2523173700
6359586341
5940893639
9923742819
7004132371
8590870106
3932661179
5113566219
5391426499
8379755743
1395497865
8414340848
4884184942
9130272490
7548063349
4613963301
8830663754
4796521899
3953926878
12413287912
4503814194
5367482096
8588588573
9558221368
7005124804
8395717098
8494161151
7183572706
2981392870
5305474611
3070444593
10712457632
5414951317
1846283152
3384336495
7369849694
6223694504
10678751800
10410470706
8454595481
10667227130
6148095084
6113362894
10112846012
8738369590
5784081245
4983535692
7782001443
7860316177
3686566241
2633029908
7105800042
1568032821
6690997998
7386868282
8925662821
8228769210
