3878348162
8602987735
10190248100
8704481703
4867089474
8319288046
8582330224
6969003049
-1404853874
5361858190
3033883042
10236814523
7214575603
7768651645
4186120107
12834246973
5305778666
7285397967
11682134935
5670382292
4177085561
3982762847
3815226710
7121041939
7097469604
4531155803
10636973381
8737178260
5492364346
6402126765
6785323769
7274664538
1706323163
5772835399
8753686120
6184454610
4746898736
9732655617
5740200160
9831987517
9884099836
7714491591
7972765138
2555992659
10685229482
463165829
4966514412
8549431385
8166059320
7315682682
6143598445
5532941089
8476878722
4314129196
7614373310
6823267785
3505784871
7663606138
9132540740
4139511501
5999705646
7041772237
9146784179
5683879073
3436362708
8610162916
7507236295
7682231001
2400193659
6305158800
8882600299
8297954821
7578569825
1317009332
6338363381
9091371405
3337087737
6991546252
7964384169
3314117123
2079397865
5726612866
7396629793
7128592075
5924885651
4931853913
2577812509
6540179530
4569546961
4318891786
5881868223
5945106703
4252728342
2289808925
4613172382
4798501861
5153296216
5429148901
5235683133
4953545551
4889234764
4684653846
4879808621
4876630914
6017078549
5952555183
5869029944
5760078525
5247142578
2701728963
5330801446
4778287128
4884565919
2944588350
1214574364
4452941630
4267942225
4336593668
574727245
4194301166
4153781987
3808473217
3706704140
2953651479
3623155990
3577866397
3432077952
3339949030
3201402045
3016764986
4309212194
4405969414
4304575057
4199670590
4087950039
3847317462
3878512058
3759556181
3647475435
3016823252
3460077919
3366983286
3269714406
3181273868
3091689489
3008517748
2493016496
2772757239
2648408099
2561773559
2489103763
2364908937
2228491674
2114937164
2010279059
1912343722
1828134391
1778589377
846861540
1488648799
1492252002
107891224
1324910890
1363240875
1694875882
2159367155
2219547532
1514524387
2111349000
2072173432
2069041180
2005933397
1958406312
3263210688
3708618666
3590872524
3461864400
3286828947
3138542384
2997844799
2844000132
2717923705
2560118099
2480575763
2339035564
2244605396
1336532051
2222255284
240824393
2670944568
2658470752
4690496252
4902999234
2502998814
2978984857
449352885
203555835
2017373518
9400209996
1724267440
3551274913
6074473606
8687609463
12406920598
5337994921
4000849900
11229834993
5259161838
10527010373
14161317698
3694979835
655166085
6157650315
13658500019
8371582685
4580105295
17110793708
5138359481
7110777279
3468354428
15501981627
3349149572
6776796855
7238839414
23107816189
7471026210
1854337363
3943994812
7302417311
7121079097
3211728225
8094517116
6918639820
15351130581
1794777663
8692184197
5050950643
6388537249
5970256002
8113998182
13325157544
3330869792
7580716024
9622536088
6827851390
3763077226
9110724228
4945714480
8116020390
4708154784
8317712400
7876540071
1915794277
4201616467
6122508479
6736806783
8665300392
6363805198
3562382590
6479002573
6559909471
6475836518
5776773215
3489843675
5192764598
5563270292
5325067969
5956425267
5776769661
5880702842
6788455683
6268978840
6501266924
9602572240
5417715792
7151915426
5942936587
4898137940
6885546329
7960829435
2605541541
5557920523
7327076069
7605238853
6439745471
7890911041
4941425212
7425286119
6309015441
1932864031
5756939511
6358704775
6429326492
5061736751
5991392802
7383551031
4673806696
13281918219
5704161281
5155467241
6763691697
11411783002
4039141297
6290484806
7820951664
7219510401
7414277336
8613176931
2546808238
6304558532
5946218206
9782977910
6898129723
8599882413
3906134469
5123240933
5395427619
8416725919
1445371842
8447424740
4866341456
9270317681
7625437919
4658751841
8851923008
4818970902
3980210271
12362404150
4525157369
5351710646
8601944290
9554347098
6964537051
8379082443
8477419923
7120212148
2904372982
5409792800
3086651190
10731621952
5366401099
1988226982
3251700995
7327613567
6263007557
10674374734
10379747753
8503282288
10717831086
6155814178
6095891953
10135502917
8720162244
5825703742
5011972829
7766860604
7779193643
3662727168
2653207130
7128877811
1615221491
6697833823
7389031840
8895364185
8240970002
