3981327040
8572412042
10035397518
8694882247
5015033875
8278323691
8722162059
6944122521
-1474286926
5360437610
3020687722
10233829758
7121360710
7734639241
4208638917
12873305710
5186162628
7350915554
11734889690
5711076895
4136934469
4057929086
3875064369
7187944379
7048750012
4422028621
10625297095
8584357615
5590455093
6503127363
6873158681
7243592206
1614583505
5677178984
8794601035
6067507318
4694741365
9757324137
5832144570
9736050339
9920070513
7645287044
7892203026
2497760396
10554498995
515578935
4978520680
8438249512
8081893570
7348976886
6155389873
5402230107
8487319327
4309795666
7540243744
6815199279
3362918926
7507722519
8991147719
4005783898
6237452927
7158408184
9194594997
5661749054
3393115275
8508723198
7432040638
7510206432
2575977773
6200806144
8428893172
7934769482
7673258942
1318274531
6355581758
8517181195
3454545325
6961715844
7644833882
3232380429
2197366339
5700826445
7024401306
6976779233
6046988734
4756316222
2601159114
6364505803
4687033957
4340597565
5821984565
5701376457
4329308233
2313024471
4576431896
4699208725
5082166472
5014926225
4774201611
4701944449
4604577336
4637882073
4686759937
4623061269
5473425981
5448818578
5377868871
5265933198
5200480063
2782107341
4876809016
4625659268
4419242442
2909589964
1278855123
4039860807
3955765561
3866456115
593269148
3724737350
3683873722
3630724440
3473981197
3006431120
3112455265
2949667735
2828050026
2769647079
2750751320
2811000150
3822423572
3745327176
3656191600
3564314608
3474004527
3377357614
3296432316
3185651041
3083451168
2945414626
2912936391
2854740476
2763719769
2675729195
2618057600
2553843534
2459549140
2346432905
2249216214
2160877956
2103539103
2015382827
1902157046
1784054908
1679230481
1615804139
1556999631
1511396468
847472149
1344080121
1264663877
140348442
1116801995
1058409244
1103074666
1542807399
1571991398
1570737009
1616519478
1611316584
1595398085
1576012986
1595435648
2994812852
3148369767
3083146708
2989608061
2933700551
2832095275
2707833361
2544402693
2436734632
2323590811
2231442952
2103821054
1984587881
1197122746
1790343469
251045640
2291477611
2485909936
4649310065
5262158046
2663928360
2907428986
516704464
196506931
1990181478
10000045641
1806872116
3716050237
6111212708
9038661870
13426299226
5361359371
4018630907
12077078515
5067849415
10878608211
15737411689
3596043450
563794205
6347674701
14992974489
8343413500
4616258301
18452289606
4945549917
7211104989
3405877424
16671344412
3338577816
6965368255
7210359764
24518467171
7599348398
1972749056
3829432587
7203570602
7138219081
3388839974
8176546971
6898308069
15192048656
1720222477
8677556033
5062712950
6359996928
5987861099
7946214610
12459983361
3271971677
7589331726
9514335399
6831157903
3744818774
8710235710
4938869910
7892047188
4691523963
7515716648
6989049465
1859995881
4181403744
6008709550
6382433083
7019252264
6577481780
3716435548
6177217580
6059708583
5745517650
5429634217
3558537912
4999629586
5028574788
5121959387
5513463076
5495104754
5464913110
6243501313
6248867918
6236353962
8228591100
5421110719
7176896788
5856597521
4970030840
6860221794
7661375964
2708414900
5535347201
7305145187
7453903974
6437215949
7647403223
4858417763
7100598799
6410830630
1985860705
5766799101
6453424834
6230731946
5060388698
5934832977
7240344906
4692261220
13101624061
5714709325
5220318100
6807626741
11362706094
4220521232
6114899199
7774575110
7159422107
7469916934
8651179173
2526999073
6256378469
5985845612
9858744607
6983979739
8600699826
3895005616
5118973907
5359620232
8460564331
1406193011
8442635846
4846716818
9131980258
7654162193
4393921696
8736718110
4858343528
3943901739
12305281574
4533976993
5390563670
8583713996
9535684615
6968007873
8360917791
8407521032
7191273588
2964512025
5373328113
3083861571
10658538134
5383802007
1815679887
3361650643
7211775243
6082074226
10542596417
10480695053
8435129383
10745755774
6145970003
6091676640
10223066541
8872786024
5854835465
4980558839
7754850077
7854370121
3603814068
2645246333
7051487292
1610144366
6735469428
7448356215
8866061937
8186033443
