3810611599
8640408281
10169741838
8739602127
4812394502
8070375541
8696444498
6981100031
-1505235231
5165613132
2927668827
10190552270
7300503515
7819452424
4043677856
12700923337
5229946368
7368950162
11832350993
5781085810
4319329901
4054746770
3731393304
7095429869
7069128845
4460838662
10478042338
8612257796
5387680856
6338032206
6880449396
7189122050
1803027341
5782161633
8716372857
5967397623
4894943706
9549895908
5778983729
10008003881
10041570797
7842454968
7968596795
2321164218
10627206356
448401099
5016898420
8672832102
8259714234
7261422552
6155568128
5518876620
8680315244
4369701413
7625618925
6839946449
3600008279
7761412999
9049988759
3976700882
5970763023
7015887797
9060176338
5648166141
3482381335
8672548811
7493605094
7860005274
2438732103
6469365271
9293127957
8622907534
7591781953
1139345307
6273141044
9508961214
3367282260
7082652567
7847306939
3329295358
2072929624
5896111509
7591709628
7175308030
5913275159
4966382417
2641150912
6642014456
4536340982
4278103267
5971248326
6205361602
4303379510
2380640933
4501630906
4885190328
5212596074
5892683981
5676736939
5309656734
4920339280
4657925962
4874674982
5162024126
6444819605
6407763563
6349693610
6139328850
5374412397
2714107047
5578290645
4927935035
5304621583
3002024402
1230839955
4751248548
4431587179
4644488039
602878858
4852166944
4705519199
3713330149
3904143609
2918322156
4304509183
4091686240
3915451187
3653606483
3655847269
3136709622
4381758641
4545149305
4794606042
4647008862
4651925278
3810199090
4433692744
4240553069
4121281669
2912660431
3916826452
3835666866
3619260982
3510909568
3497030421
3260537508
2623840557
3062417596
3020959585
2913341329
2842602839
2720793254
2546091315
2399365191
1985319650
2197376261
2112657246
2027460843
940527645
1550089895
1681082549
80505687
1464017347
1767022528
2005434407
2703121300
2732012123
1431410844
2668003695
2532573900
2366917077
2223574347
2193064922
3638887224
4167054478
4054663497
3779757072
3396007157
3259690592
3314366308
3089329001
2850185366
2782373074
2655433743
2324712756
2334669273
1113897795
2638964269
283684185
2777603464
2811722874
4773449014
4884328754
2450109128
2993429367
347236650
140921834
1932563136
8845516865
1685784158
3536374577
5926329040
8402228336
11623627571
5332514599
3889485274
10501013949
5195103446
10248035070
12895357401
3681843155
523782265
5934808021
12511494852
8336014438
4647626912
15830912242
5239567778
7102014700
3604315802
14448895033
3443349871
6893538669
7357543024
21530210455
7393385915
1734990055
3928548028
7373698159
7047557640
3069568350
7997777118
6994028904
15193938987
1948459147
8508889832
5154801868
6366308779
5961247769
8159910625
13815392466
3243346939
7728717206
9697172888
6611596783
3841048587
9275758941
5173065897
8160327789
4608730008
8497296573
8719261016
1905509566
4171210003
6085913421
6928526177
9974113329
6270476116
3670852041
6511855773
6707145170
7264138466
5765471168
3478325482
5073743436
6153171270
5177483558
6496444165
5729005502
6122038584
7293036779
6368919812
6674453106
10341935136
5379511162
7246967446
6041060262
4963432849
6882631072
8391239211
2643558668
5420331928
7551347747
7785881590
6355080876
8253123201
5047094570
7779689469
6341580132
1975459941
5686593725
6322223304
6674218484
5011288764
5902689620
7553516806
4704471663
13379967816
5725066300
5198134354
6693676237
11480578910
4108680957
6182289228
7794631488
7224730882
7185197054
8622502825
2266540125
6469213500
5894639003
9897639418
7039917237
8650961306
3933157300
5113345159
5525405195
8382367313
1618615576
8320096894
4881016619
9095628387
7673406383
4810290921
8694286195
4810061427
4040384990
12589141057
4418115673
5460931695
8448072916
9535245555
6981234726
8289457649
8346377794
7036343943
2793850685
5486523044
3109124392
10499909339
5479015121
2089623778
3180566409
7359510483
6004265520
10643705293
10359209018
8497005614
10798787879
6154296599
5964457411
10076454772
8600173938
5876584322
5026123778
7658869243
7676235332
3855157740
2754268573
7092111345
1735504574
6624096402
7472051799
8961650607
8099524585
