3824222957
8642927406
10192621378
8659821490
4853796897
8253304202
8579441952
6961240966
-1398102104
5266524244
2976512258
10209343571
7293559678
7792204767
4158583907
12819519885
5231141172
7303895993
11708762762
5734076113
4255465495
3971339673
3846025381
7132140318
7111433822
4491785512
10547806406
8635787361
5459200759
6326301272
6705307904
7209094084
1667898742
5765239385
8827079309
6103666276
4840366488
9683641576
5795751291
9873037761
9919886169
7830291299
7941000952
2500563994
10638418763
452900693
4984531302
8617843518
8173745968
7303437157
6115633841
5472994626
8556125947
4341888191
7591689517
6823890052
3541406815
7722049221
9052783391
4144375173
5945336655
7075523682
9137434123
5630578431
3451255225
8585448774
7514696754
7717955879
2433827660
6270666683
9058706687
8438520040
7577936073
1248003917
6345552423
9329729138
3348898502
7020211176
7926124485
3351335176
2080861278
5758498351
7542671175
7160748155
5972646641
4948447999
2594401307
6544137924
4512536798
4371234673
5828810888
6051459717
4200535362
2406171425
4486741794
4753400601
5179313379
5639597393
5370949038
5136620985
4945269414
4676114872
4749047867
4867447709
6163411495
6130947200
6042191795
5927323921
5281228169
2755635599
5495377513
4869271478
5020084009
3038675134
1180209443
4641206477
4256862550
4502288801
623547181
4370308195
4337314379
3760854528
3716506997
2942828326
3871657666
3736766840
3646028157
3505860064
3331416717
2975104305
4358745062
4612861393
4537908802
4414946870
4312906958
3868983915
4083520485
3960497078
3828841742
3008351128
3625029345
3539751982
3436874745
3329591226
3253873413
3120168479
2446193389
2908654096
2775552574
2698455860
2603209191
2485778167
2361043964
2213019585
2001968589
2021963795
1930004876
1871605566
816984094
1374198002
1574530496
103872776
1418288825
1525607826
1894264213
2354080105
2347954277
1520083611
2360908689
2258609426
2159365632
2069578800
2150658020
3445659959
3956873686
3845117823
3637568160
3434518782
3278775689
3104643597
2980011588
2834995011
2697357708
2571739125
2453427457
2330727121
1302905641
2397289227
214769406
2716111629
2696045337
4718819251
4898170363
2421672737
3016498104
419474062
264990711
2069724974
9134713477
1651695596
3487086698
6058239389
8622433408
12005062464
5319143738
3977681051
10967087672
5295972283
10366777888
13638765332
3667463579
588440531
6085255336
13141243539
8335579057
4514887422
16609488292
5127060283
7110284523
3579736365
15011821495
3378204728
6844674974
7242263286
22558680377
7485744238
1814727554
3910371088
7337658092
7097348135
3194039942
8068806373
6910116128
15291366074
1861951932
8625181154
5087621094
6303846068
6017965962
8189207046
13625613176
3261592420
7587686979
9645425032
6807179863
3727956925
9116484413
5025304441
8157577293
4680922742
8445270842
8181257396
1831268575
4179575937
6198818861
6807160690
9241448486
6306559134
3603845706
6571441901
6599732344
6860150945
5748360103
3480945486
5175492047
5838667539
5289076099
6167167824
5711656797
6059191084
7033900075
6261284061
6691353690
9985065780
5469428164
7142703083
5945118256
4892748042
6895694387
8210523689
2597146457
5615409102
7366003209
7627159235
6397813444
7952471320
4892513769
7535341414
6329627571
1919279172
5640502786
6421229293
6537684785
5001260236
5897304336
7478948346
4630738560
13352500804
5673862295
5163863518
6683237563
11484740268
4115901914
6284709605
7856348983
7215825200
7331664078
8586861796
2473851077
6343495448
5978199598
9827138920
6950540357
8638129238
3918462830
5190514235
5473326922
8402364503
1479242902
8422581900
4930972125
9194891760
7706895730
4706385061
8706934288
4870162772
4013156565
12359926085
4524119358
5375646788
8596383473
9570439181
6995507756
8327803419
8498799977
7139167945
2863698285
5499929666
3046748731
10669734384
5360730861
2033236077
3167101098
7386401449
6236218504
10639683991
10385560290
8575793736
10728395056
6215051796
6102484521
10116601109
8739508433
5823848615
5019671763
7738165691
7799748967
3676257407
2622137483
7050032976
1618406494
6661048530
7342178437
8841291744
8194071118
