3848930948
8665341659
10234035119
8681376908
4853643556
8189837732
8622360647
6933832952
-1439816429
5255134903
2965376286
10217664944
7272645689
7820340847
4072843089
12775121650
5200292217
7318019571
11726643689
5787178103
4184836736
3933122582
3844633202
7105020206
7061702022
4506226472
10512107091
8673627102
5426656193
6324453752
6771086859
7240231318
1670780287
5761836898
8851835391
6043800850
4907548546
9672889781
5837880924
9844250904
9934649792
7825170900
7956866615
2513923045
10582756776
527473151
4950253699
8618986503
8200944135
7267635003
6088631723
5433634601
8598978153
4419780956
7672738867
6801115962
3511399662
7711544799
9007384824
4144193236
5966359214
7105035048
9183588325
5633017497
3432766886
8638608748
7507159723
7816120733
2405361245
6350869229
9145738606
8534653738
7497419431
1272372325
6372876257
9398163295
3342055154
6996458633
7924037149
3290847250
2098775967
5770696098
7615844774
7245561902
5928876192
4915659826
2628647536
6524585507
4507652722
4341108845
5879469528
6143019885
4187514337
2427138154
4538999680
4828434076
5214961218
5740464083
5507789975
5168508080
4999924031
4647640097
4791823287
4942134326
6279944018
6210894222
6130709532
5971513946
5236661659
2728769189
5566808802
4887500901
5097336436
3052063456
1179563028
4724924855
4289889427
4527670843
640884139
4576499648
4524594595
3790129433
3758522801
2853940485
4059814696
3894183053
3760240300
3630827141
3448655503
2987946242
4395774802
4551048952
4706291256
4603334254
4482988662
3868934116
4237236073
4119851840
3980157380
2968961450
3769757999
3670228564
3567972681
3465227412
3386609514
3116886225
2464421541
3034141579
2875098203
2790071553
2706107449
2601886913
2444778530
2302288983
2007566399
2099972750
2023871207
1948746789
815559855
1353297944
1615865702
73078214
1493372881
1660123941
2023307929
2427256065
2500987197
1549170225
2449641551
2362665141
2216531695
2104445299
2265405580
3509101064
4152933749
3963335699
3766474286
3352132408
3391595715
3168676772
3070247416
2900196566
2766246992
2654010463
2421720133
2367699467
1247073570
2475400893
209554356
2815927570
2758096712
4815580651
4918521875
2382045574
2970337061
381156967
173252539
2056233338
9002434576
1703157307
3495165665
6000325260
8608811760
11813731967
5364326398
3982010794
10777353162
5290120266
10360995324
13246842693
3675184969
590753961
6076061913
12799678066
8303437020
4472581493
16157416172
5163911833
7103715878
3564931302
14716374492
3420912991
6839815929
7283116304
22114942574
7488567758
1781442659
3937330688
7356676276
7065030538
3252108881
8056546052
6870976528
15133920082
1867004257
8596473705
5103813592
6298011209
5993908688
8189887432
13740015374
3289896123
7623680841
9639623562
6832130662
3700329410
9141763471
4994261841
8189570174
4738572722
8447635164
8392014757
1838242915
4142206971
6139346904
6878369071
9597629282
6199913863
3601374294
6613861608
6623004774
7060369973
5762722096
3492103289
5102317528
5946818018
5164749186
6263692692
5731410584
6148669910
7106729493
6358564912
6744264003
10239360613
5427225961
7203709670
5982862689
4915302159
6853590131
8258482477
2523214429
5577333941
7358200360
7658944052
6452646536
8082509745
4916595438
7631893300
6340246501
1906416187
5639318913
6357854319
6652613531
5049121171
5916623826
7514826812
4642802087
13394065098
5693334658
5173395628
6706650786
11545469274
4176505224
6247271645
7888759203
7258349304
7289860145
8541174529
2379772722
6402617765
6022771797
9878869880
6958580543
8659112969
3897458303
5181646270
5519754784
8464515571
1461250223
8378239667
4907556701
9143793442
7682817158
4780348593
8738631145
4858075325
4062167111
12410196081
4480180471
5403740166
8528508593
9583787051
6982705187
8346585972
8406687725
7155877306
2844241671
5557823601
3036991071
10657699501
5353241478
2017519218
3194889760
7406774763
6198073453
10670660182
10406043643
8553329549
10753604277
6158520218
6077524313
10101345047
8788312918
5838647247
5005380339
7771238919
7826284028
3705143331
2642086160
7091766192
1545220586
6681561498
7339046408
8818766530
8101638605
