8.877108889960779190e+09
8.882800501486097336e+09
8.899630428024982452e+09
9.025247160126194000e+09
9.063628077309368134e+09
9.122585890513404846e+09
9.184588593704105377e+09
9.282478994409465790e+09
9.281854474346553802e+09
9.329070410987060547e+09
9.382470904179634094e+09
9.439354883639301300e+09
9.452066930266923904e+09
9.477755321611322403e+09
9.542947179114757538e+09
9.607254684217453003e+09
9.660430516054208755e+09
9.700058960982845306e+09
9.700246907568931580e+09
9.647904655475851059e+09
9.579447544008907318e+09
9.525956588315313339e+09
9.494786012372606277e+09
9.097481065708810806e+09
8.744410017026962280e+09
8.400275155605383873e+09
7.940626942292364120e+09
7.079210646847715378e+09
6.600120990868676186e+09
6.108820125568943977e+09
5.607729039654014587e+09
5.293240766773760796e+09
5.368893503267383575e+09
5.763912082136404037e+09
5.737430323165907860e+09
5.699357473285989761e+09
5.586239550229425430e+09
5.771769744031974792e+09
5.662800527069568634e+09
6.334423802097999573e+09
7.079113138747634888e+09
7.869687631154835701e+09
8.062965890547808647e+09
8.245459277419396400e+09
8.101570915039530754e+09
7.799973529389173508e+09
7.456457409298284531e+09
7.790426652790581703e+09
8.136606024792757034e+09
8.417365710300464630e+09
8.945300626130516052e+09
9.492414701410966873e+09
9.704330561350439072e+09
9.921783888910171509e+09
1.018139847527413559e+10
1.027357038538660812e+10
1.032772312643283463e+10
1.031066445968488884e+10
1.026118290009538651e+10
1.019045971345167351e+10
1.017642915837969208e+10
1.014071141190753365e+10
1.009264766963044548e+10
9.955148464758403778e+09
9.769953674420669556e+09
9.454028163374111176e+09
9.230563010711427689e+09
9.116009173975465775e+09
9.156125113918714523e+09
9.274157165123764038e+09
9.523276992564889908e+09
9.637261669773593903e+09
9.627901875868091583e+09
9.534930501478870392e+09
9.403178698932315826e+09
9.303689125841655731e+09
9.342411682481346130e+09
9.474120897429693222e+09
9.664039374323171616e+09
9.885587194627429962e+09
1.006176233785513115e+10
1.019200827189561653e+10
1.027216304404259872e+10
1.029814399356700134e+10
1.030626839258055878e+10
1.028624205499569511e+10
1.021137239374935150e+10
1.012636722471864510e+10
1.004024624086936569e+10
9.954574746343278885e+09
9.796476047544841766e+09
9.680894733259380341e+09
9.548540219161809921e+09
9.448148850406814575e+09
9.318850859669345856e+09
9.354988490426519394e+09
9.369683529063163757e+09
9.493886784904438019e+09
9.593219344652072906e+09
9.319017719862295151e+09
8.945594268119194031e+09
8.530517696256141663e+09
8.007297654342271805e+09
7.491799352235212326e+09
7.767710018099380493e+09
8.096031540115921974e+09
8.603183057576816559e+09
9.186361279101135254e+09
9.786566727797132492e+09
9.973891375577339172e+09
1.010861498855356407e+10
1.009874028415630150e+10
1.003905326741678047e+10
9.982103221294401169e+09
9.978726986144943237e+09
9.997203273369607925e+09
1.005623978921033287e+10
1.013427362020492363e+10
1.017792102399935913e+10
1.015319464084970284e+10
1.011678459797797775e+10
9.981199525683952332e+09
9.800023873396020889e+09
9.624443765568664551e+09
9.505881894626279831e+09
9.402566109663360596e+09
9.461032283623428345e+09
9.584226712742588043e+09
9.727977472897443771e+09
9.856540272910829544e+09
9.986648236795398712e+09
1.006000570447833443e+10
1.013519871608029175e+10
1.021523323961536217e+10
1.029816667531318283e+10
1.038118746187724686e+10
1.043638573950407219e+10
1.043347875841299820e+10
1.039804691617489815e+10
1.034594492636085701e+10
1.029718946472223663e+10
1.027221839066676903e+10
1.030735988826578522e+10
1.039314250326135063e+10
1.049924595493904495e+10
1.058868768790085030e+10
1.066350082034994507e+10
1.070965485677825165e+10
1.071798023004117203e+10
1.070874837041708374e+10
1.071214479656021690e+10
1.071625668952806473e+10
1.070839652773942184e+10
1.068971105524726486e+10
1.067178397398113251e+10
1.064588969087158203e+10
1.062592117044695663e+10
1.062887711379570770e+10
1.065826695657377434e+10
1.069197929313993454e+10
1.072717854168232346e+10
1.075033633414586067e+10
1.075181318851844788e+10
1.073852285554306221e+10
1.072571992199572182e+10
1.069812973984548759e+10
1.067008660845260239e+10
1.064832802002045822e+10
1.063646291240180397e+10
1.061786986923182678e+10
1.062728076491155243e+10
1.065318818027437592e+10
1.069263031680954361e+10
1.074451232924177551e+10
1.082010141801044083e+10
1.089214823169724274e+10
1.096219530352661705e+10
1.102792058334115028e+10
1.107733079136917114e+10
1.110459386890925598e+10
1.107234239370573425e+10
1.105504934508818817e+10
1.099576254005226326e+10
1.091259617656320190e+10
1.081699373158407593e+10
1.080699181610736847e+10
1.073955108488646126e+10
1.073731158118378067e+10
1.076613787194231033e+10
1.081100239991131020e+10
1.082873689481602478e+10
1.085527480557887840e+10
1.084042857143400383e+10
1.080138947228411674e+10
1.074830761839085197e+10
1.069046171934391403e+10
1.068569051589703941e+10
1.026257750784305191e+10
9.837681545996019363e+09
9.004312867767215729e+09
8.160115346250521660e+09
7.276769057878747940e+09
7.281963003031704903e+09
7.327551379547515869e+09
8.223722772856561661e+09
9.116950061700487137e+09
1.002852928098873329e+10
1.045576843489643478e+10
1.086425138235989952e+10
1.084779213497111511e+10
1.084876549654578781e+10
1.085124538435240746e+10
1.089176395163564301e+10
1.093568556234092331e+10
1.097709723195433426e+10
1.100677280614815521e+10
1.102472825086494637e+10
1.102964272695469093e+10
1.103085670888747787e+10
1.104087458765196228e+10
1.106008689112612724e+10
1.107284416888743401e+10
1.106690986721685982e+10
1.103818607404238892e+10
1.098958913213495255e+10
1.049331392364111900e+10
1.004472496225926208e+10
9.656849953257106781e+09
9.323410724775293350e+09
9.007727415460086823e+09
9.568668418440254211e+09
1.005212959569084358e+10
1.002298152535478783e+10
9.956906302212539673e+09
9.869991805131381989e+09
9.363284683383041382e+09
8.914407491733701706e+09
9.380919383001605988e+09
9.820871286727664948e+09
1.027059294971715546e+10
1.068732737923739052e+10
1.106937535412818146e+10
1.100592260155656052e+10
1.097256551216444969e+10
1.095291698065936661e+10
1.095754468823742104e+10
1.097480542394048500e+10
1.097230985379496193e+10
1.094189860764851952e+10
1.088033682883724213e+10
1.079119329673578453e+10
1.069445184766958237e+10
1.060740494695973778e+10
1.053430872575336266e+10
1.047317033223011208e+10
1.044533832059317017e+10
1.042798244998836517e+10
1.046292969445681381e+10
1.010201926480277634e+10
9.732016006362792969e+09
9.306729553377651215e+09
8.767737091585151672e+09
8.087866923167986870e+09
7.814732175289542198e+09
7.545083627236105919e+09
7.350436130376031876e+09
7.368996992713087082e+09
7.532902647045016289e+09
8.104512371269495964e+09
8.302950720249059677e+09
8.414947499384681702e+09
8.411867209948713303e+09
8.373013368807904243e+09
7.929301139691792488e+09
8.296635078568855286e+09
8.762755203684412003e+09
9.325866019554700851e+09
9.467564149825929642e+09
9.711516396429294586e+09
9.550337758068405151e+09
9.329963476347473145e+09
8.945354401668642044e+09
9.368069857134269714e+09
9.567422463424598694e+09
9.702473669745288849e+09
9.856241768793296814e+09
1.009298790920453644e+10
9.926567318774700165e+09
9.874040347853378296e+09
9.867262848197481155e+09
9.867393471156015396e+09
9.882869700274953842e+09
9.926593899361957550e+09
9.993541032844528198e+09
1.007113995704250717e+10
1.015306099446938133e+10
1.023344599864846039e+10
1.030157372060319328e+10
1.035238304583210182e+10
1.037440728653473854e+10
1.033832893442850494e+10
1.025470755274665451e+10
1.013176894919547272e+10
9.986901368822360992e+09
9.857639746528305054e+09
9.775804230516033173e+09
9.711507826592250824e+09
9.663795203297199249e+09
9.611477654246372223e+09
9.545397298642410278e+09
9.466927928047677994e+09
9.423089462770675659e+09
9.410064421897079468e+09
9.425681308624565125e+09
9.545418980442844391e+09
9.620994714632709503e+09
9.539516733413318634e+09
9.479205794289348602e+09
9.437526723024461746e+09
9.247052025772899628e+09
9.179068019858085632e+09
9.377093482945751190e+09
9.476674206475059509e+09
9.541144592230430603e+09
9.634044130433410645e+09
9.632516679742048264e+09
9.507171564238714218e+09
9.456551397997486115e+09
9.411555476807044983e+09
9.386995786280746460e+09
9.386038007001873016e+09
9.386980467383611679e+09
9.383556681913837433e+09
9.315578782070501328e+09
9.300578957472110748e+09
9.396474091240678787e+09
9.510843502956684113e+09
9.584879124709712982e+09
9.792202958870513916e+09
9.930216082831832886e+09
9.832980215421779633e+09
9.661033254802522659e+09
9.502529356737936020e+09
9.297709902552522659e+09
9.133103095620170593e+09
9.118178781322803497e+09
9.174819385902931213e+09
9.286321490613525391e+09
9.487410059796514511e+09
9.286756651136451721e+09
9.050415646555168152e+09
8.767788468811643600e+09
8.431979406686276436e+09
7.875216353219300270e+09
8.066688354741395950e+09
8.266014920660497665e+09
8.501354487684242249e+09
8.741469612361408234e+09
9.098923307222692490e+09
9.109710452056043625e+09
9.132301374967140198e+09
9.152400172124578476e+09
9.195852941802007675e+09
9.238127219824304581e+09
9.267962158869359970e+09
