9.553185018587596893e+09
9.529847404524675369e+09
9.492092808423446655e+09
9.458989383141954422e+09
9.496073577392621994e+09
9.486107438740047455e+09
9.489328075308647156e+09
9.492887531580200195e+09
9.501932702123432159e+09
9.449664721652074814e+09
9.445872850721944809e+09
9.054681146303050995e+09
8.687642699342678070e+09
8.274390227180040359e+09
7.942728844561222076e+09
7.524560776077082634e+09
7.880429725804257393e+09
8.222086873739710808e+09
8.263461420641428947e+09
8.288903586201183319e+09
8.540203725123874664e+09
8.401699921279811859e+09
8.257385843208601952e+09
8.796342534272682190e+09
9.159908006852375031e+09
8.887547051323976517e+09
8.504772219159015656e+09
8.140905097107849121e+09
7.472184967738436699e+09
6.942932210679777145e+09
7.274243243465567589e+09
7.830631740143950462e+09
8.003541778993937492e+09
8.064699490850471497e+09
8.134652565611128807e+09
7.764990787326911926e+09
7.386994017934327126e+09
7.745788155178175926e+09
8.235827300310110092e+09
8.730600713560230255e+09
9.323287530333713531e+09
9.646125874667613983e+09
9.576299857008110046e+09
9.064097693915843964e+09
8.516697640762754440e+09
7.944703445169024467e+09
7.565228968497694016e+09
7.263572439823493958e+09
7.709057800475071907e+09
8.173188145056730270e+09
8.653216810416301727e+09
9.101019845681802750e+09
9.489177433243091583e+09
9.539317425470727921e+09
9.594660676389307022e+09
9.581965619881656647e+09
9.591870321101642609e+09
9.246903631740816116e+09
8.771386011541019440e+09
8.228682436691579819e+09
7.689640347625457764e+09
7.015511829534990311e+09
7.046003630601539612e+09
7.282187671816994667e+09
7.706685906681498528e+09
8.234301142384171486e+09
8.962302355260305405e+09
9.393011507523307800e+09
9.324477125895469666e+09
8.973767489988891602e+09
8.529851533401643753e+09
7.637821363136287689e+09
6.697688022705760956e+09
6.153358056813282013e+09
5.886830415377540588e+09
5.628040916089634895e+09
6.099011521007401466e+09
6.612344482603839874e+09
7.472926607489562988e+09
8.154215721989473343e+09
8.863156884647689819e+09
9.214368938498001099e+09
9.501660267523719788e+09
9.483618997546005249e+09
9.510679677889129639e+09
9.399359175085441589e+09
9.378853128079513550e+09
9.266655049000036240e+09
8.723374677623975754e+09
8.138435901376070976e+09
7.422753964775306702e+09
6.523691747062479019e+09
5.798495871419984818e+09
5.462465723706226349e+09
4.836820813497487068e+09
4.668029715763862610e+09
4.579695986651708603e+09
4.463186778484169006e+09
4.726959135028498650e+09
5.749092448726757050e+09
6.796728848428344727e+09
7.853844386568901062e+09
8.961654133897945404e+09
9.720127333186923981e+09
1.005557894337963104e+10
1.015408645972913170e+10
1.024907050534501839e+10
1.024745312199700928e+10
1.016315114655353546e+10
1.002072450109910583e+10
9.858904164830039978e+09
9.690029422434720993e+09
9.547000574985076904e+09
9.434639064488365173e+09
9.027992209093225479e+09
8.663050166911933899e+09
8.274323111298027992e+09
7.845141247270448685e+09
7.465452376156908035e+09
7.810124222952226639e+09
8.145509841462841988e+09
8.548835713940397263e+09
9.048928768665208817e+09
9.549820060203227997e+09
9.686622987447402954e+09
9.821900288933555603e+09
9.916361461893245697e+09
9.955015328305112839e+09
9.969746203457603455e+09
9.994849982929533005e+09
1.001200451010192490e+10
1.001108877368444252e+10
9.990779324085313797e+09
9.981178807288656235e+09
9.975627806585367203e+09
9.988540782900621414e+09
1.002106827189740944e+10
1.011064550902796364e+10
1.017684928095413208e+10
1.023152030433438301e+10
1.031061333395595360e+10
1.045366867139509583e+10
1.056922960327764893e+10
1.072623672172573090e+10
1.083555618561741257e+10
1.085365070488156319e+10
1.073416270693458176e+10
1.046358939968443108e+10
1.011562543496933746e+10
9.740435992927310944e+09
9.390213601539760590e+09
9.131669062458385468e+09
9.085194161202747345e+09
9.084853759952516556e+09
9.245712198721738815e+09
9.480322825722562790e+09
9.691735311116756439e+09
9.836096417267650604e+09
9.993713975405080795e+09
1.008463479137380981e+10
1.018410179578161430e+10
9.884034415925806046e+09
9.594208986239198685e+09
9.298112292714431763e+09
9.010812181181890488e+09
8.667180700603246689e+09
9.157636719164293289e+09
9.618547085961282730e+09
1.005415525115089607e+10
1.041815348982867241e+10
1.078757993106921577e+10
1.069124566748846245e+10
1.061610552532666397e+10
1.057412443521339989e+10
1.057314401876237297e+10
1.057955783306197357e+10
1.066855581596041679e+10
1.075407392715754700e+10
1.079644453213195610e+10
1.085330265445638084e+10
1.089246618715510368e+10
1.087122543636216164e+10
1.082093718735923004e+10
1.038999116772269440e+10
9.484157186048145294e+09
8.655427359319280624e+09
7.923767923516255379e+09
7.203638544188123703e+09
7.363258376843244553e+09
8.507484358070253372e+09
9.635374698608001709e+09
1.068012983828855324e+10
1.178038254645026398e+10
1.237915227621547318e+10
1.235621025836265755e+10
1.216770853910752487e+10
1.189112065463448334e+10
1.153907170101901627e+10
1.119263109645777512e+10
1.093062009693094826e+10
1.078033252175670242e+10
1.071768004236498642e+10
1.069378116599160576e+10
1.070480624240754890e+10
1.072766840131050110e+10
1.076730802998994637e+10
1.082399338644335938e+10
1.087764647917590141e+10
1.092099657580169678e+10
1.096489023002356720e+10
1.099541378921781731e+10
1.100105466873727798e+10
1.099703190553682709e+10
1.097592516612447357e+10
1.091973363395946503e+10
1.085099365001596451e+10
1.078027943134865570e+10
1.070743467797605324e+10
1.065867382068019295e+10
1.066883687659168625e+10
1.070617480114684677e+10
1.075927162357854843e+10
1.082363781211302948e+10
1.087669345617936134e+10
1.090346410679150772e+10
1.091203215219104195e+10
1.091041042980243301e+10
1.090972218403156090e+10
1.092704594995561218e+10
1.095417529092296219e+10
1.100715107669367027e+10
1.108366666402522469e+10
1.117125785637529945e+10
1.125383618246756554e+10
1.132091420826047516e+10
1.135089471597322464e+10
1.135805315705634499e+10
1.132922545250514603e+10
1.125423767493884468e+10
1.116008620346340942e+10
1.105628837024868965e+10
1.093137061345082855e+10
1.081593578062651634e+10
1.073139139656151199e+10
1.068098820914077950e+10
1.065405983828063965e+10
1.069334952090279961e+10
1.073915683323290062e+10
1.080304131382320023e+10
1.084036805415799141e+10
1.089390127385734940e+10
1.088265679112611008e+10
1.087988327102862167e+10
1.085979907598379517e+10
1.086638901707964516e+10
1.081177558267465401e+10
1.074302360031330490e+10
1.065240792333623123e+10
1.056008593249673843e+10
1.084754467271184731e+10
1.136666274608932686e+10
1.194992704395683861e+10
1.257766858951978302e+10
1.322496366978141975e+10
1.309453757975080681e+10
1.262687063352114868e+10
1.211540066387589455e+10
1.154985859820100784e+10
1.095782479769350815e+10
1.075311730527002335e+10
1.070664092500877762e+10
1.067883197519210625e+10
1.068001106795557785e+10
1.069222594635395241e+10
1.066981949953602791e+10
1.061713890414173889e+10
1.055645678260749626e+10
1.049285584951268578e+10
1.043312014462429237e+10
1.042854505342071915e+10
1.045971416330560684e+10
1.049798580886634636e+10
1.054466276958347321e+10
1.059732508587810135e+10
1.060115461021825027e+10
1.055814145670852280e+10
1.048905207423740768e+10
1.038320890254187393e+10
1.024163758340018654e+10
1.013707630786833572e+10
1.009304639104346848e+10
1.010351256439257240e+10
1.015670589307012939e+10
1.024824579624652863e+10
1.033757684161586380e+10
1.040718059128776550e+10
1.042543965287686920e+10
1.040418572770607567e+10
1.034384535064585686e+10
1.024569480447226715e+10
1.015405655560242653e+10
1.015203415864918518e+10
1.020237900891647339e+10
9.886740709708353043e+09
9.872756639404270172e+09
9.857005068475233078e+09
9.738474789407436371e+09
9.545034224740428925e+09
1.014153420223531914e+10
1.017331286152067375e+10
1.016770521704865646e+10
1.016618807582178879e+10
1.026452838276378632e+10
9.967435520808813095e+09
9.975695262940338135e+09
9.957642161516189575e+09
9.565471337515203476e+09
9.077550486439359665e+09
8.559272084513113976e+09
8.028481012697011948e+09
7.552829757660398483e+09
7.835589859639545441e+09
8.156845272703711510e+09
8.495050749371297836e+09
8.829584308658218384e+09
9.188267135741510391e+09
9.233530523124971390e+09
9.292110559618410110e+09
9.398657809974958420e+09
9.543589959678974152e+09
9.659217830314365387e+09
9.732210634634304047e+09
9.756529760139202118e+09
9.629806930142917633e+09
9.402340431526491165e+09
9.135050942087587357e+09
8.822298631001441956e+09
8.555117328458473206e+09
8.477327269473474503e+09
8.125365999542756081e+09
7.819437990884746552e+09
7.564787067141815186e+09
7.235235760890784264e+09
6.834173077287279129e+09
7.123404464165526390e+09
7.434399599572860718e+09
7.394743654776256561e+09
7.520306966291413307e+09
7.702802979076180458e+09
7.563179331802352905e+09
7.427889608822854042e+09
7.981897614488298416e+09
8.425761117675618172e+09
8.665069570432825089e+09
8.867687054810173035e+09
8.862460811827398300e+09
8.547996375877987862e+09
8.172831614773705482e+09
7.678523995742323875e+09
6.825507368789398193e+09
6.308645915753961563e+09
5.766384329184310913e+09
5.392547183999382019e+09
5.283240366555911064e+09
5.541840704214174271e+09
