1.004467350500263596e+10
9.519846013817077637e+09
9.028335417172729492e+09
8.548713654707019806e+09
8.142833108245981216e+09
7.795920774244207382e+09
8.242483906079772949e+09
8.625456264402101517e+09
8.958016181948892593e+09
9.235007544980907440e+09
9.452176888477188110e+09
9.279377686475776672e+09
8.983443620799175262e+09
8.703201847025646210e+09
8.446247715658588409e+09
8.268730841792774200e+09
8.138944127560433388e+09
8.293144988034433365e+09
8.456176231648803711e+09
8.623452682935497284e+09
8.768435976652259827e+09
8.764866865582828522e+09
8.618809143967466354e+09
8.548331695786548615e+09
8.642409111446846008e+09
8.707092971386163712e+09
8.955660448223978043e+09
9.215476026073291779e+09
9.366651924904634476e+09
9.202521574564790726e+09
9.087635125061187744e+09
8.942475482738763809e+09
8.825018416168985367e+09
8.766954863463710785e+09
8.809196814243099213e+09
8.841567819019819260e+09
8.835616766916873932e+09
8.798971406863044739e+09
8.750506378171010971e+09
8.835734919290569305e+09
8.933941531313972473e+09
9.064898078910301208e+09
9.241631315605125427e+09
9.481923781709194183e+09
9.635521956714218140e+09
9.750607302332092285e+09
9.844559788884971619e+09
9.877937685600090027e+09
9.810262497132396698e+09
9.778842068773639679e+09
9.762173508865720749e+09
9.722997576692747116e+09
9.695787577943346024e+09
9.690118130988983154e+09
9.643900342115142822e+09
9.603981917900461197e+09
9.548161073769523621e+09
9.469247297030906677e+09
9.396984240073207855e+09
9.344596861856672287e+09
9.355000285668920517e+09
9.412342065294303894e+09
9.349896841493467331e+09
9.292350697575874329e+09
9.213623254798526764e+09
8.985369328968708038e+09
8.758949124160186768e+09
8.862980893644243240e+09
8.985782246542131424e+09
9.094219426989593506e+09
8.895143148856895447e+09
8.670262979416418076e+09
8.249360880988123894e+09
7.844326723218685150e+09
7.509694796856222153e+09
7.947446696726327896e+09
8.384945109446716309e+09
8.824841562652423859e+09
8.825393437929422379e+09
8.777153806718576431e+09
8.341437070512432098e+09
7.905673819840081215e+09
7.471298801727496147e+09
7.834113008586138725e+09
8.210955591600048065e+09
8.597497704791658401e+09
9.023984002594381332e+09
9.503961999348480225e+09
9.594628025436872482e+09
9.676902084727357864e+09
9.731767115320085526e+09
9.749625271108804703e+09
9.716455125673814774e+09
9.700771186284069061e+09
9.680954647881311417e+09
9.728852799493829727e+09
9.792818411872428894e+09
9.901211990220680237e+09
1.000893144196668625e+10
1.015034613526416397e+10
9.812875424046119690e+09
9.431395196998416901e+09
8.901971466689739227e+09
8.305951956217408180e+09
7.553222449649456978e+09
7.596384258065435410e+09
7.706431500932197571e+09
8.017313167596223831e+09
8.396814742836397171e+09
9.065819883420665741e+09
9.001000191718170166e+09
8.771912512862661362e+09
8.409433520658651352e+09
8.025017940001845360e+09
7.415202342918806076e+09
7.549211628122693062e+09
7.917772505533251762e+09
8.374294119124716759e+09
8.849186087449111938e+09
9.414037001916664124e+09
9.626847941792188644e+09
9.755497639764135361e+09
9.850840199883764267e+09
9.929969393143369675e+09
9.983946556969190598e+09
1.000542899161809540e+10
9.996757436409133911e+09
9.982794230512378693e+09
9.990656938627334595e+09
1.001518446108825493e+10
1.004539732234267235e+10
1.009019203151455879e+10
1.012953804716048241e+10
1.015476876214560509e+10
9.745632051241046906e+09
9.280725681423662186e+09
8.785275759625505447e+09
8.281112788949863434e+09
7.743320215249109268e+09
8.027324017767417908e+09
8.440630847949726105e+09
8.910891100457448959e+09
9.406334635946029663e+09
9.951486656993965149e+09
1.012093467370468903e+10
1.022046902212537003e+10
1.032033180156138611e+10
1.041219507664788055e+10
1.047401291090820312e+10
1.049046603149912262e+10
1.052753740576089478e+10
1.053847122152037430e+10
1.056533484248188019e+10
1.061972303867825699e+10
1.068371546136380386e+10
1.070082750912195015e+10
1.067947424099144745e+10
1.060873980985184479e+10
1.050469375351656914e+10
1.041370266160756302e+10
1.036180582078342056e+10
1.036211061609239197e+10
1.039991976246044540e+10
1.046282511360855484e+10
1.054523552707973480e+10
1.064002739641788101e+10
1.069236022527986336e+10
1.071554812138253021e+10
1.069245895624585915e+10
1.063110877687589645e+10
1.052648106648081589e+10
1.046943487969026566e+10
1.044437048563741112e+10
1.048695179231289291e+10
1.054755311052827072e+10
1.063077666345607567e+10
1.069850798445727158e+10
1.076213450923178864e+10
1.080676308596524048e+10
1.084314447669678497e+10
1.086809672544335747e+10
1.088547272923957634e+10
1.089757596185854721e+10
1.090212463952567673e+10
1.092836479585485840e+10
1.098956500188647079e+10
1.107096447734216499e+10
1.115095259586005592e+10
1.124336790202462196e+10
1.132643419695431328e+10
1.137818803565768433e+10
1.140757140085011673e+10
1.155007854179130363e+10
1.165997943078963470e+10
1.174764700219404793e+10
1.181930067501737022e+10
1.186987042293061256e+10
1.167585220273942375e+10
1.147775776047473145e+10
1.128189810742182541e+10
1.108376468051339912e+10
1.092667841666574478e+10
1.091084304228236771e+10
1.091911055139101219e+10
1.093344124625957870e+10
1.098467913296930313e+10
1.100200365692881584e+10
1.100348356088913536e+10
1.098242271730982780e+10
1.094782317773078728e+10
1.089169949829174995e+10
1.084841631619964600e+10
1.079800094455645180e+10
1.077193191970696640e+10
1.077847296295364380e+10
1.079078525429653931e+10
1.080880103914099693e+10
1.085133301717773628e+10
1.091371012527215576e+10
1.098454734452622223e+10
1.106849267814566994e+10
1.115577698709477997e+10
1.122875545083037758e+10
1.126573718156260490e+10
1.127612988942049980e+10
1.127790111295124626e+10
1.125400215391930389e+10
1.122002457967502022e+10
1.117957630818386459e+10
1.113093645395489120e+10
1.105504761064395714e+10
1.099964782314504623e+10
1.094665743666979980e+10
1.090323514506209564e+10
1.086767167724173355e+10
1.085066408051165390e+10
1.082986389819882011e+10
1.080856940843673706e+10
1.080667444805373955e+10
1.086759294148913002e+10
1.095518992037614632e+10
1.107356539051372337e+10
1.121240542211781693e+10
1.147145727797076416e+10
1.166873738903121948e+10
1.178534466773522377e+10
1.182271422632305145e+10
1.183300056000689125e+10
1.156575475524189758e+10
1.125227917553622055e+10
1.103207696510168457e+10
1.089047584004418182e+10
1.077489649386922646e+10
1.080789652334704590e+10
1.087873697810578156e+10
1.090839018897675133e+10
1.090380889255777168e+10
1.087977171641738701e+10
1.085662746495959473e+10
1.086679333248355865e+10
1.089376696848381424e+10
1.093601536041974640e+10
1.100275650838545990e+10
1.106297142599327469e+10
1.106876489854630280e+10
1.104024241793505669e+10
1.056162001007484436e+10
9.617932146018352509e+09
8.603029343354448318e+09
7.569893388226984978e+09
6.539043208754870415e+09
6.345694346583587646e+09
7.004780655009181976e+09
7.772687784486568451e+09
8.641472006280128479e+09
9.575065919825290680e+09
1.014722344776767921e+10
1.033496668871884537e+10
1.049064046336674690e+10
1.058846089337683868e+10
1.062207752761224174e+10
1.059898080299067879e+10
1.053973184685800934e+10
1.046536279325135422e+10
1.039604109205614662e+10
1.031151294984381294e+10
1.025226716669766617e+10
1.021516207100158310e+10
1.019201028545571518e+10
1.017419313754782295e+10
1.021232285298255348e+10
1.024006703573857307e+10
1.024957267822597694e+10
1.024600196236291885e+10
1.022171203780772209e+10
1.012570538022333145e+10
1.002834033989431953e+10
9.941674711683956146e+09
9.863479375735725403e+09
9.813527456923479080e+09
9.846137287792598724e+09
9.867273540824197769e+09
9.893453470562435150e+09
9.918980628715976715e+09
9.913145861146581650e+09
9.872612957250589371e+09
9.885609310627437592e+09
9.854130680228586197e+09
9.729945176774192810e+09
9.243795603701232910e+09
8.789597588752714157e+09
8.302860661302857399e+09
7.494333734664707184e+09
6.868206115544655800e+09
7.013888447618074417e+09
7.094562063629447937e+09
7.144410311217551231e+09
7.941525593046020508e+09
8.643433293271066666e+09
8.974181497264711380e+09
9.362481279078048706e+09
9.792856835934745789e+09
9.850884311445417404e+09
9.917842065340112686e+09
9.560474035410865784e+09
9.175028282328525543e+09
8.777860327559040070e+09
7.971966301949748993e+09
7.138454041555681229e+09
7.034766869218527794e+09
6.917153530505053520e+09
6.763924290461830139e+09
7.372411641681751251e+09
8.001503573558192253e+09
8.365301945191640854e+09
8.754073902283994675e+09
9.207016921352079391e+09
9.309301310677333832e+09
9.424449200331760406e+09
9.487935929635871887e+09
9.540012413702547073e+09
9.547380896350479126e+09
9.539328752901165009e+09
9.470305584040386200e+09
9.404369185167678833e+09
9.275008644483829498e+09
9.151758603499317169e+09
8.650859636114732742e+09
8.235077301955273628e+09
7.793823719593515396e+09
7.112169053476133347e+09
6.068474463787020683e+09
5.751676824276799202e+09
5.420493840025551796e+09
5.084536483857391357e+09
5.392414913489566803e+09
6.071321174624011993e+09
6.447354528846019745e+09
6.902762797199142456e+09
7.369468145876869202e+09
7.169080132361214638e+09
6.968692118613159180e+09
6.329194064335962296e+09
5.592354630184263229e+09
4.865110286377798080e+09
