3.176818405495770454e+09
3.879260240950253487e+09
4.717992783174790382e+09
5.203366291860618591e+09
5.688739800586047173e+09
5.800990221514402390e+09
5.590607311803483963e+09
4.895622966582299232e+09
4.960997453095142365e+09
5.026371939795186043e+09
4.788223267948672295e+09
4.137785085646359921e+09
4.239172225105750084e+09
3.526559768600100517e+09
3.183767536312951565e+09
3.573606591298423767e+09
4.751957386627208710e+09
5.479635684451485634e+09
6.991424065744282722e+09
8.146212262503136635e+09
8.796964879853393555e+09
9.045489164124542236e+09
9.358940665527534485e+09
9.271295143663089752e+09
8.788189317256633759e+09
8.587510718791293144e+09
8.313282243877510071e+09
8.027507579814124107e+09
7.815852479661079407e+09
8.370023972381996155e+09
8.710312493091243744e+09
9.189942186393810272e+09
9.669637468627618790e+09
1.008414777580119133e+10
1.010552382347584915e+10
1.007988894125044060e+10
9.918837090782581329e+09
9.774792631904346466e+09
9.578991880930755615e+09
9.403261328727184296e+09
9.291682381873092651e+09
9.262616518658620834e+09
9.124716783814392090e+09
9.030076296248117447e+09
8.900795823655599594e+09
8.410497088082832336e+09
7.888918838394702911e+09
7.483467714240934372e+09
7.169942023472064972e+09
6.825019501791459084e+09
7.143775730312478065e+09
7.533287699374515533e+09
7.897422764451430321e+09
8.228110622024457932e+09
8.311784629358371735e+09
8.135559917506074905e+09
7.783941446516639709e+09
7.066912536157979965e+09
6.196310104975620270e+09
5.945415269209407806e+09
5.593024994723788261e+09
5.519298753400445938e+09
6.206449337519228935e+09
7.049519130393946648e+09
7.764608294786825180e+09
8.680159271480304718e+09
9.349722532840751648e+09
9.615246674299571991e+09
9.910920125948532104e+09
9.916193605885162354e+09
9.813562773514251709e+09
9.833552729164524078e+09
9.851207619781612396e+09
9.813900636974519730e+09
9.873854145677013397e+09
9.878326791699188232e+09
9.821083964009866714e+09
9.758903212959426880e+09
9.662222181472581863e+09
9.557948084053527832e+09
9.510339664127382278e+09
9.514799949424636841e+09
9.513952108620323181e+09
9.510169276882011414e+09
9.473651744524738312e+09
9.417372180042057037e+09
9.319993196642316818e+09
9.376283926765621185e+09
9.507949418060316086e+09
9.754186020040304184e+09
1.001967825349711990e+10
1.033206647651562881e+10
1.035769838093809891e+10
9.929869946387226105e+09
9.432226975035291672e+09
8.881569812035104752e+09
8.288399649050258636e+09
7.853678457688167572e+09
8.239790512042566299e+09
8.212791550348045349e+09
7.834342915342641830e+09
7.064930172856654167e+09
6.331506590369688988e+09
5.109028321305065155e+09
4.683714381361022949e+09
5.032413993607012749e+09
6.147268989218891144e+09
7.212518249674469948e+09
8.401911928383796692e+09
9.215237790327688217e+09
9.655267545724044800e+09
9.786107711377225876e+09
9.941855351496967316e+09
9.645380000653718948e+09
9.341297723487295151e+09
9.003282325957275391e+09
8.601532894996812820e+09
7.753975347942310333e+09
7.727872679784029007e+09
7.768261549360844612e+09
7.834897093161929131e+09
7.910260797339213371e+09
8.804863127855697632e+09
9.260362375635782242e+09
9.613104318408414841e+09
9.973460600494049072e+09
1.033143482447130966e+10
1.030316251857057762e+10
1.027687638884718132e+10
1.026258374738000679e+10
1.017552295827236366e+10
1.007670379579071617e+10
9.970687896411794662e+09
9.859413481266178131e+09
9.791878911014766693e+09
9.835631335149675369e+09
9.930967877628513336e+09
1.006346747161076546e+10
1.028681921090301895e+10
1.049263837172563744e+10
1.021629324613913918e+10
9.867890091380012512e+09
9.500088667424013138e+09
9.022031009601577759e+09
8.568287824662508011e+09
8.984937847353944778e+09
9.460427836438144684e+09
9.879126313051685333e+09
1.036176568454195404e+10
1.078475526346988678e+10
1.075624377254108429e+10
1.070785916996570587e+10
1.070076242431419182e+10
1.069283376804411697e+10
1.071840488917363739e+10
1.069522054643490601e+10
1.064434395724398422e+10
1.058351246777805519e+10
1.047223343556433868e+10
1.037404056708024979e+10
1.040174694007199478e+10
1.045676324263784790e+10
1.055477929370199013e+10
1.071121258604628372e+10
1.081133991603594971e+10
1.082291868980912018e+10
1.085165173842532158e+10
1.083693826735010910e+10
1.078134342135754967e+10
1.080014131226666260e+10
1.085423788197848511e+10
1.089337812836582756e+10
1.094620533000293732e+10
1.102649162570280838e+10
1.111711333509168243e+10
1.109536103297333145e+10
1.111551942660595131e+10
1.111801039986838150e+10
1.107527155664081192e+10
1.097279105187039566e+10
1.104927397244329071e+10
1.102188611046470451e+10
1.099418687643912506e+10
1.097414579152802277e+10
1.052791080070105934e+10
9.978753045719276428e+09
9.471895354128400803e+09
8.977047155189147949e+09
8.518047395596966743e+09
8.919612068932544708e+09
9.348036811510705948e+09
9.805649873625375748e+09
1.030222539975803947e+10
1.078775985766612434e+10
1.088205868790906715e+10
1.098131594490599060e+10
1.106943048179657936e+10
1.108386206666141129e+10
1.109817241240244675e+10
1.109463167926081657e+10
1.109795404362811089e+10
1.110577105984853554e+10
1.120961802233728409e+10
1.130361586974353981e+10
1.138819494751395798e+10
1.143325249744616318e+10
1.146016258044650650e+10
1.139127285898715210e+10
1.136443203268627357e+10
1.133083115792522049e+10
1.131036841063717651e+10
1.131153562051863670e+10
1.134979936240073395e+10
1.134057283477946281e+10
1.135233777763386154e+10
1.127086890763179207e+10
1.112406591060604858e+10
1.097275558269057083e+10
1.081591796942435837e+10
1.064096956878348732e+10
1.068241159762518311e+10
1.081787509274301147e+10
1.095057912543779373e+10
1.112444102633475876e+10
1.140038274774824715e+10
1.154615859954620361e+10
1.165315895233770752e+10
1.174614583575327492e+10
1.177814848142220306e+10
1.161404378318372154e+10
1.146435391962518501e+10
1.129669222083394051e+10
1.129529407205781364e+10
1.132286251831466675e+10
1.146387496498221016e+10
1.116303508171776581e+10
1.080211618958762932e+10
1.022404611618244362e+10
9.724849829731739044e+09
9.241785382973699570e+09
9.199821021436731339e+09
8.867128909529689789e+09
8.504888209449613571e+09
7.989955696174633026e+09
7.379843691269378662e+09
7.185835159538165092e+09
7.911603642294527054e+09
8.749319341499794006e+09
9.674410606342689514e+09
1.076003575080704498e+10
1.143813643728828049e+10
1.145471646197030830e+10
1.148479824113056564e+10
1.154235753441577148e+10
1.145359219135103798e+10
1.138484713860344315e+10
1.143870395320828438e+10
1.146571091005268288e+10
1.145400010970682526e+10
1.146949878613534355e+10
1.100311636408198166e+10
1.038243353016093445e+10
9.303473539291328430e+09
8.209556816617809296e+09
6.698164072015729904e+09
6.081747935131650925e+09
5.690494874929826736e+09
6.195776303291312218e+09
6.772055423834431648e+09
8.215895839120392799e+09
9.216816306236385345e+09
1.015944545747023010e+10
1.066156933464381981e+10
1.102363972151174545e+10
1.096373679389943695e+10
1.084639179244667625e+10
1.070011638149892426e+10
1.055432729613956833e+10
1.063274302162853432e+10
1.067276251170658493e+10
1.038964673550153351e+10
9.671388782417240143e+09
8.921369719222557068e+09
7.895468217126781464e+09
6.921441092557453156e+09
6.740981694231246948e+09
7.414494330005098343e+09
8.134795032475474358e+09
9.010516066535442352e+09
9.871280762857978821e+09
1.027585411804833221e+10
1.023682788723352051e+10
1.017760799347573853e+10
1.008725776260348701e+10
1.000232990703129196e+10
1.000931838317581940e+10
1.001639384094757462e+10
1.006484060590675545e+10
1.007623894067645454e+10
9.992154513183237076e+09
9.829905277776344299e+09
9.694190628348556519e+09
9.471732332137788773e+09
9.330211894460073471e+09
9.312989618005218506e+09
9.337795460942173004e+09
9.382587115312055588e+09
9.456693639177154541e+09
9.500985485799787521e+09
9.133815443154127121e+09
8.832618149880115509e+09
8.480925467626945496e+09
8.096861740158980370e+09
7.721523703061954498e+09
8.054456513630432129e+09
8.165664572750276566e+09
8.300592891568956375e+09
8.533671188706662178e+09
8.734153686983247757e+09
8.636260294798618317e+09
8.732927041895063400e+09
8.860778529195661545e+09
8.970844101876539230e+09
9.122235710753158569e+09
9.245512088112318039e+09
9.324619839620227814e+09
9.384008677471487045e+09
9.430691561230211258e+09
9.483795499042135239e+09
9.562163307904933929e+09
9.619654180339603424e+09
9.656342828874965668e+09
9.671850108062110901e+09
9.651988323205146790e+09
9.573523072473958969e+09
9.526874017875295639e+09
9.540480029723688126e+09
9.578566849830097198e+09
9.630742334747993469e+09
9.704548999393991470e+09
9.740584156431179047e+09
9.693174308011386871e+09
9.498358199276901245e+09
9.285393124081796646e+09
9.042568318539644241e+09
8.809181524856517792e+09
8.611056341495281219e+09
8.654817963466815948e+09
8.714627905565664291e+09
8.832508076324583054e+09
8.976479117790098190e+09
9.127888039766990662e+09
9.155612755798158646e+09
9.196163526293422699e+09
9.204804069900842667e+09
9.213175462581420898e+09
9.202177444741493225e+09
9.209368164514947891e+09
9.196612719667297363e+09
9.207890077296751022e+09
9.203304900895784378e+09
9.236455775500469208e+09
9.284844851938678741e+09
9.341456238829591751e+09
9.382147761977128983e+09
