6.665469279860553741e+09
6.747718480938841820e+09
6.817806449974201202e+09
7.244865075450790405e+09
7.650893349498725891e+09
7.683229419209211349e+09
7.694518155856332779e+09
7.724002205063404083e+09
7.435789451489861488e+09
7.195311954028421402e+09
7.661911490898633003e+09
8.127494360595418930e+09
8.591208907427064896e+09
8.993944325811016083e+09
9.300214100555902481e+09
8.884841740993368149e+09
8.509557103034480095e+09
8.169514598433900833e+09
7.865671090523161888e+09
7.644249882236249924e+09
8.171530239145212173e+09
8.606013306871953964e+09
8.977743899744316101e+09
9.341946727715978622e+09
9.713897702158245087e+09
9.736778052598672867e+09
9.818680665993923187e+09
9.549247443454414368e+09
9.211975560893802643e+09
8.720280533352661133e+09
8.164160161722702980e+09
7.588710136509521484e+09
7.772284717884699821e+09
8.080535019515478134e+09
8.570113682938807487e+09
9.107862537095554352e+09
9.706591734868206024e+09
9.964791513027574539e+09
1.019992354215964508e+10
1.035346893112768555e+10
1.047370982271243095e+10
1.057444917867306328e+10
1.065033820554130173e+10
1.064129181642954254e+10
1.063164159845982742e+10
1.063811941024614143e+10
1.056219047209695053e+10
1.044192970492028046e+10
1.038775607879460144e+10
1.035363227166240883e+10
1.029416663613556099e+10
1.028760119041089249e+10
1.031646198704864502e+10
1.035804121278049469e+10
1.045182674708088875e+10
1.063412314908806038e+10
1.077345569143684578e+10
1.088455628399687576e+10
1.094951436859851074e+10
1.047908842881955338e+10
9.836935384875366211e+09
9.255456038361915588e+09
8.676895038898155212e+09
8.034894649686688423e+09
8.304172805790053368e+09
8.764382013194322586e+09
9.199241560000814438e+09
9.647635946286235809e+09
9.805563604390617371e+09
9.084096509671022415e+09
8.267538867018577576e+09
7.516047099774073601e+09
6.845933759521581650e+09
7.008890969379733086e+09
8.062534117996248245e+09
9.128649066681005478e+09
1.012619819040641212e+10
1.097344450874890900e+10
1.127104614234186935e+10
1.107381782341083908e+10
1.088416993135406113e+10
1.063567392605954552e+10
1.047973279140921593e+10
1.041285328245450592e+10
9.982667991223251343e+09
9.428423138126483917e+09
8.968923087026826859e+09
8.511453836704516411e+09
8.109895829583279610e+09
8.570064587728795052e+09
9.256824399069875717e+09
9.971252418419687271e+09
1.063020133882992554e+10
1.115355792360505104e+10
1.115059647458852005e+10
1.094902109442988205e+10
1.065590009838929939e+10
9.974321260582344055e+09
9.467038268825023651e+09
9.017137799534542084e+09
8.707702669878074646e+09
8.397274989058213234e+09
8.919209707383682251e+09
9.284943594271720886e+09
9.742520542020729065e+09
1.015800855921982193e+10
1.063375108547117043e+10
1.073692702204240990e+10
1.087866290324799156e+10
1.092407440828341675e+10
1.089503623547568130e+10
1.040737480061345100e+10
9.805412055772302628e+09
9.173373554104331970e+09
8.461059291848140717e+09
7.837282154789436340e+09
7.646704833283825874e+09
7.578591858579167366e+09
7.556379221231118202e+09
7.723243504476372719e+09
7.846878381158831596e+09
8.388103218950078964e+09
8.866257307058740616e+09
9.382353090521881104e+09
9.819801663405334473e+09
1.027341621243233681e+10
1.030017556103140259e+10
1.042390984660091591e+10
1.058216627976544571e+10
1.076996772941082764e+10
1.103277119733557701e+10
1.139216607369803429e+10
1.168476014741673088e+10
1.181519681875927925e+10
1.193823169478271294e+10
1.199078473203371811e+10
1.189652580489019775e+10
1.170808567127507019e+10
1.166667756078932190e+10
1.155306640123110580e+10
1.134545706126329041e+10
1.116963074555922890e+10
1.113286262605142784e+10
1.108656320219728088e+10
1.110841584438870430e+10
1.118358910589963150e+10
1.126290157559394264e+10
1.130884170693681526e+10
1.131235517425363731e+10
1.129316101018495178e+10
1.143992965041408539e+10
1.172502999824633789e+10
1.194282286354192162e+10
1.205112604717490005e+10
1.204491674245157242e+10
1.189899275955099106e+10
1.153411676266220284e+10
1.120426862190540314e+10
1.058476531828302002e+10
1.015425022171957779e+10
9.612110909094272614e+09
9.165494215288970947e+09
8.725432941145030975e+09
9.140248315362293243e+09
9.491494850402242661e+09
1.009031876923217392e+10
1.081837388815027237e+10
1.161934929335881424e+10
1.205394386860182571e+10
1.250284602289188004e+10
1.281809136927826118e+10
1.301693986827282143e+10
1.312321108044585609e+10
1.311715266717660522e+10
1.309261488918393707e+10
1.302094071767487144e+10
1.286731461217600632e+10
1.263686372597302628e+10
1.230039708728848839e+10
1.182592062571816444e+10
1.144003182334158897e+10
1.119453938452986336e+10
1.114240006197554207e+10
1.133535798826684570e+10
1.175916826424314880e+10
1.216996399472989655e+10
1.253565874456177330e+10
1.280390456446342850e+10
1.294288378459344673e+10
1.299913941667979050e+10
1.305105436689052582e+10
1.306295440642856789e+10
1.304034065360036278e+10
1.299993754617026520e+10
1.288104624067922783e+10
1.271646281785006905e+10
1.257024111766621017e+10
1.247825627407754326e+10
1.244394579716672325e+10
1.245279632975003052e+10
1.252750526286347198e+10
1.263552061263367844e+10
1.275950505611503601e+10
1.286401800763071251e+10
1.306324863662477493e+10
1.323615234341707230e+10
1.342243252110337830e+10
1.362064531454175186e+10
1.384790680207936859e+10
1.400723036713933563e+10
1.415226531506572914e+10
1.425569156289173698e+10
1.417449092582072449e+10
1.390311903581399155e+10
1.355764537362437630e+10
1.318723125136708069e+10
1.277387490228518677e+10
1.255710411374098587e+10
1.255797439748266602e+10
1.261908835295831871e+10
1.273591934396713829e+10
1.293162360947571182e+10
1.311026257768239975e+10
1.325204003297076035e+10
1.338245784806366539e+10
1.342218638146007538e+10
1.337537586361198997e+10
1.324437615776650047e+10
1.306635990455827522e+10
1.292377106923846245e+10
1.287896820638847351e+10
1.290149928390498352e+10
1.299318545419832802e+10
1.309960824169312286e+10
1.315587191720605469e+10
1.318664847292132568e+10
1.321084315114540672e+10
1.320459775002816772e+10
1.322930173066339874e+10
1.331946649486495018e+10
1.338890936144810104e+10
1.341867679179812241e+10
1.341275204445783615e+10
1.333381373978300858e+10
1.317887939741287231e+10
1.301809159826491547e+10
1.288954949227800179e+10
1.281994668343968201e+10
1.277676258856462479e+10
1.275470686046541595e+10
1.276015791917461586e+10
1.266987151969635963e+10
1.251175490269978333e+10
1.234687582275462151e+10
1.217249380955376434e+10
1.193439818032544708e+10
1.185640595571853828e+10
1.180754460085620689e+10
1.175034327526976967e+10
1.160459027969227600e+10
1.159844590482443619e+10
1.154548471111007690e+10
1.150184488181139565e+10
1.152117759795849419e+10
1.176008577810980988e+10
1.185025729381038475e+10
1.194570945248557472e+10
1.206418270225188065e+10
1.221928324399721909e+10
1.232471063752057266e+10
1.252261021376351166e+10
1.265876140654707336e+10
1.276976910197612190e+10
1.273887872172328949e+10
1.259323784622500992e+10
1.232387946421996498e+10
1.203790324503649139e+10
1.176262270054118347e+10
1.156318856321202850e+10
1.144854274351011467e+10
1.147968916058040619e+10
1.159325231580539703e+10
1.166105174894818306e+10
1.166365464105085373e+10
1.163748756164392281e+10
1.144012229696078873e+10
1.113777901228033066e+10
1.091023960576930618e+10
1.076370697704286385e+10
1.055317398379215813e+10
1.055865847376308060e+10
1.071324651790225220e+10
1.079535058149138641e+10
1.083266262470786285e+10
1.086979807843292618e+10
1.084632092510379410e+10
1.073383116052098083e+10
1.065989597283422470e+10
1.066381965502785301e+10
1.075724209554003143e+10
1.075024166257469368e+10
1.076084120283484077e+10
1.081334748596186638e+10
1.079942733412438202e+10
1.078903463974464607e+10
1.089267002321936035e+10
1.092114590057718086e+10
1.094214088642663193e+10
1.100168217038449669e+10
1.105705124722305679e+10
1.102425847953331757e+10
1.111943599828325462e+10
1.118435116708685875e+10
1.122921216415536690e+10
1.126731335115844154e+10
1.134397437069645691e+10
1.136083664938436890e+10
1.128068381849606133e+10
1.109599953399284554e+10
1.085537544917200661e+10
1.050254177961509514e+10
1.004758926852545166e+10
9.715407519242778778e+09
9.536364456366333008e+09
9.350256245407793045e+09
9.312232906812946320e+09
9.368221791624294281e+09
9.342217579069728851e+09
9.220047335271114349e+09
9.124689371060964584e+09
8.968575300712574005e+09
8.880304161685195923e+09
8.851100320708032608e+09
8.828205285150625229e+09
8.866367265901454926e+09
8.975730910029495239e+09
9.046010347051795959e+09
9.154686694889423370e+09
9.352500731147899628e+09
9.516289268750011444e+09
9.617427074475250244e+09
9.696480078492494583e+09
9.733121131303033829e+09
9.773788704986595154e+09
9.867266744988292694e+09
9.888533072675088882e+09
9.842441581709356308e+09
9.778281598811859131e+09
9.525627931778238297e+09
9.073520313990394592e+09
8.765640118464195251e+09
8.535500959577767372e+09
8.309686689474376678e+09
8.235571094498050690e+09
8.311531772521698952e+09
8.303871927684101105e+09
8.300484223989780426e+09
8.344081021599082947e+09
8.426829639634599686e+09
8.578558157920333862e+09
8.765226663076456070e+09
8.944252382440473557e+09
9.071324103743820190e+09
9.140531680376300812e+09
9.129803312064313889e+09
