9.188997149471729279e+09
9.102727801428936005e+09
9.065265257097194672e+09
9.025768472666839600e+09
9.051054269750234604e+09
9.138461524441579819e+09
9.239159092123880386e+09
9.286599266603435516e+09
9.337742730699954987e+09
9.374150267989782333e+09
9.403658719189264297e+09
9.432785544560510635e+09
9.465135537641994476e+09
9.485710473882404327e+09
9.501191032205005646e+09
9.529938208641666412e+09
9.509392168913692474e+09
9.418646327909303665e+09
9.337863550750415802e+09
8.864739901900743484e+09
7.958489278738899231e+09
7.103375918739364624e+09
6.356968606321784973e+09
5.592867267822572708e+09
5.584167933915060997e+09
6.356565504481030464e+09
7.168661761842382431e+09
7.972922265155399323e+09
8.805624077427679062e+09
9.278630539784095764e+09
9.383632308324314117e+09
9.395047665961137772e+09
9.351953933673297882e+09
9.292631975828372955e+09
9.225728018497871399e+09
9.149175974548307419e+09
9.132169230795272827e+09
9.155570807512924194e+09
8.816152527904470444e+09
8.491080686422883034e+09
8.139831248349010468e+09
7.894393687206430435e+09
7.659711598707173347e+09
8.179401657778999329e+09
8.281298989345792770e+09
8.422965984490951538e+09
8.358755155327618599e+09
8.243771440609943390e+09
7.775238135469926834e+09
8.074619810092194557e+09
8.350053504944731712e+09
8.727651267753479004e+09
9.155096594985397339e+09
9.520996320666097641e+09
9.546064221966594696e+09
9.626659052904209137e+09
9.739182550628162384e+09
9.824834471414882660e+09
9.919234237573116302e+09
9.911572353317020416e+09
9.794519984760049820e+09
9.564893009999252319e+09
9.323944355544780731e+09
9.080918757976139069e+09
8.960423311784215927e+09
8.944059729272346497e+09
9.007394753385877609e+09
9.086472948556882858e+09
9.226531660069309235e+09
9.342524390062675476e+09
9.440551363583482742e+09
9.554129399695510864e+09
9.697783927496181488e+09
9.825994832534364700e+09
9.939348014010181427e+09
1.003658377254267693e+10
9.695047435537702560e+09
9.269196633115560532e+09
8.784646308618991852e+09
8.282811929841296196e+09
7.775433719308211327e+09
8.058996428482736588e+09
8.419661174923871994e+09
8.841614682388484955e+09
9.256936740185052872e+09
9.649295030903841019e+09
9.680115139011810303e+09
9.659223801149137497e+09
9.214979233406253815e+09
8.784697312963258743e+09
8.376516763004212379e+09
7.936973634110504150e+09
7.161684320339810371e+09
6.784117988565260887e+09
6.429368959745634079e+09
6.099434949105053902e+09
5.790582081025322914e+09
6.238645404232904434e+09
7.089731359362743378e+09
7.893753857686694145e+09
8.632192085926221848e+09
9.339935024638553619e+09
9.647595349889644623e+09
9.550733058571260452e+09
9.527719255375602722e+09
9.607921770119777679e+09
9.763296677430208206e+09
9.956718056073720932e+09
1.016052001706751633e+10
1.030584604664643097e+10
1.035169279004179192e+10
1.030700649598987007e+10
1.019694619063576317e+10
1.005334804422516251e+10
9.905761247030609131e+09
9.814473364016309738e+09
9.811211309087726593e+09
9.828803467681585312e+09
9.907469171484987259e+09
1.003861651908176804e+10
1.018247264258466148e+10
1.027005065170971870e+10
1.041997396945265388e+10
1.053689430673347092e+10
1.061341119598773575e+10
1.065085675825689316e+10
1.068156005883423996e+10
1.064271948947520638e+10
1.058891658138652039e+10
1.054712503476546097e+10
1.052603590328770065e+10
1.053299075179830742e+10
1.058473478266709709e+10
1.066618418175625420e+10
1.073005692010243607e+10
1.077213986601854706e+10
1.077933010323247528e+10
1.073348902103424072e+10
1.064098274407288170e+10
1.054581892814186859e+10
1.045290238323081589e+10
1.036483413519345474e+10
1.031569483612119865e+10
1.031018665165095901e+10
1.028583509889964294e+10
1.023538386688451385e+10
1.034277960550027275e+10
1.041107209241271210e+10
1.045041926938123322e+10
1.054375106114363670e+10
1.070178052399216270e+10
1.016789270894329453e+10
9.673762288840227127e+09
9.172416314150022507e+09
8.667585244901165009e+09
8.110763853234642029e+09
8.524227892844259262e+09
8.944047252371889114e+09
9.427933888514196396e+09
9.893084607425552368e+09
1.041395342937769508e+10
1.047454393712668419e+10
1.052858925394823456e+10
1.055586513762971115e+10
1.059796821985160255e+10
1.062054739287892914e+10
1.069531891603994560e+10
1.073987156949231529e+10
1.074660644600583839e+10
1.071683883941975403e+10
1.065417432111430550e+10
1.060863038164564896e+10
1.058889065926963997e+10
1.060692722995630646e+10
1.066701745880787659e+10
1.076073149070399857e+10
1.082152308790848351e+10
1.088086961188418579e+10
1.092323045134580994e+10
1.093181937654162598e+10
1.091181153476320267e+10
1.089542095000697327e+10
1.086704751662727737e+10
1.083934821049486923e+10
1.082521127265488625e+10
1.082365306103799248e+10
1.082084671122857857e+10
1.083145054308069611e+10
1.085634716937310410e+10
1.089038459485869217e+10
1.093828854265903854e+10
1.100026093620855141e+10
1.106432983468393898e+10
1.111900072672775078e+10
1.117189896768852234e+10
1.122399307041833687e+10
1.125206204337217903e+10
1.128175601118807602e+10
1.131320199627466011e+10
1.133669821356755829e+10
1.134307307226416779e+10
1.136194637366588211e+10
1.136609639794539833e+10
1.135702079620862389e+10
1.134684814222693825e+10
1.134581343401014137e+10
1.136064499341488838e+10
1.137972251295005798e+10
1.140283595140063667e+10
1.140931604047944641e+10
1.138607834890820694e+10
1.132863041575627708e+10
1.126449488719783974e+10
1.118850706724724579e+10
1.112261493846018982e+10
1.108051797044209671e+10
1.119851343029929543e+10
1.130817291058865929e+10
1.143271294513733101e+10
1.155761131832304573e+10
1.168696638660326004e+10
1.153843016282435608e+10
1.140492512425210953e+10
1.126706066581381416e+10
1.113082811872081566e+10
1.097759897931356239e+10
1.093577388039616203e+10
1.087811837470127678e+10
1.081313732387837601e+10
1.082328673388657761e+10
1.082754212558202553e+10
1.086929597078339195e+10
1.092748788811189079e+10
1.100249232485177231e+10
1.094164557787400055e+10
1.094097561776543427e+10
1.091968438428888130e+10
1.094766842022354507e+10
1.099373707184954453e+10
1.109800258298600006e+10
1.112658981778672409e+10
1.118746606170235252e+10
1.118004427289323807e+10
1.114522416955293274e+10
1.112751444691948509e+10
1.117882012345997238e+10
1.118353381543282700e+10
1.118572988909443665e+10
1.119104356927182007e+10
1.120425876788280487e+10
1.118987649464714813e+10
1.118844457865116119e+10
1.120683452825154686e+10
1.122020435826486206e+10
1.121223087683641052e+10
1.120280160057977486e+10
1.121626779283303452e+10
1.124589761733260155e+10
1.128610648186358643e+10
1.129802715207385635e+10
1.127050271695791245e+10
1.119469130569195175e+10
1.107719030809938431e+10
1.095243558468087196e+10
1.088353110338169670e+10
1.087668654832692909e+10
1.091751300009114838e+10
1.098100803393267250e+10
1.100126851115618896e+10
1.094660373973847580e+10
1.082611279388305855e+10
1.067198801713275909e+10
1.048324311254541016e+10
1.033488011067774391e+10
1.023230454404584885e+10
1.016377353862222290e+10
1.010254572553458023e+10
1.009864932555019188e+10
1.011501408537376022e+10
1.015175721880303574e+10
1.014528192248265076e+10
1.012572738378444672e+10
1.006183594309559250e+10
9.945671308262990952e+09
9.855444770911239624e+09
9.883387765341873169e+09
9.987460490661132812e+09
1.010871545489512253e+10
1.028547875151700211e+10
1.037491523394424438e+10
1.037434316572056770e+10
1.029677685212023354e+10
1.027470074800090790e+10
1.025690144204306412e+10
1.028045564841975403e+10
1.030358931587216568e+10
1.028937130459580994e+10
1.015935584370854378e+10
9.982100546173198700e+09
9.808029130850494385e+09
9.658446960128717422e+09
9.618452365384490967e+09
9.690024637745944977e+09
9.810125467590963364e+09
9.936084095195671082e+09
1.005787665209387016e+10
1.012919609595870781e+10
1.014439022243431854e+10
1.011921766665487480e+10
1.008784778082004547e+10
1.006411348389421272e+10
9.957030576784690857e+09
9.846520563874158859e+09
9.593483388625926971e+09
9.296098793903148651e+09
8.942683180799245834e+09
8.738112879493209839e+09
8.558166898865068436e+09
8.682262676849918365e+09
8.880849284389863968e+09
9.159875404429037094e+09
9.375193470749486923e+09
9.566468011152347565e+09
9.596285302315744400e+09
9.581835910339691162e+09
9.564760081294542313e+09
9.538030431910614014e+09
9.525884097354024887e+09
9.533632787535261154e+09
9.574465868244018555e+09
9.535161996780986786e+09
9.524583254502128601e+09
9.509408893624492645e+09
9.481133595613882065e+09
9.429650612351257324e+09
9.398456796676185608e+09
9.324791278042697906e+09
8.887217035214242935e+09
8.100341875386065483e+09
7.292957580971763611e+09
6.525637674085307121e+09
5.780109810006999969e+09
5.765302084908320427e+09
6.531044536864784241e+09
7.338626867775598526e+09
8.149814398213294983e+09
8.978008746309940338e+09
9.467261366835861206e+09
9.500905512140602112e+09
9.534505890576255798e+09
9.542258689274587631e+09
9.485449655298198700e+09
9.373493264196157455e+09
9.265194811537818909e+09
9.104908413151824951e+09
8.953948190044843674e+09
8.886536967548778534e+09
8.861679933673879623e+09
8.863372170509746552e+09
8.908411968319871902e+09
8.962007751417407990e+09
8.988700101205421448e+09
9.007866702904684067e+09
9.030863168781366348e+09
9.046770134376235962e+09
