8.837867875711843491e+09
8.975356896492101669e+09
9.105719307483131409e+09
8.865816313105995178e+09
8.571926652554115295e+09
8.225174610287630081e+09
7.787096187069509506e+09
7.342964154930218697e+09
7.668703491864303589e+09
8.056320396899803162e+09
8.520285962345586777e+09
8.662636891349491119e+09
8.828457291313186646e+09
8.520780254197537422e+09
8.096041523286338806e+09
7.530496636236349106e+09
7.320818411923251152e+09
7.078336472020053864e+09
6.924266906652133942e+09
6.774991531957958221e+09
6.704860209394419670e+09
6.978165216382801056e+09
7.270027480130966187e+09
7.573209982777187347e+09
8.050068015007642746e+09
8.593272168687879562e+09
8.874638306252214432e+09
9.193927572228469849e+09
9.121299166470890045e+09
8.877952228585636139e+09
8.488231529933342934e+09
7.945135933107601166e+09
7.332117474461407661e+09
7.422745659634580612e+09
7.625373791912135124e+09
7.965049637855926514e+09
8.370184590190393448e+09
8.825665246047096252e+09
8.955293428754085541e+09
9.087991088833106995e+09
9.147221375329006195e+09
9.302114392063913345e+09
9.092884740053117752e+09
8.885058906608131409e+09
8.549252522211439133e+09
7.854903282849770546e+09
7.009112967851733208e+09
6.513056558064217567e+09
6.007383386956943512e+09
5.590566711285423279e+09
5.892390431976967812e+09
6.234027461638821602e+09
6.959935869050295830e+09
7.736180696847827911e+09
8.513894877022124290e+09
8.986172497884346008e+09
9.522193367195640564e+09
9.700827642450613022e+09
9.804841560792076111e+09
9.493816026474655151e+09
9.123279586012607574e+09
8.731719619831344604e+09
8.359037681848457336e+09
8.089589483850629807e+09
8.709399067086311340e+09
9.477900247738203049e+09
1.030197977861051559e+10
1.111280849815154839e+10
1.185718038511087036e+10
1.211397786061437798e+10
1.223950363536030006e+10
1.220292894400829124e+10
1.208647526574354935e+10
1.186953540977911568e+10
1.154139643378005981e+10
1.112373229157613564e+10
1.078446332911356544e+10
1.042113686156958580e+10
1.018796895738099289e+10
1.000500538689215660e+10
9.935029619760696411e+09
9.851752441494680405e+09
9.887672476894979477e+09
9.880099679015851974e+09
9.984201540536567688e+09
1.007237133020993805e+10
1.026122914978273010e+10
1.044383272479721260e+10
1.061806095413988495e+10
1.081562058198281670e+10
1.099255067921035004e+10
1.107920233924604416e+10
1.066440482561815643e+10
1.021005301961475563e+10
9.607473211301311493e+09
9.047711082072359085e+09
8.507087845976934433e+09
8.907541377523693085e+09
8.944911162690811157e+09
9.081773005674171448e+09
9.198713806111429214e+09
9.302136586136146545e+09
8.908459457766138077e+09
9.359021820044166565e+09
9.850673770767831802e+09
1.035540330669302559e+10
1.089309184921209717e+10
1.148321055688823128e+10
1.163976704639258766e+10
1.171762766524170494e+10
1.170961661536745834e+10
1.171157386578559685e+10
1.158291186282451248e+10
1.146117629172622299e+10
1.127376765168857956e+10
1.120933899174303818e+10
1.109273889656808472e+10
1.117575667754681015e+10
1.132764550200909233e+10
1.164451829113648987e+10
1.145477829927167892e+10
1.119831905216958618e+10
1.074441829133437157e+10
1.012344718425335312e+10
8.909705046053716660e+09
8.672334533761085510e+09
8.485896915583450317e+09
8.454339150644578934e+09
8.512479491185453415e+09
9.534995759304824829e+09
9.873633260847711563e+09
1.025439473877534866e+10
1.046517762058584976e+10
1.066986608306657219e+10
1.040267306652728081e+10
1.040191440156494713e+10
1.049499544694983292e+10
1.082511624463745499e+10
1.123820958238158607e+10
1.168704906560227394e+10
1.195568360211280632e+10
1.198305998484086037e+10
1.176487483346852684e+10
1.147478006753613091e+10
1.118652100556994057e+10
1.105315416431569862e+10
1.107444697572521782e+10
1.121938282516462517e+10
1.137502263640505409e+10
1.150543255674443817e+10
1.158478881441813278e+10
1.174659893532530785e+10
1.202039228676214600e+10
1.229338071059796715e+10
1.245428008309301758e+10
1.259504139403730011e+10
1.252908262106623077e+10
1.228314385016411591e+10
1.192761128155578804e+10
1.175923638238305473e+10
1.155020533518031502e+10
1.158856359554745483e+10
1.174644064497825050e+10
1.208772808745137405e+10
1.242006237526497841e+10
1.282323402737096405e+10
1.307824273394981766e+10
1.328129085277108002e+10
1.337500642397188568e+10
1.337505260802636909e+10
1.335887018416264343e+10
1.329956393104694366e+10
1.322731716965380478e+10
1.316497646551936531e+10
1.311435853368069839e+10
1.298040601641644478e+10
1.294381456263444710e+10
1.289568511383225632e+10
1.284889819943471527e+10
1.279680902011178017e+10
1.278827143161682510e+10
1.275357690089106941e+10
1.280039461089431381e+10
1.293663213863779831e+10
1.318030356017538643e+10
1.360740731386010361e+10
1.391397011495234871e+10
1.413116784196829224e+10
1.424484376694583130e+10
1.423003174404122543e+10
1.388618538130494308e+10
1.375518718349522781e+10
1.366647892065842819e+10
1.358666349318747330e+10
1.354348631249697876e+10
1.367094509644153023e+10
1.367671559998422241e+10
1.353382320715942192e+10
1.340200208703451729e+10
1.325293130484436798e+10
1.298500681769200516e+10
1.257221782734290695e+10
1.245575966940978622e+10
1.234977081358478355e+10
1.227295630914409065e+10
1.244621671734699249e+10
1.299402301813126564e+10
1.328035550118970490e+10
1.349209490018548775e+10
1.384116702065525627e+10
1.347647156928784752e+10
1.287184806866467285e+10
1.241341344671097565e+10
1.211331897624022484e+10
1.156125924394000816e+10
1.209443956479570770e+10
1.253838639226535606e+10
1.290016730700939941e+10
1.313853923926687241e+10
1.344058889080594063e+10
1.323668617195292664e+10
1.315931393118686867e+10
1.314270984723119164e+10
1.317074773565428734e+10
1.324483975009136581e+10
1.330937733313146019e+10
1.337499702993969345e+10
1.339951245085589409e+10
1.339827385623485756e+10
1.338239276081584358e+10
1.336453701479630280e+10
1.332425785910076141e+10
1.318874162458159637e+10
1.302532164861349106e+10
1.288330515000049591e+10
1.269674395589212608e+10
1.244771790222492218e+10
1.188060682793044662e+10
1.129291465835731888e+10
1.074567559796476173e+10
1.019611224577463150e+10
9.230380592241930008e+09
9.070463856257877350e+09
8.891330321399309158e+09
8.660075689785963058e+09
8.610984611064849854e+09
9.531581815726476669e+09
1.017339080029843712e+10
1.093076372487094498e+10
1.158324278677247429e+10
1.226294700320885086e+10
1.236581035735567474e+10
1.233584686129621315e+10
1.188919821046067047e+10
1.170408781753021622e+10
1.102272622467389870e+10
1.048649877849816132e+10
9.887379322463445663e+09
1.007256082255610466e+10
9.897446304893573761e+09
1.014536267079646301e+10
1.034672825167543983e+10
1.073912212465897369e+10
1.075397122869139862e+10
1.100420937053321648e+10
1.119475752040485954e+10
1.138036568143552017e+10
1.151065590067647743e+10
1.171264821653861809e+10
1.195328377340453529e+10
1.211446886685746002e+10
1.230559796087196350e+10
1.241500805641637802e+10
1.236579511028432465e+10
1.214189586737553406e+10
1.197485496611220932e+10
1.176324434982380676e+10
1.155339678567705154e+10
1.139036996412754440e+10
1.137338405332444763e+10
1.137523469444371605e+10
1.131011385844299698e+10
1.129311902841237450e+10
1.127179491330985832e+10
1.116959135997186852e+10
1.103330457734965134e+10
1.107291767306568909e+10
1.108355288812062836e+10
1.107591058132146454e+10
1.108154073343466949e+10
1.107876778702395248e+10
1.089845479778845406e+10
1.080217517705076218e+10
1.080980093918595886e+10
1.091534860835229301e+10
1.108949828157456207e+10
1.137497794295386887e+10
1.160988742716764832e+10
1.170063403936081886e+10
1.167126582107313919e+10
1.152088592341016006e+10
1.125970384690971565e+10
1.090753830426896477e+10
1.026144090062278748e+10
9.233764166056217194e+09
8.250049858858104706e+09
7.429656753491971970e+09
6.803119747495252609e+09
6.932988238702138901e+09
8.000240735120440483e+09
9.173184791225355148e+09
1.014430718335158730e+10
1.092175289255021286e+10
1.138365306464377975e+10
1.124388621863559151e+10
1.096674699504417801e+10
1.041626100177114105e+10
9.879435575362277985e+09
9.188375771803800583e+09
8.584962957559295654e+09
8.074156825553401947e+09
8.429685738644741058e+09
8.934399085829429626e+09
9.622971287077943802e+09
1.037759548841305161e+10
1.106670986673982239e+10
1.122521605894113922e+10
1.122687798770241547e+10
1.106089593115406990e+10
1.079943894962611961e+10
1.060602563784759140e+10
1.048620394918859482e+10
1.048678161407421112e+10
1.049893117090927315e+10
1.044010925753543091e+10
1.025501627447214699e+10
9.947267661681123734e+09
9.511358856165117264e+09
9.159081886262180328e+09
8.949504376925058365e+09
8.835501639517456055e+09
8.825657722648374557e+09
8.900982619931713104e+09
8.971548760325845718e+09
9.029371842690084457e+09
9.164063940881185532e+09
9.294226747744960785e+09
9.398992067237453461e+09
9.487446819493625641e+09
9.461876279093940735e+09
9.227769414788249969e+09
8.961039899712919235e+09
8.698543167709182739e+09
8.415359630929831505e+09
8.314029887922242165e+09
8.415100129618463516e+09
8.641406348232902527e+09
8.934628531890478134e+09
9.269670542193441391e+09
9.534327312571336746e+09
9.729314177750329971e+09
9.820892841581310272e+09
9.861407944894626617e+09
9.876354204417140961e+09
9.870978954782770157e+09
