7169628566
10008736280
9302662147
8516473356
11027022401
11765921811
9397843318
7055262895
9707148324
8548630558
5854568941
6376041509
10527063781
10565775016
9182046244
8462355467
15023701105
8242204623
9372492053
13256999386
6145483687
10746560174
11803209087
9802655501
12190841066
8998625516
8498559576
6578960105
12962019908
16572162540
11927751601
18748940700
14959867278
7860810194
8472232151
11224935982
14200040444
7868029020
11327575320
8226008768
16962082898
12021175863
4885722012
6325753550
9762979836
10715808465
10245847320
11369449705
10729478428
10670270436
8342314723
11835184868
11818685049
11893492525
16021298901
9377447057
15218371862
6949605322
10038471816
6847905948
10234039582
10900613876
9813447903
9807793950
13240611586
9469075178
12552164551
9815884002
11180360529
10200844479
13233913935
8878959888
14841944146
13790034015
10429926214
8481383911
12162043281
10116064115
12607650639
11848800471
10194832572
7047854297
11031422768
9677488305
13758474092
7808745107
9788893711
11123887230
13165236184
12111800050
6742644845
12708744805
13377823112
9339962489
14038054641
16467437829
11356316023
9517407154
6848155798
8783480222
8487246958
9680392953
9192873645
11876062071
11500151823
13000429883
9081255627
6837811922
13410977248
11026111539
8788313216
10226501584
9866879196
11184033076
10815308522
9488228168
9999705468
10272070506
7675615609
10175316459
10158357210
8081096219
10251979097
3559198100
8959926948
11925274188
8042556413
11681862432
11308582762
10361370403
10477104080
10002109553
12123710533
6675406208
10386573370
10440812038
10272048308
11241468845
11386309852
3928687495
11372840694
11537454701
9490093583
8501573902
8791525744
10933580383
9220346859
10435504280
9788175516
8250659167
9807630545
8197921282
8960567024
8879237259
8590903735
8163399335
5910305397
7465747364
7246570640
6912561567
7118298759
7327163247
7285996910
7492825104
5740221927
9899148139
7468016241
9255577957
8533981030
8598059001
7404316776
8361965628
7884651353
6336661088
7782781309
7427026526
7085349766
5158823570
6476085965
5928267417
6147032251
6228977881
6977818040
6811087510
6300149495
7236728659
7418575283
7088701865
6388019621
6860891146
6676450500
6622887893
6532779103
8370998077
6141288432
8533788893
8519383622
7205376877
8685136556
8416905629
7714229593
11165317862
8196304017
9438585260
9233800424
10683966940
7200234029
6853465132
8608638620
13661821795
12471086206
16603865021
11638503686
9542341096
11027274106
10408817992
17862326206
11349037476
11935083134
30174288607
10597045274
14124733580
8748856759
9811385078
10528792342
10036253335
8645228960
9295995407
9255681981
17468842943
9570560965
24502409180
9967677797
11191795170
9952826939
11930646477
17953656947
13669663169
15513380566
8216941027
11380075041
11893131514
11734579317
10907266299
3585452678
9394504246
7326596598
6157923533
7606183157
7078077115
6660059183
6258275429
5967670707
5623121083
5192406768
4700451462
4203392467
3708852328
3387087608
3675472405
3478259011
2642316581
3184299818
2923419126
2685005401
1274976720
2394608915
143155957
144778800
2045672677
1754238415
1647449404
1324752520
1450123467
1252797919
1618433205
1501937368
1300559865
1058281907
1150258136
1191431920
1165649420
1051162938
735357679
644996086
815716637
611700771
876622663
769538753
452100097
732063104
712157203
627177454
617140064
570096164
995739402
4034898723
6385303870
7202783288
8079943661
10731315939
11040647402
10361197867
11531509065
9048302833
10742235497
11616999913
8807255523
10649718779
8445192107
11697752705
12773172901
10343072566
13624469911
11424723176
10403445930
12196161549
13146703460
7253160865
11875180143
13017589858
14660460068
13314163444
10770476512
13863642319
11917484129
8573994916
6624530015
7828079955
7065832919
11921012206
9315420861
6978503758
8233125991
9208945877
9912050873
15908596759
10883166569
10038970339
11037420466
8072883099
7697998706
14051784928
8221623594
8430773680
10779860371
8071717361
9947322735
7952296542
5620219546
13833255532
10284156837
16636509166
10263241269
5846486099
10721770221
12419973484
16966235185
9599484358
12179865820
10707368422
13335491185
14471035340
10451838939
7486532061
