7305158137
9971326219
9340924668
8603479211
10908537923
11812771332
9432439884
7061098430
9720811996
8603668846
5842926196
6353879204
10493207816
10588978863
9215816248
8530946763
15179782253
8280266011
9243495674
13162006494
6186666802
10689739040
11942181434
9773860264
12170200686
9061983468
8443221718
6535170539
12864022139
16643154225
11910911876
18739589989
15012000046
7832750352
8281093872
11256185178
14212332943
7949498288
11307156598
8102218336
17078400699
11961851832
4944853245
6289377239
9742444354
10726915036
10166443040
11461897082
10809966754
10760799928
8243069833
11875572863
11744839370
11864635117
15998713379
9571027778
15291795303
6874026924
10055903818
6850856864
10162828502
11030828284
9789177582
9758499101
13262710890
9408737066
12533682795
9856742701
11137881012
10266208323
13259011872
8810657964
14820687942
13765777898
10435064761
8523812730
12021275315
10109346079
12583496291
11945890949
10235900185
7058488767
11021961475
9700703709
13698853007
7787827505
9835207944
11213124397
13209949403
12080899833
6834422285
12734515877
13331315134
9321674946
14120652625
16438943912
11264683320
9471225365
6920423004
8700844913
8542588140
9642177204
9215998971
11728954981
11537582876
12984690362
9060771578
6733136063
13399664299
10979939287
8737809924
10212039469
9782920890
11060030328
10753830976
9461358192
10048995084
10264280278
7734374665
10082053185
10154872363
8147055399
10022094285
3552389831
8873024482
11820015705
8031758160
11534436223
11250145355
10486772779
10492468513
10039276157
11944130275
6610403435
10320321756
10476972453
10246832112
11184944132
11369073480
3946182545
11351130673
11366573274
9432042067
8563689428
8790930012
10717274956
9084753827
10265562652
9567780332
8303262564
9822689033
8177271750
9019713552
8820704287
8440783045
8080968486
5809582333
7440533148
7161466023
6990802739
7035216635
7187807390
7062001153
7304269329
5700244673
9805650739
7490949600
9246205480
8556918765
8517441442
7434725263
8212911962
7791418125
6318057852
7647472225
7361250264
7043382945
5095614182
6478877238
5907797133
6086295716
6073331992
6873899329
6821497148
6235594520
7208297338
7427424452
7095717582
6335519818
6814401863
6639968376
6533670451
6662203682
8279676911
6065475525
8457223775
8579099589
7108996131
8690952977
8367393179
7714753526
11162679978
8233482315
9381575258
9194529273
10835017167
7179720192
6771284884
8622526438
13780103382
12539117274
16707004230
11638905027
9553293083
11076789494
10345956664
18024639869
11133829605
11876023214
30615698493
10610689246
14241312986
8731542470
9933586180
10476231886
10228861473
8598496719
9291255965
9233450595
17604854819
9543030907
24930197198
9976341580
11118313233
9858898939
11911554495
17692177085
13617778665
15308033123
8199789584
11461885523
11775818295
11549154775
10734763938
3687871221
9277321760
7344925049
5962850444
7479734192
6976882296
6552348969
6188272823
5885403274
5535491513
5129253967
4792838702
4207764742
3756676587
3418069661
3677708197
3408024682
2624526058
3058805249
2907044623
2744494511
1176468648
2299649738
52181891
188746955
2011238425
1766808799
1590324078
1254930045
1422077917
1273573215
1559950044
1533474208
1293978331
1201938376
1048487395
1070428142
1121117419
1087591660
698058221
535685039
731579942
681636916
875869681
745283320
340233871
727414774
661612729
640981604
617601195
596232126
740598387
3884899060
6192421013
7088463079
7985761774
10653283645
11061823701
10481640031
11395254789
8991159860
10527492683
11501663205
8917763415
10527472376
8480164227
11731698753
12801797879
10330632393
13661741593
11577489718
10404100958
12034806493
13086005109
7212236768
11840388053
13081611076
14725710385
13218121037
10920810003
13979024473
11832138533
8418981969
6713474155
7801468741
7190535190
11761782883
9224230669
6935334565
8253994447
9320513207
9950657103
15918964606
10744875297
9969273886
10987563162
8028605922
7677743586
13938657648
8129231974
8481897665
10814347517
8139597779
10078765837
7913126298
5602784715
13995328425
10296709517
16522541891
10224744967
5953007328
10701451225
12396766735
16907593086
9422449491
12202728962
10661445492
13304077910
14509042445
10243417926
7527159189
