7230333295
9709258607
8738193888
9724856316
11967261604
10635568649
9821261784
7875099564
10504104048
9372828874
7241808216
5069684717
11316996028
9585618715
9041975245
8146028342
14729513420
8363903451
10007205953
13902523311
6390406064
11083083061
11779344600
10432949867
11459758215
9459255707
8162539884
6980993509
12886418127
16368460819
12519334387
17845220680
13720517049
7730445704
9199832954
11329221246
13734220704
8832474471
11022598481
8342620660
17337093288
13039719629
4933799057
6340462668
11316637531
9358774674
10246050173
10524027417
11637855789
9679042277
7241256679
12670701117
11787551741
10686796396
15320569522
9347333531
14558871494
6552097631
11183046892
7190835431
11427030230
11868230680
10319120482
10745009202
13250743111
10371673330
12767470945
10390986576
11035930714
9938753947
13311508568
7754010067
13881338343
13869825416
10125477053
8825828596
12542023345
10601953281
13503946746
11426034492
9718683384
6750847825
11967128173
9528067448
14057957781
8084462875
8985289860
11178259928
13138079463
12216372230
6478203518
13400848667
12862669405
9760952063
13494976505
16179271261
12062101721
9271614569
6410647494
8207435098
7940992773
9716477768
8477896591
11491720313
11919154201
13359605014
9077598294
7173116835
13032840818
12000330177
9319766826
8848671351
10407910677
10735052347
10573284223
9759747472
9786287489
10151242806
7784705236
10199973916
11158197591
7111622428
11089133849
4352926812
9540279804
12186143854
9192683414
11408563075
11704948339
9616286582
10795132744
9031444814
11231651077
6201804913
10539511925
10023995664
10930141411
10531698485
12175372184
4291944611
12063628613
11907808566
9525780847
8883069007
8128646782
10780396982
8722457260
11327551948
10863015962
8087699884
10208707698
8546484978
10357778199
8768543377
9426607643
9792975956
4885599054
8901630683
8949078417
8555025806
8332799261
7684414293
8630174077
8211122264
6281463372
10260156018
8057620432
9541940096
9555612501
8341177102
8266505866
8231186861
8650466252
6894960499
8416837073
8393922395
8587978102
5710706860
7367931110
6324191048
6524762576
7038268975
7124231613
7480846247
6608931124
6806733988
8365304271
8113399324
5594289136
6403730925
6984855466
6822004420
6367753907
9657668515
7436271756
9493382857
8023769318
7946224805
7798513516
9338257311
8051743038
11047047850
8985600023
10574518937
9131966034
9849101457
8314663738
6910803594
8548641503
14195726990
11581225637
14048836820
12134104737
10379186792
10568759490
11384736044
16657058458
10234123464
12452186486
25586416161
11462039754
13637892684
8982000957
11066932884
11623554447
10933223553
9085400966
9247025398
9516909074
16446032237
8624105147
21899747858
10435043281
10737042847
10145575014
11514209760
16516869239
13718461668
15204562946
7963465737
11171375086
11370452694
14371819616
13094621072
4038204574
11045523169
6622139037
5982229794
7775847478
8576567839
7969700142
6780264780
5899594312
6189368794
5781479424
5653673630
4601878718
5049636581
3365780013
4147915875
3876574844
3143082068
3473398825
3196648517
3230650169
1226809135
2557513957
243956354
523159608
3232963565
2759625219
1832485993
2118504588
3468268635
3442219387
3259737375
2891223966
2100382060
2884944396
1878410474
1481343586
1564443126
1903368521
1860230320
2419179810
1361728675
2041691906
1991991875
1947736199
1636281370
1680996404
1835981191
2342126459
2464967242
2850869948
3370385353
6112215993
8014560863
8046100903
8336508798
11119071120
11213680503
10291166484
11939054760
9039058553
10535836900
11031605376
9185479380
10620990992
9064002227
11871433428
13147588577
10111846426
12969381970
11961156221
11133910306
12308616874
13007189784
7524322086
11804125080
12984620257
13851698840
13976260700
10750824829
13763999267
11536032471
9052615129
7544683372
8997645480
7187631312
12701074089
9275813158
6625116614
8451902260
9177101165
10202586241
15901993507
11794447801
10294592106
11162340609
9151663892
8508974383
15056461238
9381856494
8405979546
10979644837
7965486198
9882816225
8317206416
6329493037
12893505788
11024896069
16231351754
9799199185
6284853712
11029261944
12754231563
17079197166
9115355937
11982556586
11754911038
14219449812
14652347941
9134350414
8397875191
