7120276246
10084036810
9246785319
8751282373
11281472433
11377193513
9690504438
7187020373
9759104804
8622495194
5997316028
6262443511
10558458045
10599529873
9221527182
8510857858
15292328367
8280791607
9312822820
13364107623
6136245476
10631851391
11886158024
9819875497
11955905241
8954897790
8321405876
6352401832
12967643273
16483184599
12076820375
18316209193
14913187068
7565923148
8280027305
11526727995
14303053545
8372454133
11141615887
8149780121
16716326680
12242895789
5006647855
6146663054
9799269455
10282448148
10318800108
11160937280
10811096134
11128268644
8267271235
12037979488
11644682749
11832196570
16165496213
9075276962
15080593191
6795209385
10284676024
6648105115
10361081486
10863809403
9418437966
9925319240
13001030330
9549743148
12469667335
9842645576
11293125160
10444482949
13209521329
8688139984
14863423079
13784669671
10119487536
8547094557
12302738989
10570205932
12899353418
11758695636
10216038325
6879709220
11107622435
9900745209
13749439572
7681664468
9602577393
10728907429
13044480994
12152997330
6450029613
12990331825
13193305963
8942248577
13655184824
16330835134
11140218195
9329291030
6961796157
8831685387
8182203038
9576145779
9024061068
11425469462
11530395707
13171157703
9397178412
6843749642
13655723377
10941381670
8904016731
10339171337
9726572812
11450197296
10904645168
9601426591
10035975009
10371632375
7727591883
10283282529
10005378727
8083670641
10554649844
3736863043
9175016213
12299916633
8135838061
11855208905
11280672785
10419875611
10505881511
10179606707
12396505467
6441328238
10188543581
10463701814
10061449385
10955303911
11576747043
3915758711
11581259571
11361484149
9311770602
8399306442
9126107330
10660551095
9036379372
10503226319
9958325084
8481213863
10074934747
8301260436
9412890900
8856197791
8866862856
8623569852
6013351428
8012183508
7432921324
7341535952
7529353040
7469792409
7972902031
7381572697
5993980547
9979686441
7172276994
9407418113
8796484932
8487305811
7546010138
8487149472
8305309039
6661126450
8122418067
7787533813
7501914688
5154247957
6265649843
5927784560
6575346062
6343506292
7111663623
7331861563
6548309934
7131658253
7665265389
7612975351
6384598437
6936774045
7024801760
6758679062
6644443365
8723261599
5717031348
8477540834
8510032322
7142034746
8481310649
8515766986
7763701762
11228999542
8333041595
9881792299
9387896585
10537349695
7450732629
6424409357
8578525065
13733843014
12491702640
15972235946
11749046752
9897634002
10871708852
10671414209
17485848730
11023244171
12255675543
28740535390
10878513285
14075191142
8867606437
10052089287
10815368267
10053733252
8673918295
9295734018
9638183200
17328575438
9627663346
23726917718
10038835918
10988374042
10263372068
12035475241
17608871484
13769242610
15559616370
8273454478
11517267708
12156932862
12426023254
11509050760
4041362615
9963974648
7326807710
6084458202
8046369348
7506366839
7018694337
6284246801
6195299062
5843802720
4919746567
5067071494
4716601170
4131324392
3397527250
3961268570
3749799116
2557688268
3347725391
3141675831
2940311614
916309987
2496782935
117751168
389878202
2129510491
1912971649
1851956037
1915251848
1884596520
1537876472
1583308538
1642094360
1378175088
1196408782
1100242159
1190782942
1123514366
1150869944
862531202
930920027
801299872
626328981
911176878
610603555
749349082
907539118
975844141
1404219627
1413389181
1463446541
1650463119
4670992848
7072023181
7438686544
8173981609
10945585195
11026447802
10363567257
12061642313
8955353315
10842413034
11946621941
8907644045
10821745569
8569717725
11749252552
13166683644
10131320881
13610674057
11410180236
10657340775
12225748644
12758103302
7512653532
11867715062
13440506389
14804436911
13810505536
10632109121
14034505731
11856562931
8754302114
6651727285
8093298852
7213078405
11940866593
9539745588
7136382121
8422055810
9226269599
10187845263
15929121139
10716656727
10050693947
11157401002
8079946967
7596965757
14428281981
8358456366
8270412288
10903725525
8464929125
9764276199
7739605385
5419304536
13438469154
10577894153
16901756570
10005415722
6017729091
11045551650
12461654363
17234734741
9699818100
12106257607
11144608103
13126046111
14518236469
10098661486
7437901128
