8710393609
11310035046
10418751584
11731331470
12549578060
10289678964
9823974137
8551706877
11852717123
9773058299
7409615118
6882686964
11454014437
11872740066
9969165999
8070659040
14525839695
8873242793
10095750191
14494702079
6983902904
10799550065
10853452506
10779243481
12259341893
7555523369
9357775647
8585279114
12379924492
15348733981
12358954834
14394068998
11824024866
8629813792
9853373336
13093740327
13076648153
9443545877
10568666309
6669242988
16444563951
13357699583
5568772319
5727086485
12028438791
9562317060
10065535710
11736146777
12054625497
10130196952
6936964676
11308249512
12024594688
11756780968
14837443262
10128453130
12388281160
8030498915
11211212223
8341770094
11924365825
12321394664
10855301135
11276096971
13764108165
10353390391
13088764379
11492235871
10581656408
11324246826
14212907628
6693271539
11498141720
11896944445
10607414908
7239267402
12053039716
10770208471
14454455525
11427874914
11068386931
7133508186
13146296377
9581169002
12963806312
10200239658
8936576562
10007591761
13904124357
11848920259
6498120174
12406538193
13258629242
10113787936
10627179056
15289676328
11527593949
8728307952
5256391883
8081142793
6794376775
10379071299
9795969612
10345456446
12051582143
10867944475
8463377379
5858585780
14957387551
14138748522
8708625365
8392123314
11417879327
11211377994
10584988795
10621031615
9966080127
8955353222
10091672169
10540426494
11943347718
7987253139
11387607719
7342502049
9909997973
12366621086
9312249007
12224457937
12716877791
11335169049
9555765222
10345311592
11478018850
7637631556
9809609801
10374188614
11516000370
10174484378
10272483745
4291351444
13589517265
11985550761
9811914419
6887408618
7191637718
10024533812
8967002094
11058505518
10081773856
9818331697
9309092454
8694135769
9926087051
8483852389
9453635166
10426152849
6140742890
9469158065
9234116282
8913626186
8792664344
8411058318
10681633307
9769095562
7278997677
9840834805
9520773641
9458006977
8595754633
8742215451
9087058403
7792802554
7970558438
6676709045
9038983966
8300821824
8977626149
7998634923
8786679168
7988741459
8135106462
7955945968
7503190141
8211591493
7045092159
7163536188
9125641541
7595519432
6475906701
7738928190
8097148942
7989601973
7173680531
10787546034
10057538960
9505080954
8407532599
9413868077
8253229507
10519389343
9739659818
10747010235
9971733389
11038771575
10777148702
10960846507
9453720971
7674360479
7989496971
12880947906
12964872183
13171106601
11963987622
10981085157
10917542668
12559303366
15836891398
10166472515
12613226317
21634269195
11658029872
13149624331
9021647059
11242739799
12781040513
11255477700
9628402134
9132195810
8801433171
15667775492
9005094310
19445642956
9897221512
11162752833
10539071530
10703634178
16092644282
12244920780
14560781170
9397688295
11091201748
13047645695
13625528686
13351291437
5035443849
10973296489
7225410550
7637365082
7922660945
8723915133
8241282474
6125759912
6333461569
5838313277
5049650610
5808962633
5621763788
5672176999
5198868068
3657464823
4906724393
4646903289
3426950437
4083838377
3685018148
3193163738
3625495384
3360560817
1128406635
2253447515
3915458066
4749013682
5301119541
5134627956
3908021690
4575335409
4718595142
4800957733
4406134382
4111043669
3495119742
3781895448
3856102694
3736078144
3353131251
3840242923
3742768506
3029019922
3124059569
2918391190
3387301395
2663752857
4274620770
4314592817
5015502347
5466111469
8580019660
8363817189
10003046720
9355124715
10985570621
10669327469
9790780161
12193845097
10850552027
11931824269
11272121652
11250812973
9765348188
9931901857
11311746910
13484091376
10929355270
14843910606
11102369114
10781152796
12207777597
13474310279
7571179146
11115527365
11012421927
14433904043
13425619666
9963367959
13663306169
11529543283
8911570777
7107766203
10614232570
5565961640
13389069254
10784847386
8010867316
7997838056
9534571100
9790681692
16779465158
12051692801
11507571791
9137969886
7826360591
11751094231
12124694610
9715394954
10483869559
11420674309
7482356021
9594109120
9038079712
4904379205
13212264672
12600473312
14901522884
9409080474
7880840385
11899031648
10307178791
17119738417
9296428394
12843839257
9816025803
13777321010
13411535485
9421121701
7811898814
