6970521043
10026645915
9147405451
9018175007
11518743508
10997433714
9683573623
7257646315
9809729163
8827276838
6133538278
6254951978
10798045538
10548111190
9239060665
8547148453
15409124109
8372476122
9229137421
13359158785
6160582346
10828455828
11856945077
9841863012
11803538830
9224798558
8201127194
6556300326
12735650476
16799458683
12390379412
18247461990
14666186698
7874751070
8395807039
11438003768
14253807255
8366008730
11091536362
8253158039
16670612917
12288350201
4999535892
6117945295
9889782579
10297718842
10205032972
11032313323
10755276791
11194750129
8076519409
12077991254
11522175702
11777597808
16078733740
9175552965
14786381145
6676389040
10431645303
6918906131
10466996151
10938535540
9358047356
9934836909
13012599890
9749663472
12530118074
9632738389
11314614555
10497753536
13224930428
8634067489
14787964559
13649579221
10248731869
8571175112
12399307670
10492033094
12896013902
11817487144
10323393374
6909628353
11082711514
9817738509
13838220227
7898234347
9661750288
10509549829
13099022819
12267108640
6483223801
13019425179
13158936876
8947308999
13670874606
16449262052
11106099795
9373172084
6897275551
8828709795
8019567395
9697128484
9152510036
11471533192
11572357063
13211030173
9659554358
6805261864
13611480887
11080287049
9012732315
10171315273
9894342441
11424596943
10977958964
9570719373
10173606531
10422939932
7814803932
10204737486
10341187890
8215297149
10477880608
3612390816
9279100479
12138702976
8239105284
12130794109
11143920110
10430540852
10474689588
10044169219
12268184537
6449208502
10122216250
10384782633
10235875725
10889132615
11530089534
3791634038
11621591396
11405573445
9409952761
8584556790
9132779708
10740792911
9107703959
10452875248
10095856231
8526018672
10148057203
8390419379
9727087681
8710759022
9045085541
8821950143
5913014205
8225428378
7520702101
7439907941
7642064308
7367325172
7910709152
7735101536
6002612234
10156957933
7139924506
9517031008
8985990675
8485411695
7731573823
8495279790
8370354144
6808841602
8088325985
7567598736
7705550965
5428837297
6354593314
5849166614
6327073213
6274702446
7348309657
7422309540
6561901207
7189594843
7774766208
7749988825
6287106896
6755821688
6992763102
6696037756
6837065630
8884884885
5721492899
8494656969
8432460443
6973244887
8715874303
8761961800
7805628379
11050365013
8470627726
10351138265
9211494135
10395510465
7576361489
6784779468
8580706175
13743209965
12702797094
15729335402
12050232087
9834748587
11102496564
10788252171
17441064454
10954859231
12434663354
28254058478
10891760950
14223447296
9045926038
9981841726
10825877252
10061858014
8639164779
9398800192
9554629306
17419952225
9307047349
23454365409
10208968798
11020446123
10179731081
12028526423
17344464845
13724656965
15322783172
8324227471
11263637448
11909172914
12735076985
11850855074
3907596982
10239348858
7302768385
6113273307
7973786841
7680839884
7192602245
6090149538
6456396089
6035865712
5074214480
5269156436
4893580259
3976712351
3214023757
4030215915
3851131048
2602141817
3423932928
3095812987
2848872912
619770734
2460584560
240867238
340531153
2080669907
2000374183
2073592031
1980930345
1923280653
1706278068
1606801190
1569528704
1508530214
1127796063
1255817811
974704896
1256147663
1225751375
939575254
1001303018
790310442
790611872
843790521
796192031
844034311
1105915709
1171614739
1748088885
1719363879
1864139497
1865716475
4835905256
6973908691
7540336897
8322505034
11079747390
10777350584
10326052485
12041916863
9043171825
10845667184
11807153989
8919481279
10648436037
8673092888
11784798302
13263516465
9978659907
13476397423
11284942121
10519738493
12277246536
12908896510
7551249254
11861236543
13375860942
14568763335
13952553057
10930656678
14195537304
11772564373
8717924252
6660546320
8004628415
7296464164
12213824537
9661692803
7123964605
8231326365
9474933596
10022579169
15887538164
10614129281
10011599600
11004255597
7989265386
7792540417
14616775570
8275957838
8473241946
10972601905
8474653428
9762094179
7742753435
5628562318
13434226244
10609796847
16683094014
9943040416
6143311875
11074026672
12570792849
17025736636
9809813015
12195210804
11116523803
13257440244
14540161192
9973581876
7382637118
