7186506787
10046891850
9286035055
8504264137
11061359660
11768278940
9406083017
7084609224
9715140090
8603342009
5818857640
6340333909
10447126966
10583171167
9237654402
8477633825
15064731062
8244986270
9338983190
13268998019
6111244703
10777087838
11863415478
9850960950
12187304509
8995277496
8485840338
6596818577
12951152613
16599747021
11962288237
18741593486
14965836403
7870297197
8465759771
11231045469
14210884932
7892530705
11318767660
8227480342
16925130145
12015504560
4882356604
6367038281
9774170409
10714549906
10257054613
11416018999
10781432169
10676582628
8329996065
11837945708
11783226917
11898612155
16073129470
9411967186
15157157135
6950439511
10067121469
6856878814
10224170855
10941262133
9856927921
9788255577
13194568831
9451826652
12522221354
9788265809
11194275838
10214689657
13228364816
8901020343
14849354082
13774331018
10431032500
8463940855
12176727726
10156115419
12625173558
11850709093
10230962784
7048288341
11091850520
9649100605
13768495574
7830771852
9783479244
11081738788
13140154962
12078003805
6717095828
12707544673
13361982699
9287832260
14048732260
16408823725
11260995688
9539479146
6846217519
8815302301
8464351149
9686366846
9214747574
11888784831
11484875490
13005747086
9092335392
6826997474
13441866544
11004840891
8791182363
10188782655
9822496588
11204514413
10827709381
9446053129
9954774728
10271238264
7683253141
10125132803
10135318073
8092355202
10254429047
3525832697
8978141376
11911937224
8095703995
11704125677
11374122434
10468163394
10488779620
9990657469
12129709603
6677753044
10356003497
10488616507
10286821342
11273208456
11438391662
3918278273
11372983498
11511158399
9487870371
8551854740
8777769905
10922042523
9188322016
10352855468
9752025608
8228626326
9861837534
8162827261
9025327289
8909696926
8547435831
8168444203
5910406578
7464007414
7257159584
6885230950
7067234091
7326769338
7250849832
7441020513
5702103889
9867735349
7505599895
9271503739
8526487697
8571803277
7402783462
8352333780
7894759021
6373074443
7770908762
7401146791
7138138337
5155198045
6435252594
5929494881
6102784562
6152066975
7019873134
6859102014
6314819488
7190950624
7412790913
7105440435
6402228280
6844177892
6670984476
6602988584
6562214892
8419237403
6099380916
8523175671
8501073036
7211060792
8681243082
8406885134
7749963154
11146347706
8241466050
9438857509
9230527481
10703998849
7190747505
6813087199
8581805949
13722163249
12515978529
16618756835
11620208673
9589045991
11037661449
10398964902
17879697964
11317265809
11920105661
30197218460
10607111901
14103534481
8711670697
9863439712
10455756338
10042019693
8620566445
9286240159
9290742834
17469524451
9553820465
24548160787
9917187776
11152474443
10030483747
11945018462
17945225366
13659138010
15456203533
8192307139
11379946332
11911648164
11718363703
10895120849
3635282000
9406453465
7301977717
6136631206
7564863551
7070382409
6629141618
6271805707
5930843632
5601861515
5167575590
4719567277
4172500234
3733532975
3417405933
3734426243
3497650878
2651822964
3183682245
2899628021
2691757053
1221670757
2403219198
186260511
190931524
2036083546
1739790299
1615421696
1341113617
1457924737
1266405752
1611027724
1526648150
1287782686
1094813247
1131554597
1204074747
1175220404
1048919494
704823131
656638123
793592500
612187239
891848581
753686716
441623777
778454215
744336128
622787394
557567622
597166631
982135006
4006597425
6403081748
7179052253
8046151688
10761465425
11022531583
10371388991
11541541986
9025989922
10693598960
11607613498
8852154880
10633937452
8422425809
11665039933
12743524910
10383263093
13663311838
11428329658
10383091581
12172239628
13112653307
7232035213
11882551951
12984269918
14650685474
13304326408
10803221771
13875380331
11909942479
8623090507
6593295381
7820045477
7110386648
11885775285
9306474614
6933210251
8246071975
9236912344
9906261759
15893966982
10892461340
10056226594
11021327173
8070421299
7709050513
14082466513
8240297661
8405157333
10802276831
8043134526
9957547981
7990948827
5635677510
13855825749
10239115100
16650448201
10225985159
5862093015
10635728250
12360280756
16945273060
9557647316
12208348967
10668794232
13326691679
14462443582
10371199428
7489508576
