8456126011
10891333107
11889350967
11384655598
12642098643
11868886662
9933723455
8336884590
11522137053
9556835242
7460385685
6527803704
10832887028
12228407237
9676852244
7854250251
16652638519
8582139474
9334877757
14193056506
7802817493
10752817801
10214094364
10216584665
11963260149
8231952975
8501050365
10129210641
13248003342
14349469947
12053415878
15443616188
11900615589
8950650516
9709687942
12067670052
11798460976
10373625261
9467405988
6915610793
15655245389
12929035936
6743564479
7997264897
12126081457
11777879630
8928046983
12127189619
11131714958
9619749536
7646317536
11308300711
13445800546
11876741151
14142456834
8910633786
13070914872
8441386389
10795240615
9445015753
11092424904
11126873893
11063659476
10280201282
14460359686
9551019413
11008616447
11326747550
11023667819
11283583143
12859990376
8665092664
10693157479
10957834074
11772196333
7693731757
10320525380
11427200264
12959416531
11013485081
10447257485
8189581068
12371729405
8585821510
12883034096
10209971263
10165188283
10245999641
13817777882
12990356184
7653262166
11110479694
14970322496
10175907256
9856908624
15075157594
10425546728
8582082696
6689070095
7634598222
7955150284
10543238896
10279245785
9242534874
11886739346
10260074421
7913487030
5791281564
13455735820
13961262843
9873240291
8310355792
11662332481
11014617688
12342595537
10886461266
11662681817
9459162206
10270455082
11513028732
11890725014
9805543849
11602074637
6660866977
9620638236
12187642948
8425921045
11516538598
13055376288
10592421804
10156882846
10632960443
12136278537
7862957070
8275272564
11896125490
11632967328
11107134416
11918686499
5184541679
12492011674
11968129277
9821993586
9979503261
7091707968
11200457801
9454004215
10997565247
9143744013
9981456806
8420203103
10225405023
9789808410
9476201484
10178068650
10022189598
8842781682
8236989797
10619943600
9645086043
9628451639
9136827081
10017191951
10339146492
7623476770
10144443819
9505337379
10153064246
8131546878
9241997726
9650973058
9307538542
8574759676
8003503880
9782099683
7195708592
9803624807
8568752217
9351640532
8406601805
9028867028
7415336121
8949619839
8486889395
7736209827
6513199024
8210003310
8122076208
7135963631
9557149541
9009449483
8306196281
8424967802
10969328737
10147700420
9868128365
10260188910
10248855621
9220400075
9985632136
10407764565
10557519370
10370588478
10370667083
11604902340
9370412819
9571714392
8262289595
8724400987
11346192556
11513527494
12601184118
10463679001
11004334368
9583570906
11832626013
15324358907
9364242617
12922459207
20300983951
10559251800
12113968699
9037377859
12419030226
12045533255
10809585563
11234083089
9935253805
7406170443
16412161172
9529238078
17431955103
10163698344
9642080228
11146436717
11568958395
15602366799
12482567599
14220129311
9345548801
11263680868
11475878824
12691962374
13584773682
5161403231
10945601180
7173693778
9872474311
7705580357
8470442395
8195872811
5339007226
6862715178
4521980112
5588086968
5901821587
6101390327
5478652795
5956533654
4561004195
4184760553
4957244892
4725768811
4443064895
3751751396
3978852196
4181368597
4288573021
2441268241
4223662506
5426991315
5908874994
6137261598
5986307976
5356741834
5880787969
6085278983
5631313817
4273268477
5343103810
5036531370
4714248741
4886264710
4921460076
4765291420
4229930436
4184904049
4134333065
3686373426
4663663381
4259641481
5078973324
4738897606
5031136299
5459835505
6560086618
10977702164
9091131432
8860203576
10550754804
9340968870
9975016348
9337359268
12516033000
11973045232
10990410507
9815401400
11902831202
10438969795
10177109768
11407542432
14625555063
12687632985
14485629002
11095967972
10019457776
11674417300
13413647142
8420940328
12141202246
10326658183
14531065519
13780510582
9822192135
13802202184
11662621701
9854149175
7711975865
9658647362
6647843999
11956394968
10108090647
9035647365
8627518981
8677651351
9543503400
17455681900
12451430579
10868164426
10326959260
7796113218
12083733855
10615505608
7809268143
10963110776
11915920538
6756998032
10231053513
8900413838
6937824938
13589294590
11549492761
14374260568
10085854151
10227127578
10747212297
11020383794
15655951563
8244848545
13682535953
9379749800
11973146428
12068134258
10177452676
8943348430
