7127596741
10045566561
9261401459
8526270346
11004377169
11847590479
9392393081
7030423193
9762684977
8563467811
5923363284
6393198498
10512074795
10603719740
9175059607
8512985757
15017686971
8350122659
9350353191
13213825585
6165017843
10767921051
11794782900
9835114984
12207386101
9017705868
8451984613
6529173615
12964639343
16598988975
11979742138
18712596328
14986855431
7840732993
8482960893
11218101908
14249825014
7868574204
11303946834
8212808156
16973663311
11987282233
4905235464
6308427080
9785998348
10667361215
10246452497
11325179055
10685052488
10692817166
8355647860
11836580763
11777648834
11942508628
16039828285
9405807008
15251881699
6877939538
10049805869
6826813483
10220056441
10863811186
9826599829
9863105400
13274611852
9447438246
12543149019
9789930906
11167137128
10205746552
13254104361
8892084152
14848966659
13823723689
10427649681
8461471046
12202213887
10155678953
12551288606
11852333420
10159759827
7084259364
11107193395
9726278148
13750046132
7789003674
9814458165
11124959131
13192701715
12139710497
6726781949
12704949692
13397043801
9304757814
14044027538
16470005075
11399951151
9527664385
6769731220
8792444706
8515204799
9743188894
9179058259
11774802274
11479865289
13001098175
9158120992
6847731821
13408781418
10936067349
8723994394
10159084044
9852580883
11189106792
10759860821
9433748972
9979718593
10273657146
7683076685
10171300991
10161384301
8133872189
10256237196
3592017845
8975233514
11956340479
8081213332
11709032926
11336430185
10411174289
10461265748
10050522902
12186200698
6723459532
10414399659
10432823117
10228038472
11234961675
11421009391
3931133648
11419055406
11437865975
9495227046
8542834348
8777285947
10901833957
9189727386
10419968702
9773638638
8281864764
9804081461
8197066730
9015374351
8891184603
8580825242
8185408911
5887462264
7494817911
7242729411
6914610055
7052088140
7311866080
7324411010
7487726950
5692353354
9962280772
7473436144
9283777126
8560293333
8663696061
7387677778
8365344676
7896721660
6294930815
7777151770
7433294060
7090782168
5144786620
6519067477
5937787454
6164033689
6216961121
7021173171
6903201457
6305234310
7240221127
7500254852
7068384724
6408286036
6837222002
6691908103
6571501895
6539274782
8377245848
6182135359
8487716560
8497097093
7244237294
8679583824
8389228722
7779438252
11172588287
8196836711
9460809366
9199323284
10632436680
7182260969
6854550338
8572446349
13660770205
12539507949
16631088758
11553932429
9580109317
10968211689
10437583453
17851197720
11357240957
11960554760
30138676911
10613384342
14089335188
8814890455
9747685129
10574950001
10051432870
8655646675
9298240870
9248503861
17384629339
9514148842
24512812697
9977434860
11170729669
9951997448
11951817855
17984152611
13726804940
15583869739
8215816642
11408187605
11901524202
11716522638
10929824087
3589228583
9419863170
7320800985
6177329293
7617799080
7047723283
6671549259
6298365946
5961968600
5622319441
5236530534
4730592799
4267168561
3785397650
3359005144
3668831800
3495572623
2668074358
3178357487
2974317156
2690421165
1235139630
2421240695
105417846
122791830
2021934460
1778221710
1642621562
1344022891
1445586832
1297663231
1615580102
1487641442
1292774455
1049070321
1128379304
1165955379
1127943728
1070198836
732632669
735955881
762852738
664529195
873995724
793379743
488660155
702318759
729750602
621471844
534655101
606658925
1018818465
4011975352
6407166422
7222402042
8030886101
10737020650
11054866050
10364039205
11585350468
9032813153
10732729658
11617217321
8787037572
10679867954
8499672242
11773280647
12831113504
10339620171
13618451335
11413843500
10399349660
12231658360
13114049663
7330556516
11805904438
13024866436
14628960614
13396056897
10826737457
13822336359
11896828070
8621041184
6687713322
7818642550
7107994829
11904396008
9378916045
7000868199
8222122213
9206098389
9898428517
15932465802
10903154446
10018653821
11019496266
8063443993
7657599774
14027552315
8294866700
8418832336
10772427973
8103328224
10013299644
7971734736
5701245514
13802310520
10363929631
16674638712
10265919673
5900221754
10734306790
12400751317
16967656262
9542974232
12111571183
10702700160
13315647637
14519025858
10412925966
7506904415
