7203917433
9997148908
9246996388
8540198785
11058910969
11795177207
9373124628
7102582758
9691970870
8591451717
5762865174
6402210174
10468178748
10585892520
9295026385
8526264567
15049709124
8260926077
9303917206
13260944657
6144027372
10759051259
11941696448
9750693529
12256573622
9049459413
8486763754
6538489803
12888819017
16601323802
11951753023
18773021935
14937703417
7819010899
8370931322
11232541207
14228073513
7918922851
11293414771
8163595988
16915040047
11928687635
4878385646
6264095768
9783626164
10686182311
10233821721
11370016322
10831214001
10685160792
8311874657
11889594951
11748036682
11875249641
16020326252
9463685154
15220126721
6910283289
10110325556
6816226870
10250082071
10980604626
9874618806
9862227817
13199080128
9453744860
12452698122
9766744462
11188662888
10210246827
13238968978
8878515180
14862366902
13755581852
10435538629
8465048889
12117654680
10154650018
12565394909
11926730270
10172787807
7048547250
11134949560
9640819274
13741657579
7757091998
9799811920
11218133857
13136880535
12110359108
6796396612
12716162453
13371175438
9315152562
14062323749
16426805507
11286426316
9539557654
6789665779
8716835556
8462314652
9670779973
9266848593
11820462756
11551980371
12992671272
9111604982
6784236425
13444050440
11030811735
8694814001
10170612996
9843986736
11131125849
10859078069
9419859389
10078669976
10287146650
7708509163
10061599341
10119640455
8205278570
10146702622
3585149375
8905182765
11929551971
8098983022
11642598653
11357127342
10519336857
10542640241
10009824271
12191432211
6640755807
10294130000
10501195049
10221203979
11200172940
11426300240
3887559569
11383558809
11449478737
9479787483
8570041470
8760414684
10843805739
9153157158
10343398297
9710419382
8309076004
9832939180
8160020673
9032917968
8889902928
8528029988
8112189651
5933306627
7395930329
7207202233
6902767900
7074329637
7336397087
7182532175
7425108047
5697352756
9877673688
7467534894
9308435128
8476533496
8490705535
7353329698
8330867817
7872153462
6355789753
7738986093
7361031538
7140470757
5147936585
6439232187
5922179078
6088763637
6123102295
6949223481
6867211028
6297479854
7180052561
7420395197
7169309056
6382454904
6883677524
6752584571
6541469413
6570905377
8366972449
6080746504
8447928780
8527576102
7160528113
8696043684
8406933550
7802511835
11189942113
8230932125
9457187143
9205195565
10756559581
7126452076
6771837150
8672176014
13733447063
12578793860
16571592279
11660407014
9670014774
10999035780
10334131652
17845266415
11198357437
11927947155
30222011973
10571868309
14178321588
8798764474
9925744582
10421967748
10101374296
8540566349
9300727413
9219042695
17483726937
9522772792
24702896037
9950620967
11105303512
9948394802
11943637251
17905718381
13566163528
15434465085
8200325301
11413879786
11856725490
11697378642
10853560278
3652506193
9342334496
7273863174
6038020771
7576861623
7063466647
6567986515
6237107656
5914498388
5604010418
5185021533
4783104159
4139376574
3678499147
3405140876
3738058840
3459930741
2709460560
3033750947
2894837027
2696666237
1210659805
2331689122
99829810
187077291
2027715185
1743883129
1581641193
1263752554
1465741034
1286398625
1620651450
1514949315
1311581361
1127546490
1064081545
1198183821
1131207880
1102849809
687003963
603162323
695636526
625105399
894924162
735316483
463449749
738150535
719867708
664190951
641577403
610329546
918525219
4003285326
6288139292
7136681077
8022993681
10675372659
11019071036
10534468063
11466941680
8973515263
10594188341
11561377249
8863830000
10575148482
8408498859
11669228792
12757963832
10358733342
13638347238
11464872791
10400120830
12051078340
13113844503
7127183907
11836245986
13021531627
14684438226
13337827948
10782889685
13973153161
11919974341
8564165062
6639790893
7804068760
7098753737
11843289741
9214878042
6934085926
8245626861
9282122187
9947348575
15884292297
10842940245
10068596297
11039876649
8034271503
7685859943
14020448308
8200416295
8405146632
10797146012
8112359927
9993959008
7975822930
5611300785
13924926922
10272949187
16580171713
10166141731
5980992182
10666948146
12387764299
16906536060
9517397136
12162049968
10671481498
13358595882
14524234974
10265581142
7487428711
