7017152856
10153599064
9090627564
8706908820
11013713185
11703953987
9425452741
7038426454
9772360053
8645058030
5940092816
6232395643
10631502029
10606815004
9132828768
8496999261
15072067623
8190318841
9068481785
13166812657
6182380211
10671863369
11924767272
9836673861
12148577658
9030084756
8407417223
6531622920
12965231032
16617986904
12131801996
18398845934
14992412898
7732991186
8288677297
11398262907
14235582209
8128342595
11336502177
8257378994
16864821796
12039878611
4789845669
6260790954
9899835074
10568197032
10351390677
11228136702
10791831293
10940506532
8301886831
12051311226
11751601072
11881944813
16028089617
9153855853
15044305244
7055892568
9987254934
6512067526
10149663420
10961360755
9474498355
9980444146
12987381110
9417509935
12406117625
9763801474
11365233122
10391939317
13285818472
8733154061
14759180996
13814404451
10270340252
8483513236
12343557427
10398700832
12577541493
11683450033
10290121023
6974856575
11090630904
9876421505
13648316510
7906680529
9771406873
10782307911
12879803977
12196800383
6551978284
12845802537
13238077644
9146808688
13700195394
16361068426
11318637148
9485408492
6726957392
8705852993
8386346963
9699431891
9080121266
11581893813
11475811358
13105382024
9237826763
6971549369
13644938890
10936121385
8935875155
10287014125
9865311460
11412633993
10824364567
9583963980
10067262201
10304223743
7662906998
10323416741
10022323303
8079271772
10429428076
3760599310
9080390931
12190284759
8073738667
11835965603
11355658074
10369363130
10505867263
10044385779
12287936988
6630106873
10374171501
10516409856
10275085187
11199666552
11413944198
4031670850
11407352351
11406690843
9428495323
8385277521
8818676139
10959838405
8962253058
10495138534
9840835178
8442010971
9945822917
8181473077
9054722627
8815382072
8652432366
8446891936
5868361229
7969849766
7462979303
7118660386
7274167956
7282477402
7803288161
7509965852
5823664116
10035484303
7372221036
9402801168
8755411465
8636243934
7459279568
8382750000
8110245098
6568638646
7924934887
7482653848
7327151803
5045344809
6264159573
5935378522
6524999700
6237374959
7185881753
7078154960
6495501373
7070613326
7698967131
7417902076
6515732512
7102356390
6982952023
6711492239
6746610335
8551662210
6034044896
8575798523
8450476224
7084355675
8832847299
8552929055
7866044561
11214169500
8256811651
9711993335
9355548037
10494166112
7272369275
6607490315
8597593938
13705430358
12648980118
16195026886
11685732311
9756860269
10904836896
10669913999
17593548206
11286797492
12109252025
29228320739
10727222504
14077036960
8951323154
10043554599
10713858627
10390551798
8745643336
9291460340
9502713441
17399767513
9466221250
23984907687
10082152909
11233526671
10207180033
12126048733
17887083943
13799842403
15928309758
8310946763
11565046729
12078330729
12071010112
11199362460
3862425329
9690567637
7404839219
6163414814
7774868704
7293939400
6859565405
6266019993
6063671434
5698873001
5212207170
4988904004
4558463660
3996513012
3198707938
3795824416
3592021722
2763043192
3268737206
3051576771
2868960083
1190340550
2463635816
282661825
319352785
2035862554
1919159696
1708243116
1753699066
1839804802
1481395564
1569643180
1606595755
1304701490
1084815003
1101338569
1229307576
1071313527
1129010687
846528536
1037220285
718790031
692345741
841187384
813021104
698542508
803211333
692417424
1012518014
906327329
1038468688
1546112442
4354634474
6798948754
7225752635
8113840381
10819919822
11047207416
10403637981
11964214406
8869659212
10830008935
11714884647
8871235533
10744262373
8596110636
11609031474
13106271653
10227924770
13663879565
11472764336
10461440871
12235092254
12950975998
7646457101
11854938151
13312436582
14705722327
13626207244
10702373460
13798303124
12066148838
8587139504
6713317433
7921279830
7309907359
12158333859
9635144887
7257307628
8377687145
9168288472
10183510450
16009478256
10801537525
10034546141
11147259436
8056069361
7653042066
14305620393
8522849021
8234372204
10946599617
8171637005
9890691773
7899577876
5251501807
13410482026
10579550667
16816685935
10054436448
6070877430
10873100077
12525439438
17245046509
9661733313
12134607467
11111620807
13178907679
14647273883
10323489040
7718520831
