7088652878
10026333043
9193095296
8767801443
11437758261
11352931209
9755598864
7199337162
9918550098
8658266459
5996324191
6358477109
10667299675
10669168547
9213236177
8430934936
15344569949
8282486214
9285444544
13398746583
6247822273
10700525742
11844847589
9818550042
11924645282
9068976435
8382691942
6412453928
12912949708
16545760527
12132071002
18189416796
14845400859
7594748867
8250078851
11503607088
14227085598
8292504136
11113324921
8173415170
16756594136
12319586756
5086309115
6074985193
9773901491
10227699731
10332744721
11100056643
10825686588
11292651544
8349677893
12228927472
11565656105
11851211524
16123375892
9124274525
14943437044
6656901613
10300219024
6598464460
10446361641
10877275237
9321668495
10073993772
13029227775
9660469841
12467411199
9859937854
11302020097
10456935872
13308254305
8684479926
14863291690
13768577607
10055451963
8581711768
12466775895
10677818246
12870508455
11854324066
10294554089
6878874570
11091623405
9785676980
13765965505
7618638026
9606171484
10635296529
13013906008
12199916846
6516569279
13064710537
13223330562
8910288747
13638224199
16455215367
11185962060
9335378289
6844703843
8733273600
8164697196
9573642518
9047768765
11466178689
11475200704
13135597278
9495759788
6816822500
13711187569
10929690841
8898598809
10409257272
9738970775
11490351788
10891116842
9547490310
10090254707
10350737871
7769947853
10182866757
10132020669
8167038565
10550523472
3649870785
9258442828
12254922843
8161959363
11902824644
11245883359
10501669812
10449447713
10196585199
12231482923
6585591905
10126280244
10472732912
10064111628
10877583527
11464576116
3926768110
11541366094
11334375698
9271998857
8490529748
9125630284
10722434078
9108931248
10470508246
10149806703
8501244035
10139107391
8261507673
9415232483
8749796608
8941603176
8578502187
5970815484
8074937827
7530867574
7364902060
7645851205
7503843131
8071567031
7554695619
5924182442
9983838146
7179079281
9538838195
8827919143
8467860194
7689893158
8507621399
8304917669
6721165884
8175719585
7723846049
7543555507
5354712732
6325989335
5925615169
6530276393
6407936787
7160994407
7366483717
6505943056
7160933183
7602274219
7623349712
6278296286
6862339742
6890349471
6702038729
6720167121
8804782457
5736026958
8377049759
8641445820
7095471788
8572970023
8585826671
7684423929
11232990421
8273147611
9927654556
9415287416
10559400776
7502651280
6517480057
8522294404
13713064307
12555366942
15939653446
11742957563
9863273168
10952594805
10696399412
17473647821
10972630037
12346182310
28502926886
10829436654
14091309108
8948379639
9964116263
10720645092
10019801172
8657804073
9260350501
9694228743
17345840369
9419568790
23674980240
10065142943
10872771930
10201990831
12042414483
17523511866
13705568899
15473247907
8373164808
11380215991
12027344117
12541474856
11607267971
3973854277
10067430627
7342055592
6087336899
7944137504
7547189661
7059393992
6146430895
6298272103
5994803028
5037007902
5107466016
4835696095
4222262555
3231700448
3943125760
3697782573
2580009409
3348721971
3106752829
2857891985
858015860
2468637078
83880612
390135346
2146958492
1996242993
1842007560
1747100280
1869827181
1586847372
1651411936
1649531337
1398516185
1269688048
1272372078
1047621228
1163364761
1186879215
843322247
859359151
834984537
674030206
917809821
652714653
833173828
943849571
985890097
1486953969
1519829444
1615284556
1743505213
4801316799
7006497818
7518931320
8202466666
10966151466
10849205329
10305054863
12090972409
8951460606
10831426012
11976450976
8934272995
10714721976
8639609607
11684334727
13157711943
10020299845
13440086499
11283394904
10609795096
12121172075
12729536843
7598162866
11845666424
13418112562
14639066409
13824029633
10738053026
14022728105
11858501267
8701159179
6582202318
8032342425
7261609532
12087249431
9539204117
7136452432
8337210197
9377494921
9976088706
15940878420
10764101808
9984433424
10986818639
8082375078
7669016678
14622910207
8378366810
8310829686
10850332636
8466485475
9689788876
7684091755
5508991937
13475241595
10495519149
16814043436
9945418127
6086795819
11037328636
12433987797
17061068335
9726748560
12194301520
11218953599
13046155562
14409611358
10076648957
7500604929
