7275128364
9982256612
9317915440
8628056234
10921898154
11793174761
9428899939
7092844912
9680981895
8600537755
5812987379
6379989140
10476773934
10594482255
9246034440
8525366096
15189073664
8263842378
9247697395
13162063025
6196803391
10680998608
11941798996
9751985270
12212282754
9082630092
8406745771
6528629632
12869875479
16638201013
11905736239
18734159497
15014847947
7816582859
8332772858
11227439589
14243897465
7911314917
11311110386
8087941485
17065397725
11970295758
4894314391
6292758488
9749288268
10721343283
10203434946
11440591753
10782312505
10743654879
8282406145
11838768541
11743286324
11826139842
15986348895
9553413037
15291173215
6857828212
10076036338
6868804996
10156700070
10998684493
9770087381
9761520421
13245370315
9402563745
12521544241
9874307176
11133895074
10280992383
13250692402
8806777308
14797841859
13763184615
10441105619
8490626772
12031304970
10142142966
12569921660
11943418671
10199709967
7040376213
11048322110
9660307187
13697039085
7813654373
9824401287
11208172426
13227877035
12065908274
6807354858
12734422540
13342425410
9326858202
14096366426
16455024832
11299004378
9470702082
6916388975
8720923812
8530695874
9643300172
9235468402
11739056041
11571183324
12933435751
9074182335
6748926174
13432519383
10956548766
8747058442
10178568079
9792611872
11100434316
10783089677
9474657678
10069286460
10304354138
7753348050
10085724436
10142415082
8145052206
10045737739
3557350879
8875972789
11826640655
8019409013
11579978660
11280784864
10487809981
10482829060
10015180961
12026026290
6613008347
10310972923
10505866302
10261315861
11170908598
11395717414
3926108770
11351298264
11394021220
9435795284
8568912592
8788248779
10741629363
9118333407
10311762213
9590470971
8325002216
9854002248
8235767727
9035429167
8837903416
8451429493
8112026063
5834853551
7411937744
7159446532
6973425699
7080834146
7234125875
7129459373
7382366794
5685571418
9826554109
7490465883
9259791141
8609461877
8506262171
7435166945
8242104368
7804241064
6300369690
7645377331
7367946483
7034742207
5102119392
6495819411
5896914345
6132041757
6090096823
6869360080
6869124335
6247180400
7244835960
7477231965
7088483975
6361420408
6860850472
6672644619
6556650579
6657267485
8300834251
6076780490
8447245070
8619111521
7138499723
8705567210
8370001850
7764264080
11153242395
8221676542
9391943776
9192502675
10802041523
7162754879
6850642594
8651564225
13752959605
12560404245
16645707683
11665117065
9545013876
11059773881
10351252892
17947120189
11153249970
11881281171
30458221395
10601088959
14222486370
8743716699
9938209829
10469214335
10203330224
8551573268
9306689980
9186790259
17565437253
9545158843
24804420012
9962690783
11132604615
9882236039
11936664341
17809466050
13579423349
15410492251
8178940904
11484958927
11741545455
11621639863
10809092654
3684578305
9343544038
7381231211
5993943933
7529989908
7019329225
6599947334
6228935067
5922810023
5577284065
5154601825
4826829722
4193957142
3714543396
3411743902
3694411316
3418168852
2618015316
3050936404
2921980240
2742216780
1198329468
2292225671
31811257
176804625
2035670780
1723418264
1573755537
1270217019
1434102270
1284432392
1557423173
1518234597
1286130487
1177482157
1089305215
1143390518
1094531259
1123572618
676854431
564657953
688104735
663843937
880821579
732667425
352442835
714979290
651930730
628492764
607738785
602553306
855540019
3973736469
6276881370
7141386028
8019491084
10647843806
11105013353
10509032631
11429729332
9020280282
10535342118
11531729788
8909845046
10568650272
8480522210
11728270134
12799783602
10353219204
13706551221
11578234858
10398797204
12024437101
13135604457
7210257360
11802668804
13081475774
14698382249
13241212403
10900475746
14003901304
11846068921
8443540074
6671835827
7806830121
7131508264
11774508103
9213132411
6925757093
8259039878
9298854872
9970771947
15948433539
10767980668
9978663453
10955164605
8020801120
7706537356
13965527356
8126881978
8502068663
10823089625
8130818148
10022553962
7897521502
5615106110
13998069558
10301300309
16534107431
10235061401
5947453602
10697314316
12395786138
16906714832
9421764013
12200233340
10643433766
13258627207
14511883117
10238843095
7510418536
