7001419097
9964176686
9155748904
8811523823
11569224688
11230747630
9680576722
7217744904
9904544881
8768176090
6069170993
6445743786
10713112395
10714253607
9190883120
8542886674
15357881350
8304724087
9322352828
13372568545
6146147478
10882891831
11880127853
9929210547
11878167502
9126819924
8352232820
6516413170
12822327737
16698799245
12147219405
18188093233
14734494113
7784492153
8320125538
11381307849
14296835592
8338347854
11074676671
8193494975
16714621449
12258185770
5064381450
6125589330
9861760542
10312944165
10295744438
11079774088
10768764633
11326945611
8208846105
12241948392
11542268705
11811321835
16114880004
9221216828
14910920479
6651079932
10380692558
6740032667
10412571293
10863539007
9368678153
10038770955
13053022136
9756210768
12469881844
9724392477
11305420865
10488961795
13345461933
8557255425
14921951221
13751150951
10185360068
8628995765
12401516282
10622557690
12823606101
11868092929
10267472127
6884721180
11019618039
9861755915
13781393194
7585587241
9612859861
10591577469
13000542475
12277792279
6585734373
13077186173
13182078279
8929821490
13663261991
16328574973
11180247476
9334494193
6823987910
8766567980
8042775542
9568889106
9197549565
11461774746
11421312649
13151914396
9520021412
6860310991
13629977585
10882874434
8824032047
10292149486
9882456996
11552431843
10920606917
9583595751
10159588249
10308591718
7722960870
10185345672
10224664938
8229904219
10485322781
3714053636
9292034826
12195999661
8163140406
12052867990
11168667686
10509864735
10519465904
10126441287
12207632263
6525985725
10129635076
10376806140
10133222461
10915274563
11473496054
3870195460
11570744498
11313971394
9310092269
8623935810
9193601813
10642006023
9058452622
10362683281
10200698729
8501177793
10052907437
8353496396
9511575545
8726402455
9022419755
8684830242
5969341058
8090422734
7609037673
7459010405
7708401269
7445249019
8028133581
7625549071
6057672355
9938658179
7169174050
9544094613
8864551191
8523475731
7641413582
8523968833
8348002883
6681860771
8224887193
7662881121
7640310095
5391734003
6398692255
5857116922
6444576632
6313407615
7157966985
7370286733
6397981270
7218397790
7751937663
7603133712
6308007633
6908040000
6926575319
6785534539
6744155776
8855762625
5740872855
8389404620
8505723440
7064053539
8558373459
8630044223
7647461302
11194898962
8343725659
10133485272
9278798727
10437410684
7639957876
6622449759
8543626311
13744809664
12548994408
15812275138
11903044919
9838121802
10963054765
10863192840
17498964234
11036532047
12348506691
28457797816
10876344197
14235131390
9054495801
9981716506
10737550747
10064976205
8597541982
9360115446
9568278259
17351981184
9480629714
23607354484
10150184467
10875125735
10219138228
12140870793
17543413580
13699032837
15452760963
8303772352
11329078013
12046240643
12614169145
11714492833
3937994954
10086729882
7227077053
6080154171
7859395524
7631578011
7082945362
6172680545
6373370416
6038919349
5028949843
5190090370
4859480976
4140521181
3170836271
4005760616
3724226994
2561897249
3398896723
3147985537
2820278310
834888107
2482580743
181226226
363901682
2148759638
2004125169
1956494999
1844316580
1855204123
1617491895
1607301962
1617871422
1546389929
1268330343
1279443066
1013060200
1216285931
1197716547
895131171
960176358
887681167
805640988
867075217
676636511
832753800
1002109562
977220721
1530047056
1538308605
1610582641
1677303680
4931242157
6962230709
7609277237
8314728900
11093205561
10808407376
10384577644
11999323949
9058585176
10859313746
11950143235
8951117825
10577747698
8558553429
11711779967
13196178244
9986332190
13503291437
11326136873
10616788425
12281994288
12687486587
7522741264
11868704771
13359512642
14629057510
13856753690
10794263612
14141948085
11842553173
8829567226
6685585920
7921853809
7308803146
12124575519
9597901900
7132200489
8330747177
9324342459
10036042775
15957592312
10679581285
9943894898
11063391118
8063916513
7706709361
14627695635
8317063627
8418763877
10824686992
8536153910
9639552969
7708971339
5628108465
13481179667
10664433746
16734623873
9917009457
6211797091
11002313669
12479890430
17032243622
9832979953
12165901301
11197290228
13180176683
14501889222
9948261386
7498891709
