7217721264
10010616777
9292013109
8627160154
10968227615
11808032648
9413864719
7122161763
9706911791
8651332233
5807321818
6434131653
10473308852
10565439456
9278322438
8524843915
15100159847
8259301514
9247916908
13221011362
6238015091
10742207874
11956879470
9762005095
12262024285
9014753249
8462047948
6541059781
12865217915
16621842965
11964077832
18782301014
14933193316
7773338122
8334199782
11232120070
14270411918
7948358937
11311427269
8190344509
16965539647
11973531840
4910460113
6294362704
9840905479
10707639768
10234474110
11362974641
10794278711
10719500103
8292398272
11863543197
11674437243
11884680138
16021447162
9512344833
15215307663
6926738509
10115646775
6851386714
10192399150
11011330824
9779321614
9773040832
13219186784
9450529872
12481862518
9794031008
11139947505
10273165074
13250491204
8882705013
14853735623
13764174452
10383122696
8452245246
12063143378
10148269189
12543499424
11919056718
10146608958
7037786832
11168899873
9663771450
13758946660
7732210570
9813530986
11265428451
13202352584
12031797806
6813134199
12684616756
13351588080
9324496110
14123307448
16445282854
11325959216
9554984066
6840682171
8714819064
8484757167
9719773910
9233557621
11771072342
11558162161
13022383815
9093885395
6727118528
13426346180
11001612046
8721080636
10181315462
9822311272
11120886152
10869382686
9466319385
10072593217
10277976210
7739568446
10053770984
10162524334
8176374377
10110691221
3553879790
8887187946
11900662862
8073474612
11640633003
11369129448
10497737636
10516246669
9976394778
12145495985
6592950429
10260422294
10514436190
10241591586
11224451478
11393608244
3890835856
11365905153
11426522154
9483768124
8567302603
8813017430
10831833554
9108903330
10323835211
9624206775
8272532182
9865248964
8193018459
9013032829
8917268255
8523697627
8120414455
5843822568
7394954316
7169944838
6922460763
7082658734
7305160431
7175862193
7371902808
5697903833
9847421268
7491688040
9247082904
8553119901
8507269066
7422506244
8304298287
7870397822
6314940262
7707798070
7339318505
7100031824
5097574194
6486913856
5876941223
6059063864
6096321917
6890420823
6900564291
6265578588
7234971279
7475950442
7110086679
6389904263
6873726044
6729456659
6572735836
6634718947
8380972073
6054195563
8420169401
8634477054
7134506497
8680040712
8363755307
7796030705
11162407489
8239010997
9394949545
9185528239
10773717230
7141867359
6806928791
8692105488
13749171780
12622734478
16582411479
11693464036
9608482006
11030938139
10350110208
17858349518
11153956237
11939490503
30294992796
10604432269
14196050528
8755559798
9925491196
10436343055
10180823075
8500623779
9312586075
9220896859
17554428793
9568151820
24750977109
9974581751
11123365712
9912844397
11929680396
17867938338
13560827699
15469897443
8187841582
11478955759
11806954758
11669206755
10834903514
3620605678
9304325871
7310757029
6062007693
7530144110
7034310778
6533209533
6238493179
5922159267
5604169008
5208298915
4799050856
4133350926
3697029198
3379868599
3729195528
3427068710
2659659128
3029766956
2929073798
2771701089
1231715973
2297281320
59081685
190245968
2020341657
1742282875
1582142326
1212737888
1494479766
1254877181
1623200493
1530631432
1314728987
1159331919
1068708546
1198328484
1103752427
1078176102
640853519
580312548
671807926
649180901
871822914
735970422
397125618
735007547
683313047
689713752
646854342
617104592
941136282
4027233006
6352773676
7130517832
7987219479
10646115770
11054192629
10558668681
11485293555
8967960653
10536930994
11600488046
8888798952
10585935784
8443882298
11676999093
12806980443
10376336548
13630048575
11532690158
10416613309
12068963831
13125274454
7197468268
11778633104
12971667503
14694589736
13293153442
10810209975
13984946731
11953426583
8508652067
6640657793
7820431218
7129192002
11790125192
9231509661
6900450091
8243322264
9306037133
9950873795
15916540628
10869151034
10014527223
11005883688
8027798701
7660814605
13954425172
8192316678
8420689148
10777768691
8124065741
9997765015
7971605537
5632581820
14006783055
10287468932
16601323453
10194168779
5990397517
10720215507
12363999388
16916987693
9452574755
12176039108
10654611997
13344664711
14528724524
10264771182
7482672158
