8608896934
10643378500
12089412749
11111133942
12844493487
11828807943
9859700018
8595558965
11879239059
10158344425
7361734788
6868036552
11753613751
12061887114
9347114933
7981235499
16408977201
8020823062
8994435069
13819470409
7610145814
10935411917
10843669004
10302780711
12265275652
7834069754
8342408905
10692009319
13232178401
14300216028
11497777335
15641225016
11933644871
9240390181
9353963261
12081386147
11392712573
9893965248
9333453410
6822756152
16039864124
12971083362
6798292325
8207329081
12335076404
11606494434
8162187675
12042382076
11455430219
9173520219
7870364822
10960573520
13068366293
12199654536
13848051590
8553564394
12628931823
9220214217
10804190556
9109920816
11403077722
10902184185
10783106223
10533028752
14541303117
9386305075
11088155029
11067846832
10814349987
11260036848
12434301987
7997477521
10972859426
11227749565
11755678284
6686827602
10081689708
10573195081
12206320374
11171480101
10509436819
7827383592
11689817302
8909041635
12443572589
10215240000
10340229472
11186882540
14131272907
12724923703
8300890028
10397317510
15333157214
9776014845
9693650367
15345884947
11030215916
8298243318
7123475645
7513523766
8183098275
10560735952
10180167950
9686079146
11886637606
10790190704
7756258416
5753735520
13109255878
14030842248
10473774237
8019279526
12044901490
11341675020
12561440510
11162455646
11776194570
9802548803
10420570856
10728831344
11980297031
9518181067
11719681063
6802344084
9490741683
11613895570
8220237103
11475738417
13484676672
11161842618
10108249590
10701053432
11882114804
8518817823
7536243560
12064335341
12246606416
11838330749
11410695470
5256508100
12045321273
11521762250
10154002947
10521359199
7164066365
11133671015
9553762699
10861151317
9026053412
10182439948
8866078217
9962005002
9724791472
9270172763
9753427691
10580584041
8787439439
8096692889
10383915066
9370955880
9634763116
8661953398
9441401170
10211873688
7744645938
9615175947
9670038025
10488216205
8202726990
9385997305
9658664037
9402916083
8317242004
7941948739
9501287165
7037782849
9169688041
8933625226
8971760251
8110177795
9319029420
7428828918
8397493157
8814087160
8055442756
6107207558
8005454563
8409671189
7398550831
9709528243
8901169716
8713068468
7612067224
11509553939
10111616823
9692489381
9820134809
10112862479
9266860147
10332903201
9857819509
10062230580
10882682310
10432780783
11748563603
8643424653
10198325002
9086669321
9026383753
11364217717
11581141687
12428044032
9730826361
10870073869
10656721989
11895900570
15048920462
9403286956
12485491510
20121745847
10396019932
11908832042
9343613838
12623016524
12228337674
11043022770
11463530610
10216924290
7014144857
16750836258
9907148298
16939579603
10700157085
9856286957
10815007957
11114516049
15289589788
12485800247
14516446503
9671082871
11244177187
12087282296
12529418292
13744190977
4514325336
10734562067
7858144266
9274878794
7952228749
8115603906
8573400520
5580140260
6904743890
5164196454
5858636077
5815520033
6163277676
5635073549
5931893389
4311403354
4220001143
5069013091
4873127474
4617950207
3714378018
3966025057
4543994844
4332734469
3003399362
4247461799
5620930822
5965269883
6436290304
6212956142
6183575789
6530284254
6073343562
5978041915
4941981909
5317584428
5091779060
5280191943
4823803337
5484047691
4817600576
4807669453
4901023310
4473033965
4370911803
4910617309
4905162362
4994525349
5100023188
5245480277
5798942244
6478556286
10857868550
9333031644
8805586780
10489360664
9098134381
9716716168
9760011228
12815616877
11883699729
10598141225
10006848740
10889865025
10883777908
10578012890
10967447269
14119791867
12500448835
15200271417
10711237409
10155377165
11250995437
13176796716
8740879546
12061026639
10318250589
14533926067
13850046226
9354574406
13839359974
11927858457
9326766344
8264112910
9036530608
6080440589
12199860189
9652315819
8988770906
8608476988
8679132149
9175489500
17666133406
12897324824
10637961610
10644418037
7968752742
13094364315
10684865557
7990066625
11096865755
12162256254
6867096359
9739923789
9189188764
7545901759
13447168152
10986583261
14464509714
9788955303
9929980796
10393856707
10751093941
15938533428
8798538312
13490082864
8974729255
11955244327
12003893293
10278600830
8908961298
