8828927409
11204718786
11355187245
11062226653
12439592757
10833532799
9395751982
8631608994
11473052919
9198212045
6732268663
6815298654
11088875991
12378105624
10460817400
8527317127
14810879964
8480333277
9990093942
14351557332
6861035203
11267282114
11302726286
10964634914
11921448143
7932177606
9056678905
8790671636
12448096023
15018731795
12688440003
15330646928
11340808645
9220307574
9704986197
12804717270
12835668748
9983540674
10149120770
6596723885
15986640397
13374320003
5662317452
5885836318
11856908161
9947614769
10525139951
11559468985
12094979148
9864285728
7001926758
11434729384
12445436101
12002239858
14765743352
10357239583
12594839809
8088740914
10907220601
8128489331
11218242310
12195038980
10288775036
10493854625
13422053539
10281611810
12229803445
11327347672
10439675702
10992987146
14462006489
7368873376
10852743218
11394175077
11397602277
7322083007
11674344306
11237300908
14049181042
11608692664
10739398077
7372224355
13166981386
9080631862
13411171595
9836589643
9230577857
11034543567
13705509002
12564604812
6226423698
11851351081
12735342133
9556603452
10364564949
14333458816
11166594144
8935550966
5850327780
8101968521
7120820880
10410550764
10038692301
9839634889
12444096839
10913202581
8530530143
6351614288
14714193755
14160056447
8438918081
8982275370
12225534191
11209068186
11480708240
11086290607
10859419980
8273099897
10232039655
10634675575
11768058992
8541746372
11810487999
7607063574
9180214237
12592805001
9127341748
12004324629
13316877695
11777015484
9804829453
10736866285
10945058275
7387622760
9314448665
10789841747
11207790527
10618132751
10876316418
4573156052
12930999236
12179590191
9583645058
7594885765
7677203629
10502459859
8910959011
11631135533
9431035471
10385056001
8821440465
9211452041
9627683757
9218465032
9267530713
10180771838
6808647706
10012643859
9219673902
8701447619
8899608193
8612486062
10629851745
9554016382
7021902615
9542665844
9865814667
9344761709
8438017301
8724003988
9664899029
7693614649
7727979035
7412419204
9017342051
7516685835
9151851178
7981092387
8839289531
7954821819
8624206783
7938365324
7378387854
8613067858
8072538893
7452588760
8959585438
7685664110
6049585206
8117741347
8567422043
8498863819
7174939638
10735263434
10036984008
10308852466
8930724781
9703503467
8424555024
9979997641
9887451606
10434570915
9837930913
11405619390
11312928665
10573761948
8701746245
7420368190
7380269043
12819563387
12758514743
12549957025
11202364494
11461062912
10782458238
12291754671
15763252023
8919455929
12343063402
21126043210
11777451698
12837082281
9020736475
11210982759
12912487568
11280001188
9670047964
8740906726
9147150520
15875871385
9339834517
18893232772
10463848315
10138296474
11104396705
11239159974
15484539037
12193741381
14555434796
9005030285
11198995232
12568596957
13404034263
13548246518
4553078176
10832325572
7600877984
7417529466
7253751972
8346329596
7881722256
6557485911
6789755426
5381960988
5267308650
5778448775
5888323370
5405008604
5205520253
3822265176
4866008658
4531587450
4195307501
3970181999
4040652836
3803476513
3466875233
2987663208
1313324340
2902661435
5226199911
5525005631
4717458662
4982876432
4695693880
5112022658
4232277889
4955112967
4885627125
4008365888
4374583713
3909672208
3711877951
3394332688
4172944276
4365002236
4226481434
4102218951
3396142443
3688735184
4122160754
3727636773
4193102407
3688978469
5446461815
5635354227
8558269778
9016979247
9762884281
9572947681
11099506959
10039921916
9796591925
12050078934
10564847400
12444043296
10753361745
11355669517
9998076740
9284652852
11325211687
13591312548
11056672456
14457830486
10571188624
10412101191
12703278858
13513813675
8187442783
11854954829
11703282938
14316171122
13272126635
9481640269
13850246523
11538784167
8759894830
6770036364
10483504225
6130584813
12931148961
11405698517
8198330156
8548095559
8748301858
10294633213
16556043695
11848134087
11431657647
9801052585
8143287337
11550093650
11656457638
9006957534
10169737393
12192367712
7801348732
10109689144
8476703448
5374259125
13746577942
11400406015
14484056278
8921999504
8500237859
10892194229
10541201413
16417618484
9694528423
13061849483
9983704379
12622825819
12738900495
9910752081
8253297589
