590481429
756212837
757796763
563928750
567733911
639593505
601701527
682963772
751606778
1032189785
443463578
692946859
663641498
737378058
705967779
406300456
742326624
724384968
577102397
449260629
856591466
329526257
698111020
545356781
477023281
746874064
589430095
747803302
360767501
86042215
842338315
948133681
532053479
937163861
851284734
782780847
762305654
926889465
773848936
215321358
89893204
955126861
464138298
358405749
572793225
290153649
696748988
574122762
677961970
758067991
838775171
838551144
701410242
654036620
346501418
414416961
753608219
1108152549
748066335
713901207
1184963486
321716537
603990388
186792485
732082449
1201354217
332138579
528454357
511906454
641913271
724880125
568600235
853844792
478354969
654634325
887343598
755697923
379629360
403668061
617813328
756676624
751936161
1039786761
733959538
380293375
408707181
719831384
191948490
485429048
629533168
578042338
879671407
871424258
608454630
390016650
615535770
275326171
1256246366
474635536
696984509
561321476
467580889
322847215
447150507
394354101
544619568
375211953
101005274
1285614565
513226862
770441247
750719625
778846885
322254773
659391641
450434868
306282416
417042469
1186028765
812911532
376685369
683552924
211930388
469211784
965045543
390309971
752295587
1049734603
1136605749
749028815
473896490
675090159
969507352
683785884
632698583
720083287
529106586
1089259145
390225419
186635958
634009685
483943185
831138691
1018932859
442469945
691668147
663237921
947033440
598573247
636558365
916910851
857097022
678499309
482403645
747410116
600581995
574283502
789154586
1272259372
471653914
655547593
796743856
249077685
1013234054
527816204
525907554
627043876
748020857
762193343
662496377
571177877
548712988
655734094
595241865
904021575
944922678
620192998
617518742
661599065
763290292
512347907
904325431
1003663452
457306583
498481627
1638737884
641591457
595467523
643655119
589103630
504593582
993831328
543599257
2059283582
694872747
610927884
428640889
337354779
301290801
326908630
701755534
425661890
329188375
326647545
389652195
602653358
374326106
473908603
731377766
431342629
918249505
678188710
627353810
434907441
408088450
325758215
373432610
471070647
382101842
485202294
269224975
389575145
304201029
326714060
424850471
293870038
355211388
336141452
391177061
369640406
202039378
358969182
358868027
319459676
318462681
267726084
277666716
278751791
193566936
248256612
211532465
211678712
230961141
199813870
238723206
160140969
176527458
218252655
188720974
122492876
120298878
174666601
147919835
141164693
120855923
133193128
13442241
50074960
113928662
99482630
63287559
66628026
26004562
38911654
69673732
38156052
45255290
24655507
2074621
58709265
48739619
38377274
28913378
46688592
25885488
12051500
21164924
23082645
16808932
21248484
4385583
14311961
15345715
24173896
25047905
20349633
20035963
10782555
14149733
13411100
12781036
10624417
7117891
15414265
3467731
2975875
13226727
12128238
125161988
155709313
176535808
210373360
202469163
219222270
292243897
301906544
431382006
441610667
436556425
801938859
636661465
454404024
559568712
587456255
495420419
702340119
657096486
496680222
63586413
635925190
670578787
625767655
487852526
594079088
401255309
596620343
694990459
198321039
410185577
652320534
237142477
570260851
615082492
657617792
610475883
781210227
541009395
606716770
309256707
383349789
419775378
387064167
736349019
735005520
532997546
489937017
864319448
525344570
579269583
840472848
969560292
377440503
637172027
503787820
778851319
720501367
672025482
793207776
840227115
90868145
654128693
264198145
601387553
325803171
936483045
