587816270
742073822
757971689
577215807
552929767
616800021
612584592
669974278
754735835
1038837523
447654752
680180393
657340564
745472552
712080255
382418785
764863372
731645336
566586156
458935645
849421341
336326732
696582621
546927730
483234092
747648620
595038889
771474384
359169679
76432284
830373790
955153914
527496216
963651539
851026109
784292192
769450661
919861382
772308839
208678532
90503860
959961950
473242216
345508909
575496494
296161308
693865331
574637508
659325170
769435424
839943792
826175238
717685194
656887207
360968775
419813516
740067493
1119788862
739717335
700710597
1176219850
348467999
589130032
181274764
732002455
1216093797
342724941
514649642
515851731
665908347
722951869
565955971
869989369
466632951
635863042
890140904
758540964
388930704
375800172
625771560
738226885
747936919
1035436625
730113541
373689156
396002281
726142575
197758358
480075999
620277886
566378473
887677280
884574414
592045620
395393961
608240164
263996062
1258231331
479288581
687214926
572276050
485231382
334276277
452016901
394239761
535584149
368759340
95691146
1289510712
527946063
777489737
741249666
781507145
326360647
678866848
439698919
321402535
429589363
1193403775
824357035
413301680
686183223
202928209
453293194
983218938
393181480
755244979
1053124581
1151840447
734923981
475684894
649863242
951082309
679813556
625265698
715519542
575832547
1092258723
378030829
175083612
598898626
503240435
861099033
1012293998
438778263
707955152
644190610
937152151
595391845
639964146
922000041
859815800
683380241
462075043
735756212
601249453
573447903
803703590
1261685884
495966223
631546109
791279411
246556321
1000884549
539698767
540674950
633903358
729820410
753496406
646920481
548612220
541310418
632257936
595540186
922178193
932236558
610345765
631218121
678086463
736860752
514151190
906195135
1004625807
439926696
492423852
1568491091
641927155
629897685
639327892
571810476
497366187
1012531750
561811273
2058078704
702000840
604164236
424078607
355954259
308481616
336847858
708038143
422105498
319521448
327424176
398542397
622278778
391675461
463682127
738060878
415342797
926108929
655283162
633327936
438768183
408106084
325731202
363943372
456396119
399301010
460281484
271036815
415485316
311948193
322812490
396124346
298486519
363028712
351274129
401653690
373416348
209850798
364378738
355280426
307134373
294145177
289119963
286247570
278583090
208580608
238153917
212209183
205218145
234220386
191923880
243272509
163920200
182858022
227511918
181179692
125526294
154584001
151092159
166357843
141578969
133777392
125660012
12789230
45962354
120279305
106929198
59963834
76316856
24514384
47538285
65060638
37719167
55650436
23610739
687163
43231790
34519382
28177870
35218451
45270311
12744971
4429103
20152314
28036635
18062088
27915212
15023588
15299851
26995789
18127110
22951793
1792975
16742706
16000795
12252331
9881704
981804
10395248
5770812
600140
14452626
8859734
2501143
8105867
173322565
218921307
232249573
239761593
241357921
236329569
320717939
349172173
458072837
458826205
442379391
813950453
635922957
457294422
576052841
589025876
501880415
712195681
649666445
481242743
74276488
630176030
674671974
613973282
480680804
589783372
423133212
604312305
682464409
172080392
412329448
660721757
243147785
580980643
621734326
656526813
602608296
777106969
534655206
608353761
326654386
368815259
442843889
388201718
737198629
736647126
519595238
482577954
876785969
515034110
588673619
827636414
974098157
390000375
634465147
502492425
752767341
734110718
673900159
793569153
844002902
104514969
666408534
249053159
583305142
321590799
927528679
