441108429
640635908
793288920
489944426
628585632
676480614
582482560
632154411
802831307
1110773005
600865853
658763942
595798430
629106491
692817078
433185467
763005161
695025597
637428516
563750548
905879884
316116687
853826387
646260176
490546315
757343258
553577215
606211337
527128072
169147340
756593591
1026449170
538833460
891867855
871539534
865978839
826336710
971146204
728820312
186076638
87560334
911338093
530379129
341770003
627568382
270027047
641856846
589672549
716474839
765507530
933037250
551640734
739423237
731862054
395290413
380462625
737942638
1077911730
652064572
714329957
1112342017
349517707
621370022
208368387
747612569
1220243329
318138156
557679894
428884576
632948938
658580169
622768509
935099495
461899198
716623067
913828958
621165885
384934520
444552431
527104148
640614407
708982199
1086166188
859578369
376689921
283190407
725867048
265050832
351903495
671339924
646641071
893033326
908555394
561945732
401705662
580527690
204863660
1201412861
579353724
740081371
475356935
436012316
485855161
419784791
470081021
591787160
423723157
112592475
1318185694
534534338
728310322
570002034
724982478
423429448
697096249
422066383
351446808
485246030
1264475407
650055234
466229664
680497540
331216472
518461800
1031869447
480714588
627164811
992745722
1234019603
657056852
415436460
638467279
1015205752
594426873
666131090
722842279
665459713
1023640687
357550335
257850370
658715592
492303924
855406096
1079622346
330089134
629442544
627354522
899065154
512324978
729238281
1026163872
768377594
629726109
531518062
758214498
586935434
606916643
751042360
1274419569
526003659
547760775
790986565
320066041
1087891118
664864511
478588143
584036208
616431268
721802118
576635914
615893145
635554626
688946897
633250431
843649379
808272779
595467992
599286373
709702039
625893751
571426271
845783108
946202565
445902820
577649412
900415815
706823000
693696808
684213076
706245572
633158831
688787923
625330374
750022061
656573855
714517851
531498500
552260166
415128414
313450543
525035333
394811281
372656093
375658432
530217543
551948757
244032422
535857730
652688853
464706469
618066805
519683467
551192060
480180038
399115420
382404431
485597092
382538775
431606056
407690239
314799433
455643836
286355194
342138510
395913807
349258365
527345962
490743837
458139253
505776383
135725325
461702148
388149445
436848427
424854305
381351901
400390671
365074497
339296626
435367206
479228009
472468335
467225655
464336582
465456113
458418761
446894266
414597220
388485569
362892501
217830414
325991624
306217174
296201428
290258864
264864283
209557957
243125805
212910051
212375161
202521311
188762902
174358955
128949440
45355278
144334288
133930215
115499811
95369324
63716512
20668075
91839449
79058820
75607024
65136150
83111571
280045287
311545848
240290136
340635141
321459994
340140424
189521613
204233380
326894550
360545956
348460190
320447064
294415119
274996058
377944222
357931791
339748039
405740008
304686976
373025452
281225399
348232965
585849048
555374026
670635833
554521378
526123071
388613485
374217515
471960042
503522801
568780807
482057265
994021361
677425214
478981047
616099591
619085339
412757874
624189283
658955118
534801771
145712631
583149552
617834188
634707565
420810187
517314938
516148735
613170279
756778111
312025028
499754364
592819696
283678504
578544291
605457581
700811511
482452259
719195784
535884945
629406703
319295398
402023798
503244937
447982939
694867949
649126790
529845760
512294151
824543463
539214212
668667392
828830669
1079841834
408369250
587832652
586957534
664961666
753234767
754397833
673521382
888752437
128356341
550526247
294721535
517150665
345405204
934063995
