562105074
747377248
781636273
537866096
554774667
671895057
608564618
705989556
767328773
1072842533
439485426
724819321
648864722
696077808
693963091
370008637
783252098
684200650
569330139
466205368
901453263
316234862
765617234
583953212
500196529
747185213
583177376
763565468
380403044
73473091
855956725
961168632
542610524
945459021
822573017
772597871
766368390
949685109
733580375
160342910
82022943
978713375
524014399
337386073
604791234
261054472
707879362
558719358
682122876
800047198
865209277
793515759
681399668
651894846
379540300
438726647
723582554
1172815499
739006228
693706937
1178999100
325431259
600750715
192840318
729286794
1228812221
299668378
509274794
531930990
645686181
701653233
580508916
899751102
477541025
649713699
904330214
740572584
401406559
359224684
652039657
715361927
739593235
1084559435
722729393
394989556
382676148
745786881
196333671
463711311
610096908
537593303
908474863
921753349
555842490
414858175
582329154
218158551
1240192377
488706526
702730753
560561085
462636676
303627210
455044497
398291831
556773611
367229890
115862746
1311818908
541667590
762378356
727626151
751716092
320776974
643924402
465489400
360345547
438316671
1235246837
816761966
412270888
680025122
204643383
449468502
990875920
419220954
735237292
1050186492
1188429246
751969458
490696840
669757402
969241822
678839330
649310476
758278812
581962801
1093957927
358382850
210937248
587534815
517381970
850975271
994587091
466369428
695047429
617375237
948022025
607590319
643986980
958762122
822571368
706338944
521600712
705425293
565830407
545674821
786563575
1267363588
459580167
615288094
802826956
326655151
993305892
542359477
536463697
611329908
685349559
742698177
615701518
572843861
562888016
652797393
630838737
898503011
919299414
574857570
622853967
633911705
727612158
507984225
955068350
997780364
461964684
501121886
1329953578
645783240
643773808
656872425
598198394
514877917
1011667910
578927888
1967793187
731533450
594598103
426862319
348952869
337579719
338726476
667926953
438526143
352374435
352074421
415185341
618381531
383651026
491429938
725786168
434809509
901381246
612430387
605980769
446610657
389757621
288879975
364170909
454773711
408409276
438739350
282558854
415574452
278488983
332225084
421581161
296347668
379588236
393302885
389306749
377780567
173038917
353986426
345510553
335975605
307086888
285382576
250801271
272398526
212590896
220889276
210165928
244458983
230708765
148547650
242457385
191940452
199403245
218672282
202973109
132010015
139962559
160225468
163703487
127003824
112963447
141784059
42632938
67794738
118937801
77869028
77437023
97756446
30611044
46795726
40498742
37968979
42373752
18506909
16694866
46222840
41984407
38348142
45833379
24643653
13164937
12299684
26019883
35116209
28670399
32483895
8065000
5602109
22216651
23203904
19456491
8454905
21700785
25170446
19543487
31110658
35252487
64833701
83526694
124359256
122102836
124101313
132037790
134305267
361986811
354266087
361568837
350313864
328766691
245349590
431376396
366754591
503303118
480469741
473980324
879698652
627181340
472888832
560049820
610180284
491992794
688475181
618205894
457726569
73501351
662644620
653299423
640986113
454723409
542383265
429731672
605725451
674520191
193193233
449239857
680798255
282766139
531396989
603030411
650389270
578892707
760316860
523290633
625676902
321346391
360187417
481118805
406821138
716924117
722109638
542639007
492757097
901075722
531310510
600975641
812935157
970096494
403413797
583160084
515153430
697141284
727462064
689924451
770698259
843485499
78289395
637771018
262188822
602778093
336226773
922804919
