583116861
637979878
794255791
647098230
758058553
687011665
733902512
634699834
615220466
698813303
567585380
654337546
693579918
578397861
685406664
719597802
526060148
673800105
710350041
777812896
816201354
590557099
624920212
788866129
562647196
662726251
673048414
498475531
593164537
568561801
597397248
520859761
612005352
772934964
707340205
589049484
595089823
684672444
560781235
442214253
588223443
770184815
481686480
542781172
603992327
631966545
510505350
498936224
626892574
656680245
739303365
519203071
734319577
603729379
509113285
580549080
660217925
780031963
639202794
666413961
682297429
647634589
780805550
464611417
701380288
677507218
527607458
515469535
658706993
577681914
753160077
586588905
792112843
540107474
636524596
632549953
603580144
502604950
598755656
585197391
536593653
730388082
611501503
789744098
454179157
400115664
599203952
680992284
730873274
666252261
704214087
743519181
683926231
609651660
704762752
654544941
484734871
720626619
713707709
568433001
650605974
621010092
630492419
521638514
691590069
596250589
537843915
516775527
790808002
526581693
720423073
590406772
528601456
630811911
584673218
536087618
585427948
638206023
798797837
594239614
597923438
662370417
630838931
576488186
712830880
546397444
745399899
677329687
773189110
569693706
556373779
625263918
557724025
718679425
708764336
705045271
488870056
714535909
760199879
681875380
579083294
571430110
704199752
704705508
632260481
627440925
703644855
801927528
595513543
703256720
618926117
614812636
742423185
636945265
536639918
717306008
680266602
705579386
703528806
508907961
602497826
713272328
520264283
652347377
672494848
630231747
497548386
660174528
667302652
481935859
527831601
486469551
639854001
718343390
739559101
678221884
547585261
605865600
667467701
674072513
733106467
686977315
673642147
461348676
595977271
722693296
553375742
604304288
622608292
650090956
700208215
751462681
733588527
588419939
635891970
621749262
657036586
367918914
601349128
552146307
567786153
498193578
547310293
427556437
574147560
549225174
517476600
465000115
632415982
676814583
598558553
703788691
710511740
567439491
497129161
697744024
645626590
625283639
608695406
578653593
578016432
618225453
535437593
466715987
491608372
594655206
656793857
619758913
624439788
545103635
525563021
632209328
638850434
609042663
526624041
509954967
510875357
481458483
546026959
570982931
674902636
580237053
570834143
660680554
546463249
617093731
606562463
590234940
611738226
478180995
566417186
540598705
597574474
583047812
536978360
549423380
519916051
485993153
506282406
558489761
477057718
470317021
558045951
550297169
522005132
519017795
533895696
510935164
486102037
387348340
497776025
611897270
526742983
587723057
610512809
506347206
543538921
634105732
660729554
626329957
653049655
547222820
526235140
590852560
576334673
530368544
532437004
521993701
503332950
630424618
550535417
630407434
550485203
640688162
623347620
563654301
534029001
472462506
489098989
481539701
632358801
595144378
468192016
550932051
533011625
533378494
615564609
530169686
601770928
777774324
536939527
585320780
617077098
628899793
487182134
498938574
691276663
674858297
617945220
668352305
768550539
722872220
484996265
626419309
371177207
452198022
782770391
605143920
482041144
765171300
508575629
624344567
456071986
661858934
468468903
612803546
624152381
576505629
605697557
652838768
634998394
606034156
623464357
711708225
591987831
487471630
652293316
695359848
635608743
654044743
728928231
502807321
552647490
533314119
570716780
674456124
730989897
621200457
838975726
559224030
623164758
490680655
730371976
536412847
654565533
