450417754
647737142
748838882
469265170
652985460
690805209
595643607
650516879
756714670
1121416149
640765495
698712856
637161418
682314310
676619484
382470470
807171421
687731068
602154992
493693763
927020348
289128868
839998957
632403131
461476969
782649923
491617427
653409746
497250193
142827534
809347675
1000749955
597371948
867156365
877277402
919726495
832659714
977377702
726301527
211533181
122574050
926842438
482439700
358659220
637468516
263436768
712182887
550919598
767065691
815124565
890795652
630330289
686697416
693879136
398038199
404998439
725958805
1117306971
697596155
664069713
1120035240
330424200
654269870
212460457
785730763
1263954143
322387344
556221741
426664587
578722839
619245229
559736334
915593605
513619868
703133420
980935522
665087755
401480940
471443499
525967522
679390341
761553311
1181024403
817131576
355420594
304871021
733929638
261420960
343358537
627699073
541705241
883337112
993685474
643635440
408868781
565907025
154152479
1256115487
583231517
769533528
488755714
440194588
447542883
368672256
426689740
658891147
449247862
103573061
1323955211
531912234
701594356
677140412
773977566
412414091
729145604
521818030
348388077
454383627
1298483209
717447874
371042070
682099402
292903000
401754069
1055490083
365874831
672106292
1086444422
1361882020
684612668
505397388
646413272
1074750365
661832571
715402690
785982544
642061229
1099421696
335367233
198084744
642357841
463707916
940053302
1129537483
422838899
674709449
641528575
956693128
551296649
626511842
1016296314
802027308
682239472
507465746
823929665
581196455
563848424
780288033
1312675006
468887356
596211538
821593988
356193285
1117784420
658969048
500513518
641674575
638530730
715797945
581009803
592931161
668266350
663297355
645130830
886280959
878282432
551861831
584735278
647519731
634450225
514759689
852053606
921192549
499824905
555016895
999957192
667577542
696614654
679642701
705182063
642562693
805965466
659748241
893669335
695813783
656504260
482165551
463504194
394889705
342423199
568270324
371206097
352892863
391877865
570172185
534513045
285198599
503916279
670167901
449796090
692971212
549935841
525793119
458278157
426830370
386797225
469567348
374926842
392582823
463603734
284373895
444049253
291117116
321673043
385005595
323125385
527857060
435782268
500304672
492384275
163458598
427909974
390638964
414544208
404270318
376218929
357434062
353202139
318963700
335184194
351794552
337854407
340621917
338417312
334445185
331936419
315883871
307298984
277248953
260544261
224711309
236243698
227974438
192196005
197569515
196146013
169572252
159767115
147105227
121699420
114454358
125365372
122450811
101877919
20122625
107472506
77619929
94049483
90287395
69536513
75854460
46345296
69373511
53571395
22824269
48945062
82414056
234027681
222807256
213261944
211144429
198820500
150698088
180414049
247427802
263285677
247646144
225913144
203103084
198409451
319795088
339769410
319686501
308833394
249093317
321289655
228341929
288870049
549577735
496119413
519178806
507274153
483875885
346559642
374377658
470876083
487872383
566198949
461537388
1006458161
624185359
518602948
574555228
621821708
487326749
723952862
615889175
510935126
95818604
678778116
622372189
658612648
486261935
545751333
473644631
638813442
734566539
287012576
463709677
640762838
278370336
548701389
649220255
653346419
477653954
722690986
527540068
515352801
355157805
356873251
506005350
444325493
666336269
676900561
475049395
540745667
884659604
500077461
685433097
771932587
1123951208
419958588
625952558
585253827
686553296
706829514
792644638
740446300
874801147
88004977
617391399
293089485
571263816
282957930
897202734
