511908847
670997322
717106968
480121734
566417051
689271075
598319001
655576739
796279386
1124225404
587561963
737643939
651465549
661042499
683629229
399217993
744603866
659655558
588656029
499425740
896468307
301063309
715254428
565207161
495068566
751048038
536940476
653926404
467130731
92126246
877892003
982149179
607642998
881236785
833472931
856564073
768147126
981366182
768111377
203303217
112988364
946728950
527615347
370705515
627137135
275970154
749737346
549521999
740784833
783002058
846158937
628301680
711890979
639621851
397973985
414170816
742091342
1143691985
647839842
660476077
1121660173
358053872
667351268
273633147
786349682
1229297449
300957941
561325376
475649263
586820914
644239778
576426338
872600015
496469250
629245841
944055707
730376408
369121976
432000315
521369650
701872179
739719485
1196133522
795470196
419042434
318244675
756468426
225954066
335039405
611529726
539055830
875593443
1007798286
626322609
404226918
562508802
183205043
1280313253
602274782
752060265
530432310
478422142
408776266
458869630
412587592
619354501
466183055
135615507
1307894427
529701125
767941096
755417328
762521731
400191345
723229219
487189015
345163412
421264906
1291243524
794982636
383389880
661110601
243623697
416567710
1046033522
386395159
699791479
1079165225
1359788509
670033360
462158071
704685405
1021157342
659051939
661100655
740685728
656341521
1116649728
345300062
230560382
605943185
434926568
921903787
1107691520
455785077
667708322
626387519
932159613
566086492
610175166
944657453
799848612
753541371
579226263
768387163
557479516
606637112
744830070
1366261195
516475182
554094075
800463818
392007299
1095519743
597140021
546099606
644763476
593910235
732472770
617217011
601215742
621073955
673636405
694130710
944494978
865364395
549324626
609987249
608129166
664763090
544093118
865342619
938761073
489726446
550446103
1076470398
673594276
669795024
646183844
697408743
626736455
862740449
626828843
1111264424
714774055
634181487
462282931
440897487
345262561
281969803
592174094
431196237
364042390
412701476
502822791
625121243
306530785
547632951
701361131
464599849
870125195
626587569
512524570
486932413
376664273
332430001
429501487
348926210
382013937
431358149
337601874
430611728
271028742
366258374
421594768
312649439
483789039
385811410
460627438
451983870
140826223
419887663
327925559
330964996
366682375
351331128
334471128
304113043
282648562
293378202
290845436
282673889
287854098
272585179
274404074
249105894
269679024
249308364
240713451
221325730
203697118
195085603
183593248
181716220
118100774
141703548
119494954
148490985
46352532
110733661
79587962
100810932
79954613
52426388
38636523
60842381
48550842
15404749
41827064
11019118
59554792
21897973
18214354
43663462
65625367
12889600
66387239
145473200
161565986
160436544
145893489
170866084
141377804
167210164
175613455
175013162
183209892
220721188
202663172
183201965
238794217
261880275
258692400
253571279
226103271
202230418
243407936
236586512
479252760
487695111
450349720
505965496
465540167
258287923
422243007
448432004
484814892
564165895
446071389
986041478
662375731
498529128
541249625
708371384
480047826
762502310
631015534
478293491
52909764
661618690
653554855
682323311
432133205
567153530
462348765
627031612
712475031
232627312
524386287
688437925
327095269
576426588
624291089
664894047
516999253
735412020
459956904
552475543
328544266
352960235
490143789
461551319
708049835
677892671
506312827
532631528
913143507
528190079
682961798
792943057
1025837806
436358998
620732599
599715011
634414398
686823015
765816674
775145753
838284797
83516761
586332482
330024548
604370217
313606289
839170817
