451106117
649606388
747526864
466186629
662765087
689523352
586796483
639130898
779427611
1130947284
627590664
715543101
645754958
678230188
684995241
387558848
792395625
694154747
608763281
502997711
937775594
302535507
849495660
630071803
453591098
786462886
482472563
665635983
494500913
138625602
814126605
1015932551
621238474
869510293
873275336
914022297
830742306
968981384
734434493
194885025
118225596
931502013
489093253
336486001
632926610
256080445
701054367
538874650
765697199
814195169
871639242
623506043
692385601
716923287
397198908
382806451
730284609
1097881561
690345738
669702446
1101998838
318852040
663176545
234462432
762836701
1275740219
348392546
552954369
432353988
573286472
619936770
547164584
922287537
505716625
718348911
959524278
694492280
405734446
475152512
547300048
683685004
754121010
1188894064
816937680
353983633
305151283
744770989
248401637
351304822
625308746
549180331
864412034
981797295
633981943
405288542
566551263
160121070
1273842435
589575677
772354776
523042566
437116511
459346823
392241656
437356072
642757179
448580780
117518224
1315401520
518552252
704410423
680850367
765119889
404344830
741882130
520569098
340054922
454815583
1286739082
719114039
374037245
684996084
288291886
400162665
1076660759
364052491
655359594
1095634722
1354532179
680213729
499549371
657168207
1076527373
665538015
705607080
780659338
637532511
1113251410
334091271
180547945
625975729
452544986
914664520
1104091303
414028610
659428356
641872276
970872219
540845837
621340234
988335560
798376880
699927031
500749954
807964008
583277717
562263316
784365592
1310245035
470547939
608563593
831295629
357942291
1117263585
667961023
503180876
640165579
647499346
717191322
591371235
593061888
636415970
664888898
656088275
886086949
867270605
543957303
598067008
648534779
652421183
502073570
869852533
919789560
508565856
554375310
997896938
660895134
681051071
687006911
689416424
621999035
809450944
652263834
924369575
683833047
633264318
499197086
472606577
393050675
331374792
582037873
398325111
369424848
414101347
567645472
563721569
265409285
537670092
672977014
441282175
715479342
560394028
522742414
468249904
406630222
371669305
459752624
355103833
404985310
459984752
292692104
431169558
282908469
330689976
369176966
309429324
517672176
426029930
489725640
479801856
158690836
396358534
393034248
391163069
384575844
382242931
359205152
339686215
297455161
351811938
348245777
341728988
342960548
342413752
327413079
332315343
312420329
306782334
276748161
257752131
201965925
225544974
223441327
214267271
191423419
187148556
152889049
146815437
124203179
106832924
113314471
126555556
127095093
107181102
15268055
107023720
78414024
91631606
85438258
63634620
65560495
58552267
56661569
63924419
43125563
58863203
70617610
218785076
206716391
208889492
211553154
210069329
164545951
179143276
236379300
231344965
224093675
217456093
212641569
191592289
313289635
317891696
297129821
290581768
267919432
309215929
218702713
297709832
544602385
498859699
523008509
509226348
483686306
340260563
362862950
477643825
512551892
600309353
458636254
1008683699
598261596
505731064
575062085
619861710
486298740
724160121
628332631
518123818
87278903
686810435
635133211
665026631
466065700
559174420
457848412
654232038
736567116
270987230
458831212
643072541
285322984
567408190
637722592
656155749
476675970
733772281
522886215
521596831
349949313
379866226
483402249
447022272
675172077
672142311
479002477
559677895
868215726
515199185
686186737
779084626
1113930841
434532074
644307543
568538182
672186995
700524707
791217243
723865488
865452564
75510703
625032297
288242784
576216598
278935090
904916885
