443514892
656360322
802708006
480296687
639694634
676557837
583708201
623423693
800672195
1091237857
582341277
657896477
577396181
633881218
715886500
442491120
764678704
673209958
625552543
583204718
890808704
326793010
882782865
648725222
489285634
745681818
558855103
607098682
508178060
154931756
762642176
1031024147
528884507
907681769
828260200
853574985
825961825
954496234
717250432
202236790
99615573
893150085
559430104
347285203
623737569
247277202
633070360
578355302
711735894
750839710
937471781
548870122
745900915
750519137
393866479
393428182
734535618
1076776073
663266238
712656111
1115725492
352586666
611489106
185068343
720150901
1216395451
312925746
543630397
437615238
626791415
645835544
615282805
935656759
475964903
738062800
893146956
636526239
400685561
455787320
525672405
625873370
710006206
1085199737
847962282
363456589
295459613
706977120
259983875
350631374
685649462
649024872
894752635
889975877
562304926
398588595
584733325
205983662
1204686337
605470120
749087899
469422730
434345843
473265316
429233247
482413531
614085301
422436690
117025069
1305405262
519018274
746589931
582494527
712468210
445486228
688234437
401537753
371203586
480396045
1240621285
675508194
481876661
680590770
341435123
514045180
1034957227
473331217
621550384
1007942069
1213156829
669587933
406464998
649203272
999750158
578341439
675273831
704262670
680772111
1012776351
359810366
273787500
671558863
513014767
859429350
1074418382
326542901
661325537
630688960
895906613
490425637
720342214
1003742955
749387387
618410533
533112633
770627592
583832116
591654257
734195936
1294579478
531765592
562485097
797143879
329079633
1080535761
671042100
471314785
577726503
623527583
718346562
587598707
615408594
635112285
678087550
627552497
822417968
795764619
570359335
588421950
694389344
595503258
575849919
827058169
954246383
446646533
579482481
889736096
720171694
689344984
697382104
699000409
605479174
686901505
620571571
756805453
648932974
707913371
513819842
568714862
392398792
328270189
526114459
405075411
371500973
372524331
516055644
561629608
234598503
521105748
681754623
466507904
619876770
529733842
566397494
458989771
417940371
380595590
499710728
375042044
430010196
415109818
320002592
460580511
308397780
334330697
389041832
344478157
518148599
485912516
458051927
482568788
148263316
470929712
382752046
451373705
443165305
376254592
392580395
374817475
355257309
414180435
489548907
489119543
485573709
484215682
454521309
473078401
455735735
403248400
393967108
375517534
223038959
339763137
303455383
308278779
296739289
285581837
213823259
230974339
224981829
219383532
183152034
187300734
178767655
130329311
39277967
153593046
148535324
126960693
101708894
54195421
4874304
75694425
93871652
63038464
86926914
83689390
293717796
313322829
226764252
349463467
329866028
354398081
172799502
193889076
326341707
377420608
347721936
285723202
281318409
275991681
376982049
391888052
340778303
419455536
310052942
395248431
275683114
369725269
570839777
554499596
658563753
553927247
523576907
397480125
379118432
467225606
495948055
564585141
481205013
969209478
675646000
465510737
612215629
621419936
413897496
607889776
657097088
516203935
147713640
577827627
575638798
636832377
420331657
516285565
515775166
623263243
752032230
337204601
514896853
594278796
282635611
561548978
624001192
689063240
466244995
709753212
551234347
636777323
301256138
415699274
509090576
422802536
709946239
665188344
530294771
517308874
818296629
534525484
678194344
822558148
1091210728
427117551
587028391
568223896
647301008
728945801
751821065
684974972
875248533
133358135
553705347
279403101
536857554
351008123
939662561
