542413027
663709676
707850295
501150504
586385019
673845752
562030433
708641206
789970870
1049282953
506814303
729280862
673341370
696139174
679485720
353314415
735367823
703443633
564171345
477118034
869398575
300613159
719220931
619625170
469145145
737289263
547750466
710325567
472812290
68530878
877670953
982142753
596106809
887502802
865199791
829218197
741889081
1008579577
827676711
140692595
68795565
989392372
539106422
377844130
653209845
271479252
719515407
528756504
704229731
771544609
867261243
711378480
673577769
654913472
354775490
440927537
714732439
1124800527
719925434
629154366
1113294808
324094318
619481987
247263355
799573374
1247630414
318130885
543539425
515807313
635699975
660642226
544332687
897379373
497995399
595227070
933328660
767155650
354759184
427597424
543249071
723186626
717263877
1187956059
753441272
397096046
352021424
752059184
226489118
337801544
604442843
504808552
879808519
947457529
543856206
379991804
572768516
170001022
1288797388
525767665
712991769
566959915
501041838
366911783
434887596
410422458
620320547
404139679
166605381
1317485364
556835221
756160290
755635044
768321493
351188397
718540375
484125178
339368031
456558048
1297312975
814666049
384856709
613873160
213558689
400510027
1015127460
394227279
717826352
1072660509
1328116035
680735668
510126267
686969385
1028363600
669594920
599230393
776427348
666243692
1093767033
299217481
218382621
590138928
458568118
929128604
1125200795
451232484
671353193
636099662
964265027
571576705
627098467
951837276
795752622
720686735
538208076
753555108
556919473
576276886
745053825
1320736872
487761880
551491112
791298445
343374331
1090110938
608888496
553257408
635392182
623192318
747204322
599888281
583691505
612065680
634205767
696881175
964193154
882808250
567953541
639803290
624940230
722550020
562394946
907016369
986049867
476766740
572858128
1119881311
655350722
664343750
636504889
693187565
616912025
918415331
579133031
1276674400
710064575
631285689
445440132
412783917
292188309
353855927
574943213
469446603
360402245
390430441
486121902
621045143
379689593
586678716
741274063
495785299
920733069
646058298
562856879
425238947
411833199
337067594
412295052
387085102
411695584
422387561
320205686
418581464
329840349
340358266
401360256
299773038
443565296
395454548
410986724
394270488
132026263
362490480
365301328
358415292
344279839
321766278
304357320
293977846
231034544
263493315
239764848
267152844
244148685
249486056
253664711
246154599
222084800
233390238
220886085
203342217
185089023
182199908
167275340
164040318
142917336
139966380
80553230
135471596
86374221
114242017
111189464
100366372
84035293
38800292
86306615
56995268
40485310
30669711
24668288
23406968
59577881
12161215
52122500
1414157
5627340
19360322
29058076
112292628
108427393
107731611
102930149
110208238
99246884
107378562
113345580
142551661
154197129
185704040
160928674
167222816
165302282
209547074
216509555
221024444
232227032
210184004
205969437
209654837
454296038
433053093
456746191
459826119
481140610
296752202
452083920
391116539
466618929
510178487
424437076
924436035
586012814
490961369
543046621
662139725
456628583
737398767
657280549
465505613
64148968
694259146
639766773
684472131
445239555
547879536
419527452
609308900
712577481
188604003
529434981
694474071
306619890
537366673
624740133
657092834
547187759
730062182
446121880
619501087
347194869
363881913
524573575
445077583
671501364
711671046
602274692
502805008
910098187
539478424
652227051
793032847
964502963
479461319
598144790
581605530
663707591
684685938
738354463
759935149
809324303
74762332
605527389
299232817
605613634
301918624
849153753
