546166230
643832448
719084162
674671790
618860854
583519708
631987212
613984569
650671055
599410728
654289802
680595381
657473962
603139876
640363768
699033019
677281547
600339454
759667031
634684279
693192990
609742338
710708465
717798457
561624328
690860980
645346733
576072771
618068042
577855006
603728519
584757755
625404475
667927865
712938420
612471191
638396757
614210003
674514233
539836288
601150942
628002852
545426563
620759083
650181351
666836387
618165924
627335232
637861767
620909670
699183992
582094940
697602407
578930284
580355904
623736343
661717054
677621913
614745616
607727269
548602128
651785615
634878197
590976098
648365942
579581069
574750194
601612845
628176424
587606936
635252398
628311373
696776280
554819879
635346631
692077351
593359061
641159682
630325966
650637346
649811874
686926021
625600304
656829234
591478679
519059411
567516131
676072069
665343276
617626987
695641104
724530806
571448391
600823287
637421267
627778124
548943191
671750852
614751899
656105536
564201630
576029700
556052436
565259731
619472416
642282775
531825903
639357339
645230477
590622969
578704894
649215844
561060260
550284879
626040376
613706270
578697703
638123700
663115329
608422085
608166081
629455121
631782037
565606966
703536972
647652186
666499161
587530728
725764971
605854851
545794798
639998164
589976004
654918766
666313415
705478042
577219061
654381259
759285959
655964923
612689992
645761008
699517835
591968287
581235532
650420123
624091687
691333710
620774644
630913036
617595034
627893407
600127929
636862642
574453110
690566405
747839130
659130478
639336620
603652130
619664864
651777798
620255344
574470031
677694633
630868873
638708569
606818258
670508755
497879770
566883381
631433865
703618612
629693143
691470910
569506923
617793372
592897881
662944388
623752284
647345813
706388216
641475013
573853167
641229619
686969969
617928189
632340260
634302401
680900140
621942357
669785500
634418748
537320881
629598646
671057915
625498133
582719321
688291313
620347119
630396410
533866921
651354722
521460917
595071542
589092691
540492013
650366072
570756804
689517857
632624574
710043333
654670618
538143232
583116319
606235722
643920759
679190932
692388532
623663517
616882152
609074677
550777861
549707338
650313536
595338785
629069426
619471616
614123690
602404449
532647682
623204880
599150508
550424414
637578729
570400495
604417496
508585482
597319411
633807972
670007922
549187123
620973022
606777735
553706922
566284570
668137107
662538251
696507955
571636312
685525002
616594865
596453717
562870634
610026724
591811913
603417563
555468258
570999548
525635609
565435745
591292807
649265808
642428354
597686007
567906685
621225084
551386860
573025018
543306061
546845319
594944810
565227328
629732232
554393359
579699980
563024992
618385396
619480583
592738327
641758602
619087912
642511468
608751210
600456903
504767333
574611649
558908890
598852386
659115248
607616181
643435022
607621817
643489494
606025491
621464008
586828338
627872300
591070964
579909271
690581741
684866891
559616374
636427804
559226249
559143466
602629205
587362497
620757928
688220754
636826663
631412868
587529828
676701407
615833077
542044361
724652836
703813353
629110163
677276213
635476572
625694542
520882753
612586454
549517613
599279174
666269277
572739277
593382339
636643952
531338658
677482660
534390842
735202749
571619802
742316139
679480358
603644357
624384947
648388522
634651882
650173685
625448652
682796619
645447580
600722669
670467270
643879236
665369385
584720872
675013163
579604336
596315480
679562266
617621720
684756383
613602798
572316564
732037490
564647272
582814096
569475291
632636561
592115745
677908485
