439652869
667400731
773650170
494073327
648640817
653699523
602125205
628798967
784900879
1146334934
627631816
678714923
627751775
659600328
670855082
438695758
808199278
659982277
612194164
523645975
908879810
328011499
842566155
637023416
431758149
780026030
497499071
641976780
513825381
140088100
802095499
1016910576
553891920
850252375
870453610
897678135
810790799
1002697506
716153589
184874915
92657692
919657782
477340710
370852685
678175569
251331453
698800812
569059551
773109572
785174459
907815822
596287728
682303255
721815703
375684267
359840193
732708943
1093684349
697646488
662341534
1139792335
315172126
644680654
213864469
758211484
1267658586
341764792
536008030
443454706
594694433
636123499
576029795
891412979
473088448
728346348
968736010
657700795
401209862
445990441
536992537
688014105
768282413
1145379802
820685634
345521020
300992819
735542112
259316942
318790250
633826552
551062201
872372354
1008784712
623860745
425464955
564785251
157453437
1255076274
580465603
733938146
496592521
437960811
443508358
389703282
471092418
622339435
385190281
118255554
1313503894
501459141
689008877
640805969
756119610
432498686
697692425
484757631
359969669
442407462
1341039935
691857023
397639989
663268925
325037863
443409743
1036031266
392558103
652050424
1072223851
1363983006
704856993
528365061
636723483
1070661511
701475190
722134346
782815473
630418052
1088185237
319962559
236651893
647314741
466009741
900852071
1135229378
396970748
683806927
634937555
952705678
541738527
652678612
1014300230
768974006
661477849
518310273
824308170
551933928
587293739
771006727
1286605713
435118966
558345407
789410813
350002309
1136519074
654082168
474969715
604536444
638930308
733370554
594693948
608041587
671057287
700149450
627870315
866323566
853167900
568757143
579290807
666749726
641402774
531537577
853533265
964926236
456333708
560523670
940086969
677249574
686116058
716348703
685258059
613545970
769361416
669457804
824056453
661393181
651704316
481965804
483325005
423910971
326144483
540034299
383569174
371065237
422917171
528995061
536325650
273893935
505084442
656813421
422587870
645792119
544176270
521289239
477697563
439343693
380626046
465761452
365163953
403886397
436248846
307860631
470761986
272259797
356560539
390734438
341894783
496968882
469661027
486879898
487103775
148279694
452646609
364930771
373923395
390944927
381469135
346570596
334990565
333681969
375273923
381792226
374807125
373388086
370708342
360346505
346175754
342004677
330103426
309391718
295274103
200357843
253361232
244611955
235634736
209562349
207732509
166683231
169497993
180190748
131166635
156034571
133889501
116732806
126426218
34880268
117295621
103371730
99042787
98512690
86386916
86963207
85677299
70622169
70770171
65721798
66693637
165216542
241401882
267286158
264407019
246645407
243724494
182035802
167530258
283727059
288603476
277657003
264338117
262174587
235385732
351821447
329729783
339894811
359426177
248775570
336804292
254083192
294531320
528062118
542705364
563062447
515389372
493596539
339338702
349538072
486224172
488278727
559358649
477236557
1007280633
642035204
522399772
571495272
640018618
474044398
715955765
599628659
507619617
118818394
664177321
630587321
662322769
444961370
537466246
489711888
621251857
745028285
300393993
480232793
638659773
259847894
531588991
638605973
644489432
482673710
712766644
526983754
557683138
355188971
353129407
491776183
461985888
698588457
677507401
507799673
539444089
847153394
509371142
720184959
810051047
1129075320
390364772
608806340
589275846
677981063
751185480
771586699
701030591
886581426
125135145
577280320
307100593
581520619
313778517
904106886
