15127678
16953224
13525588
18474733
13755074
13518834
18484457
17643722
6685747
11026046
10666670
7627886
13003429
19961014
8440712
14758391
22041423
11313076
17959264
18382128
19314643
14907542
18261931
9539739
11710555
13870759
15272374
8520608
9612566
18835457
11907581
13569866
11901615
11991877
13436118
6741930
13876196
7314986
11991875
13131881
6855731
12659781
19234246
12931826
9847934
23283247
14913954
13701464
18164178
15944221
11063566
10439643
14735989
13134011
14985919
12685686
13786534
12930613
13707103
12466572
10723117
11696744
15485379
9065647
17582766
21160935
10220788
11478728
17658355
6021037
11166607
12171994
10373040
13551144
18383494
15970476
3892891
7134995
14609248
18217707
4953252
12549001
18367057
14359648
12506399
10611051
14083616
14223021
12050993
10470665
13277091
12323679
6753321
11063788
18861028
16089500
11725045
15797140
16858939
15497373
13966273
9845972
8192361
16914043
11286033
16444197
17260441
11945910
12414209
10021191
14787849
19223943
11479620
15664273
14701461
16830107
14046730
11646966
14383324
19881670
15008641
14227145
20860327
13260593
13077184
17968943
16372984
15398718
17192614
19059022
18028109
33304145
10565830
5045115
14363557
12491003
17916323
15189501
9575194
16603878
18689266
10541394
15239883
15480408
13159348
11863982
14142722
19429311
4533122
19329949
26026956
14697222
13003556
16217097
9649529
13606093
14997056
27639368
11935355
30954663
5105607
9571094
10556092
9347895
20572673
7336685
28624969
14143419
11629175
11425030
11457915
23835079
9551826
19745931
7812691
11897183
10314201
12710097
12586563
8905055
13689069
12727504
19729255
14192608
17231748
27488657
11746456
13727587
10092375
15123226
11669045
7259431
10521570
17428055
19429082
7964707
9880563
16389617
11582104
11615828
13234611
12540493
11477639
9870943
9799399
6860921
8482062
6366316
9768573
11102329
11725820
11987234
9795482
13744640
12383720
11838370
11270055
10422150
8515066
8867925
6922961
8148957
7639790
7385288
6791407
6514571
6399608
6127539
5775306
5215557
4228549
4760111
3265433
2600909
3838188
2494239
2751911
1004509
2745220
2405125
283693
1434486
1713010
1981766
1107020
390799
1642250
571520
919601
701276
1106429
1250481
1106729
1679621
1268832
1423294
838162
741485
1636104
279450
1095067
619727
702518
354839
2320091
3161331
3594820
3697781
3147887
392447
4840227
4522296
4602837
6386217
11841573
10002085
12933508
11584430
12923755
10790925
13612207
8194097
12806934
15077332
10387663
12538409
18944345
19062438
17164572
13426260
13538799
13156190
11952750
8502169
12644500
12601376
10016341
10675643
15151317
15698485
13100616
7015012
18351506
17130934
13419835
10367443
13754712
14554293
21542957
9688785
11203045
10813978
11635423
12102173
20986408
14492648
8268257
13844841
10281901
12839761
15380411
10308053
19002384
19205238
10860802
9300019
10055729
17719580
16308101
10786158
13720112
18014826
15665558
6881390
9514926
6831956
15340413
7411031
10584623
14890711
12534801
13311169
12671016
3591924
16546886
12756997
12377335
11083560
13936384
18671076
15819116
15161556
13595550
11560091
14570208
10101443
19351317
12173133
17418526
18026313
14440364
9651437
7150720
13132414
17636878
