15536714
16299968
12321985
19262494
13662051
12862245
18631078
17185143
7525361
10186534
9889155
7122266
14439695
20755882
7818518
14842162
22529163
10829303
16416717
17354138
18175076
15324486
19223662
9201581
10526739
14057360
15388353
7514930
9739295
17610048
12934432
13795674
11832173
13026717
13354669
7932483
14151891
8398318
13829384
12041379
6986940
11787820
19185703
12331267
11506841
24078781
15063157
12477258
17167500
15424364
11085295
11687975
13705978
11886642
14257701
12747384
13543443
12331221
13055810
12064171
11026423
10517025
16689194
9454608
17099577
20980634
10444900
11663088
18310596
8189393
12354713
11721385
9876513
14243853
18651408
16286039
4471735
7106437
14496912
17733089
5303645
13555504
17741124
13765078
12965056
10664576
14310078
16234118
13437842
9402344
13298839
13106612
5775019
9880518
19138052
18179468
12283458
16244253
16365690
17571233
16847107
9699832
7597336
17125979
10216083
15777563
15875806
12059756
11690864
9525702
13959458
18241958
11709749
15443375
15707806
17104922
14940065
11057080
15112230
20390061
15558072
15016967
20579849
12546279
11945572
17958862
16532621
14815808
18247964
19485467
16998669
30537203
10853769
5194200
13656124
13335906
18810225
15968611
9278082
17416812
18566576
10539686
15710764
15730743
13411540
11255664
14314427
19507425
5692336
17243149
24237817
14911224
12999965
16033858
9530263
11995901
14887895
26512027
11230807
29499229
5131776
10147159
10642801
10314958
20899365
7566244
28010297
14654812
11083731
11534416
12097827
23165160
9430167
18896294
8435775
9721255
10389286
13206284
12772866
9773713
13674481
14167327
19700434
14383352
15502887
27243101
12093704
13213778
9730698
14312126
12730580
7545475
9530494
18021816
18008534
7700801
10446982
15960160
12594213
12314224
13940025
11379623
12018851
9316561
10267998
6838841
9461954
5286336
9031190
10433796
12333375
11461826
10412778
15368840
12888755
13693850
10915159
11969174
8439155
9971671
8555448
9082502
8845528
8157779
7381289
5325031
7144087
6354325
6449816
5821285
4824465
4832839
3984263
3601161
2298001
3774587
3109159
1479845
2866988
2898146
1241233
1461589
2382963
1130477
2208164
682541
1258978
1367930
1811534
1587052
524763
1956141
2717675
2931020
2857714
2756290
2536876
1968436
2204242
625519
2354013
2937709
2751034
1169340
2220785
3388523
3142343
3506600
3773141
1009417
4470067
5317806
5934170
6636492
12374972
10284156
12117574
12329566
13003991
11422168
13457953
9643412
12408462
16303046
11278480
12908941
18493236
18727469
16073037
14775713
15134869
13478382
12144297
9304680
13006411
14176564
8899988
8491726
14510864
15408888
13112656
7241247
16543360
16739353
14308692
10841549
13811147
14559461
20647658
10181551
10880436
10370650
11913364
13096540
22170319
13665895
8507458
13935584
9944110
14093558
14073391
10235530
18364284
20907491
10063955
10801557
8820030
17356927
17138406
9883074
14215289
16832009
15743990
6789108
9102920
7171531
15273157
5978405
11289460
15120533
11264056
13859756
12293386
4202735
17078973
13121906
12020256
9956787
13693050
18684482
15628487
15371291
14280011
12162068
14553562
10063139
19595354
13043634
17860097
18539313
12816564
10435709
7504091
14060747
15502701
