13142646
14674871
10133656
13286836
13308423
12975971
14808505
12593220
8859138
11979709
12218711
12741931
10660433
12732249
10092683
10777868
16211962
10275436
15447908
13174562
15615401
16059086
12243584
7220379
13398423
15007155
12381968
11037694
10562401
16058820
13874000
14736833
11159412
9988887
15287239
13825951
14977871
14980633
13633023
8372852
12816078
13099713
16043124
13065914
10853037
16877997
13574844
11873701
12390307
12178101
9223372
15389392
14779291
14046303
12778311
14244934
14204530
9081645
12847186
10683066
11320966
12788688
12532651
13615266
17789567
14859549
13550827
12237891
14924834
12164332
13312221
12147713
12427059
12037697
13029027
13555336
11215091
10847363
15691828
11005855
11166051
11342197
13287814
12911590
13220520
16574337
13772578
12084562
15394228
14074614
12379162
15978455
10937264
11606866
12858296
12268996
10514411
14051719
13629405
14465666
14424478
11848299
12066454
11721360
11045674
12670994
16706379
12427417
12870357
14309374
8421951
16958168
11255766
13077188
11328100
12581105
13069529
14357720
10342091
14766747
12959871
11616519
17213978
11250948
13514244
12828143
13303605
11685915
16354612
14018820
13444187
16206321
13256164
9382562
12074788
13029137
16300257
17726144
11210594
15638606
17896549
13239072
14397126
14438985
10403986
14117411
15279107
16101456
13821086
14607213
15416687
14569548
13692033
17173723
12504184
12534030
9473799
14962309
10487375
17070180
8234782
12090149
12766990
13280059
18245881
12564022
17236806
12263778
11471376
12436638
13394241
16520219
11126905
16145907
12432231
12675494
11234492
13268827
11571912
11287040
13748418
13829697
14779810
10175327
13781310
16542770
13430587
10827138
11501046
13663756
14425001
10943408
12288883
11874410
13106751
12008706
11325339
12786701
12832795
13307277
15515450
13011595
12057935
10599047
10692827
11553122
7174190
10225636
11149479
11478353
12207554
16123797
12444623
13203715
14583128
12527958
13754094
12034970
11978952
13024604
12330998
14596824
13940249
13179668
12779537
12347609
12071138
10682805
9417457
10135218
11245244
10433918
11230606
9666189
10687184
9134251
8894013
9948736
9487465
9622656
8478211
8968305
7127936
9960973
10237018
9821260
9478709
9065180
10414165
11109905
11470570
10835426
11159540
12753986
11851248
10081651
9692676
9171904
9758615
9891479
10302355
11137483
10539955
11453966
9014210
10950006
10733406
9772815
10288216
11912778
9269789
11232366
9798071
13671069
11488442
10519959
12321673
11776614
10693885
13494888
11944087
13384310
12690409
15915718
14658780
13974976
13080262
15238932
12953336
13396857
12612129
14029754
13463494
13111392
14108901
15864273
10616590
12508376
13547663
14361271
12691410
12386733
15971799
14638342
13611883
12088270
11396518
14073394
15404489
12410135
11106875
12654046
14754426
13533003
13501225
11680629
11928321
12375901
12008215
12325687
12210636
13855483
14182246
14443550
11754161
12780935
9018631
12858663
13109210
10282494
10501949
15143091
14817528
13749730
11272274
13297945
14450964
12421132
11355584
16127282
12362252
12684068
12096190
11907748
13425783
13738342
11790407
10283116
11409209
13164817
13217881
11198366
11289144
10790404
15797865
15535156
19521167
10367105
15030916
16271896
15492266
8006276
10720711
12575664
14540870
