12819263
16634296
11549090
18775719
11597698
9922453
18662034
16137867
8104860
9370466
10182506
8430331
13915577
19432624
10009122
14635315
17511442
12418258
14783427
15833962
15235158
16943226
14338493
8007817
11153244
14901753
16374978
10487108
8176688
16882529
14831023
15138245
10390508
10528572
16994696
11235557
13995920
12554087
13015684
12224161
7989152
13611968
17501779
13495564
9715807
19813758
14113125
11273437
15258768
14449924
8547443
13364444
13443092
13298768
13867638
13385032
13444716
9891596
12957200
12866646
10354240
13106827
14631276
9668667
17647838
19005058
12924144
11379112
18493877
9618664
12003138
12003930
10417067
16138836
15268056
16621284
8046213
10144748
14595705
13609498
6956852
11482702
16792564
14338959
13535871
11355197
15388615
16461908
12641972
9451243
14518871
14248886
6195677
10915648
19501152
14017513
10081696
12838432
16478630
15547888
16723610
11491078
7959526
16949504
9978178
15502403
15540702
15871136
12300673
6852627
12083891
17093686
9323519
14127723
14772685
15633210
13204461
11221782
15141091
17656418
13137681
12792526
21871322
9814796
9394259
15772423
16741772
14327200
16856349
16339151
16669416
24523554
14644902
8391299
12071765
12124013
17483743
17168183
12597778
17062304
18170867
11481611
14773596
11115940
12356571
13880422
15487019
16986316
9091483
18693912
22173192
16580759
13382218
15406178
12326682
12620372
14418045
21295754
10770384
25547798
7317016
8243056
12162871
12080440
21729168
6172299
22678726
15205671
11803925
12240350
13812241
18529441
9926816
18331925
9362690
11656163
10238443
12103612
12515241
9045431
11166859
16153169
17898910
9361846
13804570
26095388
13988877
12362444
9494300
13849590
13398073
9243190
9363831
16513244
16663830
10377835
8720979
14971715
13363815
13362053
17463167
14276273
9773716
7951815
10054764
7792781
10745502
6678269
8788796
10825264
13353020
12942468
11513376
15582446
11561557
14047659
13995324
12907060
11225800
11401470
11928181
11678107
11292819
10411300
9603666
9141092
8935519
8905656
8121200
6705531
7450914
6989143
5907506
5655931
4885523
5255277
3694956
4484557
4106332
3629727
2496986
2600022
2903547
2604214
2965878
3039664
2409975
2526314
3617686
3258115
5353518
4759496
6065839
7058245
6338178
6350821
6492855
6003761
6058733
4823067
5357908
5413544
5249067
4841993
4391595
4009391
6650094
6636909
4416870
2850294
7792758
7061587
5458506
7509466
12086358
11731704
10448299
14030192
11827753
12461000
12509349
10739572
11447927
11710708
11533446
11837967
15540601
16983886
14640755
13554345
10763927
16468052
12930055
10063409
12173427
12411681
10662946
9351509
15725590
18072434
13550825
7430305
18709250
13701195
14570386
12509636
12853756
13033323
18562384
9683110
11067616
10377903
12364395
11230607
19553055
13095137
12003232
13961277
10033882
14797590
10981945
10025081
18622575
17192400
11929708
11607896
9211330
14254350
14339138
10527166
12886861
17703416
14496591
10873006
10459085
9915023
16091683
6936658
11444808
14647560
10636398
12847190
11354449
7204231
16591729
13757415
12747289
8398477
12916835
19322619
15126998
13354295
15015502
11848003
13672100
12065635
22088205
11199081
19328861
16648455
15715428
8671298
8593393
14378770
15905020
