12636932
16739043
11970120
16007956
11391708
10389840
18272130
14274145
8372602
11758150
11808803
9238389
12062753
17843361
10241600
13500309
15946525
12720276
16428730
17059325
15369745
17214150
13815568
9560626
11855469
16227625
14601041
9246197
8801268
15906583
13313499
12617268
10355382
10994985
18114377
11622667
14197245
11043086
13339765
9963210
11391252
15115888
15513938
12971505
10221575
19712875
14099160
12930335
14106193
13163472
8107456
13888356
13837246
14329184
14874101
12919766
13977878
11007167
14616680
12275726
12497664
14282463
14142326
10977541
15585743
17763641
13706756
13620414
17948158
9985278
12900851
11007091
11366245
14868330
14357936
14707004
10855087
8372909
14166991
12646114
7121655
10768855
15728884
14013283
13968467
11399269
15867611
14101363
10982260
11215601
15270424
13738059
8154226
12433306
18684037
14073024
8958078
14377253
16187894
14280604
15898069
12433645
9165837
14874115
11540527
11809674
17124223
14152720
9925794
8862150
12107738
17000722
10226927
14444987
15437284
13925276
13942168
11646578
14821283
16674343
13215705
11310237
22116080
10000247
10802721
15533669
15613679
15570501
17427977
16171534
17129196
21337951
15621683
8687357
10467998
12856341
19172727
18094696
11665662
15273251
19828318
12385042
14137920
11300946
13226493
14702175
14944327
14911130
10481975
18549829
19965328
14228252
14137091
16742589
11031577
13204271
14706944
19851932
10266372
22296893
7032013
8376068
12015669
14338304
21458291
7202571
21885638
14593499
12045037
13497784
13337061
18074665
11723627
16618124
11165659
13864256
11266075
10449929
13439134
9413495
13046821
16482915
17651009
9423320
12842015
22106414
14068715
11625875
9717491
14752328
13969869
9788559
11358351
13571660
15904113
9795916
7183639
16683825
12722739
12906076
16572506
13559184
10839464
8007454
12277619
8047183
10549394
8987560
10034123
10065416
14657398
12105030
11294309
15304652
11090688
12841792
12202683
14300404
11736728
11277600
12291044
9865997
12964477
11487188
9538477
11622444
10184470
9346164
9973225
9558849
9015865
8789534
7326001
7144794
6496084
6369925
4025347
5558422
5432711
5685762
5096057
4528208
4567794
3046283
4186202
4195989
3848592
4926000
4958623
7030993
6021831
5610741
6936715
7373964
6857352
6778160
7904115
7955156
7837328
7327092
6810540
5856698
5498030
6566352
6328412
6579435
8408929
7309945
5610148
7206475
8022468
8513701
4984059
8108082
10454549
7455702
12019574
13282191
13198045
12424553
13339460
11020619
10452522
12307621
10148470
13156891
13718045
16231273
15178195
13548715
11926960
15284181
11914289
12157395
12631557
14150223
9600939
10290365
17454374
18589875
12092295
9222678
17865132
13460982
12990935
11088836
11104092
12711239
16329040
10342052
9108391
12392314
13960095
11977001
16610776
13697091
10671057
13010157
10690882
14709277
10398502
12936448
18419191
15050420
13140861
14302995
10469015
14578547
14105289
10183821
13732162
16019118
15622599
10124723
10409773
11881027
14075990
9835556
10991399
15417581
11041444
11159497
12731951
9121434
15054675
15359440
13351079
9844366
13729642
17612155
14414174
10852917
13214483
11129082
13854210
13220473
20825657
10218782
19063313
15998313
15046066
8896417
11043852
13873767
13651108
