15346412
16970172
13698051
18700602
13362628
12998225
18558948
17203531
6264361
10625229
10636088
7526255
12779434
19915448
8092978
14531118
21773339
11627535
18012310
18937029
19357792
14785930
17775607
9656853
12317737
14288147
14649431
8528890
9648922
18517417
12339965
13715952
12190425
12379453
13482642
6652653
13812433
7147997
11966847
12815766
6797355
12298552
19353947
13121625
9918824
23426133
15207638
13731812
18536587
15520002
11022008
10201935
14680245
13727395
15527074
12476507
13642302
12640910
14147196
12549093
11066113
11441057
15580192
8727439
17428666
21541112
10000495
11376153
17543005
6411188
11283638
12275279
10514479
13460223
18328907
15844639
3904165
7163209
15502622
18215781
5095167
12943504
18390416
14384653
12682625
10313473
14026766
13990349
12181917
10308480
13531145
12682438
7061651
10664208
19189665
16153828
11654504
15475722
17163287
15532352
14583451
9526482
8565130
16965762
11599728
16611999
17741793
11857173
12621991
9627860
14797063
19118278
11678292
15671408
14298401
16568190
14482421
12102948
14472757
19934101
14756454
14039859
20546080
13394463
13250508
17893917
16215923
15377537
17516720
18935422
18143468
33671806
10119774
4944180
14593944
12207322
17926016
15534195
9093235
16678218
18658741
9929576
14800129
15411138
13072640
11693411
13710319
19620122
4689944
19490485
25805097
14848825
12646470
16386258
10106922
14058259
15039714
27337069
11775244
30696206
5161309
9689482
10202059
9282495
21124198
7379794
28850072
14677004
11425579
11339722
10751031
24225993
9690472
19950805
7811503
12560126
10371405
12662704
12575286
9239940
13378166
13092463
19788410
14504559
17365591
27786953
11908348
13884525
9729916
14872887
11804464
7186012
10552938
16957573
19458365
8051922
10082932
15841793
11707157
11655154
13057865
12187905
11418582
9703627
9921188
7216057
8196962
6343576
9315880
11599620
12043299
11963959
9934011
13466636
11752162
11973540
11175076
9716748
8893176
8751583
7430255
7869014
7456067
7018603
6608182
6694367
6180680
5967765
5625904
5283838
4518500
4620275
3726077
2225984
3238867
2471077
2853492
856511
2832180
2646325
133883
1446652
1963861
1471060
1239360
363568
1648573
897206
1086391
669020
946398
1237986
371191
1036107
979347
867668
1154880
518096
1057297
229859
1505315
496199
909985
960609
1886772
3534794
3572728
3472650
2671481
724274
5225006
4538958
4388727
6236803
11990378
10181934
13222687
11624924
12698122
10833443
13403660
7999365
12806943
15483130
10365983
12546500
18947333
19027246
17903769
13448240
13061085
12755349
11775502
8893939
12621307
12872887
10283541
10671696
15544346
15823848
13245347
6978122
18393236
16674675
13477380
10211577
14209721
14871427
22195649
9639524
11050032
10956815
11549688
12172861
21388748
14489817
7717038
13159004
10457653
12444349
15697169
10564461
19217686
19315917
10468074
9249137
10026539
17597957
16167058
10401419
13545063
17982395
15490798
6473433
9849140
6992884
16465616
7439646
10126087
14830585
12324571
13390869
12622313
3126413
16780920
13137044
12197319
11159138
14093551
18267165
16565741
15454148
13974404
11552259
14882896
10270562
19369051
12424813
17048827
18117961
14424705
9218222
7122308
13304349
18219666
