12933429
16299561
11720561
17168392
11577172
10022797
18728655
14206247
9788593
10595487
10586159
7487986
13413116
18354643
10203039
14515292
15625489
12358407
15583887
15713744
16019320
17994655
15124158
8124009
12197590
16368886
15465325
9545787
8571887
15394975
13972799
13872258
9633970
10325471
17127410
11416586
13913464
11978896
13924154
10526829
10182173
15785694
15367579
12651644
9756659
21226449
13500533
12720248
14956526
13814610
8361164
13504529
15088300
13967006
14948718
13286284
13211244
9628758
14886183
13162279
12265329
14146829
14184864
10375465
16480739
18083161
14184656
13479437
17866622
8323465
12278483
10813495
10487661
14250072
15232888
16390053
9843375
8765927
14670116
13359792
7306564
12151735
15917378
13389052
13955188
11679649
14307737
13949451
11158471
10338095
14226575
13824833
6998474
11676496
19027354
14704218
9620640
13747940
16767494
15156014
17017820
12171203
8704407
15884331
10547492
13315105
16085807
15502196
11034892
7865136
12724116
16608806
9370575
13348234
14982268
15439692
13854783
11551442
15376737
17054717
13729751
11929797
22697800
10410980
11319461
15039343
16769817
15391467
17887634
16179319
17190785
22312304
15671232
8557167
11042106
12506521
17899488
17607141
12502201
17657389
18851174
11967274
14383937
11143840
11758834
15233184
14296700
15579547
10697382
19401200
21788119
15409853
14049958
15390259
11763908
12820800
15309982
20149743
10081796
24130240
7361593
7607701
11916149
12913854
20660303
7214226
22068096
15070683
10895711
13096871
13491777
19685594
12066531
17690483
10938452
12550751
10936413
11298283
12332727
8959441
12452748
16740027
17789479
8887371
12967623
22731618
13935033
11659023
9493657
13819316
13343658
9905121
10762943
15418043
15535884
9725936
7772330
16987467
13224836
12279124
16555912
14227805
10073902
7712833
10382885
9673816
9880431
8365673
9175780
8613659
14169876
11938733
11613905
17260982
11435601
14915510
12312539
13318367
10711869
10239040
11230172
10917246
11903850
11684976
10864147
9416538
9799844
9155085
9601928
8554547
8478136
8028946
6786250
6762889
5928272
5494394
5037393
5215984
4999272
4481707
4451011
4262801
3932275
2728753
3662710
3370347
2385040
4968524
4027935
6355950
5987552
7113995
6665738
6559661
6442214
7013592
7202273
7237692
7033680
6615047
5534344
5970496
5659247
6017749
6986590
5632831
6448011
6173013
5547910
5284730
8025805
7290871
5216388
7851787
9984839
8679165
10832234
14067080
12339497
12016756
13671293
10979167
10796320
11557336
11604981
13648414
13865216
15569459
14770471
13719234
10959825
15996176
12472814
10775570
12331358
13790022
10195743
9318806
16315625
18629299
13066408
7727994
19633732
14196107
14214632
11925231
11431975
12327792
17515954
9185982
9791265
11324852
12807681
11382364
17862319
13396969
11886644
13769762
10351078
14928584
10396858
11647056
19042927
15139838
12249693
12619450
9055173
14217209
13012277
9594484
13519130
17148500
15593458
9696485
9742226
10331050
15173876
7626496
11446425
15212273
10541541
12304257
11691636
8651574
15508100
15427561
13168471
9793479
13388775
18159301
14124802
11943343
15003291
9979395
13359340
12963982
20381280
10440090
17835586
15993164
15472832
9233620
9360974
13243727
14219889
