13794161
16482202
11181674
19394645
10947642
10877025
17441496
16577210
7926354
9091605
10206143
7368618
14618934
20113407
10021081
14710838
18314037
13077821
15540536
16149663
16520484
16257644
15503270
8331793
11550707
15660807
15288831
9723373
7851037
16954295
15172802
16084038
11172027
9478323
16129316
9984233
14186642
11523214
11965554
12315817
6766530
13430513
16568110
13266540
10809714
21162584
13957469
12150376
17282944
14978942
9359993
11471116
13373700
13528999
14083789
14502691
13337773
9592088
12404830
12529403
10122979
12186306
14515625
9520268
17492436
18933272
11199193
11511826
17642491
8955970
11477366
11745025
8979875
15279450
16974119
16369966
6707757
7709791
14617865
13831551
6284048
11636027
16780731
14636341
13586197
10543262
17165949
16517504
12369800
9491452
13315929
12335080
5945004
12652521
17638861
14593680
11294450
12628804
17520533
16886605
16345997
11574639
6703569
16959172
9750668
16273026
15290999
15997130
9556468
6586213
12299458
18302721
10142677
13904253
15113566
16096811
12860355
11305526
15348127
18695455
14790674
14098136
20362994
10197746
9278347
16272189
17023145
13571316
17190827
17142858
16315862
26470146
12290987
7069238
13376198
12625160
17601854
15601349
12378837
16690063
19387707
11391318
14931995
12282799
11807765
13318795
15141755
18786379
8014506
18266877
23410915
17060259
14363392
15911564
10624567
12637547
14263745
23650562
9798622
26798903
8133666
9523308
10944828
12540906
21665046
5603954
24291179
14465972
13167780
11200075
13424320
20555805
9301016
18246317
10253988
10171106
8815593
12702334
12734489
8357065
11260024
14803019
17487685
11551131
13955731
26616749
12868049
12181373
9552188
13007879
12923635
9219512
9250290
16716342
17221748
8329564
9375265
15612241
13953416
12779526
16745523
15350779
11712181
8879979
10200960
7832496
10149702
5605191
7648630
9896852
13734729
12832905
11358378
15345080
12585680
13798371
12013606
13763127
10635228
9132327
10502981
10514512
9951511
9568091
8634519
7873630
8368747
7419312
7254570
6321707
5806639
5477462
5523356
5321878
2879609
4622596
4144053
2686365
3678622
2772399
1005585
2616417
1748158
3638468
3079284
2891416
2978895
2452523
2695064
3068071
3328349
4865508
6539627
6110633
5823635
4535324
4977025
4764760
3108547
3374921
3777358
4104524
4482170
3613174
3644105
3687666
5342052
4799273
2781037
3219474
6241931
6199545
5930950
6874989
12566134
12363126
11155156
12400705
12225476
12501597
12298781
10114665
10144344
11683028
11881818
12716143
15811395
17519095
14865914
15616576
12102207
15758461
13294041
10686172
13368849
12551235
9332561
8543901
15806253
17258990
14570642
5777050
17736369
15377208
15475591
12124584
13128758
13207113
18102906
9847120
12136939
10490148
13618302
11075495
20868694
12698137
11577410
14580988
9697032
14935756
11919028
9720754
18091197
17991620
11912109
11579472
10330754
15333789
13482704
11226786
13562346
17385885
13739957
10739267
9653329
10118398
16696464
6220424
11216124
14285677
10606159
13039759
10828980
7474252
18255759
13155631
11643786
9443908
12248228
20268290
15108522
13793969
14173734
11816441
13553098
10543723
21070995
10665415
18987222
17088579
15134430
8645840
9579605
14858948
16779996
