14335975
13302294
9925983
13727647
11932467
13594202
13443064
12185161
11675186
13758919
13201304
12156133
12547768
13287935
13023497
13327571
14533465
12152441
12749729
14062561
13370516
13808871
12533783
10821649
14395062
13519648
13078089
12503671
11733551
14928097
13965101
13315099
12324366
11689960
14462200
14357593
13582902
15541829
13776310
11435669
13511050
12014610
14719438
13729394
13084925
15263986
14304472
12533973
14086442
13168625
11935059
13142367
11844769
12040991
11918019
11715479
13952074
10725411
13457070
10881680
12572360
11585889
13179385
13884968
15808652
13840438
12363411
12641567
12923579
12824181
14415053
11734070
12715928
11855567
13022138
13634126
11616145
11997834
13920865
12300080
12617685
13931950
12322015
12006308
11469528
14360641
13985543
13190380
14091732
12421687
13015964
15153021
12760071
13127129
12730172
13362913
12681575
13562755
12850514
12328624
15107001
13068544
11916347
11241988
11698718
12847317
13339467
12351202
12687400
14347761
11207765
14194147
12317846
12494097
12669408
11988953
12942276
12683709
11294215
13639647
12402499
14206255
13839961
12135551
13747318
13504902
11960133
11713300
13244144
12865511
14218428
12500899
13471260
11620770
13122816
12273585
14499289
16047095
12339698
13365242
15443909
13146724
13464934
15143674
12760094
12329064
15201907
14425524
13973808
14186182
14577888
13603915
13720083
14147605
13344464
12399341
12668051
12977656
11180683
13931798
11308764
13504629
13711605
13390910
15378930
14402431
16030489
12886244
10887344
12838979
12333868
13156234
12426053
14462235
12947174
13050968
13500414
12298149
12919545
11769956
12461026
12665987
13215422
11914170
11916709
15122570
12865369
10819905
12454871
13446122
11975996
11053029
12100729
13757295
12483578
12227983
15467418
13812269
13832912
12134001
13998388
11888534
12492373
10578420
13859126
12832936
11604015
11537758
11781752
11357276
12209677
14854193
13863320
12497318
14087294
12899061
13743167
12269732
11280691
12417488
12740445
13355523
13376648
13336835
11274008
12833783
12510722
11785753
12232871
12073062
12590239
11254519
13617231
13127090
12554435
11663328
10862504
11141985
12496753
11752515
11833054
12392851
11471858
12210577
13970923
13299781
12076437
12809785
11946765
12642854
13033099
13765358
12760313
11772652
12668363
11541622
11307046
13133264
11249887
11012537
11710539
11791617
12362812
11386567
11904857
13348310
12461731
12427483
11633606
14009847
13431480
11538291
11456334
13246601
12744492
12118194
12804102
14118459
12234836
13778545
13376452
15324153
12556912
13986059
12138345
11950175
13476552
13269540
12491594
13348169
12993167
11840903
12488281
14036261
13012467
13946869
12369627
12378311
13759524
13011214
12477110
13100700
14983659
12786185
13071114
13665787
12894488
12501304
11336073
12471830
11802665
14017541
14490063
12413206
12610272
10986660
11964607
13172288
13596359
11571302
12515252
12471140
13249987
13070173
12653226
11556690
10009248
12656068
13409914
12546925
12013351
14317175
13413672
13255886
12096924
14459851
13007916
13127190
12069488
14328120
11647484
13593466
11315991
13934616
12594962
14705123
12605910
11443070
13080335
13929204
12038812
13110011
12877666
12511572
16302780
13334253
15259223
10770760
13738928
15266405
14391220
11454311
12798514
14184173
11843736
