23790703642
12249155993
19503122899
28718755516
31029403348
35490185621
30774910176
39182321268
39807156053
18422754063
20182155455
20455001723
25824576191
39606325780
17306255880
35667426692
6216745655
47876015113
30178638842
32345537854
46476991379
25196851465
24700985669
26259321659
30325540392
23338018568
24626224288
33034353524
29557470316
20035142211
10464956991
25709648407
27817251090
36713377813
23604672018
12579683236
16721382985
20546381350
22245519302
24669875653
22017310444
32647295945
19133553771
26082135718
17839877722
25569914856
29417783426
36755188573
33277375661
32549908136
32800997847
32136558253
23496813946
29491282057
29626345549
33156030699
30029623426
25199576637
35839273144
24066727607
31005382899
33311483975
16027483169
30177210050
31269917420
21911736187
30951070354
25650040848
38496339327
28894049304
20593207136
2674717851
43067365801
25886876890
29984735125
19879847390
50099758571
34744271200
38328376697
27725389340
25909280832
25802285537
48244595282
38904731634
30436671418
37684128459
30007292837
29079642412
30627904222
27544989904
25856079300
29330292210
6142379637
38998063476
38327820941
25824703226
16152284181
22608711183
38598571441
24344309981
23913881178
9907970353
23709884414
30050302398
26964261220
17344948973
35511641127
25199893114
5976708475
49088418729
36767011364
23123121292
26404270089
29685763302
27577451720
33605221709
30098267826
14765576133
23285783683
16246775413
20126658004
34599708371
27612495964
14811662651
33864170015
38926341106
21989287983
41314444639
41521333481
51349368718
27068839150
29825012158
21618799213
57932462588
31227356719
20580545391
37160565062
23104636182
49917575992
24152361222
28031576100
29837954853
34799499321
54030885732
28277427544
19426039702
21786435862
27649344960
46127712434
26040557683
28862051788
28544410929
16129625038
36897696532
56512432127
21232799949
23816148499
30522850997
23708459158
11677075615
26087702655
32064339149
10344738058
13473948889
4295359164
17116477805
27905903903
45758720067
14120549134
14081769619
28985142648
45556387271
26199154277
14825080172
26593491332
21309285969
25169147304
35246020359
38306323893
46714754283
34331283884
26598951321
18563055482
41650653034
18074774108
19611216680
21892629585
11819188438
31054210308
33301859511
41473202170
30798598988
24605826387
33622141590
36743566821
19211306779
27571061110
33365554562
21332441634
28177395625
26026115125
17168578125
22152483080
21751553482
17676275572
11665407754
12838874049
9772942142
13436823431
18090888434
18424741081
16900554932
12191335987
15899189148
16084445385
14021091584
13094084648
12770864870
12257430691
9068020673
11147745769
6907111898
9637544415
9852207217
5117746808
9048651032
9755938615
10035278314
10857007172
17038382236
16754168193
16084699649
15061860534
14101215462
13366578335
12402721525
11717290630
10857425245
9946280551
9291836076
8693416050
8245135690
7362746063
4853808401
6652899671
6294764849
5994326977
5327430535
5103342093
4740278138
4815364641
5301432306
4729223882
4750217584
4430394383
8984066410
9932845331
9698490598
8551759968
3132430873
9059006259
10766364517
11265383546
11266352544
12261926573
12082966909
11864291252
9850961720
18510181297
16984501148
16784690174
14811847173
22259763981
24728036749
25795612396
26083785417
15181990784
16512065748
18432248241
31233338615
37736865734
33988132568
11406366661
23620203364
29706565934
28274263851
25337103896
7758233749
29699977711
30541557350
21359394546
30409562261
19644738602
42884812768
35002022251
40639325715
34845589695
21426095301
25541149695
13923145690
30384330326
24337222305
22254581118
40385121208
18828265878
20077534482
29698523728
30626031063
50062460836
24451255190
19313751178
38074303863
30054784357
28365387145
31546369467
18508602237
12111993462
29553010651
18008467391
20170860013
29145259213
32979430182
27294014637
23568046208
23725912628
26134954575
52796273981
31744818507
18998005478
30316708445
19464995371
14993338445
15595835648
30616675075
26214771991
39067558492
34746610200
43725089588
21045543234
31260338928
36197753553
8153526417
20589810578
43871371420
20355375913
19294722520
25186090169
30986549154
20691623756
34658315258
42825754750
21685231457
33638065349
19447614103
28501615608
25093970611
33778851897
11044132432
32591259622
4975621726
5879255126
38007656666
25486224724
33132060394
25755814136
