24765704766
14790700017
21845944291
27688571829
30946892583
36375870224
32060758594
41536343376
41088095592
16283538828
19443263069
19950939418
26404452767
39821940720
17398294447
34787501195
7186323770
47770547368
29418210618
33607390044
47632966308
26595722490
24710248784
27539979619
31741649662
25085466896
25822671352
32757473068
29444059120
20556288370
11292779573
26667939519
27294183734
34135563849
23269808196
11687241411
18241568728
20329344445
23601182089
22620051985
20994453909
32300113128
20202984765
26175062260
17411761064
27365200204
29122302097
37506481085
32104364977
31926625690
34709452977
33189995279
24887030879
28367110819
31995651012
35715073910
30175426670
24160478412
33986067671
24140348796
31941217683
33439548497
15391247374
30031123277
32265745603
19738992413
28746254688
27201269227
37741420277
27286827577
20240365418
3826183368
42424350046
24578204566
29909759850
19753980643
49307039266
37247725890
39057887805
26675927704
24374210175
26147853981
47873651879
37695443358
30864999005
37685620371
30289375209
29617643567
30428421301
27889477449
25608376882
31455209011
7788587231
40896941076
35402548604
25846828457
18811513660
20814906770
41259663577
23877888468
25603293236
9302850183
24221015560
28096792161
26367602798
17189351576
36309486210
24245608369
5809700862
56897571448
35149328413
23042157478
26565205480
29892286378
28517001465
33279408632
30513151258
15727245846
22934049983
16932776141
20819171652
35637106151
28296154489
14855213632
33662507202
40683810139
20305186261
42703992915
42927603044
53763740391
26877237684
28503573660
22369809736
63785301852
29497728505
21427169428
38591367901
24615664479
52643359112
25836566418
28182923655
30411610117
33922576701
57899852147
27242520712
19255396506
22596142400
27663975705
48871059157
27258627483
28539574361
30418497481
16367163936
37134946432
60799184667
22497864787
22912654546
28352411350
23677926649
10886531438
26274769607
31774352672
10304099105
13069499995
871208085
16037851725
27813253137
50560536363
15135207704
13874626393
27562870176
49139312467
26974158995
17239405797
25391343608
20822464627
23651086695
35476006061
40072917103
50678878285
34361233602
25047675217
19299223847
45338727676
18856084235
19096352714
23435215396
12122350560
31056107567
34475543745
40497819635
31455987290
25037938630
34583822312
36676561190
19136499813
26853548458
30940399829
20639597051
26566241851
24894426855
17762977690
20442986638
19933925599
18253030232
11895338706
12044938454
9495095259
14432584079
15710552661
14984388720
14365525234
13581412794
12991558040
12155822789
11364722042
10514588537
9993244665
9505712998
7993665213
7379792392
7659840100
6730844791
6940035538
3990342396
6709014350
7507776256
8820137048
9338547190
11798609630
11247452340
10558936019
9898114202
9227900141
8640352486
8071731860
7524645648
7000229117
6363378446
6071076610
5634933868
5254644345
4903628532
4525975497
4234769880
3935838083
3358966331
3305103605
3217022771
2939010979
2568429888
2533408192
2086168787
2666944659
2572066069
5493857704
5352690304
5197778490
4829977548
3015913788
5157569784
7179156521
7577245237
7276682471
7346070765
7395211378
8755744458
8978568176
14453318033
16160834516
14650756156
14660871158
19919655254
23159501986
24989045728
26399089580
14013398593
16679608918
17787991257
33279069198
36171099585
35183461691
9605859108
23314840498
30272312179
29046533613
25810308573
9124035087
28408896613
31907055984
22149606286
29703598319
19609229825
41842994752
35978572097
40570623006
34503959174
21890840954
25420367649
14371312223
29404123361
24656109425
21816441972
41045453899
19538115416
19845383424
29218619506
28977118986
50901413392
23952878959
20422471777
36700104597
30166554138
27900570567
32104857833
16586897891
10701927391
29261007220
16520117777
18506450063
28285576761
33814000958
27350097595
24210144478
23615822452
24566360728
52631850333
31290690711
19005832013
31814535053
21168363862
16031190938
17834738847
30893529923
25620322741
37443941937
36102337834
44341760233
20279213071
31501631393
35190985429
6609819861
19994006628
43559055154
19417647167
19041365252
26375366922
30309183565
20073247067
35901823247
44709388986
22894866925
34430889036
19220366367
27920470853
24745248050
34445272371
9909580516
34058083021
4183146697
7596420853
38475355932
24294821065
33199081925
24108848487
