24861741614
15234787891
22134143666
27688882995
30457575944
36272467217
31573544211
41282929770
41246177602
16371610918
19711921830
19990505723
26579134058
39951934354
17135099203
35111493916
7235743653
47832557779
29059037526
33581645309
47639526891
26647398125
24567643880
27586470306
32377710732
25152283024
25730550652
32573043070
29505558934
20597714335
11252900978
26759371814
27248339592
34287895129
23018496956
11765859101
18394887130
20411495632
23871000810
22130627575
21157662296
32262123521
20251085172
26006996696
17662503289
27326220420
29376156420
37472518284
32396877655
31738439475
34969240812
32706630544
24428840067
27837514977
31358754714
35693128722
30406527217
24242057482
33565725071
24113010058
32333397814
33197495901
15083139575
30214731637
32291738060
19496218312
28025998719
27003082625
37582767882
27477226220
20206578783
3682423104
42460042089
24500541671
30072768361
19789804629
49057942523
37701465786
39447302987
26881517820
24764443349
26931642653
48508832515
37413203757
31048698165
37500690354
30345587088
30113677268
30519031495
28455826785
24862535249
31817340512
7878704207
41387397267
35272490190
25806366256
19010841754
20807955479
40782655860
23826819797
25760698169
9106352574
23863485999
28659394190
26438438241
17954871325
36625819314
24474000833
6283279211
57607946703
35040427194
23451837744
26365283019
29552939108
28616381777
33212831143
30462993989
16922647302
22849236874
16856073344
21085429758
36030212335
28346291608
14718224922
34298317586
41192071410
19803064492
43353599228
43040436233
54656024523
26752984134
28601344398
21916388051
65091027635
29436914045
21653370058
38662371338
25112749786
53499166852
25505567841
28330257496
30442341245
34448123418
58300392999
27766186224
19180587527
23154894091
28030960189
49460344188
27187710359
28813085106
30065067997
16233664865
36788952969
62136699976
22427421436
22467377386
28874710595
23591142687
10929326533
25988283215
31949088659
10892859419
13145320566
1245014935
15951217033
28028346535
51880965275
14804030174
13875024285
28088805288
50539295690
27207430572
17057012693
25306604570
20881546055
24033390572
35565870674
40888301156
51910778753
34116655525
24519049629
19462036582
46113306256
19063069418
18915214154
23774540849
12721354019
30809261356
34165890918
40295061826
32096596402
24885009566
34530355372
36299321886
19539649570
26668766016
30395094567
20648213844
25799978845
24468888045
17793526047
20138272022
19800533125
18416229979
11843288106
12591331970
9349574065
14254816687
15361694758
14646211759
13770384261
12850254805
12176861104
11406353983
10602043737
9839507992
9325162837
8766058882
7830404600
7271454189
7380243657
6369751661
6580327258
3568317209
6541150383
7472881539
8526971474
8576769308
9926101876
9360703774
8885227615
8373008432
7802126555
7331307753
6814662949
6323204749
5940395649
5330735592
5095076959
4802515724
4470843878
4077556770
3876808573
3598196451
3284784441
3062182723
2876739928
2656958314
2439782654
2328238925
2257298202
1937177179
2011733861
1945616900
4242427837
4313095656
4129274078
3860698471
3164202433
3823703254
6047442612
6604342739
6449528104
6376592431
6462030626
7254556629
8359378060
14241125074
15437018716
14707840839
14070912664
20009071759
23049227677
24700119241
25916763249
13770472670
16784252867
18376829492
32754624577
36148329558
34933376262
9276531379
23160753622
30520192265
28980962768
26402527397
9152960348
27856497126
31430269969
21851590610
29254756487
19547027245
42154175256
35477792013
40292550319
34064756201
21713851933
25286167313
14401740359
29159892261
24432007782
22199689695
40797047184
18947477509
19562631925
28988051871
28935433228
50488409594
23695764323
20813589280
36895602565
30540126952
27626483068
31834856724
16323328006
10507133624
29370057491
16444841605
19207469549
28391605150
33550918281
26941371602
24102298699
23407899735
24955293546
52882043894
31256546564
18915739591
31473919753
20980289047
15860977112
18011134208
31271579668
24853120501
37468445988
35846133226
44226180152
20236566315
31669450058
35501322139
5860558177
19689236681
43398087882
19411382337
18942565979
25973715383
30262921998
19568347515
36569071538
44534129947
22918578966
34666381127
19421127289
27956978760
24892111908
34177922902
9548926269
33961699770
4107937780
7685127527
38902921623
24025151317
32986268780
24160194239
