23386570238
10062485248
18686638211
29655918169
31404293126
34246804786
30983797113
38217184579
38836063543
18718221755
21149348551
18944182373
24545857123
39198948005
17540719065
36152743452
5117853629
46436805728
31884081188
33293947474
46776361845
24206097319
25530204340
26879105862
30084897378
22821524049
26522974330
33970915962
27637642021
20373937813
10538242179
25984267898
29766291712
36198715390
22619735951
14123047583
15849285573
19065774075
21134925945
25261765586
22767873287
34038283488
18872812345
25560961115
17353994752
23655988589
29688663628
36819006343
33733157792
30612301857
32990107704
32862425512
24021775397
30160442834
30465434361
32903777235
30222042436
25654690808
34920734261
23515974106
31177039933
34351997705
17036199714
29326631280
31661314078
23526515934
30172978342
26255754204
37872316023
29372815108
19495254803
2850831490
44357792488
26134837746
30621763723
19501659061
50988394808
31968137415
38940306890
27469326487
26158697633
24979019911
46495943247
39390205871
30278333274
37268928841
31070758976
29266260296
31256017687
26326185488
26431825892
28369244179
6219386933
39498990684
39259238924
25023087509
16057213185
21969131221
39164521938
25561491250
24338822936
9611682174
24831858378
28526323463
28239273972
16712096733
34848712692
25516545170
6695074536
47023679711
37645380502
23204520694
25394296476
28856810694
25454982566
32232784509
30545748961
13137183949
21628096276
16301322932
20049568712
34320586022
28986375202
14761713091
33342056216
38746002494
22775510041
41334541450
42107853358
49729730091
26898228089
30272269134
22043621726
56462451493
32380224534
18227564371
36862593315
22751176101
47739475846
24575056475
28114364262
28112981643
34630535606
51401768283
28629467584
19704195265
22097566699
27622436402
46245211932
26438970232
29039570228
28888309551
16570962143
36399099550
52880678896
20271333531
23831649973
30539159210
23523601740
12660662025
26733066874
33666107646
10600773285
13762771132
4821591939
17002304423
27235411826
44292623677
13417781103
14105901815
28222826172
43462068012
27227514896
13975425313
25840318661
20779918851
24094889436
34638807441
37332456279
45134750422
35300019345
25275808769
18553620766
40382318637
17877475265
20263505697
22493758317
12608743716
30067605409
33630335042
41145794210
30871668629
24127645204
35577729782
35345883547
19000216424
27465129816
33800145157
24074798839
29113044663
27861486359
17942778271
22224030354
22350594847
18779835866
10352973140
13327570163
10692421698
12518661506
19189253168
18953800825
17290710422
11274340159
16597698639
16554269602
16034886522
13565521108
14623098142
14098534578
9142399126
11851125043
6670064725
11471602557
10949220727
6985562716
11229699942
11258782331
10642901564
12290578699
20046382082
19521298431
18798440811
17520983840
16480933383
15266864358
14530932208
12916733391
12629496564
11664883385
10948507098
10090988304
9363451239
8736165787
5101526366
7645040135
6794424646
6884442988
7217373152
7126351065
7214704109
6761625282
6902444807
7052088689
6766963730
6753205634
12885735900
12509863145
11501760186
10808310281
3314447471
12110259434
11860978015
11356153289
13149106418
14608325861
14884012566
13729728212
9981036366
18886872408
18302566187
17122674161
14544784057
22315681661
25848051722
26221310794
27753867728
14595377989
16634724770
18691606268
32559468525
38063053726
34910384453
10944556850
23337693348
30006820670
27679091355
25226257828
8176153732
28370215945
31173126609
21887044518
32200299702
19399366562
42077435889
35051142002
40317348933
34802581005
21699186657
24760493859
13752186116
29095923367
25295495012
23348632982
39840746796
18104547668
20312711669
29327358562
30422357461
50293598148
24947087444
20404171756
37907881277
30025019488
27906296873
31986591675
17038447912
12389362305
30104583423
18488423074
20597314778
30819052502
32212840853
27459321357
25000016919
24419265955
26319728845
53324706469
31129320178
18237636945
30588010852
19089586965
13421334870
15655977280
30375914451
26377588419
36816595070
33478273448
43531411525
18775415767
31059857053
36763400467
8850735979
21495794389
45468139761
20178091672
20030858820
24926602875
30675877622
20046732259
35407732309
42721421317
20921975875
32847959539
20760168560
27727261534
24370042822
33916095701
11421678550
32754116145
4673977029
5409126911
36907696035
25672762748
33459549088
23201175198
