25044450896
14869225509
22133227668
27617434019
30620573111
36143119120
31884820899
41726832669
41191109674
16456681875
19437919548
20074729511
26685909211
39751225811
17219149987
35028573698
7120341011
47597270856
29367972085
33619480773
47753102327
26664334398
24553014478
27553147345
32006568992
25018170491
25963273689
32660618981
29449857208
20559902431
11240691249
26723093340
27025784531
33826379531
23350259725
11678725285
18171270571
20520868436
23645455195
22389536739
21276745957
32421134043
20254641424
26039337866
17592041320
27428358789
29192819025
37286683646
32046153478
31727860294
35028175291
32886811395
24749676051
28332324852
31944955504
35629187730
30621623101
24247845251
33750699920
24241561295
32198517903
33342320841
15092911800
30285814651
32208810497
19349505895
28249026742
27179314994
37926189939
27649123321
20199428758
3709368968
42605410236
24227540630
30149628998
19679119742
49312901391
37565124253
39174099119
26591831976
24937181100
26515641820
48123674135
37724924311
30902873667
37486239250
30321401266
29905573575
30507361640
28103761783
25308857081
31561223941
7804547572
41048339717
35511704438
25932189123
18789142702
20966847888
41176765531
23892765492
25673995930
9346794912
24191355063
28230830526
26500744560
17599662661
36173549608
24515853290
5892210352
57289017505
34953312341
23230802408
26956302844
29821045345
28667362177
33300223771
30559516447
16191739704
22585728454
16757351137
21035394232
35559941813
28325790455
14731961333
33833115131
40960175522
19897530481
42774501351
43180519619
53924297688
27019642887
28559165420
22007368984
64357739087
29548750542
21575434129
38463614531
25339161645
53050762231
25859723279
28207780170
30483942631
34167474640
58116641797
27770938184
19252112502
22852227481
27824393699
49181061770
27199905102
28539544296
30300213044
16272243229
37094616093
61538003173
22273504253
22556638106
28930161890
23438014263
10844343773
26411235839
31781582962
10504480184
13119222434
1012850209
15888461685
28052628305
51059352658
15109107643
13832285554
27589542313
49743049911
27196984895
17033467507
25301398767
20622085785
23848965555
35416137730
40262930132
51300321100
34308670571
24908962741
19090357984
45602210578
19114285638
19043836073
23549040764
12290370656
31013613711
34173240154
40310700933
31801561993
24906873188
34632302896
36369141335
19281846799
26764503829
30691652096
20739075184
26309267174
24739789170
17853361249
20681335120
19908572693
18509263731
12073546501
12250213860
9221270306
14194379060
15608876039
14853403088
14035796150
13318802185
12743897842
11810042892
10916415368
10236118325
9714890470
9040275168
7757959395
7176052531
7668112590
6778910936
6684450630
3815774910
6705159819
7443213246
8872692828
9163580496
10981274570
10498404625
9885455220
9277094634
8641995472
8123894012
7581317694
7034578925
6534297541
6051417651
5666566274
5217527702
4922989511
4404534550
4196743035
3934370815
3684148444
3284425253
3105613328
2702916843
2791402330
2630321639
2428818681
1931728006
2208513847
2163501102
4875452791
4902812674
4688365188
4413555131
2909241936
4566801461
6555360345
6981071742
6805061673
7086032605
7226554757
8305736073
8769892686
14442987324
15806235604
14819797865
14402586071
20199388275
23318382018
24603619425
26250233504
13719717030
16901387965
17914345028
33361146074
36179880437
34824013434
9364152439
23580652060
30563973677
29122055458
25976925151
9321482676
28205165250
31788542489
22033446298
29231934040
19395141809
42000232022
35751797115
40240796906
34287895048
21854001038
25440700367
14328341480
29399378184
24326960150
21905627584
41061542442
19165380905
19777551131
29120571422
29129120836
50771752184
24030247155
20495414834
36846612261
30451156499
27779465722
31963066521
16576719354
10514497777
29506543021
16301228180
18815543334
28380052278
33805425918
27237981412
24205787874
23658416804
24514888556
52670032192
31519818837
19174619618
31669183330
21146098578
15917330734
18202637334
31112606969
25267908869
37465374119
35957673202
44260291564
20351602344
31255331045
35397274672
6179138752
19864781518
43422942936
19375630818
19083326448
26161815799
30279125071
20028985989
35767759084
44547589311
22825922540
34456017773
19118553337
27786496131
24645525095
34176793605
9866993649
34275548654
4178996181
7777138837
38434938954
24275088302
33255165545
24095350984
