22779396413
13663787799
20889177957
28875731057
31264336001
36079930648
32285522263
40611727775
39932700355
16598191718
19686435057
18306387967
26184440177
39850059269
16659798876
35348087331
7128497948
47319412839
30325502138
33137011840
47182678644
25335920360
24729818328
25840370532
30293195378
24011322804
24455729178
32952643297
28976977157
21120087771
10812492325
25975049220
27667237680
35037910138
23138076882
13023642142
17073987200
20363226340
22745866112
24120627901
22066378754
32074518739
18557560786
26157043412
18233504892
26930431868
29709487325
38170776147
32947659309
32417159204
34842340144
33282912354
23431657372
28874780062
31959593990
35335321851
30452277674
24603983358
34027851697
25338871841
31338956845
32612662461
16713594595
30441939994
31345686858
20714555367
29733856506
26055164860
38493347630
27867882423
20575602813
3268218429
42146784827
25403961109
30093435839
20263474373
49948139833
36349724665
39151847147
27208742213
25403863569
26224696150
48045949244
39466372129
31222331510
37899080261
30069119596
29177414518
30923106763
27081933010
25518607632
30825713898
6444651604
38936665654
36604942428
25693316456
17525112939
22940491269
40325730049
23812359014
24483741686
10904854022
23590792572
28692372751
25911987722
17698979099
36023862158
24787956920
4962847365
53557469535
35989557580
22982823311
26412510947
30613248850
28421301410
33633586106
30511649612
15109885274
23384437126
16673127107
20302806746
35100816490
27644332565
15350005013
34181243928
38862490317
20380370415
41955565254
41897146471
51905344447
26659909417
29502891347
21474338923
60767512971
30465900469
20766764986
38712752295
23223206739
51072181205
24967780878
27829214897
31686634838
35480217945
56199833889
27551051865
19638924589
22792330222
27087195445
47900322929
27073032202
28797003488
29779886808
16340890895
36162157491
58710795035
21880490764
22515831673
28902229950
23766359997
13046891321
25474869410
31850661530
10082461963
12287839801
1674511494
17076079535
28205032310
49152257381
15015875476
13858120582
27106099094
47525576542
26116199501
15446459302
25415190594
19965412275
25187824315
35421970764
39122179507
47776596148
34662506648
24771883343
19326472983
42959157470
18525694400
18248953366
22827016921
11565700301
31268077801
33283080074
39465507145
31323909412
25390003598
33475345207
36377484978
18376162470
26248929666
31706017702
20265785400
27792958414
24743829604
18485633559
22002349215
20171583600
18350273431
12229162872
11838988936
9678427666
13928337279
17064293417
17641485187
16712826238
13201973115
15331029315
13530585616
13462128368
12598266916
11822242068
11059452234
8235739813
10083659513
8212360346
7706686921
8078360934
5251728306
7518688650
8349645855
9106954917
10883120800
15168458480
14456340254
13819764864
12924936374
12123133014
11039996043
10301940362
9793211118
8952254033
8517598299
7644890218
7278965684
6716599898
6463294455
4839613440
4270885393
4931580355
4863046281
4434103248
4004171715
3686650663
3561156095
3528395149
3248524233
3443638881
3430417365
8068372458
7918718992
7976768185
7310388014
3459482355
7200663750
8986366021
9911189448
10188499537
10596809647
10383443320
10067215354
9470749153
17568676482
16344549915
16457898380
14287438668
21181847039
25042951146
25597042769
25223377774
15893900466
16441487488
18705551755
32451242902
36644756278
35532681823
11821847118
23180879233
30112623636
28895062481
25532090839
9597975172
28776286092
31802624367
21785360573
29739070762
18886747193
41970013204
36338332562
41890767799
35300932370
21785420815
24686493029
14165254445
29189379658
25990443860
21492813566
41001686023
19179077723
19353858747
30313153357
30358675782
50712705365
22885832373
20575135284
36773218686
30347100782
28378431686
31627758367
16053615888
11033101018
29517091512
18657984519
18791845278
27308483190
33092575146
27480477720
22857894116
24413340227
24742574233
53032273743
32358397021
18099827550
30560179986
20251760289
16105680546
16914427496
29969373173
26005778692
39179596864
35215647309
43656993908
21052742113
32235521886
35892696119
6090218034
20290851978
43666442150
20133227819
18289083616
25301416592
31588872144
20721003186
35115795685
44535103299
23254253496
34096553922
20125034972
27553998939
25139291885
33671395259
10051525807
33571968620
4993012404
6439918820
38978356871
24997982522
34166762204
25492789849
