25044700432
14845762859
22168147236
27709874761
30616603369
36182512383
31892357697
41758340622
41206886468
16496097318
19449752053
20066196748
26706557229
39784319429
17176903468
35030019497
7127499375
47617104076
29329020759
33700171045
47813934868
26706825792
24551672052
27526910591
32027245200
25066483263
25923786380
32709447583
29476646646
20474869242
11223400944
26790930472
26972537672
33844425602
23364061229
11682385935
18148998928
20549234374
23691194312
22338630069
21221532350
32382956921
20274197673
26020596833
17560591206
27465925758
29208588878
37264504773
32011937972
31734072352
35086512815
32960996668
24807221104
28276282337
31886975450
35619971050
30620229876
24234510980
33708355589
24257161694
32161437021
33354882704
15135009033
30289574101
32242312272
19367962008
28269148082
27066258571
37913579146
27624095586
20071631364
3644876785
42564261480
24195330944
30192664774
19701425248
49301402069
37530307347
39159839112
26675367212
24959196889
26521950484
48102939666
37693994845
30880157133
37442912625
30311168978
29888738597
30497653714
28113656640
25330475717
31568067029
7819074798
41076681350
35526895310
25952623093
18769800703
20921815266
41147964257
23898751915
25659177942
9330761495
24177248451
28169737031
26516703425
17625449613
36183366888
24520723437
5940220394
57303667346
34944299584
23309180546
26950144301
29825765190
28637236318
33219179946
30517952146
16190430448
22651756088
16763457788
21062265727
35520557439
28307442371
14793193986
33815167066
40951091280
19905663445
42720211491
43108962236
53977338597
27022124153
28512513921
22032882275
64352344555
29551015552
21606134951
38460895968
25334178793
53053022391
25833338889
28192706291
30579761440
34158611039
58151520836
27835749769
19164437886
22827495704
27859258563
49204277008
27200395061
28516595072
30324358660
16209041552
37095402009
61549782783
22224354100
22535908307
28922257840
23437043623
10832080605
26436502450
31830325363
10492708446
13184588234
965046334
15862611094
27989455228
51141923275
15095033523
13816919272
27679102194
49780584964
27209777510
17068474581
25273104490
20694651394
23800942354
35417917590
40282855530
51276150719
34330986337
24873491303
19135960972
45638527010
19095341017
19079637304
23580439344
12296549710
30985306138
34156568252
40283643078
31736091556
24881776401
34647647660
36360954201
19296650677
26743792743
30783471308
20760434805
26305456960
24763370689
17829325254
20674015101
19893030004
18591332294
12064174680
12317472553
9227162894
14133392682
15629379743
14871169693
13988972762
13360669628
12727747904
11851845081
10951673765
10204652214
9719644212
9016989636
7783627498
7153561201
7706816874
6788968990
6621809490
3860307003
6710452019
7474451231
8865812651
9168667050
10904427457
10442938351
9859056425
9255714410
8604661002
8072092675
7545595534
7022461208
6513715959
6008013143
5665750039
5191978513
4892142717
4443952657
4218949978
3960912183
3613581931
3357486107
3136555843
2751875436
2796861224
2646954192
2354417660
1914390727
2214067793
2087755094
4848146386
4826424516
4651413047
4373787584
2890287019
4548154553
6504285608
6942923817
6794616800
7125283454
7178662939
8327413725
8755031589
14370832802
15798041945
14806501551
14335888020
20268239447
23313003822
24611970402
26246925827
13697043562
16801733023
17897864502
33349298665
36154895966
34778113986
9383139185
23515518236
30605066088
29065198671
26034856902
9290554875
28216538239
31757242197
21975928043
29312707445
19475284553
42017827681
35720282456
40254932331
34345075581
21855392460
25446439292
14384583503
29451943222
24384362980
21939515332
41021852049
19190711837
19744540007
29129679260
29069553452
50781251638
24056453950
20523587438
36844518731
30412455989
27771730040
32018685122
16498094828
10520382550
29498090583
16271533922
18846452885
28386462524
33759052856
27245512800
24198676743
23630005330
24549080681
52638276259
31462505261
19134578248
31572179622
21188282369
15947910851
18191060795
31071526131
25263985853
37473890882
36052531436
44225740840
20267548057
31199081356
35422077467
6132997816
19843784604
43416236914
19393497806
18950935857
26215489074
30223050604
19955617458
35837064439
44589426034
22834518206
34400534440
19156763721
27789896135
24638089391
34164831218
9883244592
34256982083
4195409023
7783351923
38481589451
24227845183
33255749846
24113094220
