24827701373
14421858427
22056376156
27879269369
31051676145
36453400779
31924933891
41765269342
41032115007
16246455366
19378490981
19814683744
26455251790
40067649462
17553548725
35045229459
7170736788
47931915603
29328568553
33687874578
47512631861
26409076368
24861703495
27544005202
31586497313
24886703918
25685622668
32816155486
29149869929
20930535082
11082676098
26709789014
27478367909
34100467035
23187141118
11685794740
18345479294
20328759417
23521736361
22922370375
21230710279
32481417744
20321875102
25948801442
17531289340
27103655643
29086278186
37805649863
32062513905
31795892608
34522167480
33256784171
25007849274
28584643638
31844801170
35375736035
30412327277
24180382429
34312192425
24239470096
32057644058
33005009803
15582423643
30101111891
32178677372
19683888963
28869145698
27260122019
37807400917
27363061602
20147425652
4116228029
42532662995
24462139823
29960213653
19789043797
49558141615
37264847591
39097365579
26554706462
24390251970
25919188830
47655598088
37966572872
30892912671
37411742517
30628448832
29649243315
30353222043
27908898335
25172084035
31613234600
7888203001
40560788306
35582547267
25693357775
18596404963
21066377202
40990618708
23881351459
25522567158
9104751440
24291084270
28184403307
26515587842
17199350182
36385688608
23886338436
6175530385
56385133804
35047737522
23032199263
26361497320
29944705764
28509833792
33297524733
30718229450
15569521654
23243271374
16823614359
21003466476
35631248020
28092400405
14956682975
33760246015
40344153943
20084756877
42771515007
42685398635
53249021490
26919830970
28583278094
22664461520
63143521033
29345546923
21328681221
38203045483
24816391962
52411383085
25410272458
27873069505
30411934504
33996864759
57475169039
27374421628
19361261788
22799021345
27474500716
49132771036
27341800170
28354702020
30424123627
16515968500
37045421986
60588492703
22472919353
23079346025
28098240400
23399873962
11250881804
26129479223
31927421865
10090821219
12999565294
798765584
16169242864
27936024703
50433074650
15101708039
13795553590
27716747657
48366614927
26760318999
17149464133
25341688940
21147952994
23881298741
35509379006
39959869934
50104972573
34521682729
24963610609
19356577430
44864771792
18758682095
18764327034
23528039370
12106564642
31078852452
34028783319
40373546668
31315333377
24733431870
34696883495
36646116067
19230377160
26629513595
31213524022
20531137814
26621681945
25133393702
18046170337
20473959697
20225233964
18071187774
12020268047
12014851447
9541698458
14412260365
15771239743
15321086833
14559938326
13811893919
13174628266
12573828982
11688592001
10894855537
10277433938
9748724143
7945407131
7905050066
7691384702
6857856555
7259533353
3903723972
7313728658
7730791650
8939173503
9693593932
12483813704
11888493094
11219351333
10469945092
9787536226
9155033246
8479705621
7884746286
7403037629
6839659886
6353934610
5896385242
5484410146
5161986876
4832423739
3923563182
4180195735
3597596221
3311564679
3077537094
3166721959
2546217881
2743187105
2311404456
2986165275
2989232254
5935211678
5721166839
5565703292
5224126368
3094722999
5346954739
7792983838
7981480227
7949967317
7856879082
7409984253
9195676793
8951806629
14845627977
16484240160
14643009190
14659640910
19815681807
23556976989
24964580370
26697502282
14330304590
16867367322
17814986606
33047571259
36519047140
35253497548
9774926902
23278756447
30274549834
28740375077
25920501152
8944103486
28329232715
32043897376
22079918652
29718858778
19527313889
41896872150
36137435967
40583575636
34355370014
21912735720
25302460704
14390461286
29457295477
24709298075
21536240180
41233098000
19238329767
19882330166
29333325220
29233030340
50746175816
24072272691
20743395068
36692602009
30275040473
27977049806
31791377600
16457550417
10726378678
29436864533
16570166744
18759232881
28511428552
33681305930
27335691876
24435716496
23455670668
24694807399
52875688874
31307438514
19262619698
31674360414
20894266444
15934999405
17769606241
30787449584
25388255982
37446105568
36012792519
44494094653
20123138838
31499796631
34900335990
6650685797
19906218305
43376827027
19664241127
18747425246
26891179822
30398965044
19960720432
35899035432
44847400387
22842003217
34254409587
19248925867
27634581955
24598582345
34377060911
9896736115
33867302862
4006206001
7647494860
38380599388
24714905657
33321029205
24101551596
