23877892429
12805676307
20160495037
28294042633
31455355143
35965721646
31328314476
40004611334
39965701467
17996871524
19414464601
19811669336
25683666937
39695076280
16267969597
35461841767
6035517634
47453050537
30191414161
32511167604
46457064614
25503286516
24298972758
25970932164
30579219751
23823638410
25041459156
33581714066
29941733529
20206484649
10133214054
26724949097
27452273147
36268235253
23747949163
12788831637
17311276735
20574871084
22878207832
24750873395
22416069491
32467666756
18637918619
25880457425
17488313088
26252635217
29823730249
37402699722
33397850076
32504869327
33019180221
32289632923
23843327286
29436986753
30327051838
34361830847
30632968308
24920485890
35388820261
23521507887
32142266794
33471839910
16902043194
29909192079
31254958040
21639342927
30660972697
25178889877
38187217416
27783881155
21689209898
2640378716
42362760108
26860657352
30111417809
19454028854
50255927058
35363885263
38197161701
27565390045
25394603394
26837654383
48127964351
38969767190
31038951487
37730241081
30524457078
28708451019
30772071722
26888534958
24902493616
29454068788
5919464483
38857582988
38063860816
26345924696
16517334703
23398992689
39159775927
24684846750
24769504366
10086322628
23978402580
29427874888
27233779179
17347106049
36409264173
25279083670
5865190890
50229373867
36542793935
23123716935
26572779075
30503553698
28065204186
33189804273
30855684238
14961482463
23058784096
16768057689
19903503101
35273448176
27547618390
15154320886
33549331771
39305122994
21535720596
41461184927
42086784425
51805836638
26978310463
29204869953
20784559727
58475283012
30629794145
21001152292
37592117814
23722826392
49787786078
24409350258
28417401155
29637797074
34705477236
55009735312
27835719000
19306054444
22735193031
27123548894
46328575972
26444639073
29037144471
28930190171
16194792340
37371987120
57067339422
22380522793
24404062359
28924158355
23769350892
11958893378
25828037601
32503248762
9908129384
13546514148
3391709759
17667015642
28094680575
46846508486
14170313965
13715050079
27932351027
46115071892
27163155966
15121791630
26156607806
20965955319
25836037993
35162420008
37962470449
47782358357
34017206419
26029650682
18910946507
42798211039
17864994910
19424672940
21874139272
12303998963
31154057820
32186666822
40749187368
31164252137
26281991071
32777197963
36137784577
18668848558
27156426150
32644467074
21330193279
28561634200
26621316043
17584290063
21600932871
21018321511
18731874130
11528905003
12355071476
9177738453
13702680517
17952845703
17706609575
16591529755
12161786978
15830268461
15324488891
14384356117
13074952154
12566115290
11773667283
8569919816
10502405881
7185388958
9664314759
9234305444
5734180952
8615176250
9605371955
10013560376
10807830282
16286818203
16178929305
15602304533
14369246029
13702456414
12538353560
12037833546
11082465038
10272047342
9615865806
8994462430
8445427551
7277619790
7188328861
4405160222
6321368549
5857770675
5373350428
5037467718
4372305821
4628442823
4032311614
4729207991
4425349172
4195122350
4260852215
8359771998
8566906020
8804023737
8386236554
3517642983
8464650044
10445065761
10882307120
10903890684
11606831997
11659211454
11295060924
9974346683
18268955749
17225459107
16577780844
15388869655
21256099520
25379523793
25356861203
25453906963
15425978818
16621304704
19375156507
31467756780
37873903329
34721581014
11629953014
23660494758
29506862358
29017405861
25419663286
8235719550
29039156889
31584384931
21662906472
30650680264
19443087812
43212232314
35239837420
40864086749
35305833290
22340041639
24979254200
14088521678
29515845206
24900908778
22056410358
41457435576
19227411453
19907642575
29455582352
30816713917
49817964437
24178139542
19372920429
37544385878
30469766651
28350824553
31211101179
17719109199
12158567891
29328002281
19104783180
20113415807
28167895830
33352376001
27161322727
22801614671
24067693808
25199090511
52813136147
32490305240
18744597257
30153128570
20455640293
15505387257
16089211874
31139605484
26551804264
39278194774
34259075727
44825574251
21118477880
31765477572
36832350258
7613182510
20035312957
44218788633
19838692487
18576402599
25032659124
30792388607
20547570825
34941988994
43551593166
22921294280
33327513360
19613675043
27324406202
24246741216
33965959848
11360073976
33546413430
5406742854
6299749278
38427859356
24260397522
33612478055
25661988783
