24171843623
16284469409
21745139106
25755371393
28390157193
33765344998
26314091737
35372590132
37960568051
20503226139
22128179075
21657510322
20546472681
36119653901
24670616124
35470098502
19074063351
39336969577
29384242598
35377398702
34845524948
32441796992
28030422377
26356333071
21163936337
27008594846
18246961932
30545438451
30404421855
22962466059
25456698739
26841623137
25197537330
30592684838
25456366834
25975044517
22099762827
26755341979
24507435950
25611599059
25454138907
29197309332
28110579606
33560764716
21479640000
22315852180
33549526946
33804838155
32880785607
26561714687
31499132145
38060050609
34006183322
41464623333
29459075758
22929224112
33157737070
29417760720
37873397408
21706906196
32801522623
31195908598
16395799502
31762760452
28203620361
25107142675
33163024953
26150457400
35143944123
31282978868
23647526314
10855679220
38979129020
28279581898
21619974781
23426340379
37546899686
36026047965
37992824306
26559196062
34101803375
29526058058
42009257832
35425508441
33322624430
32596252960
26879102629
31683292644
34310364400
20911272273
29486326563
34619633324
9053597245
26033161159
35940758162
27382962901
17019520505
26377764601
32591947643
29597512812
30617901685
20830761352
22007210246
33754497583
32346791409
22248904947
31340385585
33321071105
12058180267
33104824236
28813305197
21975838022
29481182377
36197718861
22053407560
28061256102
26250841337
17495726367
25371414147
27359838443
28235683144
27054972070
28685269147
21195192564
35357476272
39125308309
33734733027
29363274395
37718763774
41100360932
28101170133
29425082924
17623220411
46057815271
27070315124
20927596407
29175522485
22931171661
37425157785
29849288836
28384826905
25072889923
35560457418
50238022584
26839255151
21790047254
28335191210
22302791297
32175682837
28167855182
27926327975
35094378553
19336246288
34203811727
35179694148
21506390616
28716290193
33585275883
29378844266
16346201673
23859665298
37236911926
16547656588
21819468517
13005078450
27910029721
24011216848
29146765305
16795265461
18678011736
29922845266
32312963975
34579256264
27021230364
29558166922
34360452571
25578010580
18714252695
30084407726
29046469903
31217075530
26279562118
16567326698
23839067665
27747167431
21865354010
25113930195
24826370345
21623594795
31674244457
32365272470
35147561130
27295795097
31703998609
27880383864
24243097552
19980707008
32120420208
30964743665
34808505700
32176249650
18908814456
27631589120
24752791630
20018920653
19236606077
14437480571
10140868967
28013316317
27860066975
20293372472
17759498635
15964265468
23561440093
25197672196
22211552250
23583332776
23784048305
22448468764
15745602057
16253905010
18598520631
15113172402
13078187839
11211810883
16368215059
14761970153
14246522369
9330564432
34090858287
32254431425
30556188286
26510304026
19903411670
22407702826
23714600774
18385763205
23084678946
14180316797
16722824096
16776546211
13440020830
11810972230
6140948653
8471723497
10558231808
19541164737
21768898257
17553884390
17119595642
13281408077
15959599522
17169482202
15471374811
9411161540
23275563836
24157172640
26409079278
11443587712
14345147178
17756620459
21435999061
14795292285
19131420441
29911037211
22178705646
23362643949
20909237091
29620094654
26477349999
16526968417
18685466290
23262823656
28928128283
29208185002
28862240993
22103548044
25778157000
27129468743
36299068285
33084838673
37687975777
21994651819
28274366443
25520387186
28478729640
19667228455
22735101136
31332945481
36904486171
17862506888
30734737831
18715451835
37442942241
35525457761
30337885719
37082017742
24009387783
24360958705
22546356166
31793498400
32104233233
26471183831
35153168928
25880127934
29412140999
19443768160
30103029170
57039879589
26087330177
38186192853
48459474050
31609341476
31597635467
29962835632
24065322059
21281745136
27999703593
25700961788
18028084347
34457393693
24724228579
23811293878
22429099922
26069205244
37168217745
49241938694
33237790116
21954731687
31056494645
15402375210
21851033435
20950626447
26516443536
22129007068
28569025097
31982447685
39458180528
21336822808
35870339454
31380601714
19331175784
22928838640
40361279570
21385886246
23860260178
32614787096
27393983747
25192477401
32919877919
32743727631
17730303121
22542388052
21334554734
28146515924
29265505573
28999443586
25682158622
32613513686
15467561184
16175781475
24974271055
25663180622
24661160847
17112758979
