24556493315
11405570107
17882702054
27141789668
32485414735
30927668773
28271584968
36996819512
41155778941
18357803975
19112469124
18184152720
24572572593
38529671696
17222825429
36229340024
7105087119
47341736451
33821886109
34486452830
44947479469
24216144964
29089881700
26128094352
31274602156
24371371244
27900991935
31168775145
27463561458
22434662025
11713817726
26557522803
26384278971
36142621076
22693967297
13169281367
14284732445
18367490173
19351070065
24535067888
21418795847
34762886492
19974392450
28011066235
18383910545
23222356171
29882705130
35183670225
32642383026
30135023700
29968110026
34075612614
27975806063
31777217853
29703338008
30535348989
31787466998
24727090214
36194553064
26696554990
32446539788
32469962165
18819497610
29642754119
30837760017
21693781289
28514076646
26873316218
38457155833
31691411386
21212016079
2956016278
42572045263
24981027725
31200061957
19521528931
50832272732
31406026714
39006707907
28373552029
23538904424
24098499980
46341788527
37387028353
31080384643
37329083889
31052121895
28991985624
31451150476
26665243992
28609788394
29866892115
5511321176
37021818219
40030769572
23282957991
17829643739
20488528519
40426935453
27410771778
22850016678
10159102075
26285621081
28181446971
27230412783
14292090048
31600102365
25022429810
6679739160
43789070561
38265538650
21838556334
24661595907
28544791970
25467102515
32808192379
29989688488
13097470635
21207856977
19847578103
21368771161
34755972052
27869536415
15013945686
31538731769
35922996885
22930679502
38916836140
41556926553
47530027155
25286826559
29581089046
21706119831
52958994293
30483777935
19340592895
36666972408
23773862521
42790679975
25499986833
27775636707
28660375314
32973335555
49299652667
29751946119
20200358741
20527749629
27815148898
43408839037
25307803005
29432041884
28890801754
15747232291
36375364726
46358681624
20749043084
23289160005
29440207185
25435196104
12666623017
28742630846
32832841750
11588232393
12513419342
7076429023
17115349473
27090312296
42134385018
13481595239
16064326259
29823274977
39895699203
28032412923
12788565101
26192072296
21388873221
23538671868
33242165398
35596518094
42852073105
34603010672
25123277731
19709379277
36302088478
20247641947
21264827644
22376669366
14723235418
29130192499
33227604854
40405903634
31202463401
25216621942
35877819115
35341253233
18459305564
27981069934
32542933517
24357534365
31222312351
28490076619
18263270646
21806410228
23642774707
20547358098
11251924158
14045060621
13811030740
12655114343
20866223804
19790764167
19572306828
12218529229
19201053376
20495497753
19780026761
13684257585
16214940271
16547615082
9648371584
14269207773
5709523941
16059089795
14753952338
9124414616
14531492801
14098167713
13644611364
13340343803
25784061567
24261081154
23713236455
22255097417
16852033927
19113206381
18130665502
16345028398
14810627196
14555277450
13640173549
12637627750
11684420643
10738648810
7157026331
8870337598
9553000559
10264417010
10035487150
11482577495
12091019709
11954613624
8141849451
10787852501
10211056443
10248673760
17670734391
16979699641
16126895864
10553455504
1069263754
14519918124
14572218125
15444321122
17365445628
18434706477
17461606872
17415961303
9040771167
19742077982
21215479502
17766057705
15173915614
21861179969
26943363841
28322016001
28446576264
17600602906
17870607649
17547210625
32775998475
37221354186
32254088163
10574030011
25163598166
31820170386
28225806074
24560333766
7325110530
28687369366
33197836558
21577200602
31177095692
20340314268
42258994540
38482104919
38010733238
36131804750
22314580542
21635326139
14578034167
29299254496
25394613378
22916414723
38481859936
18407392305
20477568601
29444536949
30462142855
50771601810
25113507129
21487036345
37173225885
29126520612
27797968184
30777606442
15580704027
10768415977
28530727611
18475815418
22432324391
30443111401
35527805600
27878682272
24271838907
25454760654
27416357975
52612063736
30642118764
18332494640
31561520956
19437899578
13718253445
15798831504
30230831766
29369712181
34354963121
31680084231
43635562500
18053454429
33091144135
35626850107
9445471372
21822641197
45529278825
20489258068
20442076495
25826156778
30714185103
20124417480
36628439266
43799956121
18839574524
32168255589
20135958120
27895267501
24458239767
31535596495
11094655462
32940142194
4067345736
6675933493
33349995447
26966281199
32403680812
23451092201
