24980669480
14743264488
22035603811
27573162521
30848283392
36274270391
32077034080
41721689568
41106423069
16361570758
19336733046
19915486942
26690212142
39795616612
17126209630
35129615956
7144045258
47612929330
29422498279
33526176385
47536218167
26628965572
24622328712
27414762564
31858279445
25128680614
25860754334
32578994652
29434375959
20609768967
11146521026
26639484098
27054471158
33899814855
23326782058
11589771922
18141460778
20497139465
23633841145
22411294975
21179687166
32268591779
20328425966
26046331584
17556449575
27473309295
29009395931
37263108586
32102098128
31888616380
34918040284
33026261139
24845964861
28387940705
32071427682
35565114939
30460165480
24298632650
33618925408
24241525219
32142870396
33489712160
15151221093
30249744199
32149290017
19535685541
28566343407
27218148172
37849436727
27663471647
20116901673
3699206310
42630172500
24425282479
30106353366
19610201607
49279943449
37390818816
39072390977
26619735821
24733796993
26239074998
47978344817
37752138766
30715313143
37469626392
30278456408
29953033908
30399950037
27936353469
25482046178
31533403062
7972553412
41042961154
35421206887
25965256383
18609290762
20920298582
41210377960
23963036738
25680635564
9325770508
24276794947
28277075998
26467841422
17451967189
36238491831
24360873881
5871660395
56991603487
35087923604
23235015298
26980463030
29829592499
28527425127
33381739838
30674174271
15929824341
22641877534
16789642523
21111012057
35523907254
28345921606
14685215126
33856134863
40764243294
20121018670
42761114381
43161350525
53911511687
26994657929
28578113673
22049453578
64219674568
29548608261
21650781051
38454589905
25093487768
52985281280
25874405014
28095804393
30587585085
34261970298
57952704104
27691536727
19232761979
22671737658
27859660666
49054865919
27078860509
28593581997
30347792170
16401224991
37082334046
61307444102
22308572284
22857665056
28796355484
23661116559
10828761283
26451117305
31906166643
10475706465
13126525728
976048132
15818742604
27945595558
50955864205
15006457018
13879915998
27619657520
49463414903
27223258513
17126095800
25308518218
20790277646
23853375388
35387707091
40193552237
51212458265
34493264981
24883095408
19103236588
45479735018
19025845745
19007276867
23388310270
12140370106
31171013703
34161787088
40450135312
31828764015
24779353091
34587479842
36431514044
19208025333
26638638296
30776351641
20723521231
26175591411
24846147365
17804559226
20516129017
19787612792
18478823354
12002722115
12284144588
9277015620
14194550597
15663772011
14964461295
14187198353
13421763348
12763807285
11958116474
11150533110
10315171428
9727166379
9244412898
7858318753
7426412084
7838916443
6680925567
7043077827
3882070688
6710492906
7460677563
8991767878
9167174915
11229301822
10702896282
10079842493
9435716291
8806044362
8242789652
7689868485
7159111263
6673605484
6201840338
5752226577
5308866743
5042911322
4627791732
4318220523
4031434131
3751877645
3362603242
3263896308
2928813237
2877817646
2602855319
2559658830
1847306443
2436736300
2431387737
5094159688
4996387826
4817685085
4517986270
2954713636
4731103627
6777443863
7218713145
7032484733
7095517010
7217390336
8370028180
8712698151
14381193189
16064518130
14727266167
14363305571
20157263323
23367734205
24755558901
26381115421
13830707589
16969916036
17840545062
33372009391
36284057344
34782985130
9489951049
23407696983
30518230388
29226158208
26028233404
9189538322
28398431771
31819659869
22137769598
29318933670
19381160060
41981296719
35875387710
40274131106
34442367053
21887447991
25553486936
14255731657
29301439792
24285904940
21848804555
41268631788
19332989482
19884327139
29034266490
28931964127
50845181843
24049398472
20482725563
36981204615
30307327587
27778570547
31952472403
16413715530
10518230988
29346033719
16490186716
18753526413
28338018646
33989875666
27184438206
24374323988
23679644605
24605471764
52689851207
31546097973
19127863595
31560840712
21016427797
15962748469
17906792701
31008575535
25329947141
37432020833
35965272862
44146452820
20213788791
31302208827
35457771832
6327598884
19937419102
43599991401
19506452070
19004158234
26253006855
30390402197
20022279543
35926329628
44466481849
23014044358
34492044453
19152601771
27903496530
24755449786
34184392181
9955847132
34217551804
4270947137
7638842441
38339683799
24307758893
33050838940
24104475091
