25039146605
15200673285
22453799829
27766810675
30654596446
36209960733
31594640563
41307545222
41058443474
16278694441
19718768387
19897343953
26616275543
39917317205
17094295605
35009300572
7176830487
47965125148
29005013838
33638290543
47654039277
26729720181
24792743547
27790036411
32352089363
25213780257
25573957228
32531019045
29290275007
20619340347
11459342197
26758370143
27167879599
34396572319
23055058666
11587282422
18498371446
20317941031
23854429490
22058385690
21215976492
32188618817
20275175422
25980631346
17566629995
27295951165
29344361027
37568980687
32544048959
31696755541
34689164406
32606101077
24711946522
27864422652
31412639528
35471528387
30322183885
24028222087
33705900733
24106735454
32299143610
33114679931
15061496053
30242003341
32148048187
19652648755
27864385212
27097027726
37627405456
27273174580
20221580944
3693499491
42549487419
24547350310
29980864066
19653814636
49080806678
37614956162
39442532322
26829373478
24689646813
26921610323
48577858361
37585505377
30975141046
37386813316
30141794744
30090961311
30361839671
28441761293
25120010983
31769269332
7992775280
41306690029
35369938366
25761923112
18977634479
20728926939
40653951466
23790792491
25634425114
9073462574
23922282724
28569306285
26361652907
17871665155
36575371005
24628128195
6505413398
57968179803
34982416253
23362783644
26373800707
29679955044
28460955087
33365575311
30407934936
16925137417
22847352563
16761464967
21222041663
35986316448
28374782120
14698852010
34281085357
41076730960
19722798029
43228024104
43019325395
54753757572
26766050295
28554171123
21794581441
65276301257
29619146713
21678314908
38849048746
24977054338
53582069193
25339810255
28235128518
30425247865
34569285796
58416714075
27979267988
19057533336
23002029607
28079683768
49505153280
27312387619
28835565257
30067117644
16373879698
36601444251
62436919719
22437964043
22540632668
28812047943
23609596268
10992284524
25926578516
31571049761
10795470983
13289260421
1207839847
15993418015
28245312404
52127372142
14638217254
13881088003
28056384734
50728354230
27248787792
16984317221
25150860996
20747900705
23944351822
35662174165
41092977715
52027041100
34041105996
24639542145
19552058737
46014097690
19004577037
18898941021
23897122001
12769520323
30791592009
34251920033
40405841939
32013510538
24732720378
34722569871
36349787784
19466242051
26572775942
30351371307
20842958542
25745262651
24377140236
17886397219
20507313170
19719418472
18151730994
11876765586
12392957411
9371718509
14313734072
15353130141
14622050754
13683023259
12759121366
12042244600
11245418383
10554537575
9823991011
9263001993
8597496087
7986966585
7311715423
7371436349
6377588809
6539239324
3414393857
6428479267
7302277839
8399436939
8566914692
9703310219
9224986712
8626294493
8125750394
7584372495
7052749235
6570837287
6074053299
5719933077
5332254421
4980467118
4619064975
4304879082
4009680895
3616092750
3441959118
3249078716
2935220553
2775050440
2612656045
2470872957
2310089124
2176252940
1672171558
1959626321
1883322978
4139698612
4189280626
3974031867
3812941206
3233813068
3692903183
5913783871
6458395120
6262327096
6070320032
6233794047
6945376427
8115553702
14132499648
15472814440
14798236720
14084283503
19756257782
22896824461
24760136101
26117173452
13669440122
16835751592
18383571437
32824099943
36138915871
34994371340
8986701695
23188227260
30534054893
28906511562
26389987163
8978183428
27823786229
31326394189
22054229809
29205079358
19623085874
42025762606
35540232463
40181074958
34278894176
21740373184
25151248865
14225271369
29251218707
24555913689
22079799112
40819230425
18932719961
19651728933
29102149620
29016322419
50590490824
23788193661
21013562239
36721911540
30476792249
27723584713
31719204426
16236715945
10595012714
29307200692
16290448092
19334472489
28318899377
33419788538
27058104526
24162545382
23378594149
24816833374
52798194775
31413845408
18980167832
31373122325
21029878023
15866331541
17824662396
31470890223
24867998130
37420313222
35668201457
44411527496
20198381354
31831872886
35568656505
5873201731
19679978221
43517602772
19445995243
18841906384
25871354689
30491896921
19583294510
36660096805
44682491852
22888840995
34644299648
19437795030
27842635931
24919809185
34125179889
9606603325
33783158480
4108033805
7590436122
39019675481
23921448251
33120085668
24277990615
