24634390025
14695860545
22108586899
27684798030
31050516516
36589573199
31928443501
41579834893
41085862875
16204623964
19460095728
20013935149
26378542230
39960622683
17529023797
35054709251
7223023474
47773638672
29318185854
33564187968
47676037879
26396686203
24529327917
27502204594
31784439707
25074137061
25766555355
32855065160
29355202885
20844839520
11336211110
26797909107
27441321822
34115420675
23247838412
11645124542
18230010471
20325796300
23425474588
22681235475
20969898128
32441193363
20283399812
25834977035
17390154299
27337388804
29146304206
37691141829
31934404934
31950565972
34751823847
33240979060
24856363622
28494878185
31883715568
35372125633
30293073772
24161272300
34237998192
24144261273
31958693382
33202104631
15443621607
30164967263
32196173374
19630884081
28835704145
27264287848
37720388043
27217815058
20352421565
4005187116
42592933857
24515822229
29962017704
19633798358
49364708066
37332845051
38974241106
26565703250
24445544865
26218256087
47800572882
37787598131
30995284666
37668134491
30563463403
29713825805
30421483139
27894541447
25404433564
31404761563
7794628617
40717771559
35405515526
25749479338
18782998476
20921464928
41198123015
23930755003
25415392980
9163077826
24243703524
28128321570
26487664355
17107736165
36216896436
24109588436
6043696669
56677114004
35018400358
23064488197
26547778119
29936086176
28378172608
33264343112
30648673704
15676765647
23129436340
16923986218
20862946062
35550008873
28256296181
15002299357
33595437860
40402645746
20237306242
42680540755
42915029768
53585120465
26834745546
28513782435
22272024810
63344913014
29319788600
21436726536
38253619933
24771302168
52493057973
25487498383
28037426020
30438273484
33947515606
57762218272
27137652035
19191035797
22744508550
27709568767
48926663370
27227111504
28546659500
30346714796
16464377426
37250162888
60673145249
22480244219
22906070648
28157644817
23509878733
11122569807
26320606055
31865202918
10107512634
13005882478
828680096
16163273087
28032765193
50560307880
15047654852
13788213697
27644930557
48685800287
26767772125
17151141858
25480282979
20912988085
23834278606
35508917535
40071662117
50443476295
34480178567
25010135899
19284639390
45175397738
18835159047
19006015692
23485930929
12285063618
31137277422
34225864591
40426645017
31417951585
24871843298
34603209040
36645214176
19281203393
26749211515
31110764683
20513151537
26750539000
24938266764
17724412046
20473252853
20020914896
18222531440
12065598319
12120836111
9485578990
14394827619
15681224041
15027485395
14296134416
13551035534
13112797611
12397028264
11527191105
10743299848
10139781743
9644120559
8068942469
7616827165
7644551638
6776876320
7144282042
3857881576
7024335621
7529437158
8769980126
9408892546
12052895377
11540190322
10889056080
10177295284
9493346793
8801164138
8331319883
7700500727
7196324946
6715126453
6261152311
5841855269
5407514795
4973724264
4646065155
4017697319
4062292000
3484212469
3345512192
3225391660
3060649980
2511803403
2755646302
2168915501
2867285507
2839784060
5762404690
5579881652
5357878850
4874110900
3069789067
5095675652
7416368007
7716633541
7632726728
7583572025
7354204296
8893396006
8962459030
14691020150
16256966733
14630323358
14815678380
19960689730
23363122022
24888197759
26541262837
14055661629
16864038681
17835205788
33056111326
36259069922
35190812623
9652633510
23285406569
30313761431
28897324989
25917736096
9082856865
28275504402
31888287270
22177633778
29661436811
19589572541
42110660056
36157481027
40509159136
34442903340
21840248763
25357494380
14430307440
29355507653
24649711824
21827285562
41013847768
19295410527
19884353821
29343926203
29269742884
50840116577
24069554841
20573030732
36567318143
30149708660
27980503815
31914763039
16625217360
10752274110
29293752047
16437796022
18467716732
28326082340
33768139693
27440502272
24302428455
23602916697
24747099305
52800532869
31391119687
18880656358
31828894094
21064712349
15948042150
17851895629
30772614171
25694047557
37512928724
35918321165
44271951278
20231881835
31644605208
35092901394
6527913539
19954426133
43466627060
19449401010
18914326438
26647577275
30325285444
20020706104
35872562579
44837340158
23015547920
34319751696
19214557503
27803549907
24684224608
34611000669
9923129641
33976907833
4184724233
7557715911
38402473800
24598221119
33268525123
24132502250
