24826789421
14783289775
21910609689
27679196630
30942522943
36320806541
31982471836
41583808335
41205774001
16399902485
19400939860
19929469463
26469016274
39852559836
17312544222
34918467924
7071579243
47676468600
29382868547
33557703274
47734021797
26643100651
24812564614
27421535336
31921776243
25114426625
25811053026
32528305639
29484956992
20682479624
11088639548
26590981087
27115675246
33909390965
23204854839
11686729965
18271048248
20390838893
23627075670
22390260648
21200076026
32389060637
20283051968
26191948418
17523817360
27286349244
28912486787
37464861267
32159734672
31820083134
34639687670
33225205995
25085491447
28391559060
31910842215
35581168523
30413251432
24185193978
33874841949
24201596011
31990713115
33479828967
15316146317
30196950685
32279259871
19627979250
28608467131
27343534942
37739371676
27588974081
20231876712
3747114284
42431870924
24671558431
30058539004
19664596056
49275934455
37252945531
39016218563
26776086712
24494803667
26068854862
47943454214
37662042153
30753150674
37686098304
30303933818
29666592622
30366330218
27896783577
25562226235
31537665012
8044848176
40943149607
35428241392
25973662763
18728952308
20864733730
41336003633
23969308062
25647220090
9322647347
24122547522
28101449569
26385746088
17258192883
36257664366
24352587865
5855693730
57037316456
35089568393
23074079389
26848299541
30009209532
28526929065
33223395539
30536434110
15834484924
22898819479
16842832264
20909930050
35627643173
28217959963
14723781275
33502510110
40762949339
20251455016
42662698182
42990295320
53943656036
26891809320
28784826276
22304909523
63961164355
29426436639
21399001963
38675434855
24702276708
52857667005
25777053225
28139067193
30481726681
34153688730
57830751008
27399266317
19302634372
22634009255
27829157458
48973561918
27274664805
28677339850
30476909275
16421730954
37101472876
61067084011
22424884407
22780343161
28624988269
23713521760
10878586831
26387180743
31733423017
10303876300
13097350059
998185635
16058280022
27658353714
50679496188
14956046209
13697229980
27492855827
49329216450
27144592313
17170920705
25521198616
20936503011
23746261937
35492113203
40234809568
50852406240
34418055761
25003224441
19217689213
45366088052
18951662851
19123505326
23285159369
12127332564
31040333373
34333899902
40590372242
31598573521
24790986357
34484024061
36629337337
19015085176
26754316224
30754197716
20747909962
26452851226
24821019627
17814621232
20417136394
19968080353
18392074694
11931458730
12071233282
9440514153
14183181299
15641855041
15028055030
14113266336
13531937607
12894458100
12084765528
11125558176
10471206148
9910547825
9397027056
7872035433
7375274774
7895612160
6665703748
6919873769
3942741620
6694154194
7502706189
8880887410
9253237987
11628259294
10991070923
10405892234
9756079552
9065310470
8510487931
7882120211
7380326686
6866039128
6349978155
5974178753
5583168870
5201688736
4808805529
4475750521
4128015846
3777581076
3269452239
3185211217
3073982931
2705609480
2779724648
2599176186
1897457967
2526265912
2537315252
5259595199
5268601335
5000478861
4718284976
2944844115
4988839298
6999824350
7443008471
7254907069
7151363821
7339393252
8608579136
8860756521
14386737376
16182557939
14590596873
14632359070
20076563506
23056736832
24842819491
26531042714
13998402803
16649810578
17655850805
33213752990
36144325880
35108652376
9558957187
23360123124
30269568842
29155764865
25851729330
9125923803
28459210241
31867722282
22134633306
29559368860
19573582497
41878856663
35951384721
40425224944
34534791311
21893241304
25423303918
14241637166
29301435205
24656047607
21851250960
41333131825
19509348943
19872710281
29186854042
28820736411
50963294213
24083389233
20358036184
37019170101
30211601741
27939712631
32096857246
16483015793
10667585098
29421709096
16464640108
18563475653
28269722298
33959149286
27340052577
24353285451
23538963343
24446690532
52784871196
31387489041
18961400776
31662978277
20968862141
15934870311
17888797750
30877151279
25440895142
37345854697
36156978228
44363487961
20257287918
31443890242
35268012777
6633386451
19990089263
43665582663
19440230637
19054707477
26110081320
30299027627
20088758902
36023627673
44646279593
22953768004
34545438120
19119562195
27922847877
24765587975
34346422266
9842513411
34226423038
4175238175
7746868514
38296413616
24069961282
33111768388
24136121409
