25025788973
15088502101
22119235091
27592850548
30725348552
36029190390
31802403371
41475468131
41383075609
16482467425
19500728014
19961098159
26862172954
39876860995
17284773451
35238736283
7248577220
47614707230
29213550154
33708262461
47785151754
26538510889
24509708500
27451326405
32121585703
25119719952
25997649323
32777989265
29507353588
20542171848
11197312623
26782109118
26889756334
34029038030
23309620935
11690986084
18323274983
20438221932
23707599763
22166597353
21239902172
32284189621
20329352359
26078216271
17617863683
27457720284
29370733510
37433731635
32268363462
31901565609
35057039074
32883678585
24831684410
28090354070
31867726087
35657184365
30453191090
24029349153
33702538519
24371859750
32230856885
33246412991
15166870805
30388076482
32411846735
19422986419
28244523137
27240506230
37809775466
27461486002
20119354423
3578623102
42620676851
24173657854
30214016446
19724484292
49258038014
37542893007
39213629221
26745318654
25024143381
26732781744
48241501175
37588524202
31055054381
37559258811
30386095897
30096428408
30484633806
28241803031
25248094962
31762901428
7877360943
41208819470
35538086673
25996122787
18683885740
20921223976
41042755640
24074063916
25662305600
9310693653
23979429608
28110582042
26647153292
17896667630
36228549435
24491524266
6003127393
57391980764
34951336607
23361424297
26747040094
29731330073
28710267281
33138451033
30476327464
16455622664
22735199165
16938776411
21079852630
35611567919
28217900720
14777601506
34035962830
41135476792
19806063171
42733679078
42917372594
54020283602
26981679806
28669814874
22018760149
64529498331
29215165437
21552905972
38384176077
25238729321
53203528941
25807168247
28221110600
30593712179
34229960158
58220779598
27799984473
19132653745
22819981900
27751072627
49291126621
27310743958
28652441960
30423761188
16190939109
36920447809
61612462528
22376501475
22261358089
28930209073
23416192741
10840749174
26340974931
31816148362
10542881326
13150436812
839513843
15783840730
28070457155
51256447413
15071008355
13835560929
27769102149
49937179999
26896383418
16948945421
25224845941
20752015210
23929530311
35483768338
40344185006
51503889665
34268438918
24588687349
19206758508
45773691995
19118302140
18969195611
23614988251
12520313900
30982486016
34085508843
40316080821
31769834085
24929927134
34647327283
36184956592
19257572005
26768449495
30762715917
20709441283
26202948400
24753939898
17833612627
20548322993
19840622239
18540567545
11794458928
12288883864
9131459002
14076459348
15512071575
14865973628
13991326294
13149062144
12518213875
11709329528
10877435589
10084210446
9619713191
9016471795
7691556455
7118762426
7630344155
6610728749
6691364712
3654479202
6568418396
7348953369
8697533440
9170534813
10704504506
10230204148
9625658853
9083379432
8455205748
7907450376
7366782086
6879548243
6344865162
5924319691
5472154598
5149468504
4783068274
4405477634
4089777741
3752057405
3589681928
3207989317
2879396891
2923577340
2640363967
2567691926
2315819843
1814851096
2162142212
2057254360
4779866985
4637575646
4542222800
4282124051
2963031678
4292045250
6408946564
6720930190
6876483741
6882313176
6855521202
7911079206
8626682912
14207229008
15705830281
14882331971
14244030091
20105978787
23303898381
24695007987
26279210452
13608578916
16778552924
18007451207
33175701365
36023332283
34823940674
9476796210
23439799467
30671290156
29064118519
26055006346
9236913683
28255106320
31576940389
21822542587
29398187759
19563625072
42072844627
35718236383
40268221321
34273527863
21699402371
25458794366
14335432607
29471079045
24340952138
22161721274
41063294650
19056760508
19699874831
29107023081
29067044386
50836742842
23989994118
20567371392
36930888472
30522285149
27755969072
31953731146
16563965722
10605825060
29400605042
16378188114
18889632772
28469825633
33842151809
27197231005
24202997415
23504644012
24500923852
52681508720
31478798240
19058597725
31610948894
21124441364
15897936067
18173113402
31095531790
25058027584
37645206701
35996855433
44211171954
20140749253
31390762009
35401503164
5925173311
19799196736
43572012279
19454477296
18912892457
26102704153
30155666789
19815443533
36129027257
44586130228
22873860951
34361821431
19226122086
27798714760
24535204526
34129814096
9735136467
34207778094
4063071964
7559555767
38673224164
24302765195
33308861967
24048204027
