1227896945
1182288624
1473703262
1504093630
1156535289
1088190197
1320285587
986588138
1258022954
1215683227
1425007224
1210420545
1152512283
1114957969
1134145745
1333975260
1579067538
1199622582
1361496274
1037104073
901102747
1413187467
1164303795
1646947747
1057001550
984492822
1054613653
1197195816
1554425989
1253104546
1027161546
1223225741
1255682409
1171897216
1308122819
1320704341
1158280574
1447373664
1018161097
1311813430
1219050206
1224444713
1079359897
1253915067
1260793528
1027952665
1153720010
1021413282
1528473793
1145784648
1240819476
1215932464
1154206515
1111529671
975455147
1383808153
1301700810
1319304359
1195845503
1407502901
1413997281
1275859180
1420580248
1305324855
1006607849
1299466760
1432314845
1028115468
1081160711
1301883778
1289012005
618998356
1212464119
906045599
1270161949
1641233035
1077021649
740175480
1288063644
1004374082
907571082
1038149292
1274581588
1296208072
1415509420
1484976930
1227005211
1235025341
1108271408
1153836431
1143658225
1286387048
1632641325
1442970932
866229193
1469503465
1606616086
1129006739
1180355961
1475143054
1256360772
930771223
1437002513
1467510215
1018901065
1233728080
1110553815
1069312850
1290338256
1108799290
1446998336
1637955680
661055197
1354933992
1361218777
1016711307
1453036331
1153013053
1595797311
936615302
1303774780
1152710392
936413641
1097540799
906200268
1344928823
1150873246
1336811940
954190303
1102882934
1399663723
777962772
1210569194
1008141396
1004524389
868605091
1394828293
1076172378
794207458
1265520570
1240726864
893423546
1042879560
1382927546
1150079088
1186441292
1523021852
1001847245
1267371358
1588910782
1265200558
1049377148
1201489090
1037146249
1025336529
1043216528
1311242534
1202802858
967769203
1023318825
1197951332
1247197579
1302198488
1025141371
1407258940
1097340074
1315589841
1492647097
1302907997
1164789725
1467484665
954824840
1057929465
1254420156
1189779240
1462162337
1201211966
1004581675
1198659748
1428049757
1370755614
1525693023
1065744751
1143242366
1044694913
1323251695
1000797924
899828500
806208128
1514732750
845067235
1177504573
1135654196
1100479650
1252295799
936927035
1666012770
1092040926
1057830212
1314180274
1044541445
1347334790
1029787501
1208299019
949388879
1080388928
1005273889
1578937617
1184025791
915364944
1136022766
1111498876
1325101484
1352202227
1460138567
1096520300
1468441131
1209028094
1819325849
1038611906
1451863662
809998717
1228745546
919038921
1117868071
1097206364
947786280
950558936
1109848344
1429404659
1277000334
1730628037
1162596522
910240507
1228450818
1111635822
1149870019
1269854652
1101726934
1411747022
1446369179
1438901453
982781984
830211818
962470554
975323952
1027293151
955814965
1180460255
1065094960
1133045522
1003358655
1017095817
1093893914
904766713
969261751
853959379
891491076
1015510536
1308406072
991198775
1028736395
1039553619
992123517
941861685
935408287
986221572
780542868
726944816
853482933
824876828
806566512
785024470
810247511
776128720
686174667
680417014
641266505
617456032
670024719
665374731
737266553
762903286
781164372
889898411
879163743
813205920
740266787
758988641
738755588
704159169
647479066
617671830
605955460
578767757
522040864
464833077
365226707
427481692
454052821
452365151
575860838
604506647
547955637
565838062
661602079
650676864
1192257037
1085162976
968371807
1070977340
1120877819
1250747412
1346960734
1069753703
1376420260
1164459049
1251024690
1169262270
1062053088
1149837847
1041249703
1051167379
1144891652
1386106870
1081935480
1455609645
1077476153
1372860615
1498668813
1307877190
1420113343
1187914488
1247230499
942810652
895209379
1250420423
1275271893
1170855975
920064120
1280744105
1394643813
1016755478
1084331096
1237543380
974186879
1126671934
1391176006
1016572731
1221021504
1157716920
1214738750
1378472246
964436145
1097503069
1667388493
1025637156
1154169746
1209534955
1083992383
1167176078
928969713
1263863088
1183092974
1391745398
