1206880449
1362403349
1581541290
1727746854
976602591
1010832662
960164758
768452223
1212761069
1015439123
1348311303
1304540609
1007805357
956357105
775115694
1610491969
1734569507
1253035928
1138683807
840554424
753504515
1432673564
968524168
1669604484
896312696
1067515993
1081627191
1110630599
1494517445
1169446805
1235460424
1055873875
1218981051
1346951069
1261993961
1410403603
1220786010
1482198751
1158137725
1461525495
1041500249
1562289357
1206063021
1204500382
933398509
901779797
1306763215
1160416205
1782471576
1204315602
1209777317
1103456223
1157740945
826003013
701175922
1533131516
1183287143
1272529069
1002265154
1547475784
1349534520
1821566634
1650029033
1433278564
981063302
1254943190
1819606932
1020256531
722726514
1222858945
991947848
574177604
1007885863
948756550
938550956
1472865620
1331958207
458231446
876687339
1342890992
747798839
1068699101
1333330392
1468752642
1532407866
1922469493
1101026649
1071003860
1016497817
1453076370
1238332677
1577826776
1761063114
1354778084
959746236
1451514610
2160257648
1141220472
955938290
1362300767
1370817940
1177575905
1631844553
1404632769
965822045
1729115357
1097077039
949177269
891761444
988261051
1513082819
1896412583
417842799
1317552458
1223467925
965537076
1923577572
1096283125
1985884476
1257339054
1331604387
1045141420
1152992211
811340849
859800759
1598851720
1272196438
1926039339
1284686514
1388209034
1329850830
844464628
880780176
811302656
1004874503
790724303
1902644190
1209545065
1026334397
982358076
1150908382
567860662
725500001
1511760655
1367179435
849406380
1573379948
783930410
1132937642
2087765488
1198181418
1204428585
1498671664
1150546198
1177253315
1011917477
1539584720
1175219827
943189936
1282265398
988246232
1608158330
1260811040
944644257
793889741
983540814
1135765224
1658879467
1306728863
1190149309
1636804368
1039827223
980656492
1045201868
1337732368
1985306858
1208772338
999753607
1060092060
1216579577
1336882003
1763488402
1112282860
1245576987
1211622699
992849893
634062140
867760208
741508387
1555075524
1074512376
1534312171
1075556267
1381985218
1239017697
883179809
2726553978
1192981368
1159293753
1364669482
903188609
1513567461
1178158589
1218228546
847262390
1010655197
777584059
1752984824
1305037995
829225599
852924228
841236901
1187231818
1727367727
1244749422
1124445307
1524072721
1151809408
2552694410
893702481
1308047362
614291275
1465085266
1109821371
971666735
1047792236
966409369
916474544
1256501791
2320138704
1306831191
1608884052
860377554
618117645
956341672
1506384407
1008508069
1719414807
795409846
1161342573
1585292453
1388831512
727283834
584395293
727388427
969708688
1158797616
851903679
1284792403
1079005213
989637673
1124037813
709555808
872424733
790116486
822197436
805942914
753352830
711373180
665748931
602650847
579772361
546011836
502890957
473545222
414488236
407227302
385006617
299114715
336816400
324420868
303096323
282964938
222341663
236404182
235531136
211595353
203858591
193834006
133852640
96179369
123056186
109287524
133106198
81800713
116924075
117631853
52661868
84504511
35996673
29311925
1895657
61065652
56614257
78707322
68191042
19686097
64406670
27235272
60698236
45180558
56537855
124302968
125020831
135353547
129779356
452664083
792356352
943253598
901320816
731470882
1065814586
1434899522
1100248269
1116049073
1102859193
1183860052
1214506259
1070078105
1030248516
1084383744
849109624
802686943
1005855553
1419261259
1083175211
1714694944
1060606492
1833868247
1383564371
1245377089
1609441044
1186745784
994966233
961563196
865524784
924364025
1257952025
1448418302
825138580
1629261935
1469007192
968237426
1164745659
1322147495
1023539958
1309365638
1789580681
952323984
1416997445
952566359
1275659610
1094923816
1001740137
883269156
1773815495
871241591
1006152550
1299695652
1358313353
1201315306
642681925
926610832
713411588
1145877375
