1225662101
1370488163
1596419822
1756196728
932956061
1013697922
947791141
768432174
1230859308
1008114708
1357954515
1316939680
993906414
928625991
764948806
1620151532
1710730515
1271793385
1154166522
857021331
775943666
1452216524
961900485
1656533685
898880660
1077363551
1091576288
1080162098
1511867580
1176744721
1266669766
1055157830
1223429968
1335391289
1265768175
1436632427
1227101122
1483128211
1161524765
1436055466
1034399893
1541025251
1235696986
1199294595
973674289
906007271
1281217302
1147722830
1782799019
1185017626
1156848656
1105864594
1193144919
789031893
689284011
1549790253
1185594373
1267891766
985760814
1554149581
1360949665
1832093946
1653883164
1444049495
912494802
1268977318
1847314633
994691855
724659606
1208453982
1004092266
578224762
999242036
929656519
916148990
1489210629
1292200257
448726802
888260165
1331983309
757292527
1074536205
1343963955
1479507785
1534468124
1928700866
1102985177
1011214529
989423114
1443938891
1239077401
1563198818
1750720753
1395399661
942099716
1505337231
2186790441
1125176387
971623898
1385671988
1346795910
1147484870
1617303909
1388693426
968776642
1768842260
1104508753
909304658
904274531
984477074
1518125189
1880242408
438369296
1309076600
1254537983
933603148
1926612461
1104746077
2002436837
1214265958
1310422417
1062734706
1130740210
814970737
883671781
1604389850
1275362592
1933671231
1259172628
1376735524
1380452405
825358105
858066292
777357806
988579399
765205966
1911149900
1204258297
980633377
952156058
1160270313
571948284
712766287
1554468639
1352866596
820716649
1594451321
846261252
1141140192
2094543645
1150467050
1203527860
1508626492
1185476285
1163315644
995372156
1573597365
1166562491
947304864
1283834497
989030491
1628102052
1275434035
950503630
806243883
955793981
1194669905
1669454347
1315499495
1175443866
1654249298
1031534594
1017904944
1079143036
1330432818
2042869549
1179853918
1004443337
1026072667
1225935244
1350158310
1753022295
1118465002
1251613475
1211309203
968071108
642411436
902712014
753504703
1582422648
1073669076
1568841053
1108185353
1341565577
1238999822
863346072
2768363286
1205299642
1166645619
1375129377
876147461
1488117335
1178640316
1233062803
808385921
1019021177
786707320
1747589139
1310997614
866325102
834283405
855230858
1151435743
1743081059
1262015119
1091573866
1500981620
1159081294
2610194755
884703787
1272323502
617203520
1488883981
1120133368
992018570
1025236167
989960010
948720206
1221330024
2337787552
1285336497
1621306135
857172498
597715324
944912878
1483870840
990883031
1750500562
793592785
1164619459
1608984172
1423922772
736456921
575902301
721259273
965096738
1179914765
858826848
1240766184
1046795719
1024984892
1101965888
724737309
841793579
789295800
807099858
773017309
719595846
676390938
636312700
595686141
547803827
517456227
474424985
451503702
426671770
396188220
367889073
300749409
329856243
297589735
259686350
269728862
226901963
234704074
216883274
206613810
165812089
179339803
158948736
126671476
103131695
134788090
119616716
104096230
100707528
115238339
25439391
47831932
25222639
11238241
6651825
40737356
40891453
53331491
68415679
22550031
52698157
17455815
44613678
5613289
47510374
95818098
93992165
113040670
134049687
418847941
769074084
949589834
902827079
721838966
1067736048
1440335578
1144446518
1129470023
1119722452
1187775593
1237114872
1098837990
996906882
1093748534
866455501
784810220
1026260070
1418946376
1081782612
1693915509
1063544836
1864906039
1360744060
1237775842
1588967378
1194538992
1019136402
942087735
847893515
927700733
1290398191
1453636420
821476492
1627911748
1449726445
949127568
1164778603
1354767093
1051285093
1304397952
1836511632
941455832
1400701698
952223423
1252242717
1131754796
980178239
888361027
1775250245
874161782
1014485284
1274025293
1375881282
1209188365
655217822
937341542
714367835
1154660161
