1160479522
1160741938
1265392882
1369111639
1211805491
1108680734
1370697677
1102447845
1359621644
1321983339
1193696586
1186471588
1261561909
1295271071
1077031836
1317156445
1469552654
1298171321
1275812795
1146384603
1297864786
1157868188
1213881422
1287474254
1214022124
1137421742
976185224
1249492172
1249062152
1281935918
1127288710
1154582039
1445650853
1272083874
1252708697
1364915289
1267157427
1341265663
1097889945
1346575430
1205942192
1362581073
1118551087
1024718753
1208504587
1175315383
1270946874
1128099408
1182298311
1116654846
1289319430
1133229098
1218542949
1117921142
1117429231
1329328603
1421960913
1146156432
1129030503
1414619110
1318341926
1200893060
1257261532
1130213264
1155784608
1220782485
1270675533
1009135530
1075593089
1055085428
1062037085
1012602959
979049829
1036160751
1148516420
1163329060
1131198085
1008562633
1081579895
1173321326
908853662
1016822079
1222808751
1081760321
1376323243
1466707058
1198234629
1268527700
1105310611
1292671724
1105492251
1180592679
1435815263
1230051286
971132470
1332100746
1227870450
1258983753
1058454770
1063114899
1169035194
909289305
1208251103
1515089220
1146319651
1258644345
964559351
1103160482
1243243074
1106733638
1368506475
1398616157
841861599
1346695510
1265611529
1247436317
1172258767
1331899413
1262122100
948328186
1414677591
1108566352
1044464251
1035825378
1089274973
1249257732
1166810260
1262615284
1076417720
1069355302
1403546897
1133094297
1235317553
1239923164
953742702
968893742
1168688715
1203493293
1005494238
1263938402
1223243864
1109542064
993769197
1295226562
1256911018
1250703636
1132367006
988319982
1123268515
1366221092
1116635428
953317857
1121669380
1091581656
1204322160
1204128522
1174146726
1214626704
1199418433
880327886
1194778844
1259941708
1198535567
1209118990
1158227107
1131863606
1131232880
1456840311
1084041662
1228234875
1218655798
1093698215
1051179189
1252109446
1171488479
1399645134
1027887233
1025813524
1150611051
1346869964
1138678280
1239813380
1111770448
990479717
1154657314
1257118942
1202536626
1188288438
1012610520
1336778430
858949184
1269131162
1121664495
1289891518
972954846
1185223969
1401743367
1001721296
998271302
1270731936
1175583213
1195704395
1275946001
1231316770
871624869
1054097195
1102239188
1397133263
1175606304
880810462
1148261546
1280648905
1343766461
1285135230
1386709788
1406962500
1431500396
1127442957
1543232839
1158155445
1221747155
889923759
1174183400
1018503417
1056631427
1119421821
1092494256
1154957776
1126188304
1372236785
1219870185
1559980655
954942490
979875217
1204903519
1141866112
1260054193
1200197406
1115115873
1349649049
1271132097
1394643647
1020118548
1057436407
956564652
1015467985
1080367888
1219403282
1335092521
1162045276
1243893836
1174917959
1161256936
1165427601
1069915988
1057194095
1003719327
1054983631
1055877790
1196923925
1199228720
1061640994
1077339487
1037598279
1026744737
940827789
1040032683
1040351600
984546522
962033247
956600872
1126123156
1064246048
1002497285
1099112603
1076951633
995407137
1022502118
991028140
938700586
998354086
940768605
977371118
1034376602
1082027218
1017879048
1072135930
1070019711
1010064217
918963971
930823139
900165203
861713602
886701740
896290159
863292558
825010686
687495550
801521228
894707715
867990466
845059084
948428249
865859470
883769620
842504414
895915569
1256746562
1141305226
1125391972
1175393606
1160966918
1166011743
1170160123
1336643244
1317327167
1135992164
1259528960
1147172490
1051817645
1281062539
1256228474
1166195009
1313891140
1265081209
1165315409
1522413396
1072818645
1131812625
1485444896
1286592629
1326647897
1060917037
1147273838
1052320208
1015239368
1181103344
1225715560
1285317322
1187114967
1408285731
1344637828
1113072680
1332382177
1090893086
1018384971
1058919985
1340225117
1014232326
1205838769
994734498
1274279479
1529049413
1106663267
1070388004
1428860342
1156288091
1264066943
1136980774
1145299227
1042987838
960104231
1217605169
1250461661
1291852801
