1254317901
1371201345
1613136865
1742934476
932162707
1014816770
931649169
748316902
1230069788
1014625688
1340926856
1319094932
1005337166
937464116
742262128
1624979614
1713196538
1253767672
1137134061
881630927
782672054
1462097536
965666682
1643470288
896684964
1083146777
1091632861
1085676110
1512579974
1192405848
1258450617
1077159968
1238779775
1349494448
1270505822
1455880321
1203672444
1463790624
1173787871
1430090735
1052103169
1558461774
1262007517
1211017301
959821784
906092050
1285922012
1152697900
1797797881
1187903461
1172059392
1119098610
1182788133
789439099
690942048
1565384455
1185868282
1257603963
987247631
1555454096
1350438373
1841550185
1667421314
1409239600
921625920
1268323350
1863554228
1012522222
725050663
1206612761
1000486852
594621038
1007114631
918758823
938658221
1485510357
1283821503
462654302
894569260
1321479285
755328928
1092161124
1369669838
1478058072
1558096897
1931880601
1098393014
1009207027
994706399
1439370979
1232403213
1579872234
1766872838
1390165386
940106824
1490782754
2192708793
1116262760
981586930
1387760255
1339430554
1161811047
1590415981
1375646857
971768907
1745802452
1100794078
896759079
907071583
962660149
1523650674
1893339862
443762415
1308669072
1258420744
917238422
1947876412
1109864393
2021786414
1203637303
1329394820
1035675271
1131368513
808480399
896291727
1601681421
1257467626
1944347573
1267599141
1385930730
1370901100
834798916
868242548
785111267
989381679
770917171
1929916829
1188207033
978331168
942086117
1142039217
564961959
709862712
1544730177
1363919980
809914358
1591906280
852592216
1132478329
2102955651
1161981469
1199958916
1495718148
1194186234
1182972729
985213289
1551920832
1186707349
946989838
1256344041
955882056
1627037193
1275915880
956533368
804355572
948892293
1181515115
1683068473
1303918853
1176813754
1652774675
1024437183
1015632044
1058905015
1330020350
2036257122
1194925719
981609177
1042822330
1209649181
1363672365
1763577392
1134044647
1249110117
1210252972
978062118
642028415
904747886
761067578
1592547805
1083908894
1579002617
1118049300
1332117885
1228899850
881258367
2787463675
1199859651
1171939410
1372382378
882458164
1497307803
1176111135
1229972285
786544088
1024806153
782490211
1766198823
1307776824
865380872
838031017
865513065
1171460652
1758131579
1265026939
1112388853
1503409487
1148398906
2639500998
900134048
1280622554
623134501
1470962262
1114461444
999767846
1031302863
989107681
956656286
1229367187
2340469398
1280283288
1613991421
871232439
609156886
939503316
1478293483
996568695
1738668305
787654461
1165693644
1587407074
1418582962
766611765
571149332
724513344
973712197
1168681346
835612118
1222000428
1050018798
1022277559
1083668069
709987643
819228659
798161033
814571858
763434717
710697556
667545994
634642331
583569316
553168680
513388136
466093078
444103889
410524055
392871920
359244108
311888651
311394966
275511063
254427353
256376161
221046252
236611754
211524503
197586871
169175883
172330486
146102739
109135115
108809238
121535555
124394423
91267790
116120597
112240558
32090916
58716990
27971971
5681227
15429683
53606469
42543192
58849962
55283791
34779510
44070771
24135542
37538873
11957851
40789270
84490415
93816090
108414397
127780059
442230683
755235017
963338371
885702241
707477218
1082037005
1418522802
1165879285
1124224048
1107741343
1167201820
1242804776
1118740014
987497573
1072384937
885182726
787386245
1022798859
1413570555
1077020508
1685922421
1082323911
1874759134
1342518203
1213007297
1604552820
1193918273
1031489720
962804128
848927606
910241821
1294237544
1499944646
830255741
1625476071
1425714121
939833609
1164167266
1351566137
1060092222
1319324943
1816519829
952698191
1402094091
963657572
1257453085
1136237050
978206436
893166962
1774076199
861832344
1016065746
1250691435
1374538757
1210036445
654202959
938910543
741978130
1163221711
