1167566507
1354007602
1592240889
1755148168
1043928232
952770139
958091493
889540095
1232250111
1014673843
1392927338
1339073177
1075402555
975818608
731038491
1577510979
1711127979
1308851821
1152837797
859981436
714155177
1476593846
931660549
1673556177
861648203
1096914684
1043621280
1108919298
1555002716
1121561512
1238670677
1007657704
1210806977
1319668658
1244750864
1454399158
1207836126
1392296626
1115160275
1413663455
1048499562
1536572751
1245539409
1210426237
933031170
963127985
1356774978
1081545740
1804759082
1246703649
1180040916
1109632210
1137264246
811146756
706037310
1569980505
1200314890
1277438168
1011775217
1582418415
1352166596
1712027866
1591597270
1368186895
1047540339
1280186452
1727560493
976701669
759572148
1275062118
978931434
659013577
1038653020
1029739894
949308327
1503353154
1383517145
508779142
898228489
1268308515
743739364
1108707804
1269228863
1371825701
1484904202
1792864121
1141792339
1104053932
984458926
1367103835
1148900405
1587299510
1721209512
1406430457
955371504
1554475265
2053113788
1182406581
1019509714
1359573185
1370930943
1185319701
1597171420
1382774868
939004483
1609471698
1130866735
855767410
919434086
1013029503
1509712792
1890937854
504196319
1274163129
1214203471
1029126047
1859698142
1027302067
1830255015
1255109701
1284505436
998035239
1174247308
856702113
874189945
1632206147
1368086609
1865146648
1294455463
1383428664
1404184914
903612205
860005778
843938282
1018996639
780880846
1771192647
1232818146
1009310915
1013166971
1214701471
628217772
670583421
1461813566
1352587479
874311719
1586862530
837014380
1095224327
1955889740
1186250758
1187191141
1482016162
1113131852
1160390811
989851405
1446797378
1162063022
958578031
1260302895
1013617464
1594463751
1305400604
1007655739
877369179
891450877
1049235270
1699053860
1295956877
1128525266
1596350774
998360922
1001406108
1058111116
1300900210
1876150394
1169646216
1094988962
1028394816
1270994203
1423432480
1809687890
1066399717
1249448346
1224775399
999606959
684410504
863776120
707516040
1489188778
1039922778
1420857578
1205954734
1289030055
1234137686
964457414
2442499362
1221244544
1156462438
1338469331
937857290
1457515791
1139753269
1321132949
841423505
1078518777
803101673
1734502134
1312304554
809899725
869428979
822644668
1159416613
1660636325
1153919468
1103766892
1551678388
1183004118
2318522079
902793882
1379170643
636694896
1446693591
1023738701
976412255
1056808297
939357855
993504130
1298797053
2188894239
1346385477
1638947047
853540365
593477109
955902539
1564080334
1031393772
1631554709
859451089
1134380587
1544018734
1306533498
698368517
585852985
775482817
902328794
1109016586
848933024
1263630286
1132399752
1050004681
1168337295
677329835
919228071
878100634
947324197
897310301
991245137
856780391
883403826
822137766
774321699
724737844
678025798
628825864
587357712
545562847
511048632
374598027
456581419
427275113
333477046
343775399
239521192
327637108
313741376
291735672
271706914
243666473
239998873
221867065
196445819
187565743
182386868
176653070
174333232
164756573
161507926
150605728
133147687
92451194
116749946
93371383
82235253
100624805
90754577
12388606
54798819
24086433
69134365
12971812
72551341
206988164
235174537
214526577
199547022
508525671
811473283
974544550
945232215
774181886
1049642543
1460988341
1145149748
1196649113
1080549421
1104169211
1216238296
1113577897
1069751923
1122352958
831592427
819075491
1012231929
1338423517
1127550147
1745670349
1082974066
1794209398
1474467502
1259784300
1606529032
1245020170
1016602576
985141806
902419057
912505382
1168689239
1413954764
803373874
1569514009
1472234631
959589782
1181166514
1318616836
991825147
1283965589
1751822684
1007320828
1429019875
933928739
1280374192
1228842747
984349359
917225103
1859454323
888783873
990219743
1327488835
1358159934
1144340077
603312731
952919873
767030809
1203325532
