1183125354
1381890705
1579787670
1727738485
1014647032
971719611
949999926
828187599
1235918758
990668010
1414462994
1364140990
1072286383
974925150
747744398
1571749370
1692123751
1288161100
1141309319
836192727
741075653
1485660582
961037517
1695144971
861686171
1087389387
1036806269
1129392566
1530468368
1124555945
1247733722
1042572471
1219383735
1331940339
1287242157
1429381250
1220913274
1392106526
1117091894
1462305828
1043673686
1537560480
1238497884
1233868353
923992810
919420420
1327698158
1146707111
1814268117
1222450834
1198834403
1066779682
1139235751
804239111
706045850
1562885562
1217277530
1249205857
981509735
1558149072
1351035850
1757087710
1652007534
1385616583
1023645040
1215567204
1728160026
973147038
745257236
1267064746
999816629
627194866
1019138252
969175213
945462098
1507658767
1360696508
473781403
897945769
1309352837
765948460
1106488835
1304331843
1427805691
1530574556
1860759417
1109887257
1053381713
1007673096
1442348014
1178825995
1585336867
1769419190
1382634467
955743414
1503154397
2099917839
1170915203
1033199318
1361739291
1351308698
1184745385
1618419123
1377092551
935045136
1657061850
1117369057
874091377
917370142
991505945
1489700449
1884626679
470634893
1286716450
1193694036
993074544
1935166764
1099724365
1921526112
1277705058
1312815076
1003840258
1164270446
850410043
879601146
1607712604
1330175273
1884257208
1236292868
1383767508
1336229495
876200956
834138448
790764355
997815271
742118172
1831351058
1206171314
1023110872
1007626037
1185839235
645715334
721523569
1487938953
1377568511
888083072
1614260896
847415150
1097244973
2001859284
1143003062
1199681374
1520156640
1120152484
1131942574
1002190515
1456183646
1148148662
921062770
1292126855
1014329161
1586164884
1272693189
963126387
858750382
896187388
1139648663
1703537542
1264449045
1167288514
1633025435
1030883404
1024757400
1044652169
1332836284
1961850810
1165419641
1052578776
1068988581
1232419328
1395740613
1803499907
1065904793
1202204229
1226028221
1005462810
694835410
867936192
780335731
1505516433
1049316401
1453698593
1158470338
1337968089
1246962757
883892792
2594442056
1209100467
1153453416
1368684773
887342124
1471032338
1124140070
1299759269
854895042
1006722659
783713956
1789240177
1328014679
847406918
830668066
869235777
1147892155
1678900374
1173362160
1080018083
1567533469
1157479608
2423295116
902559074
1346416905
636667669
1435336157
1068948227
971580890
1032371334
941102964
945744089
1246935636
2272695047
1335763457
1621988353
843849425
584997513
957698380
1522198893
1054641351
1690756958
851524887
1148443151
1546540204
1376620106
702540450
609941481
770984510
956813395
1115993264
833666929
1305071152
1129334983
1062891353
1152639941
664297255
867173951
879376928
891743623
809123590
869979677
820269196
757481280
710257367
668117211
612392346
581248150
524412218
505457180
475023515
437444849
359586064
366581347
348276583
330638994
300736768
256626620
265481361
261675810
247062776
240365595
223174995
179308927
177377877
132872358
146088032
155377368
128438290
140105166
145992611
116861810
105800999
112729349
44427665
21877985
39379403
77037990
72120559
81231192
2668364
51019894
59933272
39465944
61202296
45371249
122896227
194147374
182077960
189496677
448110285
799373675
971499434
920661293
756545043
1047095374
1436661768
1104187555
1132984970
1116576974
1106070416
1196399185
1082422085
1070702391
1088660632
882413454
812608911
1001101804
1406251767
1094942910
1743604518
1083069584
1787824537
1455540675
1236914949
1598122868
1242300574
980725889
965401888
889162334
895905056
1214050175
1447469073
804475129
1623289197
1461701997
942721087
1186837396
1347907362
992571891
1327305725
1768387688
1010012171
1415185410
950700984
1276109552
1207860953
982368791
876640065
1823613040
880399908
985313650
1343150463
1354223005
1155555655
595700418
934707597
766194047
1195420358
