1196884499
1344043674
1545901506
1731865321
1004462833
963100304
953413043
801836655
1199835377
982320616
1397537365
1329606388
1058334337
970226244
769476587
1588444563
1716440230
1296277703
1152548031
845240639
783533964
1441779006
961442417
1702299986
847343497
1080052416
1041112894
1100608595
1505314479
1111528826
1256064079
1043996492
1215743843
1316490164
1235369924
1436707352
1239537091
1431819246
1130664402
1470873741
1024940355
1550849800
1215967348
1187400043
919241293
887110299
1322040704
1167722213
1803027615
1212420786
1225422826
1102362149
1167450492
799470152
706922187
1531090947
1215789299
1246078959
986459006
1540943145
1380971548
1790802909
1621282494
1400372469
983904474
1219563380
1749979280
1030858568
732730345
1217860374
1006278043
603023909
1018904433
970334701
940555415
1481623798
1333655594
429756097
884823907
1317320468
770083990
1085009375
1289997052
1450715841
1547473333
1870023395
1125908697
1038596721
1018697044
1475128039
1209915010
1575815299
1769816342
1379327343
970859579
1491780519
2138014874
1155240861
980314609
1390258560
1381524575
1167805939
1622818302
1392396495
966796955
1676527281
1097075538
895133865
906890910
987656769
1516088242
1878297756
441419149
1308928177
1207112390
990055973
1936420859
1109243400
1969842959
1298600692
1333515616
1011819801
1143605882
830029634
839415854
1599086970
1298605103
1899735441
1215184191
1368208891
1348714826
864487758
879049096
782941013
1000237687
764395030
1856191334
1193370682
1003365549
977716916
1171018255
611980007
712015946
1503981739
1379756642
882875587
1621063492
832649330
1104585728
2040401421
1168714811
1220533757
1505613465
1129677297
1178562192
1033202453
1508376165
1177131748
924244991
1299934826
1001060823
1588327296
1245328007
962294221
823821931
928447959
1134075911
1677882112
1297792963
1160407431
1651181824
1035990671
1002004435
1061435216
1354507685
1968460233
1181700065
1040008926
1069168918
1247719624
1379008072
1804967459
1114168159
1195569539
1215013849
1002530228
676890285
901546506
744099876
1507767890
1049800716
1510906864
1134887214
1360988633
1214753524
881755293
2669623158
1205715071
1108292278
1376407375
875607085
1470372545
1146184852
1247511138
825501755
1021172831
774708879
1770843503
1323563817
818271407
831928509
884884672
1133087821
1666396678
1191833423
1091642728
1548541274
1160069454
2474888787
912406160
1330472782
629341701
1438828847
1090067612
981142764
1002580995
921532007
894615261
1255658442
2315988321
1306472064
1599004607
845090323
608665713
953538186
1508763614
1041754338
1729051490
843379899
1169779655
1570664692
1384858545
739886779
570363288
742954359
963154741
1145823440
850072236
1284328897
1095182009
1013038741
1129800370
706475769
869680687
844403303
853220723
803848949
810604038
767251788
708183439
667590334
630663667
592741666
546654239
504656959
478072385
441677390
416206499
335689436
365698083
343574047
328779624
294965755
281114785
244917353
238867155
234460028
205034864
200873254
173951768
168080482
133297829
108227023
146465352
128394166
136079074
138739340
85982994
69772922
55356064
10223588
7896022
61424746
67836040
71238891
75003423
10129758
59825261
42460495
34102812
52851931
76162316
115125620
165296269
163473977
175732498
464974225
797547398
942425210
908171830
760058888
1052250624
1437079157
1084632795
1117094730
1128202981
1152827946
1201655774
1094251676
1052654536
1107078254
859228704
803394111
980707449
1370326962
1099396383
1752831071
1094603802
1772477062
1448435741
1257650691
1582248585
1230879804
987541456
926663502
871464448
911167816
1260230076
1458884629
829975210
1633163772
1449836642
976505519
1217731755
1332365784
993937105
1337024025
1783538894
987596495
1419320471
951525418
1280585672
1142411478
980608096
877006873
1785888614
869191855
991375534
1322532433
1330255889
1167585323
632858700
943214523
754184918
1173111480
