1165385582
1366777300
1603414071
1739020383
1033188511
959329480
958087055
856774833
1251059509
1016430269
1399799492
1352136767
1083860340
971062523
742512070
1579373434
1694009191
1289912789
1152486426
830322307
702419602
1489061058
929537575
1696790696
834403526
1081420067
1030833911
1116162872
1528865359
1124294975
1258326329
1005539251
1194694870
1331493604
1234681997
1458672956
1215689989
1386508039
1122400255
1449653068
1061471404
1531152872
1252218383
1221188374
943865973
965691916
1356539982
1124590213
1804379412
1251241638
1180865399
1091483933
1125400872
802732083
694009520
1564788151
1213624403
1268681267
986018205
1556358283
1337122412
1747745685
1648099265
1392604458
1041984270
1264267476
1712908743
987164971
755086531
1284115641
1003231870
641684401
1065049149
1020377688
951588239
1509563607
1392465198
476414438
874791047
1265084707
745931580
1095953732
1283116621
1406733313
1518365632
1834846424
1125812442
1080660413
980080829
1424164533
1168600428
1578068984
1757646555
1397855716
969014809
1545121318
2096316321
1195424847
1028609752
1348442565
1380404556
1169188391
1609668259
1372659321
934165135
1649312335
1126550533
872469938
921785396
1021474344
1519157506
1900919075
494924345
1270381610
1196677486
1029917326
1890246068
1027161623
1876536321
1249148319
1291515191
1004555621
1156622131
863842199
867845501
1621050707
1386199077
1881725306
1310588562
1395462087
1386612079
894051119
856509179
820166089
1006007093
760129946
1814341566
1217714692
1001575708
1019707821
1203727295
656591095
682024398
1486217581
1354556007
885920886
1581575306
843570377
1095399843
1991482927
1159120978
1179726795
1509764409
1118817814
1161918099
995461185
1444710357
1167152743
940371568
1273107944
1016215060
1609833449
1309899861
978265509
866450036
878239318
1056194802
1707866443
1286416233
1147095152
1620995735
1014469009
1007750610
1054656112
1289559890
1920939059
1161831569
1094678316
1063378911
1264992098
1405085441
1794964373
1062492834
1247776465
1221697853
997036337
678391121
880444184
703746874
1513522092
1040557354
1445495985
1201972060
1314356414
1230816899
910810823
2518582120
1224776574
1183861216
1332098748
916071817
1466835976
1133967598
1324826723
820995655
1060918779
773054171
1744241065
1333909319
814707924
842914641
846277066
1134733394
1670202483
1154700918
1093432111
1552882938
1182593114
2365832398
896807942
1360415157
634883429
1448371018
1048817739
974610384
1055377622
946954525
977818651
1275875556
2231833745
1356118051
1641762719
850716348
585668822
966176293
1562977985
1040475635
1629938642
836994647
1123859475
1547334209
1324607009
683212296
579333629
777923783
929590381
1137837960
855260293
1284460358
1139308935
1059446133
1172795181
668612190
905967830
858166822
910062250
856818365
921953469
861789439
817794253
758553024
715471813
670093173
624658914
584853041
540127423
505689607
476941501
374795959
420544030
394627839
341015335
318700651
257958394
312813894
285457550
270383582
256395884
232933261
208913316
196403296
183355220
178804245
162751780
156668585
159863563
156395960
145639981
141197159
127914468
78267625
66412437
70958669
64020280
89064979
79771047
9076544
49753228
41440701
60129058
31065172
62319492
181849803
216193983
208864080
200497412
478951781
813006609
986331921
949683262
766234802
1057581306
1461975456
1132487897
1185009350
1077048000
1082124908
1217068127
1082315978
1072242165
1084910124
864117696
821592315
1005090853
1372965230
1103930250
1761449058
1078826884
1808059121
1470950222
1246276786
1579812865
1243074479
980699934
961050068
898147698
902220120
1204764695
1420967093
788409915
1575743095
1458408879
944534286
1204403908
1332850411
961589085
1292351631
1767963224
994621649
1443767284
953163444
1262639614
1244808252
976943567
896652900
1846384668
883534433
977410385
1345680915
1337945284
1136700849
598463321
944700745
751720143
1177485402
