1172845286
1377350055
1586029881
1722060275
1015165901
983511345
940978879
841243387
1250246524
1006383651
1408890513
1371741491
1067732841
965754137
718726041
1595455747
1688631075
1271105566
1145981045
845727237
722986284
1478321472
953252307
1684891279
833731694
1071053888
1040681011
1131014046
1534095990
1117368597
1244675360
1018379236
1200241401
1331083280
1253832227
1435041836
1226635527
1383286562
1112683650
1477232452
1045432615
1528178306
1236691246
1212804841
943106314
927137466
1344031610
1126165691
1799750459
1238227342
1188977077
1068176508
1155465676
819413911
688104601
1570855172
1222271788
1253864530
978900448
1567734998
1336505066
1749066874
1644695217
1395624917
1045618774
1230920268
1725910905
977056903
761507163
1277384626
1012860854
623475711
1036393234
993699081
942588431
1487826710
1357375503
473647731
881375584
1291447438
762969703
1098936592
1281855248
1423186158
1532289609
1850558040
1117613622
1077112217
986870993
1440706891
1173178570
1587871042
1768916790
1397423239
968058079
1520605431
2094958435
1148136520
1023273957
1361620830
1359618069
1169604331
1590040969
1356798273
943147280
1657047913
1129861755
882833031
923524531
1013812644
1476860645
1883837080
483913658
1281861483
1195257697
1005171830
1917926045
1098593881
1884079294
1269474315
1313373835
998325260
1149849017
848850887
877459917
1613606991
1344563899
1887524105
1244528106
1398202655
1369429308
875896963
854908277
784668913
999057915
755538874
1848353625
1207922499
991597107
1011689754
1195337444
646053235
713815431
1473658747
1372715695
881171823
1613031099
855978262
1096711667
1993365205
1152845115
1195907121
1505272496
1135434541
1148176362
1013604531
1462613003
1176462920
923915920
1302232975
1035574212
1582077637
1272170799
951318984
865747969
895143544
1109751430
1700945044
1277266828
1154551960
1635262149
1041526944
1005772980
1038096479
1313590389
1944762448
1190068491
1061953339
1051222136
1254830288
1408612045
1785809451
1068463536
1230189229
1223154642
994195327
685087344
869632622
748368272
1509813912
1039761359
1445225539
1158447873
1326298055
1244665947
915597948
2569360799
1208010517
1163422715
1354154800
897098014
1458890463
1136642346
1313583459
833058905
1042463157
778660599
1778589977
1334498456
820990301
821660974
863268934
1156485576
1652904966
1166817004
1070795609
1573959945
1154756563
2402386670
897587652
1356257928
645259897
1445349526
1066708875
975758401
1048103061
935123196
972413977
1243620617
2248556929
1329515673
1611170321
817767487
587204841
961033279
1561635349
1037558041
1684078881
836910555
1157813662
1551572700
1352654950
691947876
579874595
784969400
940695181
1106421447
827336083
1296754082
1128589764
1057009685
1165299063
670163551
876497750
880794144
899065345
829390836
888470583
833050776
770430381
728934995
684851964
621884193
595568343
550165178
517000435
485705543
453007961
347009275
372560867
375704692
333188600
308243228
248603241
297121676
262379112
255945338
234030096
217876930
193732826
181932041
155285101
174348625
153009493
151523239
149725080
146278452
138080917
119633659
124452129
50028552
47597076
60606579
58691765
89814771
80846365
31283562
56093541
61860143
53821866
35253485
52682520
143602049
197966645
199936574
195473752
461725475
811454205
992323538
918176965
757711927
1050892373
1444459153
1102465104
1146766557
1112343467
1112431095
1211069674
1088401723
1088701630
1095072783
901767088
811622462
995732664
1385658198
1102520544
1759038416
1073106588
1790910798
1454254209
1227594132
1612730256
1256801459
985182175
959992299
894746971
911081190
1194331270
1441550381
813136592
1596664257
1454144970
953907404
1212117557
1351672812
959933103
1309083258
1759160117
993773460
1413208786
954319401
1279725254
1219839774
973377976
904420558
1857953534
888853224
979864311
1341717534
1343434758
1156200461
595638901
926464455
757423245
1211150299
