1163013902
1357063900
1591094425
1773637934
1047818462
955233497
974941464
894453383
1222639844
1026416771
1398263022
1338001788
1073749258
966455875
744835065
1569164503
1705943726
1307677282
1145355923
878242875
704172416
1464349253
937610126
1669133450
859245174
1099371887
1062510662
1104361591
1554101255
1127926157
1255916749
991863952
1219172100
1327947834
1252203047
1468334198
1206811457
1391059366
1094359397
1412395128
1048303248
1534755109
1235182668
1217044689
927701591
956697384
1372630251
1091392732
1803732179
1257585687
1172596343
1097344174
1146861746
803716568
697735626
1578121799
1223255930
1283863553
1001488963
1574855488
1355736010
1701979282
1583860762
1343699530
1045976601
1294195815
1726002763
989231594
772654751
1275076824
990641831
660887177
1047840914
1029750407
946774647
1508840199
1397764331
509468433
895256140
1270023264
736451668
1119873760
1260004627
1380743393
1488346059
1794073226
1154397065
1103451278
997660988
1354806302
1129971615
1600999448
1709691471
1389381305
969148536
1558372941
2036607453
1191540387
1014793138
1349345361
1370190882
1184798977
1595043991
1390728815
946421338
1590389060
1134697994
861793000
920486572
1011691672
1501940827
1881105287
527241138
1272534711
1206540523
1024539456
1858338024
1034240304
1815509476
1241735264
1268426857
994213457
1171438857
880681249
872236515
1622185157
1376760740
1841871861
1275412677
1379090762
1420916844
915822256
871515289
842771988
1025733379
774487127
1758729412
1237298716
1008452325
1003299585
1208977256
618150867
683265549
1484872086
1341026426
863280077
1589987023
835321322
1086666897
1958590806
1183967009
1165700431
1472607141
1108148815
1160032954
1002469237
1439438458
1159811908
970450782
1253114122
998671710
1595042699
1286973393
1002427205
884425012
905807746
1063567191
1694009345
1298631350
1145942713
1585710775
1010801008
990299317
1050194976
1293452382
1871670139
1165386801
1089826563
1026571822
1261311898
1424702173
1807157287
1048721202
1234021361
1239367391
1004348372
695238262
860700737
693082533
1482181876
1036935642
1430028943
1227848644
1292740301
1222336160
962277889
2408183989
1217985096
1155087215
1361793185
946431364
1444487691
1146918466
1318749998
846075018
1078014887
798815540
1733064283
1308705522
812135802
884153799
813586500
1162021897
1651685352
1154055925
1110010108
1569871573
1194909745
2283422090
910652942
1387164173
628617090
1458259800
1045118951
964079730
1050908224
930541532
986781297
1297170355
2192840172
1363625873
1642017150
845938279
594153770
954732649
1569779691
1035433720
1613552363
878430881
1145400467
1521423420
1295337818
701637161
585278609
770062449
914970709
1109537809
849900119
1266590866
1114609137
1042530256
1176238350
670502073
916877122
868900449
963364040
887693601
1003936207
884689685
904902378
845550480
796509887
749120249
684148673
648830283
601543428
557946466
524996176
348949556
468243322
436787644
334514505
340765254
232720123
345254868
318923993
301299712
284013835
250444126
238443760
231862299
213891491
193430552
184150374
175526096
175782797
172105616
161269877
156483225
128853737
121665984
119586797
102406584
66092406
100581703
95523136
11804175
56983112
38358737
73658772
4428257
65661842
231813910
236940443
231824027
192515124
511846835
802434737
979467677
947980348
763049699
1034912964
1472396354
1150179468
1204919320
1073604740
1127183369
1222865840
1113631558
1070211743
1114273395
857227907
827878833
1018326896
1327995697
1134997731
1759861053
1086110722
1799555541
1464745870
1262408258
1609738686
1244296747
1007037836
1003361503
891219960
906941935
1158104498
1411290169
768498358
1551381919
1485043246
946828469
1169500779
1317517338
1001256356
1287200840
1752075034
1021442245
1439027649
948513181
1291804175
1229595699
989016880
914455806
1850184155
892630839
972601748
1333987912
1370428092
1146795793
602294129
958468575
763607148
1189421195
