1196335604
1361428868
1557327862
1732323050
975758559
1007502316
956285294
773736991
1217692414
1029563465
1356883038
1312132158
1024775740
965555610
760175937
1587286775
1716644847
1257993973
1143886883
841237087
749640506
1433174739
975555084
1674876180
899253696
1059030130
1090471288
1098751695
1503266567
1142629364
1257299703
1050128206
1220593424
1323533887
1248932357
1380237905
1236467912
1474920782
1151131292
1474871482
1030622385
1559726381
1206032039
1207471036
937217607
907697366
1310702829
1165152300
1800085210
1205850615
1237889363
1121092063
1143665419
851469493
699894957
1534858393
1206476270
1260819242
993552687
1540348259
1351743281
1807974240
1649610118
1419932079
985477445
1250168063
1801522115
1014499089
743461813
1226249618
998322865
583496409
1026974508
941825800
945110381
1475714082
1328238463
452795059
881920985
1341491150
749007940
1068942339
1319667046
1462853156
1535742283
1936709276
1115887729
1072653112
992310265
1468007357
1223890305
1577952613
1770263520
1368636339
939657679
1456385590
2167784538
1135998610
962342991
1370740295
1388128672
1160648425
1613268007
1395710716
987414729
1708057606
1093138420
927138035
893939842
999530319
1524722136
1897063330
440687552
1310256055
1220669444
975925230
1927092044
1095642852
1987650266
1283490771
1318963049
1033042306
1147852725
825663059
851874043
1598837522
1278911465
1946107370
1263374247
1385325276
1332223793
835283281
881293993
801706521
1003909361
785014769
1905563872
1195354737
999387656
983342973
1176551648
575088030
723631085
1521147881
1359381586
844526303
1587172513
790385441
1134636090
2069888856
1190984461
1220175264
1503053778
1166485369
1200173722
1017250365
1520744540
1184430745
937828836
1266401269
976730176
1611736896
1273816672
948135104
802430208
967593940
1122458481
1681164894
1314981516
1171162366
1643435461
1022763420
969862445
1056452076
1358225620
1980079528
1202175212
1000691265
1085625466
1238893932
1363018492
1800007858
1105705256
1232858722
1206092977
983250407
644368956
874093374
730502473
1529527868
1063342958
1510151317
1084383045
1371412865
1243053420
890374133
2720452865
1187064480
1157928649
1382460263
890096102
1492286622
1176242458
1222510862
828812150
1023867460
777425926
1754791019
1296032689
842577410
840863289
858401272
1171400899
1711935457
1227182167
1116652997
1534845130
1143034415
2526643952
905366371
1322058822
609299958
1450754110
1126649577
967140199
1018415334
947050889
917709960
1242973873
2308672626
1312945965
1603419350
864391550
627352052
951760819
1514193298
1039421775
1703815208
802186543
1170415405
1583313642
1393007521
721378811
594063684
725907637
961547960
1134240979
842029263
1269963721
1086758945
984938361
1131964953
696890773
902535492
795824701
835623377
800834503
775823257
724613279
679768185
631568244
596321652
543917478
506299338
485056078
437851770
413828748
395499879
312071856
349227326
329267074
303550767
291320521
241369391
244885689
228364564
221357582
198711278
191855980
141101477
96727924
112712043
110723072
131099469
91232752
114370847
110003479
56780688
87635757
25332724
42465762
11468360
48957186
61690896
63094223
48652447
12172086
51762364
20623319
54661004
44703154
83001701
115826346
148585042
159744412
151826256
445973900
796114740
943505012
909470991
729246594
1049435993
1445829215
1095118798
1113992881
1101527484
1170923571
1214665544
1069386137
1035087401
1089509103
864648198
806813861
1019189901
1415805041
1097614899
1736989811
1063427030
1823648796
1418676158
1252231969
1617788681
1189397413
990619464
937032851
868846801
931462932
1256883396
1465908003
826278104
1649062262
1457441632
958058079
1168531744
1313639294
1009223258
1317554009
1785393852
943531817
1418509236
960398936
1287423071
1106147456
1021737165
870001199
1780947303
889775516
997761337
1306405986
1361005684
1223549775
643143010
930386233
720312033
1153037477
