1263063059
1366669006
1576744229
1690714374
928319822
1029438544
932472611
713723943
1257287995
1013725672
1313376098
1316609318
1047013002
933298237
783930522
1670615659
1694750682
1229223110
1063723846
859856927
770327182
1422371555
993343256
1627504054
887846950
1141470052
1031460272
1067998148
1593235475
1147825457
1212984359
1150931185
1236011226
1338977307
1304631040
1540879615
1191550882
1466296540
1181002878
1412078943
999064314
1610770181
1267432920
1275439274
982570115
853020610
1317039793
1158081304
1819739384
1127493080
1193171904
1101353913
1239439151
793486577
724673711
1534525698
1251389663
1249309943
972271197
1541780740
1391064961
1922744808
1713177098
1469411376
894468523
1236139412
1934966902
1019740611
686913685
1194131188
982241380
607079126
1019400174
880668724
830130276
1565007129
1273033257
502000816
908288393
1339531897
739307282
1176517575
1352408007
1536016622
1604439320
1992038833
1119799197
1020101224
1045514666
1411605353
1213735253
1601751993
1822118734
1339955397
973131583
1556528688
2238542337
1092639076
967541575
1447408370
1348108617
1119902108
1607189547
1393671729
1039206567
1800509857
1078584201
920960829
941132634
978443184
1497964562
1984302782
452242601
1396349549
1214206257
958322509
1969695245
1069169267
2123926373
1170869715
1327316432
1018466229
1164244953
833342523
814812428
1545098846
1288491623
2059646068
1270501180
1378208929
1362359561
722280135
841894575
776246342
993646410
714361610
1997879576
1206881473
1013510601
932558439
1118428965
507772905
703942051
1478769152
1386049991
777474832
1604901303
831547864
1159239730
2147451165
1206820259
1224422172
1469110775
1129763405
1209189055
953577271
1593565223
1183568086
976570029
1236036141
989095883
1662035294
1293578743
938898801
843669353
919303651
1193783430
1647791966
1284707195
1139934907
1714058706
1028784329
1031004833
1104557086
1335783242
2131695798
1194900744
1013700053
1060476469
1204819311
1432379332
1856830519
1092786594
1281038201
1173476682
990119179
683992147
933426438
747205171
1597149774
1078043926
1623177098
1149533739
1465102647
1202239161
842820271
2937956186
1249580804
1174593699
1408531019
907078221
1438903736
1200148453
1229074821
797152827
1006300135
735459357
1810512069
1286577653
918320032
891083199
942134057
1190034114
1848671056
1227842065
1113378387
1483795669
1139444772
2882290515
895089875
1224058980
623622657
1522206122
1152654501
991202758
1054463908
1008906367
924328670
1259697181
2462197646
1283934836
1621725612
893371179
637326169
1000040409
1432029349
987507460
1771982271
745375567
1166602340
1621856922
1415039194
739725193
592828462
680443866
969112163
1137091791
888114930
1056194823
1016787864
985242856
928012131
743798972
781235652
758552220
700773326
656188887
604362863
570261069
540791397
505860152
478106978
446168655
404490373
389811676
356662863
337436942
308373428
293061949
273279505
219782594
242713185
219768179
189174453
200690118
182499185
181125219
162808491
137961166
141083454
60620356
118644462
112261829
100527407
92429893
55741633
78816732
47215339
93777042
62425679
9488737
2856343
12550659
20449801
27877372
44540107
35884831
22565682
36184965
35526688
24619544
35365583
14811557
29520919
17135550
114971858
374006728
744978238
934772951
894084395
731097824
1090742410
1343103594
1144105344
1174482769
1071316908
1125009114
1300495775
1111844910
987784145
1061064412
853847886
778184236
1012031081
1415838120
1144919674
1712651623
1023603106
1867711997
1317375201
1221647972
1536192847
1154986212
1014343978
880391919
773318234
918849553
1322696579
1481161290
820510347
1673718354
1406832164
980517685
1237374822
1329015476
1001292099
1301429804
1800050935
953381337
1445566837
981717301
1262763235
1157389598
1047205395
887904306
1722480924
856721760
1011165705
1274871837
1309282326
1221242397
657598829
960813029
811775989
1184812674
