1163913332
1361031339
1603196753
1730888191
1027452329
960914680
956627982
855287338
1252570986
1012411013
1406323582
1360994414
1085032903
972807119
735417226
1579475709
1692537546
1276202059
1150746733
833176532
703981828
1485096127
935949827
1688241419
835389754
1072177148
1038482263
1119927669
1523386937
1117586806
1260738546
1002261859
1186971267
1326311553
1244824514
1461696912
1218951242
1387913048
1122313958
1447217117
1054891133
1526360513
1257729986
1218804182
948859675
961253061
1356846501
1120787458
1795361523
1254540762
1183517550
1102165582
1125951624
814098494
695798176
1562036254
1221757639
1268768459
969396793
1557821728
1341816481
1750716593
1648939837
1388109924
1034888390
1259208744
1717776598
985166699
758217147
1272843645
1017810019
639226178
1064609363
1017059242
953162947
1508125306
1375552355
487487703
873025818
1273590258
741992164
1098957381
1276081286
1409800927
1524087980
1841422445
1128313068
1076509909
986112773
1426390705
1185294291
1578195292
1770402499
1411310714
974382701
1550202385
2105217524
1196582990
1017303249
1359302099
1375952184
1170001072
1605209655
1364735858
936292695
1652732100
1123752091
870521800
928744554
1025788602
1522272931
1898539845
488508273
1282906383
1195122905
1030433008
1896746861
1039496083
1878326723
1255691394
1290180760
1007146432
1148662803
865193956
863498043
1621542528
1386454477
1893866453
1299972287
1401008982
1381906038
886455374
856821728
811636465
1005178183
768853866
1819424282
1217532756
1001152421
1027813603
1203936228
649024141
684984320
1477315754
1353107106
876860618
1592526263
845718245
1103414416
1995391934
1159842272
1175569363
1508960027
1115944763
1154661302
997797370
1448707185
1166468553
934886349
1279865374
1017796782
1620928243
1308636573
963833980
868047846
879018417
1065362702
1704167976
1288256059
1143398553
1617193692
1018896958
1005533844
1051445435
1294904677
1919027531
1158357743
1081520746
1063898913
1250438901
1399932407
1803324626
1066699487
1247031038
1206224081
995351941
680800427
886196466
714816104
1512014652
1044436674
1435923529
1202859557
1316823200
1231942970
912609499
2526871000
1218565317
1175480026
1333168853
913399650
1481896530
1132078798
1329147816
810906261
1070500082
771794070
1749524300
1333333560
819589417
853079374
849644080
1144548579
1666098523
1168044141
1084108042
1548663136
1175572177
2367761793
910149658
1362494231
643541081
1449710733
1058786604
978009319
1043469164
943991577
975338309
1278805104
2239736710
1363693698
1645290771
847007911
585940781
975030487
1566290470
1043139955
1640506636
844029005
1117866099
1554003392
1311531806
685158683
582762486
769978113
932483185
1132685475
842747797
1277152792
1138995138
1069210962
1174250187
671666959
902743291
864151620
912264605
850844517
918816219
864867589
806396637
750010970
708936540
665214478
615513570
576334326
534781983
497726479
470999009
376254339
418329770
394432348
338926834
320941511
264000548
303210531
274029193
269019934
254002939
229643678
213627088
194082052
176087436
177123800
163547105
154459183
148970780
154554583
145558724
139550508
121465579
72584471
63642356
68127808
61234557
86412474
78729112
4446408
51475106
42203256
58925226
32202912
55146967
183433244
198667325
212552827
199166078
468911269
809731898
983074875
951965935
760386602
1059366902
1464112189
1133052457
1191902455
1064556594
1082880998
1213981199
1081014628
1073084457
1093638799
857682797
814488791
1005987689
1373655061
1109816577
1762614819
1084730368
1799134892
1465731735
1245714068
1578085817
1247030808
976465574
970100897
897235019
900823108
1203035129
1425717204
793174607
1576226860
1450961034
938260587
1199348557
1325910201
956755286
1300358300
1778098416
997314577
1438087556
945756857
1265453843
1241916654
970592986
898649999
1846106286
890954407
977182797
1340236143
1335441793
1139010750
592387910
941551665
742505878
1178545675
