1234478865
1199807667
1455491229
1544777029
1195778600
1068001185
1343353356
976457057
1247635562
1229187170
1373896787
1168968123
1123712969
1094329242
1165428181
1317809750
1538216833
1198725519
1353639693
1052652124
899371810
1418717921
1143724196
1726537192
985809891
971242407
1058872031
1223536428
1499750665
1228710284
1109410735
1215217591
1227372932
1107527763
1312509356
1280565643
1167109488
1453445446
1032980005
1290123107
1224323461
1236772807
1083759760
1267669929
1243430728
1033143636
1135930085
983826314
1502429003
1166917129
1241874665
1183544671
1150792731
1100339870
1004377631
1435911497
1302070828
1323141041
1162467413
1410574653
1402237166
1254772331
1446514684
1370643444
991997047
1290484119
1391071832
1027027131
1055473647
1318049242
1296677959
648572647
1248629323
943033034
1292586698
1686205880
1077973549
696660433
1211429436
1008262198
894886198
1017849608
1303696420
1318972230
1390612319
1504183436
1230937290
1242690155
1092559840
1119878053
1147836071
1294992709
1630573965
1422907403
867789222
1460495802
1569228731
1094353658
1158830901
1497989516
1183627774
990080083
1428549312
1476725293
1081146001
1209426433
1128886944
1060898049
1262379913
1115365533
1422607572
1657249760
640917507
1322971629
1325463929
1081420320
1444970381
1138904518
1601185798
923087896
1291199270
1173107917
955544788
1039649772
891969597
1330655080
1088807806
1349680308
973517215
1158561353
1364079510
783165635
1189614182
980713798
1005040029
836888355
1434435814
1093642122
885312564
1246355497
1261710493
921039305
1019521374
1354764341
1144329626
1190081392
1467122981
1038449665
1260722644
1617349009
1254395238
1033002605
1251364378
1035223141
1033829644
1115110453
1330756566
1218778125
957987721
1043690079
1198690547
1261044603
1256435697
1054186991
1370181388
1067093852
1343260403
1432377963
1280988094
1149025658
1471997112
940884414
1074645541
1254092586
1202607929
1484934729
1218345674
1001443128
1180267520
1389721623
1393637169
1533636922
1009667317
1220348754
1000764726
1364709681
987246397
896037243
881212444
1466791799
869352549
1206008806
1141122168
1060292940
1255784780
934192309
1653306824
1070019937
1024804671
1343208969
1011150577
1324949107
1068916401
1229470752
938419658
1060212853
979009877
1596925855
1192053126
941348256
1160167019
1108877904
1340405839
1359615932
1455384648
1058471224
1476212741
1207697152
1824832035
1026322522
1446341247
801382526
1279295428
987202762
1103812443
1146794939
999251672
968493436
1100623301
1434392655
1256188392
1696587426
1124280712
919839504
1215593238
1055220630
1164307591
1271107455
1088979989
1365787620
1455413063
1443299011
987585165
792026007
971142070
962696412
1066591013
957172984
1194174640
1087088957
1116281036
1068937011
969561273
1158285693
880472748
1013176871
871478576
845049082
1014835684
1303347932
995285397
1092067745
1032498416
998959084
940656759
957943676
953668783
746331460
743050380
825836615
805622687
815121217
816057448
792611396
758724842
654981930
681656672
654588620
663530374
656216493
650842900
742267472
705269385
693118058
858265936
873450130
767004476
776267482
753198391
707246133
680928921
662147839
603239507
600929111
555493798
517060285
460394380
377813085
415463327
434028684
445107682
576583837
568018895
537336001
599665160
687861280
607992154
1154479703
1022602440
942001821
1064783273
1124803136
1224223619
1371942795
1052656936
1363245794
1128265589
1253084238
1143078771
1067121362
1093396576
1010469797
1071138331
1136676816
1404919577
1088083622
1456762804
1102725231
1409678070
1502491263
1313920231
1405977427
1181437947
1194316206
993313691
905219839
1255572312
1252454240
1178579968
894587405
1280513143
1428457512
981449986
1090726837
1240074281
972002934
1170617133
1395470451
993798499
1230366368
1151261289
1300836121
1365645791
970519864
1115563820
1605351406
1003631863
1188869650
1180749343
1106014113
1141733816
891187196
1217411441
1212926576
1378987085
