19870014861
21826369024
23207921856
13610758459
21468709150
14726812768
15453402946
20508786275
22813262550
21451183246
21924413147
16438381393
25051233782
21626773916
17955566212
16273260917
17313203261
11918886346
18440730377
11965505314
20964863776
19296410576
16181583287
12962999901
17850476452
20162157626
15582996808
18369456315
18494168779
17781888178
19030376146
18141453511
22559224020
18991121488
19929953349
22498802585
12770125370
13515382889
23265063723
17864985959
18252012737
23479083770
18943774733
21194938903
15535485479
19876788353
14950109281
21857242988
21678689767
27416189649
20828260663
20190716566
21947764447
14454580987
25770678055
12800560500
21364538140
18296199283
19918640197
21408667796
20869994349
29893766028
15987904150
22741836897
22936362635
18366166788
13124065089
12207541360
22360048721
16540905307
18831763950
22784371286
19163352054
21777608456
19076551122
26372438239
22521275196
14528229915
12044219985
14813947146
17164460573
17898976574
22213980289
24222269619
19285889090
21676896569
22789033864
18846042969
19718273473
26111114478
21750359812
12122150098
20896116408
21886602859
20125803011
18709771851
19282027293
14908388147
18621881324
13142274215
17111348090
16704279060
21349665860
21382902805
18984313038
24244932001
13974391210
24367255054
20465917027
21646959246
24214655049
19019588385
21312086406
16698346937
16109814772
19574010518
22117111236
19536591608
22474151669
25759516931
19797351071
17010936697
16100705248
22896795278
15957560184
15630813575
29499124171
31385568444
21603901912
14702902315
19893500654
15070098773
23041558352
14222994076
22430379920
15499138559
28781307466
11784657091
16107372367
28992766673
20853240574
18201258263
29868818290
15521259002
21568496760
21481656145
22028855324
37525379313
21348374100
19542846360
19442723048
21905905103
22233613857
21851640873
21391551728
13622156349
18508855670
20449853787
36216502258
27053400043
15021053740
20002774321
19110690944
21896638884
17898317632
21367583390
28609062966
17410540976
21760746943
37539831095
22289383884
18124898102
19543347515
20726283662
19959961931
30939114212
20795898630
23157276384
37318653881
14466429258
14304776525
17562113510
33700260155
18302208844
20865932847
24018567123
16308374554
23728225068
12506026114
19391927375
17024821223
18111641533
16712758566
17529588131
19959653137
15519783857
17915845776
20025746487
18740583600
14917795897
17650624991
16580597740
16151128064
15360613765
13814446521
13699590604
12291747255
14882159073
14165335350
12504805735
12719556672
12022227739
11091264042
10554628303
10036404970
9060997114
10046736893
8925280597
9357685316
9086909012
8857672002
8659223709
7945876075
7620343495
7036752531
6772908072
6537668488
5593370197
5650266873
5323381806
4953461460
4816033950
4367186268
4215040063
3928361944
3588797572
3421296422
3209880687
2957966143
2573160172
2345837212
2382491381
1676345150
1794995864
2097270358
1962239176
1132367215
1570725015
187269612
1151108862
1080299510
648006282
1261336221
2251322065
2198616947
2752146358
3624448701
4167820624
4474552177
4462746757
4626434840
4766395768
6517759682
6717994516
6827063121
7255605068
9083173203
8842850793
8524496881
8411669720
8713314059
8755773288
8590364673
11846012139
11268027187
12744569238
13396861035
14822247715
18256775372
18018702686
14826877532
19121753755
18581969362
17392178600
14633672943
15591172070
14699267462
13759048468
22614039503
18527417471
13545967616
19089238091
18812950487
20211972235
23044910665
18327100938
20460329738
17391943040
19329382684
20646000365
18960298695
20679882975
16481622260
18602028893
24534864769
25275960629
20263844094
22496418719
21034647285
14115961754
21484361819
22255916578
18167927462
20403796364
20727833667
18035023667
14714058910
18125770597
17134687706
21427368866
17061299729
20801551815
22425488359
17270452500
14947471299
15013032512
22269993580
18521556357
29263961924
14429337752
18809718712
16866799124
25354716525
17026957801
15654747662
21693514412
19281386728
17526827027
19091087593
23358712468
25793231226
24778238311
22160318128
21228052605
21764305639
19719371701
19000491738
19102367793
20117839999
16208079440
18479183230
19080785279
20962812180
20182239702
18845972428
18533719690
20521445165
15999299745
20782141532
20380829675
13587815552
14454292183
20266292233
20045992036
23946250878
