19740394010
21877172375
23159301154
13737431344
21276998351
14473748754
15454462535
20406844272
23194470636
21406978750
21853721266
16663655233
25191764624
21353747213
18078308527
16106982206
17137174630
11988628386
18532437998
12083272663
21263636409
19206496652
16644263409
13088696673
17602186118
20028337396
15478230203
18372447320
18262245645
17891312771
18983987282
18198416655
22401790236
19168312398
19748037991
22357592088
12972958231
13826844327
23500912893
17843841811
18156465034
23440329142
19158700151
21229653272
15674836894
19890730310
15000971421
21975244596
21697118434
27613290960
20771389607
19612031609
21884002377
14632525513
25847875969
12991002807
21186335474
18682792893
19733350380
21633110906
20706591664
29694708115
16285316422
22159650439
23061308415
18427780581
13262174995
12006030303
22239071139
16249679358
18887987352
22941597304
19361823678
21704037322
19073353208
26321563796
22571812366
14507529353
12151147738
14685396374
17015626718
17801865464
22353548709
23758266161
19503235107
21648540094
22659254507
18712299932
19472001829
26072210399
21749798209
12210503801
20485643199
21820500995
20172178343
18467875506
19155162477
14827219462
18445068243
13111255442
17482888030
16825894319
21231058405
21648307404
19151513024
24250273252
13972012990
24355148900
20552694133
21890367068
24058525794
19221986660
21186767762
16513903546
16192914913
19731040898
22311832341
19561672233
22547936407
26025498614
19527207106
17004579064
16348034588
22978164510
15745532239
15665303093
29844753105
31416457943
21322833077
14833845190
19647391560
15366110559
22949704716
14577519949
22375567405
15716920248
28723090525
11934428563
16192254901
28798694331
20990794985
18163361126
29413295840
15240381227
21195717294
21490716563
22160555582
37273185700
21595082823
19557653266
19329160051
21943294861
22196656410
21747079528
21267746033
13758697153
18268209373
20526882920
36128250341
26742284489
15360598617
20003625470
18889228412
21984464673
17842191225
21515878255
28351389035
17646718782
21599845000
37650467220
22167033539
17871596897
19195756264
21155004097
20271091990
31034099765
21009520549
23356169067
37089017100
14555221347
14422097588
17687881529
33692051299
18180277297
20576188348
24044161197
15993629948
23552363479
12559036934
19509222433
16871020609
18043842330
16904287163
17639670534
19921900143
15670946903
17745246364
19874151850
18455110634
15101142571
17496208106
17038845413
16102048588
15417523705
13805074642
13626106577
12010659682
14748291729
13951778079
12616804181
12717692395
12073158220
11289895383
10583114987
10087949424
9156556403
10044278350
9288375292
9491145549
9432389466
9100717529
8698721922
8221155387
7754692097
7252496501
6589098250
6695816422
5957430847
5756050212
5425108291
5121745922
4825012139
4493239925
4194742399
4014320103
3451538685
3426997163
3234590079
2902107999
2714217984
2258175600
2341819696
1490499628
2008569301
1888776910
1867818335
1090280920
1368208648
220746929
1251585179
884258480
601484151
1320349763
2441789021
2271940575
2894310146
3705927649
4463305833
4451279891
4416287059
4587799106
4707039938
6578067103
6918808708
6687957687
7334932167
9248579048
8885669072
8656453536
8671456392
8788908007
8692768467
8654858175
11811752697
11362230477
12883173906
13288612914
14805098600
18422282097
18140141347
14954495211
19061121681
18691111809
17625304655
14269395703
15595133734
14415361950
13753779507
22660502037
18789290726
13620505854
19309381499
18883608623
20253040426
23028481773
18107259221
20442750662
17798568151
19485327335
20728452880
19088527500
20940135395
16629028844
19018248508
24378180056
25223425514
20266755904
22346593196
21023199832
13939367032
21448756214
22078637823
18094138126
20717401154
20804279784
18149802240
14960746172
18135308606
17145495749
21356006971
17091054737
20626162772
22298163949
17434289123
14720935340
14980879688
22284696100
18129065968
28955342108
14305098133
18525135355
16813537954
25261012659
16774112029
16189487856
21522973095
19376576841
17720532270
19593579292
23697082973
25703032148
24792428720
21776559232
21378635570
21773813707
19710124201
19047860544
18963574642
19567505649
16313375846
18616653362
19100766666
21063076780
19914545692
18993847459
18455210988
20171858860
15713747407
20812171012
20481035773
13848857134
14365388634
20270651879
19941318591
23685477844
