19860323273
20474675801
21967957091
13320600107
21466804263
15606561066
14209004499
19410892868
23997078416
20435084739
21497567865
16204951650
24011395119
19672611553
18086694327
15986621572
18299802976
11806362084
19367941005
14423871882
22106929672
21002447837
16320735356
14505721724
17711095822
19042881965
14319136810
18598581931
15905991732
15942415069
19525853737
19744360121
21511325205
18651562713
21657697667
22553177478
13775224020
13299104163
23864876379
17565129249
18621009833
22569326698
18717943012
21737119413
16548582873
18713170129
15217671791
20874389543
22410944671
26331831965
21820603981
21246605297
22177602417
14034430389
24349433797
12150031023
20852137303
18762390715
19398184616
20119309756
20613140519
28739794195
16259751530
21649326790
24115588794
17703878543
13606909196
13927369160
22760228704
14957777206
18889873257
23238247559
18823799775
21040773623
19162138985
26138268831
23041782282
14882665032
13311257031
14439164391
16830313112
16936037820
22713239359
23427035403
18622387199
20509209379
23604940097
19044204380
20388768978
25677237180
20935371589
12730197023
20725208495
20999158598
20852641940
17702923071
20088885198
14072568000
17542814072
15201900113
17039174354
15400662817
20923200529
20303004843
19644881166
23786525659
14742127758
23262348886
20272766910
21993620938
25285649575
19084531616
18951408938
17472387808
13798460252
18167207810
22990628203
19857505465
23895611209
24544774273
19967623274
17425058970
17315394129
22981681567
14528535383
14410051441
29041707898
29859626668
21183133477
14911529453
21495916798
15540992567
23010346394
15138941311
21800922239
15863267044
28340920650
12658511503
16668733747
26678382367
19915489287
18862943119
29419513065
16739983276
21865577577
21978339055
22986850545
34951397792
21743272461
19209783394
19510799567
20316267688
21815582089
21048437492
22063414664
15867841336
19227551799
20198772230
33409723012
26606722714
16893319584
19837620481
19181743950
20459723032
19108990675
21915304113
27290339853
19020725531
19184965317
33377826724
23971922155
17093845394
20705309035
21736601137
19919135669
29099201150
21589451561
22428503347
34346228746
15100176774
15124254418
15681753670
31644434320
19109898647
19034678979
24429729319
16045851474
23236094064
13863388179
17946103751
16058878630
17735711520
15657338184
18035424724
18996478094
16037786334
19487077758
19358743125
18735362749
15226267690
16991019012
17386115421
16384364737
15577651322
15023105284
14083152442
12534707651
15966386439
16219567987
15267659842
14422849203
13439792869
11314581642
10468683583
10860143378
10619710781
10744256530
10333552474
10375603733
11650345425
11230487824
10825663034
10897434243
10788395356
9520258468
10161220886
9834214458
9614946470
9117386734
8430480384
8472033647
8018925046
7471648249
7268074192
6360852208
6355049019
6032356106
5254609474
5184417105
4904226881
4540099861
3959739811
4087679668
3879352927
3562674038
3307993688
2568284051
2636469202
2850221142
2687638473
2674002401
3262524216
3229030799
3162703645
6388928052
6985164742
7250447470
7735873741
7659219636
6369835503
6506294678
8043947581
8046060192
8148371316
8197368633
8315294031
8917200429
9287079685
9957984973
10484353456
9983153096
9964397782
10052288299
14015862770
13468469183
13824141802
10675399955
15357828114
19310573561
19067428680
17208523022
18924865192
18950281159
18642762626
14036919697
17233870438
16051341455
14814564798
23564087975
19396367680
12586533954
20527439011
18400597894
19291004419
21621872971
19589381603
21131962116
16843064119
17391385652
20589048598
17871057649
21164449044
17449433347
20347510365
21989787753
22472274674
19858936524
21015904707
20562655933
13721748179
21407936530
21814802160
18095810674
21809464086
19993041962
15871964355
12476567729
19051082989
18530562121
22413184074
16731873085
20691295106
23111782761
17056470713
14758256752
15739499930
21696434672
17990888046
25809301121
12685811088
19798835677
17724042466
24277999447
15591397429
15213949375
20648819902
20343254725
18811991364
19610383192
23469765295
26430212839
24122421521
21095120342
19709839187
22637794121
19101909194
17079954213
20682914376
19443709895
16883387062
19401817387
17517981098
20798296188
20986390007
19809001564
19134698073
19545689577
16781246152
21051428542
21701030092
14399721526
14418125160
20873264098
19252374468
23259883708
