20791431454
20516865313
22351517777
13107232740
20702963295
14794063037
14675537715
19127562983
23447034473
20434381601
21653922137
17245800648
24450935521
19586224664
17409182198
15797685503
17433876875
11684206044
18364535537
13984481496
22393236658
21209683738
17189478452
14703119743
17884641229
19657061302
14040935105
17994750853
17297274477
17263269444
18803322880
19494259022
21517350888
19013654366
21460074386
22744260604
12699524058
13693269846
24605059919
17794269820
18980580266
23119258609
19079283792
21301737052
16077351145
19134281053
15069126288
22009460306
22019467134
26150443670
21151517908
21153053059
21771840598
14712975379
24858685497
11560557810
21517568652
18772103432
19191905008
21355658188
21447507484
29694801256
16078134465
22094676489
23349549926
18286510607
13246611194
13433172704
22137713687
16651510189
19718790178
23261224745
20106627752
20978829901
19209852302
25170554766
22456070407
13531689788
12051231335
14505529947
16021005375
17913506938
22859836881
23648735058
18469886291
19852480479
23198670595
18980703782
20525927600
25936113883
21974694401
13388957416
20716230558
20850237693
20267329909
18626284963
19266211390
14177920394
18472869131
15030973074
17793407205
15632263120
21206425569
22062912637
19725199273
23579095169
14038761803
24429970197
19470512470
22090802046
25116288244
18651914891
20335883019
17681656312
15163429047
18779101496
22914843922
20592521039
23467497375
23937736693
19720483584
17416713823
16773723083
22909077891
15372661343
15396625651
29268068481
30431683207
20872433360
15027046876
20351611813
15622222508
23352972097
15227922230
21888782984
15671913816
27657505122
13133695446
16456036173
28370277054
20166706297
17642081363
29522390905
16272252360
21125514864
21757338246
22596544805
36061086974
20848869426
18166608557
19515515468
21684826545
21832220922
21809629312
20347352687
15576445518
18414958194
20222597307
34166627663
27058559932
16125693352
20441258762
19169930207
21021418710
18426329701
20557412658
28074011578
17978280374
19768936165
35095321348
22879416582
18039499292
20399817962
21954137821
20269939994
30684528415
20520218613
23761035032
35210076536
14930248888
14563001995
16512992128
33341334217
18344775356
19870503563
24421467389
16195388924
22772273816
14122524390
18419785621
17085762113
18057781790
16382614585
17986805890
19279073250
16069794102
19152527404
19778498087
18740094041
15926559020
17220216736
16757830090
15632135732
15465513911
14651422777
13899486215
12649698938
16079379238
15548646369
14802827150
13696106787
12876253725
10873061626
10478424463
10443059649
9615825773
9873285902
9934113003
10170777507
10816453517
11041589314
10561935144
10377037421
9484698992
8602546908
9029344841
8475230961
7815775804
7446161218
6852453928
6471635058
6122606784
5387375534
5462896369
4975130963
4776903100
4549831759
4275152831
3542552163
3581368551
3196421436
3038401246
2947317542
2476777876
2353336086
2079140804
2358015106
2010625427
1622358336
1870827652
1316197981
1415986627
2348348025
2643459991
4394500399
5723478835
6036649445
5906224572
5990852359
6598162924
5926425373
6362817870
8058384453
7913501486
7331887809
7556433040
9030709777
9270174286
8996803618
9540229990
8828031814
9999063137
10254471458
12889166937
12570660340
13900354255
12340975822
15589623862
19126127153
18038730158
15497875832
19055230611
18144223106
18121759054
14498267931
17192391958
15466621727
13681903094
22221270404
19012805158
12935026929
20428312595
17887955083
19481745062
21746406562
19504455918
20290004989
18265447852
18444756505
21040898535
19540281832
20701187203
18109409068
19890326752
22452217798
23521600685
20625632248
21495476892
21208433078
12441722241
21310384233
23259855752
16700210757
21986729704
20601767756
15920649417
13907729376
18436843245
17589530005
20974701091
16955516275
20694220678
22624334923
16147485664
14872535963
16301116288
22722778574
18271453862
27440191733
14130858609
19401785718
17615120808
24992710447
16681457811
16306019546
20995413537
18989397865
17435489226
19247069676
23776812908
26966021225
25117591532
20827029118
20945162505
21551398531
19671252576
19027825484
20332360898
19067077389
16540484759
18120425509
19039737924
21639377155
20334410633
19528064685
18909360293
19547675890
16525383479
20975215708
21425690968
13582299576
14609898667
20973500484
19228875820
23515294514
