19900242342
21831075399
22607344059
13823427450
21258761464
14558899301
15075756062
19346218532
23839939589
21401224212
21684112898
16624322410
25175419479
20728418627
18128346476
15977359203
16909349957
11639226966
17926973305
13182287139
21755643150
20405940533
17200870277
13700958469
16754433152
19826857869
14703784881
18233947870
17901535618
17581417065
19527289937
18866206909
21935278141
19299257761
20175364678
21966616872
12619010868
14202056391
23342805653
18412736664
18630326344
23984551539
19401136730
20774651028
15562432022
19647663567
14553814656
22149780781
21695937050
27162587680
20997798972
20691926332
22436275254
14875156412
26270153616
12403644752
21182925665
18745227705
19148620803
21180508965
20278035805
29496900902
15714433336
21768778768
23289827656
17314241712
12840830408
12458420263
22027646591
16117650932
19492225567
23072247423
20026533265
21167555097
19592175207
26418618583
22341601159
14157760455
12543867309
15083834402
16305065899
17890592514
23161726414
23389744454
18672456554
20420599962
23766978710
18967607058
19573629611
25714944000
22411169333
12750046467
20111436936
21660163471
20305355675
18940893862
19117533299
14046782572
17986041880
13322909671
17746890746
16382029733
21496984799
21518068859
19359752987
23705343564
13743886175
24501843313
19974050633
21557098694
23541945744
18796571719
20745406570
17390450507
16539318221
19669865456
23432391073
19866637618
22687238660
24684946404
19548069919
17161033148
16248787669
23350455396
16216945997
15440999824
29245699317
30492881873
21386142028
13978958990
19884533377
15283955004
22909425353
15009835292
22454184059
15210975985
27806640256
12445121993
16107196221
28503839447
20013038399
18261383162
29672309851
15890219540
21230114891
21208747542
22724539003
36019061046
21998562176
18898863443
18849856398
21705802984
22524763257
22190805252
20759398953
15361016061
18265120248
19849298445
35628763767
27668594237
15611619204
20610004257
18854675442
21399430958
18084698939
21734953501
28345553423
17606730116
20281679615
36843729825
22208213322
17524476370
20259528724
22193842252
20897212972
30920569244
20614382554
22801707687
35496750530
14800639204
15225078523
16810327514
33037994381
18965770799
20183126813
24450561361
16025111107
23581144991
13388727325
19180642513
17416105287
18176824763
16859648832
17956759628
19728081259
15717211332
17985093401
19311450686
18933054017
16037981737
17036071891
17365984189
15356361077
15807338679
14690511306
15069482602
12312616326
15779271814
14758089061
14350526965
13346964546
12563088808
10941339692
10307713952
10282895759
9980700468
9946813299
9716034240
9553524790
10046962998
10107171361
9905597410
9478425656
8958142875
8434653503
7797909559
7525578106
6609286263
6242223680
6117715903
5544460066
5394446411
5201507942
4851098857
4550343497
4227259328
3699392601
3303443523
3204161037
3026777821
2675348549
2451222812
2277260306
2497194593
2232697270
1855417692
1925758473
1933396437
493579334
787086132
1196529364
1048528671
1668136566
2418333852
2877389167
4739370074
5150324062
5124229956
5108021087
5198307331
5480184969
5689873005
6905143346
6598641435
7416928986
7008494588
9591867216
9015580833
8775703013
8337892797
8550097087
8598718966
9235019017
12076607743
12098645366
12864086763
12673839301
14697239122
18895438666
18437310156
15957973843
19167153172
18453212878
17281334898
14041461735
16316352447
14718225552
13422980568
21977692258
18820504620
13439007175
19154895479
18280197446
20196132144
22988677953
19248427833
20416816523
17429733641
19342403779
20479055891
19775976401
21232341738
18035608906
19654135608
23429050337
24654691094
20202641260
21617412345
21479799222
13634105407
21729775543
22127429094
17242000891
22015697954
20432273509
17478080946
14869201574
17798904780
16904050544
21442581344
16845336319
21000403420
22852896709
17100917673
14755895781
15778241077
22634132201
17490342550
28424518950
14006480302
18513590735
16794262756
24320399012
16207925864
16162591095
21004314422
19617134634
17154008023
19743964658
23438483585
26263170498
24731727857
21483487498
20594731829
21814454783
19947499057
19200824757
19332521330
19105837464
16301310154
18142874037
19115842257
20888516919
20000703042
19068983563
18245386349
19925413723
15687726386
20344399081
21797089988
13877594637
15229580627
20919986736
20683967059
23753685113
