20060121993
21672548935
24431595031
13564687638
20914677586
13277345169
15584782266
21108316957
23236249454
20754967219
21400239395
17240330220
25422170859
21775744621
17303640095
16850745173
18656536537
11156318568
18750822978
11830930208
21248107215
18414903345
17110415595
14248181187
18038014398
19948674559
14640840191
16929476126
19770050247
16747154846
20065468258
16872632876
24059117852
19493140881
19899186613
22861844234
13043250821
14000168406
23403362427
18007073754
16796219808
23694368789
20324603179
21473595014
16280452416
19556648140
15871197606
21362724199
20361514387
28555532433
21738837184
18888391645
21752067623
13235938273
25063287190
12370837874
20846648352
17572820461
19974732138
21978795196
20493548635
29880353179
16520410156
22125397883
23496117626
18196891953
13256544196
12391253452
20582580336
16282334395
18478881188
22145068564
19250732103
22604824098
18246981180
26800421680
23820976825
13046063561
11126929508
15575481594
16844020500
17809867684
22361114090
24552002344
18883176101
21652650884
22644283014
17141885210
18438797380
25815516841
21724217649
10671493120
21892574864
22305153285
19047819471
17978426498
20179078281
14401143472
18634261349
14243349451
17860203164
17110093862
20847095034
21728815092
18274049404
24220954618
14192453741
23725616071
20171472263
20845004986
24893027255
19584896891
21322160255
16558055946
17301153782
19576672015
22872834025
19593533366
24154742098
25672730252
21120318814
18046496413
15993828551
22011805116
17262349442
16313359375
29333344991
32098763874
21019385129
14587062057
19614635771
15815225341
22039845040
13837117783
23835840658
15441666394
30645946629
11798002123
15706297356
30209479782
21120576538
19182113067
32144124098
14556723428
21375265230
22088389055
20887435526
38675101335
20478214774
19149883566
19599724832
21797518977
22017887567
21553988557
20924512505
13440064257
19051510902
20795771980
39460244233
29336143454
15615261528
19771160853
18681436165
22245625704
18089188528
20279570685
31345859300
17220236748
21721053930
38759160382
23017351213
18147494472
19955946305
20278970871
20446601378
31539630991
21949241990
24293191519
39654504077
13765221893
13779480982
17191672700
33833122192
17577582221
20445180333
24163584450
18545728923
22173923299
12875735852
19953468316
17959056397
17576461197
16793422690
18684596139
19642477357
15388695116
17363020578
19001623688
18692718939
15355057053
17050622689
16771426681
16003926994
13992758589
14296518406
13142421940
12353911793
13241155913
12737408823
11956707451
11830326429
11682185848
10878947579
8327108443
9448997973
8959426256
8383794749
7891901938
6870377565
6977619599
6534953800
6434495894
5702889095
5896807823
5506253191
5249994002
4676667020
4146855498
3873925934
3472132353
3688073127
3045209431
2839324798
3167682533
2831643807
2769298628
1052850997
2282241259
1975481992
1961890769
1690694817
1672497382
1441591594
1450588989
440701148
322477497
1311956106
1020733748
296071608
870161291
578592822
325939356
745612710
900587944
563789633
2452723571
1913766687
2438999905
2176972575
2717972072
3247263530
4205543390
4863384239
5000035474
4679496713
5402270277
7476525952
7326797424
7889421898
7506528241
7261268057
7488083284
6824994605
10859424519
11278702509
13355035293
14095118706
15620832862
17276951157
16260913307
14634090589
18570644363
18437115688
17340009679
14746723104
15492700881
13347691303
14495082570
21685490410
18205982741
13050632221
19902555599
19741471903
20187939720
24053978135
18443149021
19696453504
18040444126
19031363983
21775932264
20111934126
21390217608
16192820283
19299791175
24122649602
26276922791
19940878339
22017029397
21694985554
13055780541
21189910944
22144602816
17033657303
20110378406
21164783095
17584123816
14988049711
17778823147
16570370891
20494282701
16323397073
21522870832
22074679882
16789792028
14911043541
14340426101
22813689790
19101620288
29087669524
12661044630
19522881077
18029140780
26710432095
15995829847
16219625236
21225066019
20217827308
17091432123
18482307512
23215345182
26343458136
25332328678
21902130042
20771710771
22108899916
18857349640
18448164756
18266796622
21651203839
17431276741
17262578485
19226819249
20926326367
21390012010
18738892455
18959776673
20785330039
16212577655
20245606373
20545046160
13204506605
14819441529
20433205313
18554785930
23506571388
