19386561430
21189294504
23733365447
13434042949
21009205806
14179308663
15560885706
20907265526
23038845497
20517346503
21266923362
17108625014
25373629735
21644232495
17973198845
16876657772
18480702637
11623442557
18601797889
11754392654
20940786846
18935572444
16307824076
13676602143
17637021764
20253832964
14995311567
17694650626
19114335830
17661916721
19912208629
17603714268
23611056223
19368070329
20660724308
22079598789
13653640885
13697082918
22311439754
17593304054
18114047567
23737568326
18986291147
20538120921
15893798641
19842409895
16225487793
21483701840
21360597128
27913848313
21222585957
19604328063
22675052272
13688091380
25285107065
12981583512
21208056570
17015544866
19439010013
21886671462
20504887377
29451860704
16056840853
23014183099
23227998553
19120050409
13376027996
12588839602
21076962541
16479817566
18142209046
22644614224
18676799634
22593481883
18177379973
26206845355
23328210202
13128430906
11640904590
14960641367
16476647188
18002704894
22578516997
24804183131
19272296448
22201321905
22537793081
18053482591
19525847943
26801929460
22001542402
11646949428
21277015269
21993599872
20096204830
18787190673
19446845953
14901249843
19024698660
13476895688
17326364940
16957134674
21141175286
21631534947
18162734415
23647064350
14078227626
23833518280
21033805075
21517161084
23753317455
19179775619
20929197246
16206179410
16596484464
19794600962
23010661329
20198274560
23565024945
25712856277
20820780486
16865308723
16011088267
22548212523
16727030809
15412440443
29972561297
31285722734
20946472844
14445287959
19567178376
15364494936
22248809940
13527428927
22933866114
16056901423
29207215691
11094181158
16369023035
29163493664
20896896843
19204172499
31116757705
15565532285
21477299051
21947797658
21182195427
38327430248
20739621204
19001346474
19464290512
21732183495
21431971439
21654547358
21323404885
13639059712
18837340678
20156051543
38568393526
28660919798
15239235157
19836698303
19494414790
22972629928
17733200988
20751775808
30322502445
16571510321
21821650403
37822613005
22325798646
18514970444
19372675996
20636316403
20628365083
30937631097
21897811387
23555724899
38571688175
14106799724
14018979652
17697201094
33638622074
18537901817
20904102537
24307557487
17335335103
23252226533
12411736827
19689641544
17555035675
18175495970
17529333110
17922143711
19558064402
15791022396
17259410888
19472242325
19004346500
14660586006
17263978481
16722858088
15935180286
14979600207
14151753259
13022872151
12253165380
13333837388
13800068456
12448185552
12210638914
11592803161
11181631376
9874338290
9171545521
9255803187
8618579606
9166689508
8680322946
7843663874
7309831946
7394718833
6676114008
6726620217
6612463841
5788282646
5560392616
4916391142
5088061054
4696890448
4077305457
3764558378
3890666778
3723811559
3107912459
2911599343
2486173381
2816682562
2058231405
2141873499
1940087021
2160843152
1837898466
1190764942
1055481578
1524386169
969055293
1328757927
271238325
703354874
658453493
936237780
1191073716
1530976180
1305525650
2588072976
2674809284
3548619424
3782028255
3223159612
3956476690
4140164841
5257912571
5774416153
6001756758
6275282328
8000908323
8691098908
8243603814
8246039721
8121205136
8017934544
7601304937
11470048285
11708177116
13313386514
13737457921
14865946400
17104467883
17675801037
14229508541
19180121230
18496620643
17635251846
14671383857
15492018104
13977860409
13971415228
22815471058
18669723559
13313826441
19559733539
19093452940
20283333087
23104704277
17947676580
20196011071
18244883690
19313404134
21829055422
19455363085
20651662045
16528820578
18646105822
23834071279
25823259827
19759691367
22079196475
21095212567
13218951422
20532824508
22619574475
17783982111
20165086293
21216477361
17640973486
14954465722
17611850776
15982862661
20432834140
16786346858
21334858166
22287752691
17301630408
14664284806
15376657946
22729188923
18496249828
29526571765
13783046489
19502953922
17680482487
25272315078
17342938754
15716581274
21794403794
19290015195
17193511670
18355444930
22856890591
26870573942
24727848541
22857059279
20269763797
21478202991
20025510030
18788652682
18323778546
21478887671
16711884412
18053531054
18767312619
20801194450
20933228594
18566198743
18545692903
20143676461
15755121376
20654855183
20445193163
13413877557
14634960665
20031088014
19663266051
24192871177
