20069962953
21489471447
24245785737
13795364555
21399384386
13513242949
15634439415
20867175844
22998569465
20877738133
21657537596
17308453272
25539743286
21629535207
17494850861
17093495941
18552371059
11261640835
19027232428
12007699550
21048372305
19017736632
16737785548
14153460775
18021179685
20143094723
14870885374
17177446635
19065676740
17095294928
20083382383
17473372539
23991911436
19238394053
20390912374
22649863563
13621913120
13744506028
22295841944
18254031001
17180899947
23686306946
20034659219
20854802432
16427497619
20078582200
16066640368
21054007216
20802470583
28037380051
21929354230
19157877294
22546207815
13830166955
25402791441
12843355412
21186600072
16860313867
19470433270
21975204942
21239286178
29912428278
16597183603
22511474899
23394173137
18396719023
12940145073
12351206734
20751025195
16401468389
18175869140
22392175616
18747419699
22519838209
18187851114
25808017389
23679398051
12448146725
10997481087
15216793465
16269215539
17763691669
22083275027
24499633421
19046394718
22023847821
22871574950
17448234105
19305440143
26095610483
22012355988
11282963553
21546934833
22174385165
19331759438
18159831139
19862900231
14446648817
18868774416
14275881967
17818371648
16873010692
21038094897
21567947486
18690346026
23735734518
14089348546
23823571579
19921926077
21356720836
24056235783
19122494741
21095764327
16783790914
16843252164
19789826420
23097305319
19716710036
23569637669
25521809424
21162190406
17182810535
16123322716
22307291879
16998644943
15912461653
29710142426
31360885245
20941124452
14714116985
19632539490
15190492056
22605718292
13886579120
23562009298
15549067996
29868646650
11526740461
15976266574
29692228119
21703943154
18666082088
31704911791
14759674358
21036885282
22208652803
20952506360
38639332026
20524553727
18643587419
19438030848
22075763747
21388453226
22068361977
21112683849
13315634935
19141539637
20670021638
38416294629
28958937947
15124296998
20328911653
19135680703
22706254767
17686839221
20196916324
30970933169
16588462209
21399799672
38026526799
22469372066
18261469675
19449523104
20304883030
20676126079
31368279803
22134276811
23806465906
39202674283
13974872082
14076604848
17217970388
33769170340
17862443104
20655310965
24197283450
18390302982
22866150321
12257422699
19990271395
17881717016
17862541959
17098452116
18623519683
19876331208
15984987656
17295450573
18759460562
19165255209
15315090814
17200428987
16518325814
16272565117
14704812023
14468405032
13236974285
13100727824
13652048149
12952408118
12607746353
12192086840
11961001204
11124818453
9554134112
9571205828
9182463108
8485595563
8436921507
7474571941
7309135524
7325223481
6932237822
6639480361
6367524467
5984533584
5599305658
5399667193
4966130697
4294246282
4367143655
4107241872
3592759735
3423634425
3411868212
2866746679
3032293261
1573019247
2626314126
1622432665
2001301315
1932306428
1538891174
1323839256
1299130905
822522525
1484228481
588397523
1151953357
454734942
557735440
626278293
956888451
659527032
1069696802
937948096
2491094081
2469140083
3070900432
3231996925
3020095193
3574673871
4409444417
5295698433
5790100317
5139519873
6116832911
7650380519
7804610826
8074697089
7593963581
7779506473
7825796440
7265012919
11349457447
11495764829
13453988532
14201959395
15624505422
16976867247
16896893011
14238495702
18901375888
18495303368
17369107565
14366634668
15648595461
13917323222
14587827105
22016997237
18613920847
13048533596
19974338597
19297444591
20478079145
23358406897
17906828879
20100752687
18166101114
18749491904
21981947846
19539907162
21034831782
16401775152
18699572502
23822929167
26303035733
19980207171
21799045423
21263771583
13439184518
21041607756
22165698986
17380655479
20424670678
21153671690
17501603611
14589657318
17798124179
16230898882
20317512630
16277602098
21656589306
22060876253
17549806366
14795496113
14772635997
22717174882
18816435075
29087532743
13418156553
19504512911
18215765850
25892359035
16820890027
15935003966
21359512951
19442528531
16780854903
18349020802
23364038448
26837841429
24938266772
22588141808
19968224829
21850329679
18934765860
18637198100
18666724680
21417688565
17103642104
17554034166
18770404112
20769937332
21464107785
18622687036
18624337064
20182604604
15974067353
20289397646
19725523048
13774501633
15259908595
19965770365
19399866699
24041942322
