20189193051
21918497460
24327654538
13782310671
21096236388
13439380604
15477458089
20778805132
23228270634
20730513494
21467041325
17562783089
25598037452
21656199283
17421565086
16909119393
18587227624
11282283195
18903897520
11977089854
21119680057
18623831805
17043691249
14383277010
18157162701
20028441653
14650319214
16756485317
19675435187
16650851646
19954377466
17057563340
23998865391
19454929876
19858202951
22737432973
13141991887
13954912928
23479369384
17988805429
16748197762
23671236642
20363605713
21411808463
16351743718
19720203328
15865643574
21321962529
20346729189
28684243441
21862656731
18790399651
21699092806
13317507890
24801572538
12563883133
20724150975
17565008538
19965595835
22095697018
20257336420
29791515640
16581608794
22058794625
23292652142
18098592013
13459793584
12472083521
20804209976
16227191268
18548504993
22218278692
19607620603
22568517150
18139607151
27034205567
23943567239
13076693629
11240102659
15615113615
16704098264
17976937454
22410022261
24502954707
18977864013
21529300722
22602708431
16956007051
18279861137
25843693129
21783849846
10613112033
21914466091
22245021391
19092839304
18075713270
20378414092
14654236708
18719351493
14206216955
17663709529
17226481683
20954415536
21842983526
18124819419
24256849558
14308767468
23667059247
20364716007
20945019058
24658704895
19595093088
21393750400
16426966126
17345579579
19744611670
22841648687
19565208852
24254499376
25566940975
21125314257
17933819191
15899142867
22079062654
17226543232
16152004627
29324886813
31969529614
20991539540
14734731833
19564972617
15882999075
21777242753
13985833200
23601430841
15561782931
30379665279
11767612141
15838461753
30217375030
21377300272
19196419309
32111208229
14547977615
21543535268
21957212966
20770653138
38661774439
20458402451
19173960810
19722946899
21739719576
22056424431
21552133432
20811514853
13443346956
19173400657
20959954628
39446062834
29182280409
15495623404
19464028898
18573867026
22350607717
18054940700
20310854588
31485284502
17238935678
21532956823
38837183593
23045677058
18157659976
19966882797
20168607214
20487798384
31617734749
21805062969
24145781599
39847503753
13982638142
13900767075
17358080600
33793184084
17374429601
20320094641
24172271889
18557483208
22471242071
13118198488
20003061762
17800988734
17579505875
16801090512
18684291334
19533033772
15498473672
17635611573
18961311452
18648795083
15248002821
17124762443
16875444116
15884340699
14091216918
14393409507
13155868992
12299771024
13494836713
12485235039
12027523013
11803564961
11558620582
10966985725
8298041144
9416386667
8929077598
8334301579
8000121847
6779843161
7093551201
6380117595
6388191913
5588168802
5747777752
5288109531
5186848325
4818584833
4321212862
3638001263
3713508945
3489166235
2910127045
2569518222
3072473789
2919839299
2686568578
1192396526
2165350842
1890047702
1944156006
1921088433
1751396023
1360321647
1580741517
256877944
537339005
1091204722
1041800924
107249621
856299971
632222282
327962582
822243504
727139071
405322619
2273272192
1977356202
2224560096
2188877975
2620080108
3228522006
4163334800
4866100491
4888695865
4653068883
5527897409
7506962476
7399256574
7843458067
7396686737
7142585138
7424406764
6887802615
11065256604
11307792556
13241655775
14253202599
15431199592
16951507444
16267011198
14721500271
18646133138
18457169126
17290474167
14489426181
15631301655
13434430786
14642811741
21636805482
18219153631
12958522541
19829447251
19543227385
20247229129
24094442497
18462596896
19761226970
17918875789
18964010539
21516956129
20140975525
21482246666
16284496802
19407153834
23996819136
26171204092
19891107318
21964581354
21627435735
13034543990
21252004783
22347688016
16922239323
20140158471
21283708551
17744232691
14783977705
17675581381
16587488672
20178200009
16092577817
21422469609
21982888365
16889995501
14972274382
14415426981
22640894999
19152546646
28976572774
12921377431
19460643043
17663914245
26680168270
16130539385
16072871247
21294355098
20051704692
17040410170
18692001230
23322694398
26186074551
25486218804
21979448504
20777518864
22047813495
18550393182
18158794385
18218622706
21528519203
17350273277
17459904186
19227417226
20965837645
21651539668
18440767099
18801238421
20862662041
16116119732
20484986858
20534494443
13207771335
14963465703
20394133188
18454323995
23724564049
