20446835282
16164338090
17948093952
14801690213
20268520861
14085669841
17402859476
15778228989
21418450197
19877463108
20400204320
19913985814
19308315649
18672212854
18319112064
15265691037
20658582963
18406136579
16933647749
14894734694
22883178911
18870301882
16919753421
16871964029
18469168499
20355697579
14110834868
18226657534
17131885108
20388779918
16652795455
21964891726
20567585900
19478637367
21915536585
19576788702
15257784150
18553001158
22358697303
17734083333
21403725852
20591858296
20496577153
21290124831
21776725293
18913919038
17017431996
18990850488
20761423881
22829078608
19923878914
21002469535
24955375946
16324394754
20935475378
13697620278
19657988430
20295242912
20042867948
19193363049
22121582100
23105382008
18004076602
21016757482
22339025642
16395023908
17231635960
14832546540
19837330231
19191857794
18426345206
22502501766
21081000720
20054861581
17907331489
23803919904
17400007522
19836840563
19255786430
16239511796
19082914836
16262617671
18878418328
20179841126
20500077721
18671780259
19978832214
17868218298
18998574727
21604070764
20909247272
16264454712
18941505228
18772528323
18210772687
20137444649
19200051520
17980464183
17792725652
14047700059
17747279042
17575564371
19223838139
20071940533
19201147368
21302612983
14865568658
22219677989
18825463988
18559626237
21400278082
18625211010
18921684222
18514247227
17985967625
20982481506
17721314582
19475829795
20485194114
19921546422
19898641890
20653740292
18174523779
20520470555
18310057949
17447339995
25301555116
24903261246
19188498809
16473512543
21480416824
15941417231
23589114547
17889852058
20662729812
18124821051
25006519389
16103288591
17682390963
23395907691
18346845601
18721428022
22170635653
19291351641
19771446190
20405709036
19333934490
22648942171
20428277559
17126893470
21364209333
20876836065
20726763403
21822437016
22422559471
19884945682
21221281768
22504191780
25207793052
21065379838
18314865596
21598980496
20035962128
19343715134
18715834603
22157950732
21612228458
18931402121
16372680695
21520201751
21797172055
18948569675
19010688490
19805785701
19764209233
23741090948
22473745532
18341558225
27493803848
18339877853
17641692737
19775643059
25454101204
23540624845
17802928453
19778288214
20381898851
22775849904
18761326645
15931519605
16979463659
20339248937
15439434423
22730673924
19976068901
19380078709
18015304727
19365941619
17953206042
18213048614
16445310330
18202443864
16533823499
16899550442
16958362854
17385508793
14323055124
18268896677
19110662252
16069250748
17071134976
15286479517
15035683183
15155069125
16019525885
15771653279
15646096426
14673128095
15066208149
15216710499
15121013072
16985132120
16393872989
15473001848
16035443714
15024026041
14744605547
14432505984
13594569274
15567654762
16552494924
16127606027
15621112693
13896227198
13958277157
13380057870
12659561296
12705496864
11954071817
11759102588
12697423026
11131290237
12070925878
12007132116
13096181100
11865805528
11928388302
13311686041
12333116774
12350591368
12588114369
12443742470
14067976718
14824375657
14803590630
13646341069
14794696180
16114847850
15783072088
16844340566
14184152401
16554339181
16571821106
15882556407
15110296322
15618027484
15036932414
15739712705
15390572079
14046602846
13645612706
12993916716
13697255556
15462165845
14253410913
16009422252
16959107428
15688422851
19075465272
19234987277
20421003478
19997831151
19673791026
15952837851
15596586336
16727182089
17060013412
17398705015
23072178624
18191818395
15648517955
20606148281
19101421353
17966101034
20280563909
15319898170
19262728920
22647378572
17360111920
20012356514
19643639476
19035392437
20602705102
19905885081
16259222001
19793264211
20370842735
19692157864
21437454584
18419084634
19987453848
22576870187
17653353872
19367687700
18885292261
17272714556
18202547486
15678504135
18505498203
19313832616
15159801528
20559674390
20942665869
17605081595
17748928919
17327836702
20104781912
21086900182
20843005338
15772192211
19420165275
18103309875
18626164937
16282958844
18008199344
19350169886
18743929197
18935320648
20968474392
22332261098
21886987191
23858953061
16593773571
20209207935
17683392853
21221065623
16731594998
19651868172
21076468130
19834060221
16735656894
17791521633
21275849212
21230822365
19842420909
20571722947
19970258828
15906201619
22709186206
19905558270
16123512354
16135637236
22488352852
17392432532
22581113104
