19990315523
21721402250
23964507263
13926914312
21345667284
13869599237
15567231356
21024900867
22922805018
20877685968
21427331688
18168153431
25500204103
21836127790
17774803654
17129054315
18797326335
11440108325
19167585857
11758886514
21146325157
18356415519
17548901340
14413032645
18201592277
20182793103
15158395364
16821902293
19938241855
16227200161
20185941717
16955285551
23622390390
19785471377
20126576724
23233455278
13493505004
13482421241
23684557171
18094658140
16832279138
23849256803
20266473666
21649961447
16525174678
19976892721
15316891705
21415513445
20804452713
28700341549
21855330037
19236086062
21660202454
13694586909
24450227273
12703798822
20890889271
17224213771
20054875900
21924480574
20222935979
29350043340
16502585116
21834764250
23395868079
18240762107
13425458141
12006993498
21313436959
16660656612
18502494416
21662306728
19772546155
22454566835
17766704838
26739914033
24093521213
12999809435
11141138965
15507271727
15971727478
18192820893
22761450364
24451159732
18874662378
21296383589
22062757527
16897250919
18254040987
25823598641
21942134032
11208848992
21985073077
22330556093
18955908471
17977154658
20252829425
15314730607
18122665750
13955181807
17618955581
17286777746
21173626676
21660401649
17891396704
24678131923
14218120034
23158464037
20187518461
20840705177
24345491366
19063669084
21135930348
16167160892
17069874546
19531893556
23046160255
20440845059
23803710347
25328816855
21174274215
17669678865
15600497969
22085061767
16810593260
16004638024
29485925454
32292446196
20591795563
14889009619
19717462179
16049457230
21949743409
13897354122
23274657295
15755920788
30774268588
11613519407
15305432852
30329207757
21461486172
19286041882
32635932906
14627737354
21398670733
21705383065
20405759468
38606361906
20791487833
19006321974
19720252857
21359594605
22035580297
21750257293
21170904990
13232776444
18706221050
21397721322
39336895565
29211409337
15249065288
19714315343
18486194951
22601509268
18367092761
20618897626
31391199136
17154498704
21420136621
39260773816
22821232329
18461306307
19976149249
20432856021
20301034948
31767995515
22137662325
24189148477
39998849921
13556367720
14035643545
17544535771
34036785283
17371333279
20600845207
24444272860
18765433550
22849859315
13116957399
19888824978
17690085003
17491286937
16918274812
18878816408
19744422177
15488245802
17918491256
18479639820
18723484401
15017190287
17289082981
16580584602
15887147102
14204756977
14334339855
13304121588
11918815079
13066514957
12541757880
11612049597
12047483256
11133236740
10566278351
8001936571
9006144076
8609154428
8206725942
7716619237
6894544462
6885081624
6514868102
6124576043
5971450337
5510901509
5239212831
5025397104
4582192883
4280065419
3413620375
3807833384
3498598478
2696305290
2355001547
2555071553
2731118862
2600084801
1587023780
1924810381
1970492429
1113725357
1827761169
1421812898
1018083690
1291368749
227752877
311209279
980493497
976578072
283188831
461880901
220266276
76479909
864494869
342511955
812615737
1842858975
1901855827
1508626961
2126168304
2097144634
2578733392
4156168619
4772251348
4710070360
4413776996
5147313991
7239720978
7078782472
7476810849
7229527427
7061727596
7412558520
6432904817
11044997072
10871862941
13337446507
14383908052
14951191816
17147078939
16445931189
14289116247
19069486540
18603439146
17285011179
14460123859
15533632591
12858836787
14275261729
21746818670
17756430400
12785441047
20165327577
19384930966
20308373683
23631606421
18307829226
19948142164
17530063883
19763986702
21696009638
19943505609
21444097313
16621813986
18602999602
23870479436
26272079125
19728464944
22138772956
21481898539
12975872196
21153332721
22606452000
16803531883
19952640387
21178274986
17228981127
15182718728
17440559440
16914348376
19983406106
16138759129
21307868656
21555029956
17019466179
14793110768
14629025626
22479973070
19607622959
28609377749
12715222601
19336300366
18075658535
26782663160
16508918919
15606475660
20857041708
20226498582
16945843943
18832054831
23266428257
26526702488
25441453595
21674360116
20908657620
22238583828
18391989472
18340686923
18331283198
21411320165
17080412632
17894754558
19744217720
20793566939
21958739039
18153287912
18730808442
20495402510
16261920737
20113138850
20410655647
13070403092
14300608668
20579694872
18472920691
23675419807
