19990511538
21717053652
23979823362
13924194693
21362173283
13850792292
15564875525
21021057597
22917063038
20891522944
21425217432
18162763895
25487372859
21831073397
17763888719
17129893496
18800293093
11451906288
19140565620
11742827206
21106688650
18323079708
17547198986
14394327237
18199919189
20181576569
15198163173
16800709851
19897806149
16223259581
20189605944
16972006659
23637678439
19741812185
20117436714
23241661738
13515610183
13495775270
23701507736
18087228580
16842457501
23838162771
20259758209
21634234822
16532822448
19995249789
15289665786
21443847966
20825561796
28704916128
21842279156
19235695275
21657460475
13662333931
24436475810
12723425448
20909789584
17197298237
20061608021
21920273206
20212917272
29372172251
16522255117
21839467924
23398391706
18232633462
13424179863
11992617327
21312612181
16656656023
18503695038
21670671539
19767252057
22460194542
17771064023
26749882695
24087620857
13011645306
11136680016
15516703903
15994870469
18197655034
22772698802
24441038472
18893831116
21272302896
22060372591
16892918768
18253259882
25801906426
21947697591
11198253069
21985229670
22279012810
18947431990
17968724968
20272035628
15320120475
18113324883
13959363993
17630719774
17273782216
21168233723
21678842562
17905085909
24693878866
14220861991
23164934835
20186732854
20861395956
24334554704
19085256920
21126232696
16162288632
17072768837
19533619647
23040099618
20454881106
23823531937
25335930163
21156254333
17698403057
15603279703
22079873350
16801046795
16011692135
29480462775
32286309958
20604853604
14894039629
19707472515
16081226508
21990558199
13901706898
23274808019
15750862834
30771840316
11621080919
15318427174
30341166606
21445474135
19264934140
32621817860
14583143654
21404940010
21705415566
20395930140
38576803879
20770905973
18976512011
19712317152
21360189998
22004671541
21738449888
21162345648
13219228266
18692404463
21400175714
39352293783
29213632988
15265870820
19716978897
18457372761
22581842723
18368028109
20627994979
31395852312
17147568424
21434901928
39227205495
22819324765
18467921616
19990249968
20429724554
20284092705
31761610857
22151982716
24200513460
40024889706
13522161301
14019397116
17556649089
34038700727
17354626425
20606292339
24444379757
18768819771
22851751142
13095617552
19922868098
17708904811
17490876759
16926907033
18880948757
19736886905
15494225474
17904485860
18510572278
18730697107
15016690087
17288641052
16578699348
15898565307
14183299171
14330915283
13304528771
11936553694
13061771713
12538123237
11630900164
12053261465
11130083053
10560393156
8013815499
9031221179
8603817775
8243925425
7746522218
6878112100
6910469040
6530300930
6133724483
5994445132
5500615527
5204208084
5021402307
4587666682
4280672677
3414542792
3810924705
3498812541
2687260033
2359905197
2545225127
2725631303
2586107594
1562528088
1929594507
1977661999
1091088473
1848320334
1421511325
1015443071
1276708777
210019233
306661171
972000515
963290093
292858664
475054571
222339490
93539852
834018322
351776082
809310341
1829744193
1901784852
1521481809
2151871880
2128179244
2590905972
4150221147
4778809929
4694598721
4388851836
5137817106
7237925480
7103493694
7463862870
7227859258
7058763730
7409958782
6422704910
11050266294
10876493361
13343167977
14399196769
14939775937
17172924102
16443198140
14281312165
19060607803
18619047501
17267616054
14468627902
15553768684
12856465584
14254135040
21726989568
17761064026
12800275164
20161591305
19386270239
20304634721
23631623413
18301026937
19967317737
17541847086
19752920682
21699443081
19943460458
21433984587
16623626349
18627331170
23859454303
26263928278
19726358590
22147587925
21464149567
12998841834
21157462891
22614528401
16808187066
19952573368
21190874262
17244439179
15164073443
17434805331
16926404564
19985383444
16153612814
21310502978
21589294393
17019536109
14802810912
14636589921
22484806659
19626292614
28616759831
12732809158
19352389557
18074555573
26761903710
16502991641
15607775058
20869937453
20228427588
16956736973
18850469510
23263312022
26510635916
25418033339
21675787475
20913156910
22236077191
18392459677
18341117263
18318602166
21436969855
17086222596
17899548207
19734565103
20798751498
21945935908
18114152098
18721117075
20501924966
16286590136
20109584076
20426546765
13068346745
14305539505
20601893862
18460827171
23670894741
