19990704434
21705233986
23977351594
13931139350
21357065635
13855916585
15550928020
21014850059
22914182957
20886459223
21421097124
18164669566
25490817167
21833909495
17770804526
17133199163
18799498855
11443322760
19148931302
11749925971
21117338451
18328768275
17554771426
14394877002
18205777836
20181450433
15185936643
16796421905
19894454713
16220372036
20192820122
16970232384
23637380419
19743971648
20117618260
23233492279
13513547406
13493251771
23705364277
18090093588
16846955933
23835552569
20263571511
21633676776
16527380227
19996540483
15283368032
21439644921
20819489753
28698218182
21845270317
19244349312
21657436951
13670268910
24440178765
12724385627
20910380621
17211341183
20056864574
21911740806
20212798416
29363620154
16512421442
21838139397
23394953880
18235575337
13427152630
12000827845
21311392876
16654595759
18507825407
21679894350
19773183416
22471174343
17763481876
26749887657
24085792505
13010620230
11145529660
15517672724
15993683546
18193856922
22762619181
24437831033
18899177993
21278989447
22054225509
16887642838
18252906754
25810015714
21944769143
11196229434
21967016850
22290991244
18946850455
17969819603
20262972341
15328138866
18116235159
13949812401
17637611199
17272337183
21171114717
21666603735
17906693915
24689257725
14226503438
23159136039
20194176221
20850362754
24338316795
19078000066
21123101345
16154727802
17073530031
19530434931
23043113178
20450589124
23824840886
25331706119
21154454234
17698949822
15612959377
22083659387
16787269826
16013643585
29479546351
32289086860
20605823726
14890093861
19706664097
16074356593
21973695229
13901664983
23278824912
15753525303
30773327466
11625724619
15314810232
30342855846
21447291082
19279593165
32624701999
14587198493
21406941051
21697433914
20395748199
38573599413
20778767660
18983959542
19718604111
21352616232
22002549645
21746135522
21159886768
13212393545
18699468956
21397706059
39341674998
29215715068
15256205201
19711180439
18472824473
22582036353
18374957752
20630040724
31398952552
17147070040
21429234835
39223156459
22817202271
18459825165
19986786875
20425700252
20285109512
31761119811
22153463619
24206863968
40018427018
13523101190
14027443371
17556680140
34045300243
17353536621
20596622773
24432977278
18769010931
22856353133
13106893902
19916721287
17708850057
17489182054
16925718634
18875671816
19748902876
15480860658
17910554255
18507894184
18721804977
15021604231
17280985821
16591638377
15898952340
14194383869
14331278288
13294503416
11929798372
13069300370
12530892970
11640852265
12055127970
11131041547
10560564150
8017736255
9021495866
8602890174
8231647942
7735788142
6881907682
6907709256
6539403816
6134115931
5983375061
5495256591
5224126396
5029583994
4585103742
4279098233
3418771445
3807778845
3488950206
2693922895
2354058424
2543496131
2723742821
2586188840
1581661797
1933182179
1970454145
1084009426
1849625803
1421652540
1012133585
1280509861
211773985
317159758
988053652
961280597
301660450
483605752
213960905
100325619
835025672
359033029
808441836
1840022158
1909587553
1519479408
2142804003
2120239054
2594228415
4155394205
4773826834
4700843835
4399341351
5144252353
7231929991
7095331349
7475359855
7227539334
7054118418
7407401103
6432956766
11053172301
10881381570
13324343297
14381386696
14953128178
17177880960
16446525402
14283866747
19055704762
18610316405
17268049816
14472918192
15551124434
12860771027
14253820716
21726331836
17767423124
12790464617
20152388959
19384255469
20305438158
23624705068
18303342153
19952176717
17543404427
19759153934
21692547012
19931560261
21432224813
16611031180
18628765061
23861626516
26266517072
19734581130
22148652808
21475606925
12999641034
21143672354
22614856987
16818203891
19953487306
21191503424
17245108426
15167079931
17435502749
16923058779
19982481909
16143020931
21307454662
21570828548
17017607617
14797583548
14641589528
22478803450
19616207818
28618009608
12724544122
19347465194
18069142487
26777792767
16505463036
15605007825
20870528851
20225302922
16951011082
18842774306
23266557190
26510461023
25423877518
21662274595
20910888903
22244407789
18395115015
18341027786
18315660054
21420990190
17077743226
17902548692
19739172773
20799215114
21949136847
18128305440
18721812677
20509939868
16285003396
20117393403
20424207086
13070368683
14307516941
20596644202
18456138453
23659008526
