19108965287
17118672914
17719721409
17287640149
19714624579
17196912561
17913954222
17956927365
20507603734
19084277878
18580065488
18695578659
19244083778
19670183223
19091608615
17643323087
17941138620
19466322572
18721904617
17742283206
21043470259
19226409191
17896864841
18567307629
19251709154
16968603834
17526942557
19190902681
18317520070
18524606856
17075943082
19807291798
19224745483
17964240876
18656253476
20039615831
17009053410
17610112010
20798481040
18547900473
18361469240
19157854959
19618716275
21740963356
19249612988
19050431517
17270854481
18733700075
20507092203
19326987324
18557047972
18661503201
21454680106
17665102593
21122772822
17193292448
20992094883
17608670596
18263326334
18368754810
20250183456
19702926877
20337044658
19871175934
19522764336
18508953436
17463435753
18292013141
18384302874
19437048170
21029559345
19790056092
21314334261
19729086088
20328342444
20050807893
19111741156
20808567523
18922138267
18440874852
19884765064
18375879058
17893407853
19694929331
19214743618
19294520231
17318456409
17157456868
19344990507
18520236936
19466199123
16961834355
18747673238
17530263370
17581417064
19836717222
19441079690
18563406987
20606056505
17527253911
18076378738
20118478296
20673643170
18896083016
18360037272
20169367758
15698961618
20174071295
19030287472
18815055406
19130387326
20277597343
16743737901
19228098894
18675257319
20300653078
17814382008
18792857199
17534315626
18397190564
19603672803
17824296462
18572422793
18714084243
18215994336
17982098929
19847485463
22926285785
19090262221
17376160434
20309901580
16444350721
19399157928
16282137138
19664901073
19944127340
23042955943
18288448129
19705374913
20091390600
16244232767
17677887223
19570155384
19762599042
20739112419
19902083416
18962403216
19898617035
20346911707
17072035652
19389685719
19188583022
18754441514
19103909174
19725982042
18680165501
20740108869
20115086463
19957650611
21795560669
19006073334
19070843942
18640038556
18997459229
19451151720
20032209894
17553325149
19499893132
18973224884
19320290893
20973913697
18034146942
19267227860
18273946671
18845403933
18852834346
20404515981
16990638635
21390214506
20721407284
18788604139
19319030043
21396609775
20833841037
16965166094
21246216335
18759557474
19383973882
19959946348
15617572619
18423166870
18828825094
17344412990
19315654346
20903581530
19084463417
19153473284
19828511922
18891215956
17894748565
17763537876
20702315520
16545402816
17793174645
19371628726
18485865983
19244744687
17260604676
19389720456
17785974687
17052733695
16870834839
19041011221
17287851852
16512773790
17917447254
17328647131
17840166190
17405334309
17908733969
17626583237
16216457842
17416539333
17245167716
17125839174
15870963529
15876358309
17308145347
17741938930
16678904175
17457020308
17721300426
19243216017
17530857900
17044052234
16694244948
17382523693
17132796220
16143014471
16703306003
15866306749
17473995141
16545877659
17631642996
16602766842
16514785201
17542807472
18085740885
17231638721
16256551873
14721963227
15275600499
17367410874
17373081468
16676224840
16409931548
17044578717
17057747817
18064394024
19521244661
19374511266
18494443309
18584969654
16450124771
17030487599
16184730927
16643844894
17762159626
16787840889
18335408893
17116435473
15876629020
15907598403
17232873661
17617293216
18138118352
19096108221
15858693486
18376003036
20604565244
18986586879
17815792507
17106579926
17499077420
15985685758
18963781497
18432581606
17850720896
21316545229
20687734021
17411725572
19162697396
19185782262
18404130210
19767163602
19172329602
20774951929
20135105792
18366203846
20593810962
18025629903
20286614803
20715037036
19861602636
19733517430
20276820391
19580202783
19671598883
20841090081
17071167905
20124478807
20149338451
16885999857
19476546880
19045050972
18720624066
18077461078
16405837836
18930857754
18908106949
18655279245
19487908137
19045868851
18514158186
17959274627
19195480175
17666869595
18705914081
19050950810
15761169952
20170615424
18697360234
18638580641
18550134007
18762079988
19906362696
16558646101
21002025426
18466966750
19706290280
20321648082
20190708934
17694028376
17865999889
16957766821
20573220516
17060891019
17706943005
20156178246
19734212922
19491857369
19454905198
20347562502
19801425721
18317544178
18827245749
20661758709
18542387180
19584077335
17880323254
18450599870
18396659574
19750266253
18112005438
20948476340
