20624492354
18631599429
21479103262
13813997442
21923129783
15992183884
14357180573
17021393831
24115002062
22517162974
19395909265
17400622614
21982052766
20213226339
19564089593
16071876554
17883952641
14411501086
17296449261
14726344850
21588755616
19076378589
15038712646
14547465117
17149857437
23193165668
12868624068
17971830538
15419541009
16164122901
17580981406
20096770508
21179972428
20167604556
20578580156
20606302989
13085680944
14186145862
23521106607
17661909880
19814144505
23017351552
19464661165
23369976906
18739034469
17924586512
14779094541
18990682064
23748340447
27272376776
21473853850
21074035079
22922865491
14057129411
23187676810
15029751387
21619052921
16674972366
18157840215
19910521456
23555420181
25558894294
17105543351
22146548500
23908188515
17924155133
17052833157
11679809424
20322386433
16545995644
19274405215
21422002776
20319600329
19713655297
20287086478
25284742749
20756475711
16223549748
17533025596
16884391282
17586458963
17827822087
19592569096
21424964302
19867302349
20935299533
21725064125
19590697495
21935012853
27096396926
19778323234
15640118551
22731962808
19691518230
21137544801
17998182550
20689715561
15551971028
18253577155
14080605706
18301183257
16391973880
19487238508
19853338867
20371528861
23824818905
13300625711
22366073020
18811519395
21920935754
22296394190
20376102783
17860873212
17806819530
14663622892
18402822602
20577558331
18567849595
21594303896
21749000114
20101710490
18708787563
17460674487
21590032843
15828203408
16537374697
26715376335
27936924994
21582081588
15345875207
23083294845
16185668408
24224060266
16797102654
19889777346
17241067835
24298081188
14397318625
17392462381
24719096240
18572464593
18708120416
25864015099
15969020588
20810811458
21541630995
20002717165
29183274811
20614263558
18326141768
20422765993
21278599193
18935523812
21706992512
21617512756
16168614558
18869866808
21110310784
29094484754
24680981751
17792717083
20191600179
21485410798
22352880536
19793766627
22519897772
25054956430
18593289214
19290874525
27420315938
23448210162
17086779853
19917193584
20268583730
18696281719
26607397829
19633549480
19866669673
31121102370
17706553007
14870794877
15361782404
29178029247
21451065079
20275552146
23567235286
16691722120
23915988856
15739510502
17197096659
15769112490
17700274196
15957273504
21665394353
19283873775
18457560188
19504776082
18530970298
17322609627
17998501505
16287661336
18891184546
16927517229
15149589389
16396527425
14625894511
13767681609
16804614585
16691554874
15802984841
15684346334
13233538181
14172161451
13892121697
12694691274
13069948004
13061666055
11897794808
11374554973
14911272490
12011216728
14899645781
14257420122
13299138869
11961378688
12021491074
11711480019
9669843375
11416590383
11058344172
12569034418
12221949046
11114214344
10326496192
10842095826
9982157993
10140476606
9094557054
8901532087
8364437950
8521531542
7160490530
9620635554
8192008836
7667162408
8579463937
8066849413
7761349437
7729086237
6583924536
6747375808
6709738592
9388332352
10758215854
11020720290
10511347608
10658201950
10888387844
10840313708
12717059260
12391214303
12434933701
12135920692
10072164663
12204520787
12251463526
11335675894
12268957276
12266608376
13438584454
11167547230
12441935406
11947139928
14124398159
14853434162
14697172719
11532400740
16779303763
18941965175
18003884345
16960115110
19782718736
17662066131
18475540361
14020775089
15277950776
16244196784
16115175399
23729550603
20410253257
13864592427
21154778912
17037090576
16678250866
20171529335
16415833291
19739597169
19836608221
18625649527
20148334057
18540969357
20346357107
17907515090
19347437484
20217140026
21646106385
22015070325
20759118258
21056478938
14578499506
22162870393
20675529825
18338253715
21379434617
19424478407
16180300406
12465093183
18633085500
18933178435
19262725664
17602209710
19656795105
23630479618
18551903423
17109520378
15476834015
21735665366
18632560247
23222880722
14960585107
17730289526
15783930600
21962074381
15913287273
17828960183
21335248090
19996340207
18606269210
20023491067
23743013797
25452633583
23045425146
19373584257
21589728253
21928554964
20534060294
16846812488
19627871024
20486240433
18752852911
19147897507
17462261407
20554414912
22453508223
21862529129
21185604821
21818849719
15743994817
22625866040
22437333095
15738361625
14939331066
22496987039
17684093567
24346946347
