20631077600
18784357505
20252714846
14690510153
21235672807
16238272193
14676235036
17057806769
22809108404
22599329942
19409277031
18071108941
22197358562
20084988887
19684847997
16090445991
17938475634
15775510653
17227547568
14360190995
21840932335
19278050798
14544470664
13723764096
17959600788
23235090676
12759426761
17191439270
15689224093
16304995442
18364227343
21451759350
19651407842
20510176187
20856008658
20100826053
13673099688
14251184357
24428631574
17645032348
19320313382
21864096610
20256018886
22134548038
19070455812
17536626134
15378677607
18609344777
24139605227
26261283899
20572013827
21122928698
23147127931
13349582203
23243229364
14384771466
21959883300
17851097439
18505314047
19237307235
23350610958
24826130224
17316091398
21784698263
23724760464
17982418567
16752941326
11754823794
21181260953
17203357736
18719854180
20683351253
21463113615
20254789509
19971509935
24219944070
21414240309
16570960879
17587766574
17593420920
18341710241
17678370753
18959470037
21031194269
19723343540
21158057632
22766741693
19672503416
22778437994
27002155602
19156644782
15731879276
23131558158
18965972745
20615062174
17831726899
20209572174
15220001624
18970139697
13644549923
18033413970
16765096944
19453072165
19405389793
19080494245
23137143151
13897546219
22612162517
18478601899
21682629806
23278037991
20476828806
18217234120
17877752209
15805275441
18269648328
19885636820
18380281210
20282996272
21589927704
19798252378
18059475126
16969497061
22144207802
16866310538
16485559174
26700140874
26966747814
20317982295
14980068329
21863501197
15389579659
25587607010
16666968004
19733212240
18374129118
23791940264
16571580215
17287106398
25180518896
18917396128
19066967210
25154641222
15433825348
20460171725
21205641890
19423240119
27851430219
20040467359
18199715644
20204130394
21088564630
18814663538
21950306790
21454868434
17077016734
20088684377
21316840161
28342824256
22965407845
17075289064
20544367368
21441534206
21824044966
20247024078
22578751264
25424008217
18521446073
19096343263
27237727877
23644223135
16842480592
19636509510
21131718993
19264609428
26197056935
20129590338
19222163087
30658280037
17634047955
15024650714
15909598300
28340698594
21255741737
20047449099
23194441392
17088520998
22831058182
16010016182
17063763680
15759506555
17815980079
15506547455
22900367524
19464933365
18348519701
19266079775
18719280622
17337166625
19143093678
16862459484
18428022259
17676306028
16228653673
15765734508
15341746604
14804814501
17607347120
16458800772
16130983542
15303649300
14143548522
15189694127
14465595912
13034541708
13423646624
12894996186
12031904667
11402618374
14411138942
12501883219
15513409879
15026134180
12623900231
13007936209
11312965070
13170096268
10166053503
11786576268
10804702911
13126863427
12633200558
11997945481
11089698951
11795360706
10980427201
9617710001
10114314417
9550269605
8976198241
8670124103
7313795880
9651257887
9341170272
9027089359
8782142491
8211449118
8198627434
8030953672
8295908048
6953217447
6782265703
9449916386
11140164359
11785689847
11455334499
11621909456
11311192692
11306748518
13194540309
12173598483
13664037854
12698563788
11508771023
12008647065
12414600921
11855036283
12915296324
13750379739
14999233443
11262193667
13946468349
12704865900
14155450976
14303108067
15278265116
12613965349
16399653898
18792936576
17289723912
17244810911
19989640147
17537373390
18607645840
14571469642
15940914537
15322172507
16808113819
22819375029
20090472325
14003903346
20185041356
18154770943
16475305708
20136817777
16518941797
19033511983
21170087346
18299731341
19143678318
18221016237
19887696018
17544348457
19668438109
19787827139
22180152171
21637292913
20536008123
21300936863
14545023967
21233389847
20297669419
17993647441
20929316654
19530490716
17345017823
13617910855
18633898486
18575611890
18280171928
18018123394
18849385622
23767275107
18527702915
16752794929
16285657170
21265440887
18241155160
22445112324
14890508174
18793649535
16347159512
21517360847
17290848308
18106174407
20643063017
19874210042
18614611091
20569023166
22893300104
24940535237
23724688475
19144311902
22315873039
20823720123
21396896236
17787386611
19522223067
20218972382
19237372586
19049187771
17197586888
20282271774
23450292391
21752513621
20927705298
20437908045
15855733561
23101714246
22953104601
15731051526
15981886940
21874035396
19173860002
23815803130
