115620313
368089926
345821730
69991888
374259170
196887753
287841144
90613245
361190612
214722583
371566343
351626863
190092260
307361091
425000986
467601583
179028136
258245112
326801993
235704115
483621565
362161781
292580334
272983220
322451778
354982512
133053492
188130314
368251759
216707242
252651592
348525259
440221732
373468187
248190307
246875103
220029513
297350565
100185929
276283689
264423387
409683790
199402314
311429079
350287278
411875532
125612971
343241974
429565895
417796582
391674976
357813127
190910734
176375047
382812418
426104213
387837021
222799581
65682397
293611276
115028731
118056987
240225484
355704900
351180653
321659284
188276293
371844010
176599366
175891982
220740685
189022381
380965822
310351910
322998553
241236590
364461853
3248996
234549233
197741905
265171914
100595728
124587185
328588299
282507936
163134693
243014140
246352826
217138430
257746000
370940727
267813970
285451312
174948852
223757706
282390459
185921178
263711801
219993271
136177343
273977514
254156300
376460243
286808392
267244685
264532698
290471102
216922158
396666681
236156713
39649117
328281767
239196809
279093273
284288311
260137949
211206399
303753004
236734687
267427640
144747379
158939725
254746634
404730946
207270497
306328235
219248402
181560581
226074057
482340428
127564039
245350979
450490855
221590413
573741175
293603946
274771136
294519563
339525836
301133438
200524770
299428486
155475404
378450762
329936385
511963051
184621594
296688171
247897949
205252709
330345045
427478649
354164505
436548495
335661269
162493377
291705098
250941105
221458855
239504122
374517747
308404934
194269424
103372322
2923126
332354785
212621541
463215477
226408659
117460274
134018802
236209174
195905397
244843804
190934669
216279772
222821644
168700233
279527593
77951462
121500980
223024694
333282099
235116683
375886231
314288267
317816994
330475314
215893387
227991416
200878143
132901017
202141338
156530574
170687492
204128011
193299536
187419681
165429398
192326112
170152042
136287550
191075015
177176779
105779380
144462907
141352759
123287078
112828028
79080793
83132925
93666780
56395567
39950471
70186384
56054580
30272970
38657705
59736422
59938743
55901183
44803072
48028405
41327097
30793282
895227
36578348
25949116
29735639
30494992
6422018
26808265
25141340
22132606
14353555
4786766
9457209
14812774
12207586
11906677
9705159
8950756
11962871
3330656
11546361
4218839
10198995
8022651
1611378
4271314
2231246
1111694
2392353
27999837
56920103
189817389
278869758
149486766
278861524
251403301
117613803
280466208
274492656
136268069
266576109
214967226
247207965
7280871
177469937
322182441
227171004
87425250
326018501
311131913
208683529
392924654
237781562
401971429
250572454
203905269
329050304
260098705
180186991
151422136
224194087
280411450
272679015
215243302
282828562
291726685
248365459
127550765
256062395
200808603
165867121
229884608
202694197
193675355
229788556
301998607
270451776
69181483
227166671
236187634
293803034
506194557
199528701
402483927
160741676
320403734
94280455
336920223
259508757
432955644
386252271
380020921
267206372
494687577
437694454
90989411
115892755
307214643
15676725
314537589
345330720
154091040
324236895
178086102
216961179
453064405
221551365
307035445
259479942
214723325
174737355
242333129
165828725
341552346
216426934
334087054
304227777
221872253
247649804
371526208
285957648
222766720
390219073
287586668
233020989
184633462
98497614
147113464
239350288
297789847
284861233
176499630
355533634
17610670
340053876
361773195
327762548
352526
210334980
121287922
339859120
