108706579
363623014
332886449
75262555
378233296
205760662
282071574
88903495
361616234
225592223
370932842
354331430
195928170
311048864
423112295
464678998
178618461
238967291
319516761
226198269
468129234
349511590
290421010
286051535
322869487
333012347
147250575
190488375
368679779
217411697
257539685
354498692
445038795
379750085
253977638
242244622
226607450
300121227
95118787
289432941
277873012
416762774
214433426
313715030
343598429
402782497
133785620
349521594
438561616
415342091
392512697
354479875
196910521
177335924
395236378
429664468
384941346
231622562
81956737
298608618
112682161
110303571
239905197
356618607
336223562
327484319
197475527
382072505
193705155
177645420
229871397
185079688
410762454
308573530
315568768
234535575
352498685
-266435
223550597
196510345
259294314
89666362
112816047
316596762
281688321
157473234
234345108
236771229
220663264
263961565
374911826
266549014
283057683
176506986
225452569
271811625
195067648
256742534
220212559
154172990
297908032
266963419
376811228
296259510
263093239
277643517
298054988
215281740
400272435
221756692
45268375
319140820
249859932
295249062
284161658
259982379
230031731
293195290
218414471
273362999
151103930
171245845
258930306
403088711
209312335
302939099
229522795
188608440
222613519
487083847
131778698
252998847
433465878
232322967
573621951
286577269
281328219
295799157
352701388
278433762
189389290
295542967
148388200
386754561
319197807
507536818
213650078
304368124
265291087
210688996
345306763
417929847
350305777
409902349
336024437
151666567
284132184
254057911
208014131
224211717
362818285
300891576
202167039
109886728
4966494
346184376
240642097
442481894
243918519
128714933
139174582
245973514
180873495
228076400
210728175
219313724
236828623
157344979
272606737
75930863
109435111
244463989
329996617
224656912
359177720
324049904
321870769
332462322
232213095
237667989
194313644
133939787
195572852
153297349
177763184
192990952
201550747
184614619
169743891
191981188
165137647
123853908
181639927
179276542
97457848
147471887
139473002
121723028
121967639
85440848
93535278
99983759
50640106
47566381
51609429
48071569
41847817
35430667
67328506
58484194
66807526
66856798
65234287
47801267
56227053
-901315
50375569
30244665
31996634
34602484
12028165
29583766
35534570
29565405
32906774
21071979
17354096
27750103
14095648
15199686
13881609
16342834
25513994
13559586
12131599
6050718
17187417
16634014
14962899
6632723
3681667
11869040
5023060
25960881
58856423
176902701
272013207
159738730
304692321
253111475
108084672
287866631
268080403
134898213
283315619
222698495
251591773
14925138
176946684
328991984
236876501
83956495
324209032
319251657
211486662
384459319
229042770
405192975
241867203
223868870
317630397
252674880
174290216
158273777
218225214
273041523
269306693
214598848
286967864
278840380
260385542
139858203
266199051
212886394
160702365
240521236
186832266
178285088
238410219
304505843
276749827
66321236
223005603
236371328
295466244
511463906
193323021
407393833
157466490
320171397
93895469
340228889
260916010
426172786
388950351
383757948
264380157
494700951
417947189
85298382
130118215
316856829
8245983
308693361
339908380
155745019
315266157
175438458
239278380
441572347
231363652
324262187
264631340
203081899
183194400
243512294
160111745
336120497
224034299
344536698
300915437
214507922
237969179
370448751
279731993
219487291
390511881
282605043
227764946
173436995
97688011
161103593
237800621
288761118
297700909
186186839
372150555
26234488
350244135
357843608
339449535
917213
203936922
120111711
337244447
