117145373
370185732
338401157
77833434
373232368
200937105
289345158
85934416
370096872
229954253
365863941
354474618
193495867
305648875
419727322
460979621
187695150
254003478
322468539
231540775
480745230
344190943
287115614
276138352
322092879
342160261
152302725
180738449
376178322
218151275
248374829
351574220
438265124
375704747
252949737
244017940
236470099
291368184
92846853
290302271
273021725
411097404
206089780
311727477
340646336
415807852
127839269
346887472
427983784
416673538
399726258
360103704
194530347
174464944
397051081
433679152
393965736
228331532
82459955
294720735
116807339
113811246
229930651
341868511
346038266
328401721
192111617
378091054
183966111
180633167
227123501
185892926
402204714
317380090
321676179
236703372
360681378
11140351
227754318
199428308
254963887
96759099
116555529
320847411
288261589
169639527
246402215
238489443
218786682
265439630
382759639
269571146
280755351
178196955
210604344
267596540
188662018
256155610
216291956
153187698
285220965
255903422
377459612
289792026
266955328
275553042
293586155
206321153
390270970
226361387
38787894
323174275
240226287
280784858
288360048
259496390
225106318
296554287
220692654
265539350
143042450
171035865
258329316
402243587
200542481
299683187
226664824
177390048
222468264
489059842
128660606
252211014
439643725
229435294
579010232
293881159
276668274
294564144
353084398
283940651
199810346
310366353
150934251
374439159
322311572
507881650
202362389
296471944
256819016
207743818
344518713
422339577
340797399
419460953
345581086
152065727
286902802
256180274
207499057
223728820
359942447
303182692
205900830
106957410
10189697
338702109
228343762
444154977
227935177
123562841
140740751
241323078
191656793
226971541
203908502
215405426
232243673
155829418
276515481
77033480
114650581
240125487
324438602
235333405
372053560
319953021
322061435
335196058
221127549
225808250
197935927
136898730
197807079
149264963
175974622
198309288
204409407
190667349
167282805
195271321
177208071
122394617
191401503
175629814
91858621
147472224
140640636
123887435
117191888
80518776
94267428
100067867
47600323
43360028
53034787
50072695
35106024
40889796
65763466
61720657
66952520
56362880
56780491
49099540
53917556
5267632
46786464
24097831
28481684
38249181
899071
28435331
34012654
22956732
32553489
11286857
11695190
25815998
24243862
14877241
11978202
16296182
24112363
15493776
17696665
20405261
17834493
16646287
16862405
4479285
747486
5738065
2868377
27549174
50959596
181579641
272449184
159182070
286874966
258504306
110615891
283711623
268887146
140236485
277647657
209616793
252483003
13370963
173738212
324751501
223749463
88082551
324852390
317039233
200935688
387669059
238431192
402728924
244210663
217196663
313138442
254121703
176555297
149647765
212529711
272080336
272561840
213606437
285185166
285460836
252941542
131770037
256078154
206766814
163562003
236917797
191124505
187954015
232545168
306581986
270524884
66726098
223513363
232096634
291674077
503825799
192539595
401686480
167929481
326440669
94669611
341218294
268193006
422171967
387220362
378359480
268903808
485719979
422514298
91277543
128963936
310571548
14472415
318758933
345007230
165261709
320273456
174337131
228743085
444301319
227948717
309988126
264775146
206763540
180259376
232521814
162222758
334939987
223873099
341556142
305386706
219806663
251256335
371660493
289574196
222212162
391969301
281489329
232194651
185331878
100201179
148040614
234925264
292509826
300331421
174963118
364710035
22446936
347023823
356106481
333663544
599164
204002971
125245337
344976200
