133836614
369587645
343026966
66152197
381419122
198163968
291407640
91757195
351359026
206059051
372568079
361713404
181310649
303488253
434063256
466407752
167111235
254047222
348332201
232858496
472198994
360946195
277778742
271182798
323897688
365362449
118307878
205324277
372488995
224425824
260587019
351020220
430119291
375639283
242263643
249118368
231721137
300030642
107690211
280942085
261745473
402253585
176484859
331333588
349868512
415162088
114825286
332873632
432792761
420495092
372210208
362378464
179694695
178468120
375366987
406012735
385384195
224838615
65898324
283504904
106769743
110815330
253863114
347172164
377109261
323538026
190799573
376384056
175593147
185859689
224663342
179785559
382543175
304079386
323383938
246559434
365980388
13820991
222532722
183639802
267513744
111902638
113534202
324813141
280677293
170996576
244888960
252731263
229592201
252472801
393457085
256445153
301863175
182509506
217133590
278655334
171565059
259505909
213909520
129412993
273425084
248315472
369715952
299738495
282130316
270823442
298877198
221999040
382384485
223551863
47563749
331861528
237774075
272055443
288308014
276656443
200486461
308265207
238056412
260595560
142474521
162194663
268456393
407497788
204067446
303481545
212259890
172758012
213596709
485502718
122904048
244416623
460118105
209245845
569360034
288390301
280286501
294955497
333900512
289305825
171775024
301122618
151737965
365839515
323978369
509699850
187016119
292814000
251538859
205900819
327612741
429606283
356756408
421116310
349088807
159520160
281175749
252077536
221922564
232145153
368652408
310545315
181344529
116106480
2663758
339852985
221413612
466225569
217631305
119730911
138937962
246221625
205742551
246183815
198307142
202882316
222191575
178532649
276759886
89428052
133054093
224293896
326799989
243484477
389590420
312976769
319729943
331580032
226373271
232793040
192914184
149290742
203305144
166830925
156777859
206087133
199763423
186016646
164473866
177266215
158557563
147266613
182514314
173647081
121345672
157718636
145592104
138209155
119625362
69144986
83046246
102859942
72318096
33609910
72483948
58774432
12613405
46807720
64081695
60936880
43706213
52267514
42744457
37162132
32322346
7323605
27971759
14314611
32102438
20744197
1141532
20322177
22700391
13270054
16786296
9339627
808099
16569583
12024108
14365670
11679571
10654420
5697222
13037213
8634447
6769246
10041352
7358272
3892948
7393405
9347138
11144024
1706002
23273128
56344873
179173354
274740935
139013810
286006742
255288440
107122218
280876007
272242682
138434615
260567240
204439647
247019087
2580233
176244110
330656585
218612993
92048680
351500564
315966234
208669849
400412760
240174814
390919376
256068946
202247041
337155520
265781088
190857292
139567117
213162664
277772995
275002625
214268796
269886710
289250799
245737084
118348862
263614320
204170719
162715477
226106191
206785958
189559817
223683580
309219098
271379321
84601840
204541947
229388414
287777785
518921181
183047572
402306642
165919044
311957882
91265225
329588837
253012659
428372004
383505780
391724986
262860504
486963272
428172864
99940638
125312768
324825632
5573287
310994090
336674293
141606594
319895865
168388572
222223717
452548284
225938644
316631004
264872534
196080408
185319652
247807769
165781166
349176564
208999893
332569689
313215726
210467164
259434500
360196517
289639884
193337468
379090858
285729891
238495339
204022536
103203477
124223116
231200154
289145837
283140223
168521666
367789537
678807
342617159
342609675
339333673
16129362
225703321
118429357
330882860
