131980452
367766159
343910747
67833024
376897626
191801173
289089553
91473397
356835383
201606056
372177253
357412183
186711456
308108034
434776509
468677798
169338295
249165872
337767828
236237507
482505233
362742774
279610287
273875937
326901756
371847522
124050678
203806565
376157540
224291162
259595542
354187982
430148847
381388877
242627993
255899489
229942549
302527168
100783612
278146511
261101796
404660849
175839303
322508706
354425532
412143745
122108347
328799805
442658969
426780255
378817908
369629696
175705641
178651062
374610393
414694804
383280946
220035717
64282797
286921106
101218979
108371379
247374980
346551560
369969414
328661247
183400688
379354178
176698242
179345197
228699501
178134053
381537502
310439449
322438887
246320571
370122783
13029129
222306605
188545338
265334359
109304444
113116604
321774298
280460606
170648875
245012229
253853981
227394967
251465745
386046197
250921870
301597005
181049644
221470325
273518919
175866658
258878476
205778205
125174057
270328964
251103541
366833886
298627875
282596460
268385235
297874445
224729062
387782438
220530971
49023066
331377025
239735795
276216790
285288810
272448583
200807065
300835289
231054141
262084302
150728011
155201319
270137916
400405259
210611956
301293688
219237995
179988303
217079792
486414287
121784802
248579537
457989240
214289213
567741031
288509476
274135807
298981997
333015631
291496292
174741509
307503346
151812855
369595782
322659252
508373995
183257092
293942843
246739468
205558810
333484463
417159049
352166714
415583016
350020916
160589422
279619437
249529492
223244515
234278235
364826971
308780939
186386903
121313558
5361341
337031648
216890047
463026414
212524166
123722779
133525102
251506154
206338438
244205278
195831071
204946291
217986629
175179281
272293281
86245465
125313712
230456603
325680604
239874908
390454392
319618808
319009233
331906701
226368404
229845750
191776758
131153107
201059011
162177235
159352005
203829756
196328388
189565147
158232822
177051087
156225951
140471547
186402884
173066219
110073365
146840061
142751251
144372865
117795475
65630593
84874120
104637316
66229108
39079314
72372416
54375182
17044415
41812439
65496034
68066961
46948278
57486591
45889601
39364217
36155891
2603158
33490523
15386490
31974087
23649062
10134926
23080649
28775401
12912234
16592474
6002453
1998863
18020334
16107621
13964310
10539431
11426468
1837833
14229230
10328448
14580809
11859034
1471315
11450594
10590682
8904243
15348783
3693130
26488862
56564462
186571719
280030167
140987047
291699879
260117881
110018705
280700639
268612507
140232071
256278689
208277425
241092646
57013
179885818
326080948
222820038
88627069
348581380
320121194
205662477
398889264
240106758
391773191
253090396
204206935
335731109
261406838
182824772
147287371
217223758
282636221
269481299
219335744
263456117
288502117
240893135
112238360
258840383
211669567
161409762
229036704
206690623
197365945
229602340
306017601
276373527
77915321
212538818
237110838
289288782
517867973
186954697
391371981
167529931
310620003
98363469
323997106
259235635
431075178
379884779
389654376
265965134
491010491
434555516
94626723
114643265
322051164
4601767
315465031
329510735
138133381
321606177
173360761
225573325
450153214
233341821
318194857
262939841
191012586
179914828
245184034
163746235
340547095
209815486
328244828
305713662
209561849
259134266
362461630
282804772
205133952
379188696
294768449
237652029
196991945
108079505
132375733
237639135
294036658
282202817
174315142
373121770
1978509
342361333
348350270
328844087
13807210
225864286
125135636
329640886
