132966865
361602057
348750958
64801497
379852837
191782081
289372478
91216064
354881906
203461375
365808861
356771822
177205109
304253196
440748659
471007889
171724235
257276000
347279870
236196730
463424784
359205577
272251189
283271589
319272465
371651142
123141586
201913429
367234466
223277317
263255269
356978937
432003061
379207771
237602785
246790019
231977025
301578159
112290128
281907449
256585114
386907149
166053009
331823682
349212023
422679662
106631282
341411971
431353205
420284529
367035474
360790216
184597638
177244733
375155489
404615698
386942933
232068661
64967046
284649760
94344498
112891339
254058339
347277652
377527863
321094166
187859619
378682650
170579942
183358756
222351231
182695738
378198166
312225690
328658599
244402370
364754929
16227560
225811371
176854754
265249727
110395900
106600737
322873542
286428375
169330358
243707759
246055509
231606151
256492219
395177934
262748083
303220982
184558156
220125233
279406391
175152138
262444443
210922423
131126822
276647723
247772146
371161146
300992844
289533497
277162489
294560217
219935395
378200560
224557189
53305651
342021426
245520658
275529654
295761292
278479029
196553581
313245806
239639303
260900791
138521267
166923499
274434563
409249164
213918391
298805776
204856758
161638092
199001137
490700984
121968326
252960680
472786008
206412647
574331559
287687722
281990774
290278156
331763949
294474619
172268985
313321876
148954964
368987801
317473970
518862070
179124656
290816140
247601446
210470474
335118857
434663829
359608116
425854346
356487340
153065115
286561678
256832242
221505511
227547373
370394886
304003344
177643857
109745153
6540570
338563812
219127225
463570735
212487181
122485803
138623963
242220652
210319292
253012754
190975621
205970697
215795347
176913033
282097664
87481590
126233059
227786740
329298280
237645077
383873017
306406864
321084977
334813426
218938861
229186966
200380865
143340076
198964061
168314344
158492841
208211767
194365867
190412465
160093300
171919700
156107699
147797200
175163240
171955410
122467802
152419278
140175630
131445750
121140531
72036888
72735138
98353458
78146311
42808571
77740595
63558887
15962432
43922651
59463385
55914985
40605613
48361178
44330934
35618976
36584657
8200508
23467231
10954943
27958655
28003481
1330088
20391251
22852882
19108715
18090837
9852942
2597905
14338451
9494338
11936457
1954815
7359368
3607165
7518629
7424091
5578131
7741398
10410259
8906102
4334518
1645016
4076655
7744683
19205637
54640239
171872921
270946154
131256213
284582634
255274522
103510693
275060268
277124478
131013715
259846583
196593461
243276362
3457641
183843209
328187183
219307219
88526849
354268150
322604589
214225727
398319958
241095575
388843054
255552817
201168872
336024016
264991058
179579545
142152935
218667369
282696989
271680024
213897421
263938660
286966643
247164406
111792933
259020913
205363304
168297363
224277460
203315436
197470604
219783024
316512720
268094698
94701150
212273671
226424818
285541611
515170822
192728477
404222588
166046363
308725780
93415958
327673083
253744347
436338893
382549752
394055439
260750725
491901413
434774642
106243501
121226570
318677908
10962432
297769404
331137012
147875815
317415102
165410438
223309052
450841793
227103944
317496522
268314910
193125627
184611788
243939413
168187507
351778193
208328547
339469438
320918337
209432417
263044176
357698666
286561837
188808838
386316505
290099354
234197962
211505393
116022233
123893330
234576540
296723669
283354021
172174503
357120556
7466921
344999336
349723811
343193012
14292215
234486130
115558883
334035254
