141120419
358056885
352639338
67657004
380174185
195264927
282342662
93941402
355663180
205552772
372409933
352280606
167734177
295608442
443109447
462416379
167150132
269110925
349550756
230762707
460009009
363201123
252905654
270456626
314137112
356713830
136933966
205442547
376439025
231947587
270650300
363197739
434734292
389196346
245764659
260418071
230682062
296849662
105002082
270288338
261791340
382248683
161550859
332896643
343092788
420752343
106640853
341878447
429541735
416234830
369936980
368465031
171924400
179249731
389825432
403626066
383842466
232066938
53874835
286075539
91156177
114857560
251266939
347151637
372159985
324233279
182965527
387053976
171027055
183751808
222498301
187516919
375968017
306490433
321050545
253408361
369616301
24949037
217381792
190091524
271521097
110342535
106058336
320693388
274979905
170611428
250924619
246225547
229363090
258716223
393266566
259893683
303401541
193618101
229403513
290993828
176504283
251171782
205058305
130006741
277543327
239280685
364477079
300677332
295815604
266799724
290707618
221108706
390540377
229412756
62271360
356064906
256654544
275101224
294318983
277393187
190296445
318096706
253608662
261792428
135110943
165011861
273095106
413948988
217661026
310381293
201872701
156953036
186435107
491373385
125359005
244860575
475053454
206557335
594428705
297260449
288774849
294463459
328606854
292912122
169204349
311551092
150996481
370837271
325813607
520074573
190524313
288078302
248517832
223567634
328169503
446318367
354206963
430682240
356540369
151266720
292797186
272044470
226654517
213541238
375694976
305706347
182281621
115493620
11908102
339007301
228534426
466537310
197589381
116861324
130103655
236245316
212976557
255079335
192769650
204320081
217909153
177081994
289398757
90841278
119539598
219757395
328506858
244890834
381309397
315366325
311440907
329732061
208344040
226912855
197337566
139750497
203241221
162886703
156539952
202582618
189156512
191922678
167671304
158919651
161724500
150885558
172720778
158384080
117900705
139799202
129321188
117653679
112519551
70788860
74243154
90647570
73874710
46563381
66093258
65999925
14801855
47352190
54356007
47324926
50744890
46415439
41137150
38062226
28090484
1878630
17308138
11344264
28407801
24092812
11322720
20263048
1866817
18740154
17739479
14849506
6528582
3860447
12685071
6354943
3826820
10857391
6989061
9631626
5554025
1903219
3867488
8862768
5007957
7279068
4924755
873462
6776391
6058422
39884991
171994688
253983852
137827362
267293111
255192878
104792466
280115140
269624185
124242645
266816691
205622250
244903500
3604711
184137964
338115049
230529609
91619394
357009396
317922443
217959071
397444441
243708595
396077558
256965374
207171991
330103013
253512159
187840259
146493490
219858137
277712153
273291442
206530933
258675874
275860691
233350942
112608410
261534597
201076827
160601714
227005176
206683366
201218477
212045871
311748251
267195419
94048631
216251161
214031297
277014009
495383015
183764480
409252073
157169750
313113354
98609110
337315447
262436659
439757665
387823006
402033278
263045234
497290317
436448546
100722702
124917331
311188604
12914163
302254719
332351419
147120836
336095765
164700672
220155961
445120914
221041398
314614819
254202591
199588443
193441931
247429047
170642884
355127321
221153704
345281910
310588957
209436658
270580214
346667088
282803036
179375408
389363209
292346431
233943904
203566420
116111875
130331859
237231809
300085722
279616019
183504416
362886067
6821345
337223673
344817474
332347217
6488055
227817186
111369632
328346319
