113638461
382529756
361644394
81222178
361647656
206273997
292571667
102494891
400210909
240128535
356173754
330675194
187219680
314779999
433824695
462592216
186965269
228674292
311174384
230791580
471247681
316593806
268430740
298738775
337586261
327034255
145184101
203895625
322559022
194518998
245727658
316360783
452474214
362076111
266629900
216446818
225716742
296441120
105724431
301115093
260859211
387974161
195064301
333054953
317192854
401487221
117212807
352470728
417518051
397884945
368652718
347372077
197537440
183550623
406965735
409329743
395607895
222233858
101349476
303280040
143509852
149700170
261738602
366986830
348360639
311934044
213687800
387748688
193232556
168416025
242712532
162426189
402832875
285680083
320016351
268666147
346641429
21076011
224807892
176312957
269205969
99399041
119933419
348229846
260556203
139433133
249548040
220506471
217054862
272925109
352205008
290159057
286046484
184419467
214378625
246540650
192955293
236106739
198431672
153950521
292892800
250844104
363121555
274508307
303742392
276993573
276936786
225616420
371545212
200060105
73088637
317539564
212478125
296564274
312151350
249915014
229647826
263741264
250762688
280549919
158451801
182249790
280028783
367072938
222057910
292292843
222776200
168981787
224505148
429726156
135492599
247963287
421686231
228615993
512929315
288234016
265631452
297537928
361141532
290507125
164896236
298080731
149726724
394689710
344002811
474528439
217501970
318746130
266940166
246932513
344049666
399172615
336038436
383221700
317685144
146716587
299664777
227177149
208953052
188861837
296268115
269649453
204436002
124778112
45311035
307861508
229370546
424211439
258563689
145766024
124235139
247398875
161430541
206046435
190826655
229110672
258023655
148394545
277079718
51704758
110959220
225535770
312370062
226293390
369542050
345712969
329674456
332011214
240430675
220522335
194289297
150227826
193389078
165121225
173903933
205842540
252601407
179150300
154175657
211759744
179724974
103252964
167386546
193593308
103911456
185738381
136750238
145102821
111349805
125993911
126694931
89818443
29703541
51675671
59540206
26440208
85384862
102231763
110025958
100020582
119522351
54265320
106148357
36012862
70622841
2651304
93314455
82087773
82993935
72179941
52912959
64633628
52221190
59858843
52773858
27168557
48383397
46264852
43732356
41101706
35853860
33364355
35618602
30066728
44430033
42660270
38496342
36205970
37985674
40618590
41218749
30193133
41893877
43502608
135142373
209963164
285685395
190903991
310286782
262020995
103825664
281899261
247863734
152403051
278909872
234768393
231794543
63102922
152235192
327444387
244830923
105235286
337524533
304262202
212483682
382398136
185115454
393668019
252854642
235278220
295498024
255579198
178459706
151779975
201722595
237234655
249432171
218290508
300591167
290148037
261860967
179947824
240849675
245453182
156051908
237205644
179213565
167916194
234488370
303185738
305783784
73262329
215836452
252336924
277435616
502507601
170778338
399315714
178034932
315465392
100122471
327873369
257374309
426522871
374176025
347611388
275042678
496324108
384047197
102697369
132083155
312470568
43743266
308580919
357241356
130014501
317930044
161093436
260068410
426610488
239139678
321493980
257796858
171728300
170624004
245914032
155268370
300191754
222287215
327803267
284419484
215069015
247673562
322161719
323931208
265466243
430444947
256865527
226543695
175558419
95494324
144761455
234174469
305682846
318089763
175900844
395828886
10043885
357979966
352265318
334337080
7071373
183810342
163091164
343241226
