115274614
363851371
347651493
71679452
370311091
193842161
284722816
96171211
362912202
211489050
370056630
355835235
190393727
308520239
421918800
469709217
176975478
260480648
328981233
235110912
485674340
362737775
295529265
268092456
322602565
353530580
132756155
193352425
364587750
216521314
254062074
354149833
441962351
375048115
246477272
246017103
220849315
300441604
100547025
277114251
265182885
409773096
196395882
310725311
352015134
410617156
122939320
339630459
428895421
414744334
388126535
362028811
191258294
174857298
383211956
421457906
390503064
223196181
70854617
293318573
114000318
116228011
237840191
357697165
354758770
324817198
188860539
371009693
177623141
178586031
220957200
188625581
382801169
308876288
321118470
234334502
364789320
2382647
235424172
199894956
270311689
98048389
119702015
328228594
282299974
165178154
242373386
248100502
219817061
256344872
370910332
265826126
286736721
176850891
220575603
285749063
183130619
264498596
218689560
136006580
272532207
256807823
374676482
292025651
272984595
269385187
291774948
223572047
395767288
234782470
42405140
327546453
234980397
274153237
283536816
258687594
209262894
300828037
238354401
269715452
145109919
161593689
254383356
404088491
208813053
308367031
221236481
178790853
221112202
486228537
126974513
245234612
447254241
219445027
573622488
293216395
277712520
297659812
336383027
299544823
195526915
298126790
159012458
380078032
328186151
512773128
185907452
297084712
253030993
205968665
330589315
429196198
353183176
436637313
338593148
163991872
290620826
248987719
221713380
240048417
372463319
313754342
191361273
106770367
6006406
328154063
212041607
465685382
226700638
118448045
138395712
238442380
195118040
242886661
190063796
216432403
224867500
169570120
281729832
74971439
121030492
220404220
334192118
235750114
374503390
311494692
316684444
327270452
213418019
230220619
199861322
129420733
205842077
153073484
170334065
206211621
193734342
186177595
164267875
190292771
166550711
134002335
187490765
180863861
108431590
145476759
142176664
124104789
112352619
73208684
83866826
93475657
55067706
35872306
73243768
58757992
28127175
43212999
60475472
59586373
51439538
46441487
43398994
45326823
30543228
2863309
36637251
25276098
29469329
27158483
5431446
23622831
22849091
18987670
19271966
6274962
9440813
15570149
13347829
7298157
8459878
11218351
6273378
7350394
9931237
1502612
7557466
7819130
3990709
5996856
1859477
482625
3519575
27475515
52437968
190876494
278380423
149097267
283541340
252289445
114228324
279640455
273677949
138672026
265273893
212676676
242485942
5779814
176854024
321608532
228492226
87517516
326689350
310077819
207240262
390745591
238191426
400134174
249736572
206796736
329379073
262917152
182157793
151096705
219550729
276808383
272697803
213229968
279276721
290800366
250596971
126043307
255928553
199369117
164167402
228482794
201735479
194126287
231088500
306614055
272807626
68621731
227089975
235320304
292206702
506906445
198801055
401478843
161988401
321262284
92480643
338587183
261696340
435058677
390469003
381045674
263050734
493729461
437598742
92387295
114733206
304899187
11420420
316822110
342761149
147985402
323995966
179572889
213783954
451238629
222774460
306643974
264564236
206818198
176920619
243879724
164508905
344277676
220599320
328054254
306028503
222382220
248070604
367849766
285102870
219085083
392318900
284768274
236508219
185585363
99768473
146458897
239584632
295123626
285722786
181344116
356773568
13035195
338132318
357810246
326869441
222748
214303822
123711364
339122770
