34110048527
40836450305
32915825453
29721432740
40866404654
41092477911
39502547560
36017382712
41692512591
35894689999
40438586854
35124321673
36148878600
35097117777
29636738406
38905434775
31426920257
33853712982
30016892232
33515771800
34755231797
33737872767
37005623232
40845181630
36995807787
37009276488
36609055613
35099687326
38900504321
34421582141
37909901435
44197753874
36603913209
38844269972
37173817331
38908005305
42151848985
39379271378
38801696426
30517029953
40128399491
40725910382
33874185208
35002583957
39230340532
39338175232
41606457185
37308675833
38046385616
35021628468
34781918449
32763839317
39166013499
32548561321
31296375733
37223907569
36587163475
37173363367
37747367468
39596163708
38499271241
37436089229
35270556331
38630080699
36685339051
32761062042
41461833754
39489197159
41179428504
30739267717
35947824564
33594448613
38047227999
38192708092
31805162077
34463200603
36458709993
37444916676
34862648425
34324619668
39873976077
42817177052
39860355689
30743599758
37798277585
37500751122
37824215736
31492926318
34142145911
32166150478
37901885956
35129421108
35322018911
34815880776
37874725982
40201064687
35732764399
37435245996
38148140967
38385852729
36520089581
35260949947
39245823615
37657492220
36353046413
34314225587
34276672571
39745238661
41100991891
34562745690
41679058503
27779618540
36512460940
38504426293
33848028043
33074229718
39135925155
38137919270
34486643976
33152641023
44830787032
33387497972
38863311072
35075391345
36607745795
34445312581
37744689759
39753459232
38894249811
41036879471
41430632239
39976409031
44851128436
34595197726
33910772118
43448289900
39431854733
32329228941
36548132702
37837910568
30369137431
35763340008
35600869237
37628406556
38736953164
34427020156
40819815165
38276053245
32426540804
42701106414
33968820004
36182886551
46933344584
31566536959
38460856730
53763500157
34066110708
30573836054
42662479589
47237567968
37986898737
46367855186
38410528479
34228922960
44408522915
34766263828
42217138523
36677198276
46200731729
31080361996
35111011653
41047539929
38259665546
41353616442
49350525640
31972982244
32056050148
43696112318
30728107894
54150114629
40133544059
39994686136
40292143327
35134264346
40860279215
56008231360
31805406464
36273469101
38741432584
46685437294
28360095914
28622952251
40724559733
35576147701
40431198570
33929211499
42378973978
31301080145
35766242172
38904064673
43409484975
40661830317
31386070990
42238077472
35292832867
41252527649
35853560465
41199447659
40565789509
36928556031
35107881074
34558049782
35732896840
32429897345
33460619604
31842021306
36924747421
35724944617
31166716667
31594352125
32322236731
29866051089
33399983904
34440313477
31550407495
33395986649
30676413803
33460922622
33998899052
34919055287
32430791262
28310932080
29267607775
29104962427
27181137228
26066536665
25609439480
25906640298
27095095336
26629251043
25606938918
27172921649
26620021230
25957446229
25453163060
25027704821
23713510110
23682684972
24047510602
22756047738
23552735046
22488683168
22430541466
20457496433
21913500268
20563514255
19696619726
20997632283
20652173314
20359915528
20440373791
22921791019
22389501940
20556524616
20559189824
19812734037
19357344941
20249928139
22606676098
27778272686
28189394516
26241315604
28407071614
28426410526
27369378958
25792318971
25098024475
25010859706
24182495597
25647579366
24978137499
33385975342
33051675373
31794603722
31316167201
31361704308
30917184574
29673406670
29047908268
32099440661
29156047132
29886993720
29743795868
29060783029
27376663756
29186743978
29909687341
29023675360
35005467376
33673398190
33157961659
41862496031
35398410350
36987472503
29313287983
36356309032
38041111782
36232292744
31992595994
43160933761
33536374188
34375283166
42208142188
38013958082
37933433422
38939961916
40173280938
36439197592
35940042470
35143541966
38637879327
42898940855
38925265402
33651841475
33873117209
35199669927
33315678211
36373259361
41583053293
32195948828
31726418916
38572334260
39828577828
35332567993
37561817652
39796744115
34288392049
35003848175
35869388115
40782571153
42972200239
37588973987
35341358088
41603686946
37539104384
35273153164
32320068249
37331605778
40549450636
37507598099
41783944692
44637449693
40921854466
36667405459
35870242804
34829927601
41917368694
35978290720
37075774047
37369515698
37522068985
30920691783
30751449826
36331761322
31825754844
