34289108301
39314995623
33267206860
36630837306
39316533759
36919059649
38463887362
36140500404
39540145123
34897611778
37288106370
34264413293
38149310012
36976530484
28534524018
37889708975
34212018594
36176141504
32581671741
34283030485
34782839307
32649649884
37278693058
39712802948
37070443367
35676547764
35045073944
35766175112
38344235624
37247289449
37122420494
40264823365
37013527716
38008773996
35273194017
40000257678
40880311375
36952279997
38838765658
32625363500
36768696870
42864185814
35747575675
34377937990
34322053374
37945319608
38543270744
35804168003
36888481788
36844756174
36155119155
34527268145
39121798158
34640873815
34075554664
37009701908
34167937280
38253141820
36457183501
40107273540
38211046474
35297630635
35697565131
36443861186
38581029407
33501463365
42129423499
38147085037
38652748124
34845450705
34613324295
32977674019
37621745553
38903697676
32926029919
35639703576
38774065446
35551394134
37446733871
37083749462
36549610640
39087685274
43115934628
33277545386
36051984967
36632872733
39083100530
35181338009
36415987888
35336355224
40134502479
37170963562
36910986168
33642567535
35812718546
39585816390
36939349310
31509343379
37305118028
39361455375
36426814822
34782650392
37522138264
37391569727
37955709493
35666287861
35437235363
38193038470
37113530649
36085385044
38593202571
33678620955
40779691805
37570377411
34951284304
30953586404
36685261156
39129621670
37135345503
36847381781
40913816150
35773960714
36247406094
35183247469
37960325291
36480055261
35143217300
37606820880
35463326472
43627830272
38484792251
38561297252
36288528435
37764763302
36465852395
43139364655
38852462765
35660056439
37362048252
35135439802
34839875408
38570767986
35759599059
36078037924
39712611712
33292075280
34871606272
39038289671
34875848299
38741101280
33353688896
37193609452
42948526486
33641970631
37372094790
43384478232
39709817009
32851420779
41120879581
43487918503
36476329737
42717516472
38442905064
34461042445
43726019879
33127018576
41032903393
33819163017
40644206742
29596127902
37204675562
38828534291
37337777049
41034598236
43651168705
32878493098
33368481421
41231764603
35505806829
46056139628
38173344290
39363922115
42059465514
34917150117
41499356715
45242475663
31782170733
35010988050
36814950292
42290445190
35468235119
32792948558
40263108497
33960400143
39708992240
33841117963
39587508829
30787695643
40882140317
39219705309
41337760520
42607716588
29041713935
39681450617
33829040748
43435975467
35079102785
36295069809
41103593689
37842898505
35863996960
34946544432
34726404122
34246040651
32503688679
34495435339
36237640457
34766733119
32656488512
34933533186
35056006750
33819216288
34844298914
33695279916
34663408498
34388313596
34161643199
35732151008
34225363809
35913418922
35757742836
35317328085
33182141676
33389457046
30244516446
30619377335
28674851757
30909146491
31416121412
33421792091
33138193386
31620700819
30323145047
30298305102
29169867617
28534529196
28777659624
29725186494
30853495809
29120761035
28636802430
29916876023
30723196223
31884851721
30487141964
28527881783
29574097346
28646162183
29073402666
29384325886
29053753534
28756178087
30096934327
31141549105
30369009937
29501525997
28618949273
30303943502
30707598959
32611470693
34350728042
33614477625
32835927233
31016435676
32913403785
30424339809
30583612962
29351616308
30228588904
28947333567
31837201785
32713120744
34089325525
34230502408
38600807751
36837155527
36041705079
34244360693
32851826661
31797875750
32917702660
34954470674
33309273989
31391806187
30301736050
28821597432
33514314674
33494644626
33048909485
34953775960
37396432781
39862873056
38719426626
37793502378
30174408780
36781919419
36640044149
37544887262
34596626871
40178703245
36965604469
35983970180
38542248923
35746288117
40457256747
39065204841
36679327815
37445022120
35048910094
34429947296
37955282939
41969784892
37354884741
36247715818
37703463075
35002394266
31729236559
37387234338
41590303388
33860324656
34247826436
35275233203
35164030899
36769128787
34673103772
37534735406
35569532069
35418394456
36106439133
42580402138
39358205919
38431246368
35798295850
41797541267
33684684514
35956715565
36811314904
36643029056
40513868591
37263051854
42094294027
40711490349
40492296918
37604495960
37210939439
37021945910
40647200205
35792533686
34713868664
38774895684
37723480192
36166363214
30625808116
36304299536
33001518559
