33414944512
39933399595
34357608865
31350457300
40185725387
38697094893
36697946318
35765176076
40976418431
37072330262
39031703472
34803796687
35361632004
35073910222
29497518872
39275649474
32463857472
34607978107
29542787971
35754052145
35357849586
33633823447
37527899753
41330745716
35851611838
37249570212
35581846398
34877573353
39843445798
34652861321
39483064268
43483423822
38136732262
36994694803
34612783536
39633480080
38214267549
37745026332
38842937724
29261170745
39943810993
40773569428
35151217434
34963570989
38522013719
39722768683
40267998306
36018249002
39028196382
33811242206
35051225064
34452740930
39137899637
30938618373
31970026155
36854862496
34394251134
37984495738
33517799465
41601940855
37705564568
37334712359
36374664525
39267179542
38731352417
33375000211
43204849121
39513997765
40527948812
30802896642
35889710696
33696878166
36568984280
35355110381
30558015202
35333175213
37281658962
36076655114
33858895286
36107249236
38218067307
40569745087
40256522332
29719520269
35733250023
39119364455
37359460422
31402586933
33730873120
34385473335
38079531451
34074166164
34181301531
33715759748
38919685671
40174606151
35770163496
36247998525
38053499913
37912932743
36132123571
34408724633
41795608472
38797291423
34994909161
35395195347
33156932400
40578094337
40314651545
34909465610
41616745943
28199823311
38908832604
39371977353
33962443790
30895912798
39251759633
38014731974
33922097238
33308191670
44159852921
32661493763
37378835717
33655764485
35129914593
34949165019
35713639944
39314434956
36278391690
42652479012
39700845976
39566292390
43085753683
35015594145
34748231056
43600936140
39940489114
33000865729
36343732829
36922698909
31488117417
36520894558
36047567413
37014475156
37358511297
34243740793
39964290469
38897710124
35124672559
41320789640
34144713390
35911562255
45969931111
31717699464
37938634956
53684018494
36688033492
30843945759
45039948978
45477354927
36228558131
45187672056
37896240597
34289365671
45080802959
34347563607
42096086680
35317801179
44568129344
31718683116
33556093263
41084269846
37993187920
41213553027
46393219064
32150869099
30224353348
42638939069
31617997403
52033969341
38627740332
39267380838
40249058729
35313476345
40869341007
54785611212
31418893921
33957853023
38371606398
45754919571
32751910015
31117347860
40331570732
35365056192
39497687083
34992622727
41092488695
30947238389
35357654589
39951704669
40037779396
41451023187
29773874971
41831294563
35164166710
41891175701
35394411920
38259367592
40373904149
37072931911
36734589874
34489457688
33852008011
32786892033
31612198304
32044278753
38095606276
36427846751
30094752394
31653497602
31309047583
30595311767
34639486189
35030932145
33856763563
34661627561
32779209121
34877191567
33803748558
35820194971
35581463761
30555717028
30371843194
29962102579
28363960689
26445119854
25112627072
25295080979
28289952359
28350794751
26969018028
29106454481
28253092936
27177439153
26725859029
24555511775
24054587974
25441800787
26498289234
24979118284
24934973039
26741780121
24452872517
24591573284
23682287781
21393858666
21424521481
20324192793
22592263677
22758370627
21790947479
25289195476
24485726369
23819170408
22335382016
21759986913
21553539107
21864428344
24855110451
29055684968
29959762698
28829249679
29377497834
28932967711
30118742075
28395419149
27664417986
26482196101
25950443892
26468153266
27405933395
33497724355
32169305341
33858285188
33011072836
32866595745
31496716772
30904053437
28825668596
29907140356
27258921061
30313107126
29814581722
29358398251
28897940942
27966086502
31373033472
31842836003
33541094886
32967068307
34639391285
40939137611
36465771610
37278243178
29013504503
35760044834
36413070602
38005540786
33936696192
43624012952
35216270383
35511945221
41537306006
38581040663
38520074981
38842093235
39700621476
35951421904
34366226519
35371364585
38539049228
43912673916
39041355832
33222553253
34391131281
35365599890
33787261836
33544053513
43282270822
32354617070
32396460943
37399316667
37949647994
35716436559
36225712856
39064381490
35529604199
36166184260
34925307747
42195070434
41071869819
36608485160
36647187191
40714862032
37792184633
33891989252
34518832256
36530340338
41180770964
39604052728
42950030813
44539879044
41758048507
36814299323
36149587922
35721123337
39161520401
37174821003
35837508687
37300570201
36817310281
32559136573
29832846376
36428242167
32450202413
