45004527
15587756
45971225
28241293
53801683
44410051
45527024
44491350
34199025
57212479
47924477
39434316
41035178
39600259
61748174
51549614
51336681
55051392
12364065
51788793
41184029
48486527
46249893
50132099
32561912
49821277
48824451
50769149
56303768
30633873
45617308
37640619
43997455
22748584
34554437
35023322
51684522
71162215
64129837
49236093
58817082
61894519
44736825
50675013
35466027
57322084
46344665
53442007
70955430
47239479
54506051
68393200
45810987
45844023
41515836
57648527
19432210
47027319
56711652
40080626
40857854
71074852
12165751
38912942
47310816
23449911
48372320
34994896
27372035
34005605
32220182
41645612
52416905
46961544
37003205
33976930
45445299
51157978
37401129
51099553
29624834
38552926
46580962
53199376
58261590
46326294
64309614
48974094
39549992
49407248
34940437
31370594
41721440
61944010
51053712
39860966
68467738
57743181
40924417
32987494
74179272
42367770
52010784
34485032
19987409
42829689
50832530
50930167
53245889
34758316
51349384
37406802
32212030
33462134
53941687
37731257
44715705
42699797
22651027
19431074
68702258
52607488
53413961
59525489
47235973
33536465
35982666
47737232
68788899
45203472
35570756
112947183
50418459
25241030
29527534
107838841
36362460
106462443
26467703
38770571
43178081
63331054
35309730
93022551
60216867
41343146
44748392
37795772
49200266
98527238
35119931
22610042
31595076
87147084
48083552
51930132
122378676
32125553
50816884
34068647
54688617
116728736
54210885
50510684
50860455
45925893
42413102
22529424
65013179
104645005
55582878
40070395
48562670
57057861
85682628
35306791
56327704
35906165
73393201
30131254
36582507
68406183
28331387
33120590
77361752
48009175
54943039
80894904
27024371
22520387
26726281
73555101
40278052
32915416
37841703
25116218
44484631
28274076
51135334
29652393
36320182
49308397
52980106
68412194
32463384
51035942
75745914
39208042
50286005
29805975
45390880
32836961
21146377
33507126
29274593
35116007
33770424
34618360
32783582
30826500
29197111
27190438
25528739
23502151
21558239
20732998
13599696
19620652
17196314
16917024
15708083
14827964
13816501
12505770
12075156
11122141
10200350
9517545
8991668
8398431
7168670
7146043
6935849
6138748
6250732
5861637
4828145
5169036
10149414
10242385
10380947
9838016
9625661
9580732
9459490
9228827
8726203
8855270
8768162
8600866
7730272
7946843
9137781
10140933
9929850
9171486
10162185
12570581
13045212
18055892
18683533
20546769
37049030
35056398
35778836
37223088
50215521
41561806
37193869
45902316
29514892
30342242
40449605
33488090
38459595
46441245
54911263
58895950
33997788
51020838
36978835
19903465
46945676
87983785
34377268
33196369
25734718
32420825
59583687
28385768
33644405
42115505
42791051
36134488
62845967
50524535
54240035
33405396
50583645
32368419
51558574
28985641
37438441
54921261
36271107
11972351
44150861
25967024
33872360
51865786
58730008
16256704
27889230
62743862
53178915
35482125
67890126
29385449
52508201
59707588
45235448
50603982
32286497
61580432
45269090
59650731
41602324
65671226
45931764
36022131
23384191
37657148
50533022
50637259
32675011
45821102
40092521
37800648
48567130
56420669
52854135
44213602
36828663
57918869
29739445
32854965
30433761
67559059
50488564
16052703
37929385
40318466
34032877
47209019
67701348
