46760488
15181365
47129574
28862053
51833941
45640932
45893736
43714779
33214401
55400433
50255768
43818416
39763699
37077560
59811891
52551485
51758158
54046155
13604647
49367639
37075304
48701561
43048368
50843976
32976534
50574725
47495556
49778719
56182782
28335805
46365841
37478559
44298304
23958155
34645075
34440909
52160291
71808948
63000274
48508267
61366574
59251677
45673228
50958621
36087648
57266246
49522590
54466266
69502039
48084852
54453799
69040119
47164189
45731595
44321098
55969832
18394477
45456517
56050532
42541575
39081448
70821350
10745078
40724667
48116731
22223157
47601030
36266925
23416843
32763545
33534070
39099672
52158649
49183467
39579678
31835434
43747141
52005673
41387398
51052746
33120126
37427630
43602650
53363611
57517918
45524560
63240768
50972874
37371132
52566127
38583652
31471845
41893738
61515098
51470486
40968665
64000044
60832906
39359458
32921965
72627875
44297528
52276315
33801837
18437520
39877837
51737554
54402221
53067253
38169881
50592297
33860773
33062742
33594461
54238237
35025518
46779097
42488195
23528792
21806439
67878562
50429609
51158879
56265212
50522796
34237271
39474180
50095167
75486584
47483174
36581768
127049447
52614727
24814756
28651670
114217251
36778732
116905409
26749375
38716236
42199947
64149594
39104332
101613402
59012756
44720489
47322704
34226039
50280026
107176307
30813994
20961846
28004682
95347614
44782109
52342104
137306218
33483349
51216391
30871554
54736446
137104610
53601359
51131078
52085533
45192181
41779512
23184610
66412240
114897198
55489270
41580942
46720233
57807558
96545017
36994594
55150282
36120897
80179307
32640958
36362115
74501570
27147017
33316771
84260631
46211839
50832001
84939697
25777072
19717306
26157953
78249915
40059031
34955330
34930223
26272416
42005732
24717666
52863726
28011460
36751281
49183103
55140201
73390068
33432511
49115635
73634011
41095796
51084417
28456283
43055667
34341659
22177678
35885443
23695324
37429459
31373294
33021799
30094973
28236570
26607387
25041287
22589472
19875570
19334691
17884069
14917392
16181431
15126828
13814977
11716049
10047540
11045247
9230391
8396041
8977007
7446456
7878829
6826389
6774242
4403383
2406092
4924657
3317746
4262014
3470329
3930412
2664857
1863580
2384854
2967378
2819306
2434626
1558638
2052451
2143375
1996222
1397699
1555130
1298305
1224809
1286388
1749643
1424428
2135568
2379059
4770157
4512484
5201459
12009385
14712023
18543925
32904136
35165424
34584497
37798166
48330662
40523398
38518756
47087376
29720272
29951190
39871469
32618279
37417646
45503660
53855821
58595222
31448676
49691758
36314615
15436095
45351716
86319061
36076116
31517579
25983853
31220646
62831094
30666581
30200032
41884005
45731636
37642327
62868633
50553263
54383955
32980048
52739995
29545291
50795902
29489248
37180080
52900124
36958489
13907052
44970542
26574641
35208477
51361713
57618553
16271382
25457437
62247390
52398825
38214572
67188303
29044843
52540388
59493319
42379996
51553027
32461588
63596862
47461916
59846007
40156477
62260514
45479958
36412351
22067698
35344053
51204525
48865882
34048335
46994664
39618049
40587758
50465098
56860589
52379738
44811834
36850794
53423454
26977421
34462820
31355426
64331628
50095378
18707408
36552309
39854541
34195598
49782929
70516687
