45847774
19249980
45683609
26917402
53718921
44436421
44555940
42074467
34258346
57926398
47989863
38680255
42865524
42308801
64524240
50575548
51586957
53735443
13036582
52995472
40587671
48052201
47367686
47178644
32043797
49690256
47498796
51706910
56866992
32073562
46692462
35933693
44357815
23154148
38262402
36351561
48792167
69345574
65213135
49488145
60707168
61152373
48255971
50238216
35518675
58161302
45397933
52381045
70087909
46223200
54784408
69464098
44029132
44307427
41065661
58057959
17827491
49021661
55318742
40200792
41608929
70146816
12813056
39488061
48910139
20515493
49623609
35358021
27656368
35281163
30870853
40761943
53560465
48074101
37254299
33837341
43363007
47619719
36370395
52981634
29668732
35556921
47172827
54171216
56363418
47889426
63894965
49834446
37201248
47866430
34006733
33105739
41856106
62380110
53876838
40433957
67810280
57898646
42251252
31188740
72968888
40632654
54073293
36254143
18667470
42411075
46664501
49176779
54890462
35906333
50089133
37167392
35051354
33011674
50754985
37800297
44121018
42033830
22598057
18069912
69609724
52699651
52145201
60178802
46615629
29579288
36177949
47225961
65221247
44133290
34874392
109239593
50721522
25548619
31353974
104047462
38394160
102064656
24353721
38433885
45024097
62850379
34439410
85999396
59552012
39912673
47642690
38693511
48193315
91698575
37113300
23834412
32838687
84161661
47633074
49552040
116560099
34395208
50917591
33481883
53837579
107839658
52444995
52270203
51078488
45940757
40949609
22088924
64330190
93669025
53795039
42873315
49203102
54407030
79223876
33803789
56301695
36357937
70761336
33963176
35648028
64379801
27385231
32444118
70377524
48349992
52598988
77140847
24747290
23197890
24314669
71226691
41638695
32321188
39709869
22718073
43976266
29405446
52660922
30657565
37724788
46803916
51070604
64812881
33424057
51380799
70540325
41340438
50118841
30568913
43663937
34806872
20809895
32587797
30715450
35081694
34400307
37655449
35899051
31646628
31442262
29475863
26943006
24897098
23722904
23129381
13040934
18706985
21295099
22161706
22353391
20941314
19334365
17292798
16621071
15798039
15383875
14321720
13304851
12416757
11611556
10592509
9968004
9378567
8644483
5862208
7671909
7081426
17979807
16879976
15897074
15487346
14647241
14611242
14290979
13753497
13390511
13901456
13383836
12777034
12180325
11679520
12881563
13540847
13550656
13769633
14675122
16086262
15927367
20996306
19690749
21000347
36964653
35208109
38025649
39446520
51140669
41000279
39995990
47943577
31024858
33509248
42160205
36241405
38314645
44785516
54325806
59412272
34305066
51316951
36288974
21516693
45397815
89020077
36367946
35026839
28417544
33566758
60896093
27750511
32261002
40992930
42170736
36439482
62612303
50702459
53796965
32723464
49918626
34678006
53309734
30239195
35456043
55610133
40214041
12676534
47005885
27500996
33411908
52537068
59315979
16555800
26408849
61775053
52976672
35993471
66775839
31238885
51377158
60640766
43410095
52218574
30695609
63819716
44211439
62318904
43366451
63879162
44619408
33574820
23104764
34333154
52274691
49508661
33799940
46357314
40447982
37718392
47722185
55829106
53488612
45519295
39804952
57614509
29074006
32934296
30589863
67530058
52214341
20338941
37443531
39319032
36884113
47557447
66748894
