45289711
17629122
45674603
27150471
54106636
43247114
43648512
43198822
34336019
58658544
47196668
39021535
41769785
41723977
63423718
50890354
51916097
54089403
12811333
51738598
41258325
48292865
47762423
49179358
32305469
50338856
49217989
52739605
57255293
31777444
45224771
36757749
45186152
22823302
36960111
35333928
48297098
70477915
65106761
48969889
60953813
61966283
47564216
49852157
35109822
57089659
45013766
52222770
70230587
47478564
52949077
67903354
44669820
45253156
42433000
58775392
18109727
48344348
56762041
41177858
40252766
69401611
12546043
38959180
47991640
21966231
49631487
34537840
28926510
35179624
31293550
40877905
53771480
47703362
36413378
33743829
44866035
48118013
37890810
52385405
29261070
36870967
45768577
54271844
57560793
47255059
63083285
49228001
37391167
48048345
33913730
32766076
41443568
62455158
52510438
40954957
67966629
57966598
42243757
33043932
74178834
41998107
53139992
35471813
18716090
42738544
48133428
50789142
54821792
35017056
50780801
36954885
35297901
34099843
51955032
38012861
45802988
42139263
22997048
17883948
69881793
53203955
52775109
60308174
46769362
31460984
36051124
47679591
66151366
43754568
33226920
111054052
50101600
26022466
31303677
105919163
37515684
103424353
24856875
36940237
44875171
62509996
34209737
88508185
58759326
41055247
45888979
38994384
47916246
94382053
35744649
24358493
32753531
83997482
47586937
50408223
118291502
34233850
50791069
33304698
54545274
111063690
51701512
51312313
50894176
45775324
42128634
20787752
64801228
97244072
53649387
41571895
48794603
54594401
81229689
34365406
56409254
36587182
73238563
32732175
35306946
66110904
27299919
33401598
73212086
49133547
53998931
78942957
25078610
23317479
25343102
71822462
41804602
32888577
39561229
23817053
43432389
28625802
52369356
30440902
37043619
46904893
51958298
66518246
34788388
51298572
71980372
40842840
50423391
30695660
44007664
34057442
19897307
35475152
30586308
34663398
33581569
36272888
34424449
31604388
30988374
29014995
27155114
25127496
22692744
22426143
14132537
19570489
21033268
21132135
19816504
19230727
18075711
16891247
15815466
14670749
13165546
12518371
11852806
10574153
9937084
9431289
8902048
8355628
7746030
4920396
6816180
6110925
14670171
14292110
14024487
13277987
12220836
12477618
11660218
12045527
11485865
11749615
12084214
11489009
10829752
10843634
11036767
12002310
12872640
12151576
13021517
14592747
14868860
19633395
18984620
21107897
37628600
34265130
36572528
38809901
50615385
39856614
39459782
46597039
29341276
31033717
42385370
35271712
38727109
45241427
55102498
59080040
34111552
51597172
36560641
21589832
44901843
88596750
35387321
34329902
27072293
33339491
60458568
26881915
32845604
40332289
42607953
35563178
62513872
50614793
54095626
32569901
49734814
34036869
52135611
29777030
36654954
55484044
38643990
12464390
45635749
26740528
33116774
51499345
58203221
16318563
25552505
61659572
52707049
35099334
66623216
30918508
52144653
61344605
43927053
51336294
30693670
63428497
44871430
61574438
42052518
65278218
45929452
34079570
23314155
35924471
51109075
48631681
33113011
47357936
40736723
37831299
47982514
56476875
52386814
45504530
38848231
58497551
28757624
33239205
31021787
68859849
51325817
19265565
37753895
39602935
36169817
46858534
66935384
