46528819
15958092
48053175
29754893
53872718
44606247
44989560
45835919
31919965
54990435
49371481
42868534
39150594
37062837
60131914
49992468
51332897
53735774
12980611
50733383
37837894
47599045
44107315
53597955
32353233
51676838
48977065
50531204
55726724
31337237
46990473
36350689
42057336
24948942
33978323
35716063
50302542
71364250
64769976
47708653
63321792
58502841
44338053
50139503
36297844
57293603
46499803
55492469
68866667
46951873
54594143
67268127
47686415
45040738
42539392
56741916
20676808
44456700
55147491
40561903
38466337
72658653
12676651
42913569
46996353
23280000
48903578
37626568
21599001
33336415
31689457
39110659
51649459
48420232
39196526
32071440
42667787
51904633
39506945
50470315
32129547
38898632
41636108
52266843
56773753
47020083
62446934
50941181
37831865
50050122
35274030
31528160
43211624
61609827
52088372
41305906
65658589
61911455
38433207
33129633
72597702
44414391
53209562
35497474
20745794
41619297
51892236
56020811
52251920
37847545
51233272
32624913
33203045
31745071
55145287
35000867
47295659
45450845
21428607
22952415
65705184
51865867
51196880
57320460
52319435
35790168
43082552
52096707
79014994
45155730
35265553
133474309
53630445
25223211
30113492
120744815
38200508
125050584
27992159
39376827
40035511
65170563
39165841
107887712
59104467
45282121
49478236
33731015
48396472
116864709
31923487
20899694
29173768
102132305
45702586
52532599
144693689
34382965
49766139
31043348
53469771
148113436
55086431
51341904
54471664
43975280
41789791
21231531
66440943
122310890
55132939
43228654
45144837
57092255
102238142
36210436
53861816
37159706
87284870
32841925
34018222
77610703
28299949
32780333
88913592
46065979
51365045
86672136
25878876
21344160
25484277
79272923
40525266
34627967
33764319
27889849
42106892
25533856
53702513
27967735
36698464
49935275
55509331
75346524
34872817
48379445
69106299
40802455
50053383
27099094
41594990
35659470
20242492
34820262
23802280
35587033
32972991
30776696
29061283
27002567
25351479
22873159
21362415
20028315
18804286
17003597
15287180
14677190
12945989
11531251
12335873
9044831
10112590
9126320
5924326
6956628
5713907
7312463
6456323
6104423
3614494
2886447
4870319
4099080
3954775
2049986
3851664
2573593
2775384
2828454
1897597
2312291
651833
1638298
1150615
1739775
898698
644019
1075422
33290
532848
595884
1017434
1379220
1084250
1335016
1369216
1911560
3367170
8483305
14325767
14509419
32453301
34458958
32922258
37093874
44821640
42278033
37937695
45734147
31238102
28019963
40563571
32492360
37347038
44441507
53520814
60257629
31287917
48889554
36492827
13996560
43212106
85822967
33957990
31998413
26826533
30581854
61138560
31637925
30728586
42559644
47733602
37041186
64722346
49890333
52980000
31396545
51629864
30814849
50854964
30961822
37968256
51768643
38429721
12983860
45948126
26601536
35391555
50380130
59240727
19084541
24533411
62813641
53019648
39318196
66594500
28940073
50558736
58012999
43568046
50270035
33673660
62951039
46738300
57841781
42863787
60456768
45856287
36670801
22093400
35959546
51063966
51257709
33577639
47547149
40823870
40091950
47458649
56069518
54195224
44865107
37180752
54099995
25039307
35705803
31137310
65996125
49623236
17644190
37649229
41503979
32845387
49757389
69208950
