46215433
18509268
44957964
26782316
54203738
44808587
46458338
41402129
33309852
58025768
47575383
40333425
42944572
40941631
64768447
51151541
50861654
54006906
13145163
53706762
40286834
48397498
49016700
46998472
33066692
48342861
46769320
52250675
56582452
31931363
47565450
35177625
44525091
23793963
38770567
36608152
48269294
69315235
65389577
49041620
62926646
60243158
48146891
51134340
34749913
57714035
45585341
52604643
70685398
46194254
55563167
69093414
42015690
42821665
40487370
59433981
18336781
48725204
55268134
39993945
40609361
69274112
13457572
37958519
48477441
22069215
48686395
36326444
28226828
35081765
29962873
39900809
52729967
47809060
35854184
33180097
43252989
46866419
35452497
52751632
29727848
35891200
46194091
55783515
55228444
48306405
63510010
48464135
37972340
46279942
35368876
32175598
41393632
63535086
54974871
40426553
67522459
57106669
44030962
31198144
72909496
40510237
54647864
36566458
18499509
42930430
47160716
49721069
53926640
35934811
49543065
36554402
34626975
32865869
52112455
38055499
44464535
43021856
21902607
17880243
68892672
52966919
50964928
59792354
47110209
29580282
35242965
45824064
65443536
45388131
34039617
108934566
49825845
26709658
32016540
103411742
37590491
99122573
24361880
38010677
45382378
62527403
33267640
84382234
58781901
41076039
46508333
38563594
48072203
91861550
36762280
24324587
32402155
81723952
47916890
49827144
115513230
34987473
51040477
32147013
54662167
104690832
52755358
52161688
50628716
46336175
41733731
22250462
63631530
92778341
53211294
42001098
48338732
53351327
76826738
33384951
56433915
38413343
70409518
34424158
36531454
61409949
27370174
32456395
69366096
48518098
51595805
75030215
24708184
23221313
25461630
70468507
41635315
33032756
39626097
22508403
44347752
29297842
53304261
30773284
37621873
45378395
51368611
64481949
35799763
51740774
69366026
41999398
50573295
31108116
45238996
35521326
19291878
33110286
31740728
33882191
34582229
38763808
35722188
32614326
31054608
29574646
26396887
25435451
24698044
22117748
13033701
18611504
22638638
23629552
22473558
21888604
21080165
18308293
18644041
17858573
16650213
15650694
14828249
13808462
12781890
11780906
10790212
9933671
9095353
3955213
8239023
7534957
19759754
18623528
18383210
17259523
16951224
16213598
15103094
14532959
14117829
14839151
14894460
13858807
13264333
12678545
13624818
14602193
14495037
15564029
15780841
16774011
16419188
22110140
21549185
22503365
36278834
34874970
39314747
39336889
51965843
41179345
40694034
48315930
29876297
33939399
39956210
36832318
38493033
44419038
54557104
60671330
33114155
51404449
36722052
22291189
45977820
89202156
36184593
34032889
28814750
32801684
61311108
28014957
30353338
39913477
41519186
35718069
62191401
51198386
55482586
32518508
50167000
35334935
52284560
29914616
35905539
54674427
39349514
13720485
47462653
28771385
33343568
51916370
59381504
17516689
25339519
62378785
53667247
37204579
65900489
30319428
51264965
60828730
42764589
50919780
32642054
62282492
45927725
63877924
42476237
63055605
43733122
32835692
22937834
35153751
52384068
49241609
34679471
45850489
39547099
36841520
48817565
56416097
53256456
45707554
41353657
57542452
29372280
32068153
31156412
67642087
51925984
20731819
36277585
39172126
37223498
46997787
65873540
