57207788
42845857
47875998
36086536
46202296
43080650
48439420
49073520
38075781
63485381
45918712
37620185
28098174
34225126
47158563
52246102
39854449
42755451
37953097
53438286
42549118
48594436
56267009
54258937
37318667
48004351
44118176
46859955
43458118
46141412
45818714
41584216
50191970
38263406
45400094
48242978
27064100
56335041
46327791
42661808
35845655
44818911
42736074
54860079
42093410
45062450
51341806
39585232
58601264
45816267
46391574
53929589
45708828
34847369
40743431
54107723
26627912
39452954
53684813
47293258
42223995
45981754
42417579
42380477
39599281
33601030
47834407
37510297
37969400
43413586
29244715
33106272
51792431
54878801
41523609
44113460
46131147
41328014
35510755
47883883
38627034
50585573
40210697
50941972
44740832
49401959
53723320
49030063
36763328
49198370
45770710
34784942
43704127
48799294
46509593
46599043
44773206
50899061
46530409
36469140
70319030
39852246
45392469
34345311
43694388
35451314
45132223
42892627
45423104
46410442
38646877
45343347
22824253
35770840
47977291
41911020
33536485
33775112
33143211
42114550
50923093
44017459
52188595
51047733
42750860
37464245
28227891
48980727
49960285
38698239
47913232
57635297
40892333
28521894
36272745
51261123
45301599
58026550
40924436
53392102
36520876
43223092
41957546
56491872
47979024
42648163
40317916
35330639
47876706
56380601
41669686
35107447
50360426
65288442
41669118
45226459
62607823
52715520
42154487
43054239
42486955
58008445
43781783
45983893
45773113
35485079
39363473
34775162
56244570
46953815
54425282
45448897
44369535
53614592
49278277
45539304
50410769
30320656
38706628
39575203
50610498
49262023
37911708
49298375
54113394
39823225
45168565
44993866
35567014
46352028
29963519
50062594
44947806
54567123
47319895
32518544
39907327
40505519
43184805
32839417
44227328
45190857
42212976
48702436
46059650
40560348
44532158
44090775
53794902
47152637
49390733
44126464
33606210
37716361
44793939
42489734
38941113
39779940
38229977
35294776
45070251
43336862
44001508
37572665
39746823
40916799
41776458
40626134
39560249
33243532
28412265
38561667
41326291
38228781
37562019
37573195
36624227
37954416
34866594
40542081
35429917
37521645
35427829
33006415
42408370
26852838
37557335
39810807
40005369
40509639
40169400
39397446
32455495
37765215
46702824
44174235
40360158
38418529
35806660
33616231
37685234
38633470
37208091
40057542
43230909
39183472
37324675
31948158
31579220
35789044
41001830
43379757
41659860
35292589
39446358
41238202
42213354
44425804
42987876
45043656
38433749
38327836
50975465
38810714
47013622
43224886
45592385
46260087
40947749
43708846
50461395
34072555
44970588
50550099
48691849
53816756
43409943
41423947
42947317
32839745
39304108
47391523
44735996
35452295
53758804
54230944
44277992
43066547
48580078
44197343
42605804
38003403
40172485
44468900
46862839
34124354
42267379
34209661
42614985
37246635
49099713
39909867
32251611
53301780
54113784
47565166
47473724
40384953
45330411
42538090
42763336
54706254
40826999
48443280
47252362
49582745
33257665
54485477
52914152
39131366
35211991
45873625
49365113
43336545
47062856
39850818
45903538
40385954
39515936
48323908
46593991
51389957
43786061
52990549
36677569
41902832
49777921
60895916
51994054
39098063
47252837
46830886
36902527
42554149
47155376
