47323573
16042637
47617512
29048722
52650641
44973474
46097748
43861737
32025162
55507399
50142828
43277290
38824108
36963949
60334012
51000474
51867295
53762478
12727722
49599079
38064829
47006384
43178348
52461587
31988155
51582592
48237038
49570666
55424812
30882375
47163750
36896795
42439742
24944246
34073148
35454574
51370215
72180058
63744431
48128823
61760636
59655181
43961743
49920273
35813199
58139892
46466848
53678590
70033276
47501645
54128849
67992999
46724881
45405685
43687927
56827448
19676331
45146415
55007345
40383335
38480676
71249578
12065744
41960954
46588960
23255682
48659938
38372618
22488258
32042988
31952758
38547778
51702457
49643301
39915679
31298263
43759742
52466874
39879710
49366121
32279130
37704776
41909158
51572709
57190278
47157457
62800488
50504054
37029756
51675077
35246999
31395148
42618452
61825098
52216458
41517479
65335518
61467951
39357007
34019003
72655833
44052622
52372825
35134575
17751651
40560179
51697165
54575401
52624418
38166558
50909705
34227942
33027003
32221678
55168767
34709696
47160627
45499710
21900600
21988130
66453207
51397734
50221544
57361611
50981079
34540555
41034897
50409881
77739034
46009151
35918741
130134389
52541555
24629090
29492287
117379153
37771591
121587711
26585918
39109221
40386274
65707152
40238266
104277008
58443128
45319135
49442323
33585933
47831214
112066630
30713916
21336644
28166246
100661586
45508945
51647792
140875661
35048129
50288148
31327650
54699743
143884698
54882223
51831910
52815077
44742274
41606193
21047889
66317830
119154061
55525132
42209334
43926146
58108828
99629184
37385119
54062379
36241460
84861125
33234608
35985559
76444668
27804989
32335641
86728727
45285135
52119396
87056912
25862098
21282845
27553099
78916363
39481462
34991946
35148018
27725339
41803470
24381538
53361588
27069747
36750304
49819725
55865171
73067584
34623570
48445151
71212648
41905845
50306026
27769747
42238771
35453760
19811490
34903247
23901822
36964324
31979158
30813806
29856709
27669604
25733351
23593834
22342013
20216576
19098175
17720340
16346055
14987686
13701466
13652578
11632893
9137263
10089202
9339348
7564950
8155374
6367849
7511525
6611539
6383685
3677869
2331082
5167049
3747536
4328887
3401105
2746108
2049742
3176282
2450632
1358644
2848362
514423
1207847
2066306
1662406
1037200
904348
1586272
190716
1423222
1281889
1255244
170780
996478
459326
2935215
3334750
4363428
9696426
14145704
15819159
31959106
35270232
33828258
37413983
45486644
42422844
37800159
47427881
30410648
28268144
40111206
33353411
37062788
44070978
53974545
60199124
32552792
49062117
37179757
14915068
45593303
85565840
35224802
31589462
26764983
31300592
61325773
31708850
30947496
41575914
46834715
36861672
65271095
50157486
53734403
32731871
51801298
31620565
51586756
30211891
38053245
51737532
36913471
13897390
45347281
26665014
35473811
51594656
59690281
16841592
24676064
63592013
52440704
39019732
66824857
29609179
51983472
59434699
43381555
50602249
32595984
62645327
47665870
58632896
42208036
61895891
45095308
36052409
21804047
35874178
50674581
49223984
33902510
47106435
40090169
40739256
48229364
57269952
54010538
45037167
37504318
53746690
26806710
34940448
30745306
65052264
49919626
18690170
37127011
39857844
34104183
49362595
69841718
