46041571
15844939
49135368
30687176
52366751
45945661
42461167
45282160
33189438
55895126
49029396
43332574
38489149
38610024
60410925
49857328
49442968
54310780
13215610
51868958
37955950
48846991
45459774
52490577
33191455
52666209
48600470
50138813
55671841
33122817
46444800
36779550
42673553
26012186
34574126
34779748
50163408
72295224
64478905
47783619
62508985
59515894
43387851
50310284
36911592
57022934
45728607
56058447
68220538
46421803
55969551
67854466
49659349
44180355
42087706
55635743
20519137
43354402
55840434
39648121
38727790
71926102
12329998
41140752
46749690
23135799
49490460
38839139
23526207
34339259
30583809
38317074
50679453
49764876
39196128
34147328
41330490
51424692
38625998
48571175
30566175
38618735
42747851
52415991
57725835
46722600
62631775
48520060
38146856
48798884
34316487
32595857
44687447
62511029
52365480
41173733
65179799
63171959
39135567
31493792
70567923
43259206
53651321
34314026
17916114
43408610
52560596
57570553
53294856
38540789
49420982
33667499
32352348
32216851
52854430
34331614
46300583
45650155
20346153
22009822
65058537
51725970
52675646
57507453
53063511
34118181
44542766
54359137
82125527
46077323
34865032
137581164
52382142
22584449
30186090
125021555
38961592
131888628
23912362
39044047
40805823
65470417
40415884
113818733
58731198
43784283
49116742
33265603
50155273
123616236
33043312
19754913
28870107
106962959
44969977
49962603
150766293
34068587
49741056
31585370
53721556
158093881
54548744
50492564
54349263
45535627
42004991
21680580
66811972
129319982
54137041
43511768
44260689
57713983
107962074
38704827
54698521
37298475
92566798
31920925
35684371
80248014
28135927
33546179
92420569
47568442
51005364
90621018
25727764
22259557
25308491
80627330
41793509
32072584
32957293
27499256
39787367
24975811
54838826
30494155
35550858
47583397
56179206
72592059
33702169
49857265
65791766
40924734
49611225
29628336
42118395
36268138
19653581
33589448
24879701
34244218
31546486
28534619
27604486
25202096
24198427
22203155
20793161
19294517
17106164
16645771
15219181
12950591
10420889
11746145
10971083
8112938
9645409
8152967
6573972
6034456
6945103
6569508
6583976
5196078
5379410
834885
4227321
4128428
3227213
843209
2592252
474095
1847093
1680946
2487704
1651687
2046853
1995056
981024
1446654
1220617
547334
684903
322251
808328
396501
150298
442828
13770
1212242
1116128
980128
1038480
8790132
13021684
10931534
32470596
33569862
33037351
37146361
44620575
43447220
36856494
42829696
32479770
28381075
39029946
32180718
38079953
45169476
53757025
60402054
30654559
48383817
36187911
13740317
45994129
86941724
32477750
31214085
26209533
31386780
59837584
30378159
30229926
41547947
47618200
37992966
64643464
51240403
52803176
29130377
51091795
30598711
49699269
31834767
38014581
50628887
38905584
14832325
45884090
24738728
34322509
49582043
57773859
19691473
23963519
60747184
52066436
40731948
68303483
30504749
52756405
58000776
41430997
51087375
34502826
62758858
45860662
58413037
43172393
60262711
44616002
35538311
21345349
35110685
50253126
53788562
33707674
48841050
41660031
40034758
48491521
55387527
53417684
47580267
37107060
54633385
24273791
35544920
31084628
67007516
49452340
15973946
37957590
41184620
32441976
50027793
69069851
