45684927
16480131
46045071
26115136
51893411
45865466
45789134
42206363
35026462
56336423
49463547
42573961
39651435
37489841
61399488
51788771
52108317
52824709
15163040
50043156
37746322
49877496
43554392
50222673
32551019
51925696
47620612
49407584
56295640
29527920
46337633
38356683
45635363
24388987
35079652
34522868
52532875
72777784
62121081
46407668
58585272
60237595
44648737
52259279
35805454
57753006
48058988
52454051
69269272
48596650
56407473
69776528
46047938
44010289
45470721
56180576
18624427
46101009
54485077
42015883
40243777
70670241
10987527
39291806
48355011
21886575
47633209
33460094
24782634
32528384
31840384
39293853
53287967
48488816
39725233
33407953
43581760
52080552
41544327
50477978
32091453
38494024
45253262
53626722
56154987
44825146
63480335
49890203
36059276
52345150
38255578
31990519
42651412
61335322
50596448
39567619
65827773
59769987
38336735
33079473
72812469
43886478
52988167
35698006
18936362
41836130
52320160
53400940
53621969
35901132
50366875
35027405
32574840
33084171
55207364
36776709
45463421
42622593
22763102
19673746
68658151
51610024
52457987
58351524
49468235
32014444
37373957
48273819
73856188
44170469
36285076
122036962
51294300
25947234
27875715
110688828
37170791
112384060
26840556
39497062
44058700
64360746
39140031
96019859
57711634
45162712
46355597
35269255
50376974
103931329
32533029
20543453
29119131
92211270
46408520
51233146
131462473
32111280
50681901
30942407
54659185
129047947
53581954
50772717
50440874
45418601
42317996
23831858
65974050
110678630
55043568
41281422
46379913
57310049
91500437
37219115
55631021
35960751
77311783
31408504
35671615
70382511
27026034
34042406
82011392
47070259
51812774
83613464
25335317
20977955
27623733
77643217
40895845
33438858
37108729
25110668
44150946
24449718
52808721
31074802
37102041
48792336
55367322
71799295
33303323
49540881
76055454
38660702
51318038
29674014
44935475
32632407
21065691
35939760
26640841
36260485
32886412
33742126
31781181
28553966
27568974
25660518
21406394
21953625
20335893
19040410
12029843
15963681
15511220
14035406
13453673
8942783
11559693
8287106
9113784
8403893
8709961
6705815
6727158
6856552
4913442
4087254
5308220
4918634
3667234
4279760
3663740
3893037
3701156
3794880
3680684
3391928
2509495
2763611
4509267
4558431
4961060
4749771
4380704
4375151
4404831
4202130
4185047
4378064
4431936
7424721
7185209
6869129
7387555
14535483
15510583
18989952
35154450
36117547
33617187
37639496
49223950
40530580
38090130
46648139
31167061
30662702
39530954
33427515
37113979
45345609
55061636
58487752
32180338
50623780
37411575
17295777
45174595
86200691
34133553
33684979
25401915
29692345
63036504
31056412
32597932
41565055
43711155
37542345
62261787
49393080
53458105
32933619
51803517
29587075
49697192
29786813
38152080
54096492
36648575
14132014
43801414
26721302
33006550
49777538
57217297
16162198
25881408
60419526
52619493
35875375
68314084
28850956
53834401
58704270
44057583
51470545
32909745
64448676
45069617
59613367
41025397
63770312
45971711
38016214
21483482
36325320
51815613
49300877
33688985
47875504
41117205
39156894
48312819
58466185
51290081
45293019
37246648
52666941
27615847
34201148
30692853
65188976
50753653
17075400
36912945
41150599
33920965
48017443
69038097
