46116142
15477518
48977454
30875231
52591143
46613480
42672878
46299016
33998502
55883113
48832415
43530524
38802620
38332002
60378021
50595542
49403758
54914582
12961239
51402022
37798383
49459528
44997913
52394630
32374122
51998860
49135032
51264394
55574005
32989031
46592945
35620455
43786372
24898455
33858905
34789809
50087575
71893639
63661661
47698962
62644241
60190219
42569725
50253153
36786875
57657211
47023463
57366211
68132207
46072603
55251736
68114385
49634928
43494963
42407292
55006061
19866586
44520351
54717156
39264634
38801224
71459324
13311914
41621739
47173169
22357222
49168472
39689831
22304922
34261654
30425278
38170063
50946916
49756292
39462794
33715036
40828463
51008994
38335001
48983352
31427183
37948425
43267499
52801662
57131650
46131210
61719919
48886087
36956941
49390014
34416865
32654962
45615131
62892243
52467393
41526941
65005638
62919599
39790059
31530270
70121938
43130393
53075548
33641297
17851532
43907981
51866637
56370551
53323047
39105619
50324255
34470638
32895620
31291106
52875701
34834016
46695187
45167205
20372883
22703602
65992544
51272663
52082870
58527096
53098990
34066382
44494447
55006780
82300903
46168551
34847765
138756394
53171697
22471309
30468028
127347201
39039942
134243420
23506420
38535147
41325876
65616634
40005050
115636968
59914459
43407627
50708600
33070238
50828360
125497872
33292910
20162274
28233311
107887001
44694748
50429919
153708605
33820359
49384911
31737768
54435874
161939091
54910075
50480402
54849239
46595064
42669418
21872251
67649647
131744023
54259058
43724407
45110350
57682887
109671605
39425969
54875786
37586534
94349296
32477743
35298868
81900009
27662674
32964680
93546546
48437025
51142190
90108947
25102728
22037064
24763456
81069431
41318450
31900056
33779082
26826158
39639451
24575684
55543494
30968625
34551211
47349766
56689004
71621381
35174250
49939319
64485123
40931546
49020038
29997358
42011521
36181046
19931710
33828975
24547170
33828526
31366096
28347452
26967127
25135466
23434420
21642775
20228160
18824451
16649627
16039838
15481506
12775581
10263466
11454553
10927257
7738769
9673850
8336105
6313341
5968420
7036742
6768348
6424264
4444294
5285088
1200095
4148098
4261806
4223270
901166
2313826
432219
1312246
1611178
2147533
1614490
694386
2016348
1618906
1439239
1876828
622692
1610330
21752
1516578
939480
642639
1031807
199679
1079540
1068406
990389
1658780
8800809
12014932
10882296
30923480
33022468
32574269
36706514
43690194
43309514
36518319
42871550
33321091
27697412
37940880
32127867
37064315
45680360
53190276
60447763
30087687
47847526
36236980
13417688
45751702
87604416
32873796
31093924
26505526
31807725
59620241
30471824
30628562
42373155
47541628
38314670
65616760
50918301
52284296
28889701
51641698
29984822
49917175
32694464
37541408
50303946
38764241
14205723
45928340
24958239
33544989
49761740
58560765
19818806
23881482
59992032
51583886
40246596
68643843
30243419
53551430
57271067
41446080
50451009
35077522
63560133
45904301
58093739
44539990
59933638
44502468
34828178
21199040
35091877
50378807
54010094
34282038
48639933
42356477
40048420
48252503
55588519
53538487
47110848
36938121
54726986
24414899
35219533
31171620
66211863
48827868
15795980
37170518
41561086
32866396
49146238
69187437
