47538002
16437283
47629847
29228661
53070357
45073503
45787248
44122556
31844615
55286180
49852126
42853798
39172369
37372994
60278280
50733479
51770633
54016285
13316801
49192146
38064806
47568065
43260852
52559188
32132965
51535857
47814751
50035229
55698686
31020927
47168614
37153565
42476772
25244096
33805501
35441270
51305593
71956114
63767432
47726278
61724541
59726798
43825687
49869184
35895053
58093363
46581171
53984893
69529503
47029518
54091206
67946921
46461118
45148614
42989051
56538373
19766906
45456704
55001746
40910670
38676693
72162148
12000346
41900593
46343624
23799930
48449052
38402510
22299302
32532452
31690517
38068442
51853311
49838200
40520027
31449009
43781869
52482311
39617278
49261247
32588672
37735964
41925610
51939832
56650680
46794575
62385407
50148724
37315744
51435557
35855377
31755964
42717031
61859746
52169666
41241798
65390750
61634067
39235499
34024386
72841758
44008605
52318593
35193160
18109059
40093808
51755772
54409185
52367662
38259656
50852074
34227702
32910168
31796390
54991633
34529382
47496492
45512894
21530897
22008014
65892974
51523199
50528500
57483822
50858189
34911317
41268883
50712211
77849659
46023073
35713051
130346715
52300493
24943639
29387566
118193034
37960422
122053664
26889065
38472982
40271908
65949981
39752194
104821023
58537761
45182680
49285183
33750843
47401161
112901032
30974446
20896650
27899672
100559147
45089669
51726265
141140775
34737063
50376800
30737354
54359467
144341779
55005002
51688021
53260026
45096950
41827805
21163832
66307694
119141933
55647898
42554785
43723770
57845722
100028104
37568840
53844678
36358001
85509410
32999153
35727166
76461084
27406017
32174794
86509013
45471221
51977603
87156449
26216983
21069348
27501156
78903389
39393327
35116005
34975331
27887289
41657677
24754696
53901645
26828342
37100964
49861000
55501506
73643488
35058358
49093566
71051076
41677285
50127073
27468051
42120131
35485862
19984998
34735629
24021623
36870151
31977708
30719745
29749229
27589596
25515172
23284850
22509738
20044710
19302914
17990411
16136876
15016917
13667243
13112346
11714062
8709206
10070255
9109690
7046926
8257311
6033943
7418718
6630044
6472064
3489892
2413606
4842098
3968240
3899595
3528755
2582528
1646688
3372225
2541891
1032017
2867855
611881
869782
2046126
1745784
1106764
359836
1771630
379559
1691949
1275459
573736
469203
770078
244150
2825794
2800352
4612091
9688527
14845320
15820748
31911494
34709745
33750897
37353162
45833429
42490688
38205928
46600217
30426600
27798650
39881436
32889715
37590116
44301912
53524028
60074817
32626246
48801308
36652229
15367144
45366640
85407577
35386531
31586499
26837152
31657434
61052499
31503445
30844353
41848218
47078832
37112729
65104722
49740422
53349388
32935696
51772954
31546247
51378270
30379850
38363981
51608083
37288704
13459254
45390616
26552475
35976272
51001912
59459746
17372893
24491520
62873036
52595439
38925534
67309019
29189315
51808852
59441668
42403857
50630157
32985033
62631412
47647071
59042178
42559877
62051563
44667233
36048718
21952685
35663988
50452251
49397546
33733293
46931027
40556834
40557864
48103187
57290777
54245932
45484243
37743678
54196238
26537250
35224100
30800812
65582057
50060149
17867021
37092625
40063102
33970440
48985212
69922909
