46580021
15395486
46807244
28171813
52352005
45376613
46085420
43867931
33967182
55844405
49828726
43657061
39917642
37378663
59896732
52454203
51325348
53691673
14258258
49969735
37323308
48857099
42166311
51440093
32719797
50420384
47533213
49602029
56697399
29049129
46292688
37728983
44292572
23922847
34776363
34645884
52655565
71886075
62225626
48379301
61051532
59635848
45721017
52145997
36129921
57236126
49034022
53464937
69884757
48416234
55110806
68576477
46751013
45780692
44197318
56072617
18443943
46323366
56239064
42142903
39247648
70491393
10617971
40981164
47582654
21620756
47828445
35763660
23836881
32783989
33035004
39283400
52653843
49153667
38771982
32133701
43294325
51942118
41570874
51882571
33248860
37662499
43464291
53525227
57880864
45587245
63114644
51269987
37358737
52714893
38608206
31564538
42300820
61557768
51616522
40859781
63938408
60617438
38744902
32737632
73215512
44121519
52180601
34400963
18514363
39865735
52046544
55018495
53414021
37593363
49584932
34072701
32679068
33800190
53802411
34536279
47160645
42144776
23893140
21100891
67509897
51109698
51501543
56260967
51255830
33716938
38809876
49613936
74990376
47527104
36805601
126520243
51998229
24717359
28564408
113636092
36572610
115939439
26209020
38405961
42716464
63959914
39175865
100326963
59217385
44663748
47613792
33919319
49993636
104805748
31590113
20838274
28230909
95004178
45071331
51838853
136123771
32755949
51021498
31893234
54875384
134965238
53570628
50257862
51243147
45209326
41977967
23081061
65808870
114805553
55602346
42002370
46858812
57529188
94845240
37507949
55696029
35606234
79800886
32323751
35486616
73773408
27719938
34033276
83482202
46088257
51410667
84477859
25836010
20572811
26605846
78809396
39842849
34018078
35009246
25536706
43018156
25197388
52570017
28250492
36882777
49597899
55822741
73339886
33865785
49192971
74130261
41136851
50536194
28435060
43974462
34227816
22284542
36624626
24021143
37417930
32057336
32602245
30442052
27368462
26662740
25003822
22025235
20380286
19895242
17985260
14388365
15668758
14794106
13626916
11901037
9592437
11079737
9245860
8415810
8824412
8083516
7931507
7064153
6418615
4894850
3028148
5396493
4078865
4394710
4098020
3501395
3685124
2543224
2949211
2446871
2599972
2721721
1813951
2369780
2328778
2267305
1744798
2187449
2060910
1701493
1957212
1976168
2137832
2132330
2718279
4701417
5458823
6191054
12694466
14368577
18640830
33126721
35703786
34510101
38051728
47337295
40015733
37879583
46637477
30790512
29474700
39499610
32635108
37583688
46573876
54025652
58432719
31842787
49980449
35806271
16030562
45124218
86507118
35427195
32103481
27542589
31460015
63534602
30616085
30411894
41364577
45814673
37969255
62341258
49976324
54417367
33589882
51660886
29328866
50270661
30052930
37917901
53142955
36182159
14337619
44763483
27034731
34455305
50684140
58156026
16337800
25601844
61628489
52386393
37522390
67128710
29056900
52598455
58753914
43170116
51340300
32651820
63613881
46698080
60271972
40295764
62693286
45585643
37306289
21408099
35817295
51055965
49389795
33719313
47760316
39644660
39700710
49797718
56751820
51640173
45094106
36838931
53645018
26006995
34225036
31087616
65245406
50953607
18116032
36796451
40523203
34669375
48824107
69755779
