45017779
16197915
45495597
28145020
54406147
44387963
45104897
44736635
34107080
57599112
47534283
39240967
40549633
40362688
61572808
51895327
51219377
54966627
12203703
52279017
41303033
48140279
46619903
50188725
32084875
50005727
49144063
50157886
57049713
30613112
45607740
37774576
43772395
22437284
34804533
35120534
51263668
71645702
64561558
48700177
58982798
61950020
45314728
50233604
35495947
57688883
45911135
53734814
70763748
46660717
54077749
68355061
45804401
45924373
41586884
57907355
19364146
47054777
56881717
40189223
40266775
70916219
12611315
38931763
47068249
23529890
48679978
34977136
27310086
34628996
32427355
41560956
53163184
46427253
37143095
34005260
45606186
51192030
36887440
51328718
29544017
38217609
45960754
53442209
58268624
46013904
63688624
49007551
38853996
49260202
34822307
31228902
41363616
61478122
51551743
39546290
68643099
58072799
41117268
33361151
74445918
42988588
52269432
34334475
20347275
43259852
50814756
51119164
53220493
34857460
51127424
36631741
31720453
34447716
53526715
38348949
44870036
42596490
22659160
18929340
69291522
52822039
53118103
60393916
46950742
32980401
36670546
47349544
68380622
45262349
35074017
112891574
49842484
25045809
29293033
107371060
36073909
106139664
26726860
38995771
42733568
63123380
35428599
92290698
59978290
41644117
45231045
38032471
49023403
98271470
35097621
22089155
31360886
87080103
48099033
51972755
122005356
31312213
50511015
33670103
54492569
115820617
54124118
50490591
51213117
45377972
42092153
22732997
64838817
104319098
55782252
40709773
48473413
56826267
85414863
34751019
56348181
36338759
73291900
30899746
36153726
68405740
27796746
32858749
76613060
47258478
55012434
80379811
26676660
22106006
26805922
73601492
40395909
32677735
37833141
24699118
44226403
28740313
50852974
29709195
35975857
49071862
52542167
68153665
32795825
50865419
75460302
39590729
50650728
29796355
44995721
33813336
21056776
33221016
29351207
35072686
33979036
34777567
32559694
30876053
29063386
26588443
25483319
23104626
21908180
20947305
13696016
19207435
18102410
17805632
16270594
15261255
14319886
13034387
12328610
11462669
10041789
9631903
9080550
8569104
7856238
7158624
6622413
6473056
6018578
5488411
4909075
5462389
10876049
10525027
10759100
10468042
10312001
10053676
9665197
9592961
8997606
8866517
8865531
8665927
8149324
8828008
9525843
10480203
10452746
9147723
10165621
12547548
14046266
18395362
19066993
20656646
37018566
34676438
36270990
37871079
50963537
41627230
37834976
46008709
29669300
30973468
40317361
33745204
38345603
45674046
55255368
58502847
33660302
51411228
37077345
19715910
46733229
88026210
34735963
33323834
26588152
32623134
60018328
28157902
33884115
42268780
42487367
35741917
63093539
49835530
54252949
33235362
50501364
32956942
51776188
29246779
37135050
54483181
36060950
11674052
44364532
25679659
33559050
53108706
58550224
16379562
28103189
62041148
52702225
35195894
67866633
29467533
51622540
59978466
45449689
50263671
31985656
61672773
45601626
58596730
41381364
65150729
45695517
35643928
23519080
37798334
51025636
50670097
32303853
45667487
40504406
37902711
48480756
56053410
53298036
44044117
36822750
58691978
29794465
33088379
30130145
68407200
50848946
16327193
37861566
40482908
33475074
47145243
68126504
