49834168
17540245
43588278
25168688
54845555
47303349
43872795
44082521
34608667
53061808
44620032
40960818
45041113
39490537
64299052
52022454
46915845
52984403
15137220
52303492
38386005
48164272
50007183
50621648
35132954
48382413
45883770
51962274
54302758
36752352
46493234
32271782
43095520
26205534
39198704
36543725
46474342
67354050
62475610
45742319
65342860
59664691
47354940
52558364
36697663
58132862
47450633
55414759
68441493
44353182
54645074
68726199
44879053
42995041
38759827
59320715
18034644
46122812
57067413
42418571
39932114
67471616
13700232
38873325
46786576
20384736
47418343
36475846
29060636
37660353
31769839
40707902
51613867
45618976
33488406
34608764
41711016
47015663
31833989
50343463
32530909
35790549
43593599
56895843
53984833
49265686
64261887
49443122
36855096
45048890
34336693
31634356
40435767
63350220
52991191
42190809
64967830
58319493
45432542
38109415
70132392
40802210
54249517
36653676
17050293
42340453
50267796
49873119
54779258
37191924
51929782
32599153
34684508
31869289
57874260
39659784
42839727
40960266
20560439
17082723
66711466
51505048
51175448
57192128
44867684
26178310
29432335
42846573
62498235
44738170
34374108
99902184
50857833
23783385
31302766
94427906
37849967
89135132
25062944
39482902
42771570
65477869
30791990
79633693
55557050
37256781
45652934
37831697
47036000
81279556
39027507
25252937
33039688
70561801
48121001
54667905
106289844
38564157
51895293
29576738
53398833
90247263
52955722
51742642
54841896
42852508
40600192
21411255
66615620
79278543
52045077
43846948
49472299
51404934
66532644
34580861
54891197
38949165
56762635
30369651
35180412
58095533
31040345
34013557
61880310
48244086
51966451
70113540
24344217
21678161
24436503
62633254
42913517
35835357
40793547
24379103
46608375
32584389
54864903
29091105
36490874
47154913
49937610
59522598
34184717
50668488
60513055
44530505
46152239
33542299
46587085
35254298
18368699
37276003
31992380
31698342
36006032
41750469
37409423
36866325
35037015
32380113
31165287
26945183
28338949
25995389
16813866
19601445
25526921
30060895
28739963
27570818
28348925
18491998
26299423
21186157
26024864
25911294
24279341
23163926
21393098
19987213
18640477
17793444
16518412
1236316
17194324
17655322
31410063
30061575
28912613
28208830
27225794
25292873
22000324
23358551
22067981
21940546
21090887
22302032
22994774
23980744
23561838
21632270
23814244
26543834
26775299
27067216
23047394
32209511
24613051
31631331
41512040
33318965
39485191
41454357
54201104
43693137
43780154
51068921
30527448
34277024
44991173
40875333
38088635
44270376
50924928
57535463
35364732
51734732
39574235
21597348
49576915
90024136
36099986
33183085
26067827
33118882
58715355
26860794
30187326
40528925
41438407
35703443
63439182
50759353
51048872
32944079
49703231
37846055
52814111
30979838
35442472
53597931
38388524
11825624
44996132
29570811
36104933
51659905
60799576
17347503
24523309
62850105
52760462
39254163
65199658
30341305
47867666
60692796
39827584
51431568
35682678
61695471
45601318
63855304
42222537
62243721
43582017
37648551
21883354
40242035
54285553
48703257
37841200
44252278
41868906
39524143
49645792
57306363
55823704
45771694
43094544
53345988
28463055
34652341
33337436
67859109
47527081
22436837
39598848
38855906
38807972
45327088
63717767
