47852014
16677368
47436253
28581779
52449529
45573817
45997060
44042398
32330681
54978882
50381300
43443708
38517025
36994611
60116872
51754304
51673636
53562013
13523483
50132717
37634624
48509957
43909278
52693079
32361667
51939663
47787398
49895054
56574046
29819497
47196771
37574969
42660999
24058499
34522779
35791980
51827591
71797206
62746427
47912352
61887622
60225926
43952842
50255231
35425006
57949102
48215512
54607430
69731862
46817465
53343538
67851769
47520022
45806500
44458229
56864681
19409648
44903233
55078335
41328589
38024602
71704127
11517594
40985353
47246786
22660388
48082429
37088467
22971151
32287860
32541200
38240928
51752213
49361668
38886143
31281766
44090513
51945583
40908494
50085428
32346140
37860346
43224526
51295461
57881106
46649016
62915388
50513837
36845656
52201958
35924753
30762955
42919059
61623428
51706960
42297198
65329820
59819772
41140735
33313864
73115554
44244688
52318997
34149141
17976897
40120837
51024476
54318306
52900413
37482731
50818394
34268329
32679501
32449357
54729055
34396848
47313434
45001111
22537818
22698560
67315069
50432612
49886247
56599602
50418147
34948401
40300292
49989545
76187030
45678739
35271448
128733531
53233521
25835371
29708669
115863020
38048500
119413893
27452784
39925668
40987551
65693300
39906093
104025613
57745113
44659616
49166084
32310343
47854800
109696505
30712990
21073733
28442107
98501143
44871894
51164321
139878764
34884789
50050529
31224695
55137946
142005978
54233862
52319041
52261189
44317055
42024052
21427325
66541500
117478365
55892970
41695097
44337285
58259879
98748015
37339177
53738957
36934963
83166327
33913308
36753732
76027916
27452866
32117127
85867821
44991020
52427122
86031467
25664265
19506274
26443302
79287351
39967762
35250069
35013457
27136087
41665486
24153818
52981192
28118958
36685803
49423719
55401352
73336226
34623720
49033224
72117991
42035600
51235127
28665084
41507091
35764954
20389554
34731544
23815891
36472813
31488710
31464779
30140480
27869802
26086218
24200366
22877730
19360746
19435564
17858602
15883179
14339497
14167874
13724598
10972049
9462432
10647427
8572094
8356783
8651548
7256025
7407977
6781793
5955862
2522247
3230151
4915413
2218079
4647779
3046144
3094525
1753811
3251038
2625817
2297362
2785038
1132498
814102
1902824
812547
1077229
870199
1221030
567430
762769
1299548
1086690
1141653
846397
176879
3468915
4150429
3649260
10500516
14073178
17625544
32067283
36122258
34462512
37222924
47226630
41621891
37670497
47643066
30161537
28852768
40244719
33570558
37995661
44184430
53307070
59213976
31625512
48741675
36752715
14661195
45863214
85841867
35573076
30898846
25965040
31125440
61410454
31637313
30840479
42005583
46619829
36894990
63539342
50864813
54036985
32747756
52513564
30551224
51326566
30127397
37064091
52106508
36889096
14441622
44337303
26589785
35739840
50797342
59141111
16660465
24370007
62371032
52867344
38421290
66748161
28446656
52663438
59802682
42549215
50975677
33596374
63062195
47463405
59253888
40912954
61995441
45056205
35485255
22709802
35694969
50406896
48804294
33585469
47806529
38818199
39917110
48794529
56656353
52870802
44460014
36280443
53256638
26248777
34948372
31921601
64842477
50403611
17864032
36895242
39803113
34295424
49718860
70114436
