45998560
18486005
45501581
27239803
53306492
44285522
44440373
42138467
34312049
58123112
47924984
38983398
42991131
42015900
64130577
50713712
51432985
53960885
13208702
52625329
40656478
48217786
47344263
47224633
31924123
50016838
47238082
51735970
56889630
31602606
46840772
35764912
44050055
23043483
38623052
36521742
48942619
69507095
65478250
49152575
60693443
61076621
47947701
50042305
35049518
58137045
45526337
52138322
69841329
46674509
54904843
69315667
44432065
44379522
41174469
57649892
18129975
48770763
56109972
40171069
41384245
70267052
12649521
39591223
48837909
20617026
49937851
35434276
27922936
35003607
30989496
40647440
53489544
48225360
37216959
33754820
43693931
47381688
36806825
52904582
29177412
35939240
47067501
54277079
56703954
48444585
63401168
49912820
37042362
48092524
34327152
32978848
41810813
62250348
53573307
40155432
68076213
57852753
42117780
31131253
73329063
40903157
54029470
36714481
18285127
42941437
46949102
49106289
54686193
36044149
50586214
37412608
34950753
33384511
50683198
38054329
44421442
42151758
22426437
18308514
69908169
52587111
52188586
60148527
46309567
29652323
36533597
47525469
65472252
43946138
34535579
109148848
50685680
25581788
31528532
104598891
38910109
102304844
23945503
38333563
44997493
62773248
34289649
85990699
59424081
40108870
47580054
38333620
48492359
91917005
36756716
23996311
33161197
84285618
47846915
50028504
116504846
34171103
50882592
33515385
53930132
108113701
52342500
52726506
51148551
46270405
41045081
22223589
64082853
93954396
53669259
42791884
49266883
54423708
79070805
33481810
56480026
36300400
70885507
33920179
35752567
64344706
27767196
32156010
70657492
48257184
52667284
77176196
24764748
22945496
24598743
71321284
41667559
32074316
39791530
22888164
43878923
28820133
52463776
30552367
38227831
46587921
51384581
64522951
33665567
51321410
70787654
41400497
49820985
30345134
43682116
35352855
20591988
32770432
31168068
34687789
33926095
37265850
35562812
31695193
31350967
29646573
27217275
24563831
23853174
23106324
13554342
18767864
21262289
21854889
21977150
20748427
19214214
17203762
16523394
16273353
15123514
14043414
13146250
12180627
11018069
10616599
9970524
9154776
8405305
5603925
7312400
7237629
17448092
16511215
15838199
15522667
14900441
14189868
14025424
13108492
12750422
14425131
13529939
12863692
12202813
11459368
13108984
13459871
13663106
13409184
13836891
15707793
16150662
20910239
19503570
20630200
37290275
34866727
37320673
39597725
50927768
40948408
40273356
47550704
30593217
33432350
42425361
36164268
38183475
44588785
54617739
59774501
34192849
51374360
36014558
21305106
45427373
89296557
36386125
35056129
28580810
33398705
60893418
27719889
32347703
41176573
42377299
36347496
62183032
50505461
53237023
32443424
49925996
34678148
53120479
30211513
35504654
55604107
40477015
12605530
46831998
27742801
33485125
52435886
59600709
16448826
26369744
61687151
52712201
36097861
66642700
30868015
51551877
60732863
43827682
51909015
31134268
63536386
44119996
62146059
43193236
63862378
44799732
33582761
23172271
34588488
52190542
49190596
33958200
46295034
40686853
37720451
47504469
56127846
53408590
45282911
39426372
58009194
28764824
32914376
30073859
67472639
52095376
20232719
37317811
39128268
36621543
47382439
66691124
