44041233
16629058
45639421
28481328
53769825
44626935
45358336
44566743
34095296
57081034
47843552
40173176
39247312
38806804
62034454
51218280
52016181
54213283
12837149
51470932
41031696
48496070
45668805
50215130
32221970
50578782
48574278
50624255
56650092
30887426
46145246
37716573
43831716
22398230
34264430
34538261
51708227
71951393
64080997
49190408
58378835
60380234
45237781
51037400
35254918
57933900
46245414
52806749
70639463
46828934
55078044
68724657
45573717
45476678
42647264
56962680
19818474
47476109
56695269
40439306
40926826
71847368
11775061
38455500
47780846
23447234
47891857
33726172
27209956
33366597
31832013
41577207
52113030
46773047
37916235
34884473
45197881
50051833
37789208
50436406
29269011
39386448
46644568
52749669
58307858
45475742
64870455
47571379
39102546
49624755
35305239
32508332
41060477
62451276
51294048
40426901
67870693
58413837
40443806
32322604
73457768
43122701
52409447
34245319
19955395
42920795
51562005
51786191
53713787
35885619
51337157
37039292
32669026
33145318
54812000
36355176
44167745
43325851
22067980
19861995
68732767
52771344
53953952
59336491
47844442
33740657
35901038
47807018
69997424
44816093
35248581
114312687
50497849
25656156
28784429
108562118
36336288
106156500
26622490
38281473
42979706
63984054
36336370
94412699
59870249
40836284
44760196
37835087
49224533
98493313
35069604
22343324
31548816
88368504
46691489
52122151
124638039
32052683
51185702
33714458
55076224
118501087
54299821
51148241
51350297
46743033
42404743
22633253
64829771
104890179
54620266
40024997
48856740
55311710
86176334
35636305
56054154
36153117
72993908
29635419
37443427
68483186
27661029
32690341
77384351
48041823
54578272
81571599
26590143
22288348
25694026
74974063
39673175
33045078
37005165
24425179
44466041
27599406
51545653
29387826
36675608
49694776
53729417
68824254
32554902
50314941
76523594
39436961
50952474
30024944
45231425
33270471
21017100
34249283
28853617
35111851
33357936
34780491
31931675
30529600
28795792
26928273
24997148
23744342
20835135
19397102
12773468
17385470
17227481
16018902
14572838
13483151
12387740
11951539
11220237
9326789
9653111
8729960
7982760
7510001
6991923
6881179
6273193
5857858
5358922
5279195
4896846
5265625
9992948
9327126
9269475
9122901
8803785
8328091
8341202
8532263
8396604
8531962
8560723
7882049
7146673
7299414
8192756
8562921
8619861
8805650
9233366
12894618
12207885
17014025
17918708
19857530
37542606
35305097
35543990
36969747
51082247
41501160
37430988
45623209
30271928
31746569
39651271
33227270
38116344
46051729
53817156
58635098
32989693
51171587
36909038
20003185
47632513
88788109
33670823
33287193
25738379
31991674
59688108
29351986
34512009
42323007
43087508
36847614
62533162
51172191
55522870
33413649
51007503
33489288
51142493
29229443
36904954
55152215
36750671
13068926
44130860
26078269
35363006
51451687
58568406
16235505
27779687
62382723
52861661
35697499
67979912
28757589
52929304
58942765
44156593
50909443
32914303
62470108
45618223
59997710
41066224
65060464
45016947
35856740
21725464
37025662
50652110
49998149
32958516
45634543
40002644
37829271
48319765
56365501
53168029
43897503
36274646
57620833
29190488
33870739
30696089
66895388
50511470
15753858
37751873
40291024
33448792
48002770
68405619
