48399646
19505245
45467451
26450512
53967025
45540828
45835061
40502847
33525566
57150478
46494775
41562655
41906617
39916687
63673807
52054400
50621294
54485970
14381719
52120245
41289765
48469998
48889375
47847415
32967251
49241358
47212817
53343672
54647162
33168544
47797829
34796173
44770730
24839264
38522355
35791454
48245970
70586512
64059164
49128778
62803773
60406083
47313008
50515033
33997940
59786608
45406854
52735426
70234535
45241307
54392114
68410374
42146375
43334642
40578283
58615163
19994878
47168407
55738720
40107888
40917620
69394740
13425017
38186809
47129091
23069464
47107646
37868914
28374420
37001443
30115133
40231343
52221507
46545191
34336835
32504466
43242702
49162237
35180622
53178267
31619144
34903624
43987393
54552084
54998839
48594371
64602317
48571569
38304095
44821563
34682086
31978849
41228606
62520920
54612829
39625333
66795938
57394100
45132706
33556404
73208546
40132998
54637253
37006279
19210656
41820789
47978553
51106527
53188744
34573732
51068424
36369535
34391865
32978425
54875015
37797514
46075153
42670624
22261635
18340261
66974813
51801359
51944538
58778374
47698439
29811723
32177871
45222507
63532508
45868828
34435687
104025921
48120789
26762113
31939206
101020143
36768943
95248373
24558372
38101248
43280646
61446864
33324196
83500515
57402150
38261155
45236994
38571178
46999569
89667714
37638962
24850231
32141656
77430611
47128539
50924094
111392530
33690273
52091625
30991289
55614600
101571132
52101473
51255336
51276654
45994057
40451504
22576475
64167053
89423191
53769569
42846632
47521560
53083779
73927394
34287649
55136513
38107972
66898753
34039002
37574431
60648714
28448323
32573309
66942501
49566307
51208198
72503794
23748527
22996738
24774895
68995289
41890119
33987933
40187786
22498601
43841906
29534504
54200389
29949256
37743295
46679552
51407898
62846567
35056717
50236582
67797257
44099317
50314998
31150628
46040160
34763570
19211742
32950049
32010292
33534118
36184797
38846790
36554959
34235587
30912317
29994663
27440167
26207795
24512391
23568252
14013034
18740410
22322359
26041022
25257251
24018481
22900902
18223933
20044393
19584521
19531330
18714378
17319475
16275559
15526734
14265205
13768671
12997830
12293636
2799235
11672931
11734593
21380744
21444294
20839057
19872443
19863201
18711657
17937335
17514992
16762220
16380199
16402096
15294232
16574194
16390417
17073515
17054776
16696644
19027201
18126662
17750729
16832433
24570225
22228223
23832174
36809158
33516942
38890459
39214492
52089896
41915321
43309984
47002735
29043731
35387666
41536963
37985054
37693025
44871066
53559888
59434144
33593712
51610121
37767717
23322651
48036254
91296338
35338075
34191903
28303053
32468603
61173638
27286999
29829576
39694335
41573003
36250538
63618473
51792922
53946166
30890075
50393886
35227424
53675177
29609867
38234560
54838671
40364749
14425293
47920506
28747327
34316438
52134944
58576143
18284471
24228530
61456631
54553356
37870449
64647966
30193520
50332189
60419787
40992297
52314807
34270137
63635287
46164250
66068707
42097330
62169028
42648223
32805673
23130402
35550547
52990651
50406599
35590489
45375906
39279935
37331413
47792342
54896051
53616734
45411246
44277520
56446223
29012361
32173761
31945782
69235015
51031301
20350725
38262485
38750101
36180715
46241838
63956839
