45530938
17376539
45658903
26789508
52520016
45833796
45529718
43104104
35061787
56852052
49021128
40833640
38838300
38500965
61600565
51949306
51886712
53501013
13449052
50926469
39603213
48849640
45593935
50262697
31745748
51058798
46804517
48585606
55255499
31018583
46175823
37733747
46370308
23590424
36439770
35138666
51336483
72460479
61772289
47407962
58213635
61098290
44089323
51382580
35976374
57909143
47933526
52455583
68863348
47301318
55944842
69278717
45995777
46041036
44601367
56575718
20022136
47502122
55219280
42668199
39117709
70960569
11660579
39499424
47074935
23246636
46759258
33633485
27067271
33140825
31968660
40083148
53072365
47941199
38963345
34232079
44798735
51089315
40666369
50422821
31255649
38939866
45517678
52897412
57095010
45848574
64068279
49497557
36903214
49526634
37372296
32476076
42173845
62518286
51355243
41054708
67343524
60366290
40337259
33070001
72012727
44393163
52612806
35282605
18989231
42854038
52410486
53676764
53248506
35271886
50420972
36465682
33045289
32826888
54541699
36173515
45355005
43975057
22718063
19695373
68571040
51722730
53822374
58974049
49394822
32699455
37118379
47391035
72112790
45072489
35260967
118556560
50199590
26149950
29500058
109103536
37019232
108194186
27103781
38334837
43204240
64964774
36417271
94857440
59401265
42968698
46349861
36181660
48270927
101577992
32859567
21184197
29963387
90313697
45068194
51427702
126860272
32216524
50695440
31945499
54470961
123797398
54605485
50549507
51046957
46403635
42641672
23706078
65730963
107808865
54367753
40940036
48111455
55730010
89723879
35583072
55824609
36946937
75724001
30933574
36885907
68907509
27158431
32024411
81020057
47452695
53846162
82457754
27359176
21679542
27180245
76287495
40886660
32592984
37695179
23330101
43621947
26459199
51654569
30554845
37375072
48107833
54793426
70811605
32942532
49698578
77002130
38418299
51431043
30803379
44005844
33140786
21706335
35102711
27832206
35677900
33757461
33801365
31526068
29471963
26925422
26079378
22754888
22139431
20699539
19321820
12552610
17021903
15313368
14609514
13486198
11105826
11420230
10289305
9780862
8871986
8121965
7294403
7213746
6696397
5451482
4850461
4880372
4951725
4727690
3605380
4002627
3349157
6139475
6469146
6364061
6318896
6112279
6478402
6586703
6475452
6131686
6116411
6429807
6245650
5781911
5414110
6086489
6443498
6742541
7349093
8707785
9293775
10207381
16110616
16494531
19544059
36561082
35745898
34394861
37601874
49722574
40618681
36275122
47964258
30441721
30534468
38758310
33457002
37740706
45925061
54771124
58814305
33812407
49655018
34879242
18626764
45950760
87924046
34838525
34213072
25703840
30373649
62349682
30222174
33421834
41572065
44030762
37514565
62391540
50110104
54934001
32908942
51117862
31264758
51534202
30801230
37229734
54961789
36368942
12281798
45771118
26936198
34298593
49949423
58320920
16369690
25794947
60512097
52729195
34969594
69212445
28475172
53199001
59379445
44449432
52232389
32618708
63700705
44644363
59681109
40763713
64727797
45125810
36630720
20980776
37783639
50350407
49581255
33277010
47930098
40998793
38696359
48619951
58109494
52658962
45013887
36455459
56182474
28151289
33443859
31589473
65674659
51273360
16755880
37157287
39915026
33876157
48210584
67707882
