1827255619
718739320
1631679349
1407197148
1461431536
2119686818
1443074330
961362401
808593124
1141550350
1191695506
1761261666
1398229087
1802156404
1210421182
1189643764
1077132929
151206609
1181969662
1395501521
1364275742
1909387895
1892637521
1863491508
2303648037
672269652
1639102312
1218084896
1086793557
1249797311
1673113828
1853951173
347663523
1006436783
1199675774
859025736
1146146766
885466665
1710671455
716274833
385273115
1323208761
1230666738
1817859655
1724968228
1944889651
1233359309
1132547480
1202263939
1268419205
1739191879
1164169130
1208339050
1531136259
1824439321
1280406809
1567986107
1787672873
1480153602
1042164034
660446186
1040852166
1501838211
2406627553
1625051462
1620929244
1250257913
728133023
1569656785
922214308
1521146954
1309232499
1017625814
983697119
1536042700
781064393
1547807900
1581125536
1396417533
1863288646
2041147743
2939089272
735904665
395353481
1163938693
1091161122
1596798550
1647248851
1548159148
1763683358
1613765059
2651337055
1894523393
1881851468
2180465763
1352119815
4698953803
1544883492
1599384100
1289228307
1204231006
1573417233
917656217
1417672046
1142472800
1331312992
1162920435
614534384
4771488894
1552223164
1678411640
1459389074
1412815567
829819668
1031452125
2057891660
2249950922
1319181267
411137818
1444300103
4522720259
1259247447
1576731159
1063269864
925235772
1082934033
1577246719
3151167892
976369529
1219568284
1259475070
2327728048
1185197432
2588187783
1777068828
1590439773
4260541844
1035602520
1531127754
1198670990
1133029385
1038659938
2513653097
1244855262
1737110992
2965434558
1704616238
1767610735
1763719793
2881168551
1954380864
1266735462
836121679
1712531598
3477342460
1485106547
1382091175
1341096485
1184922181
860761921
1616684165
1560194280
2815927461
1090343619
620794649
1414152459
1996097049
2659402919
1430762214
1304834940
1960230218
1805066751
1195468252
1554393639
1066379238
1540461220
1752581223
1338181161
1056751419
1984894423
928448098
1259874849
1292917183
961788806
2131440448
872105743
2067969500
1287197503
1437172921
1373527962
3051661604
1605972772
1513352701
1647365985
1608641013
278032211
1536245057
647162231
1343685062
1793640457
1550330344
1707516643
1875791067
741732703
2062013800
1837633290
2147212804
1037952401
1070024129
1014550114
1850312894
1016755654
879384209
1592708593
1782229657
1709984177
855828113
1631154945
1842138320
1705297868
2004870446
1399999074
1400777804
1735192868
718096963
1546713396
1472477018
1382931351
1284969051
1200212931
1153407261
1094036602
971662088
1009996453
921665881
921909974
307753795
547542664
736179051
755041585
715704987
690050975
656814662
641712349
577841027
579250500
557398682
539416606
492027267
443166041
342846075
392323324
324340363
345600122
250147619
257998447
114398733
276845962
155877834
70067279
198815106
186329526
143697140
108523069
139248538
42926720
150930939
62294677
58402587
38583345
62715212
111931774
78154363
67992096
57590863
48801199
47633261
63745235
72768776
44567724
62915512
17045245
1460016
43865184
26651269
195061659
347716187
358486960
302416878
487702624
620650191
629682607
610695725
776633557
725785316
804950640
743527730
1048043390
824965767
979985454
626696963
1290966589
1275668712
1215976371
1069698227
1109590313
932687953
888279565
974284364
773549458
151714268
963410940
513234830
1773705418
986178887
1303988528
1231811759
1900822649
1045973618
1139566294
1477980140
1253064676
1612473152
300241788
1419420730
1260801355
2174535503
1527751306
1782237821
1822900239
1113110468
1496673342
1255554888
1552458593
1470884451
2088043178
808741969
1844390269
1394449346
2125709323
1369945778
812904914
1998581812
1527116130
1766835438
1809972029
1310104509
1086295410
2204977726
1277741453
1827051250
1658741249
1971888982
1551946218
1214521064
1437034478
1511395871
1286515928
943497756
1532325095
1126662163
1512554455
1130967404
1306775944
765568996
