1632792933
753509664
1510537946
1319853274
1583844912
2136006160
1305911869
1007822279
815457222
1148817538
1070229756
1665405361
1502686173
1691983975
1339205257
1044772348
1431913166
503978696
1296377557
1408151994
1494158842
2080117561
1721867324
1933407289
2357500441
910306491
1700908126
1203520760
1107726963
1395735693
1731501244
1778904985
439455034
1015133612
1173580920
947359780
1076077357
955711549
1485724618
990557064
461621735
1307042237
1332060260
1671328256
1663330094
1785729450
1214275646
1127760613
1103539058
1233844434
1552680919
1448327846
1253507624
1354929831
1709943149
1395693413
1440131659
1639613948
1358890756
1100001479
459403923
1199244761
1496999974
2272762808
1554109291
1497005470
1156055074
1227388138
1571124080
971044566
1432993725
1317950346
1285295503
1022425354
1425489094
930211742
1511519380
1617648151
1286815301
2092603169
1847714254
2501267689
649484545
409243514
1275524185
1187983176
1662834460
1639228384
1473576588
1760851353
1631991816
2242753573
1959512615
1788499181
2421237643
1558046537
3795567681
1546817597
1698312046
1435016780
1220097533
1495151672
896102064
1526496694
1042716359
1408739251
1262259094
835959390
3643007067
1368059483
1725133375
1497657773
1244760388
877158236
1134591251
2023328964
2250666506
1467523564
759874871
1504767475
3252784032
1316341852
1673712980
1002127293
1082824331
843625277
1611467898
2220490549
968094216
1277101392
1185714191
2126145802
1102422937
2249959787
1851462713
1473403456
3206488178
825784296
1348810369
1299305166
780589939
1173425523
2388494478
1215145817
1627946075
2435234812
1616754428
1803505391
1775730731
2430135889
1970588253
1106471819
1030261304
1707795617
2764675618
1379585019
1375909916
1347444632
1335377329
838856079
1665785479
1379846112
2461142368
1020593886
629897490
1591402802
1995972662
2434942921
1553276464
1362618016
1767036425
1769328911
1286183311
1693625747
1067142638
1692710955
1599799172
1243278140
1037209420
1970881814
970774123
1342517856
1356063375
929563541
2006507890
859013669
2019042614
1220426546
1243366493
1440258869
2896489190
1230138384
1525809154
1572905036
1808131547
369002767
1530383494
462093991
1320251221
1771422627
1430096508
1379061532
1840081409
821373280
2176143299
1825721224
2002032779
960703117
940850785
981638414
1655826088
1224700579
767759012
1691078463
2040591038
1543269485
1217080198
1535775306
1842917053
1579359877
1984676621
1193879752
1510706490
2176178197
749723915
1630732098
1824214992
1640403968
1438425115
1873611153
1582311452
1502412879
968553940
994499002
1416487562
1136524488
162128406
607359782
1166752135
1145617830
1096154619
1071725999
1014342707
985884100
910369531
838360168
826053952
808007650
789575899
731947930
548459588
583566778
589767659
505627356
502490151
503574469
308637778
343593304
361283615
387204547
268231005
321015820
219128228
206119814
156191744
95220440
159826548
185375180
163356874
48949037
107225415
156370006
147337490
41012464
93391223
18634336
13915061
27082048
65725263
20443928
39362136
77811333
47611282
291676350
229236850
659590681
561863294
659560288
674514320
641044344
751465954
594173881
699576218
924087722
914322992
954194651
801178403
1079875765
1007968977
1066092892
705093428
1278916483
1225228386
1283222058
982520016
1087604330
1039719105
799391174
1017602768
642355143
141558970
826272383
541632040
1729571052
1185556345
1199820897
1293776462
1862157770
1275221197
1123879853
1277667637
1262970241
1489990328
334455973
1576083362
1222996736
2114957009
1559613021
1623790896
1771807153
1160361042
1138724780
1246036128
1442201197
1423183373
2179075226
791817140
1915047508
1566013307
2021362813
1557992790
846878127
1856822374
1513813408
1670782294
1890894881
1444946618
997239806
1958476663
1111693789
1727477389
1785649892
1870596816
1449832546
1404147257
1488171729
1623405267
1236537334
920791618
1541889982
1092080741
1661208161
1205517522
1221928895
630220276
