1750877299
723938976
1634505850
1429222447
1564302132
2188662423
1330762101
1002964211
875814201
1093081742
1156909372
1844980145
1499364261
1746057474
1277932776
1241350125
1175623622
241699083
1146813634
1405101859
1283152731
1994648841
1835871660
1948676992
2221397413
773766522
1589532077
1132130929
1066406833
1313477551
1629251120
1840001387
392274026
868694855
1227557749
891005989
1099827337
761845329
1593333302
733329603
433291264
1239902460
1375879499
1730876578
1759660241
1856960385
1273654751
1177028216
1149839530
1179576183
1669258339
1262297354
1279919044
1533277876
1881257841
1362736664
1547521312
1717396527
1481293065
1113529526
650717477
1052335763
1514606449
2373246188
1678398090
1491525103
1278361440
942088922
1597108496
996063337
1393936684
1280704338
1092968516
1033448159
1497313669
932655054
1483868825
1656551472
1425184838
2022336375
1932250126
2712013446
715074394
409895450
1253876708
1073148831
1593581284
1556665550
1453101078
1786428826
1585138328
2410497620
1891433547
1906703442
2225101249
1447916092
4186978559
1510970115
1671187007
1330517296
1120728523
1421260596
885044199
1405702003
1051470140
1409774058
1102345457
672438685
3913674793
1444780591
1710055021
1539466988
1373410929
795098186
961496048
1914967553
2323555070
1327326042
606348751
1474096081
3812150895
1271560928
1583671410
1075345814
932116290
1037235303
1454305247
2671117894
939966852
1234728260
1317600257
2128978436
1178360840
2277216237
1777499838
1501652678
3666315533
988446898
1428402034
1257028776
878445497
1177627373
2566324193
1170076433
1739697367
2594095240
1697564613
1829323856
1787304673
2615690167
1891146382
1157916690
928765967
1684063820
3055990397
1536440429
1446267236
1335999745
1271533919
894646431
1639811301
1615870632
2626900819
1025319674
628043645
1541996788
1955754927
2590284002
1417291428
1372563920
1849506562
1775585901
1240254825
1507190049
1096627399
1669598462
1753224822
1242848460
955513070
2027532655
881439049
1300346011
1390406572
950915485
2078217696
888673212
2028627004
1228357733
1333181376
1421533805
3104784503
1483863270
1559974406
1602757806
1632377732
143247017
1523160450
543680787
1326554267
1857908784
1597379755
1663123173
1927154325
636114564
2126950702
1881935921
2269871240
991961450
1079425133
1026872222
1789016431
1163959412
758736313
1703586025
1989458611
1659957431
931758238
1660785275
1805722366
1740760948
2114992144
1353518222
1356856015
2151744934
713670314
1602394429
1710071300
1701270659
1458814625
1521805425
1222360443
1352823655
1047433821
1124837098
1191877987
1008671636
331943668
559761458
965132683
921924299
907049016
853203253
802015824
809363294
756043666
716851889
697916991
652348064
642281655
599488005
509253862
510656881
491569050
424208518
289610929
316281643
167323231
357400824
319120861
120139543
277316727
262826728
98907208
225520763
186009620
8322006
89969460
100078312
7036945
66380692
91327441
116514924
86813788
28678348
77313243
99462303
31948924
83219433
24859834
30307534
58808697
12278728
3791584
100362580
73555784
508837957
522526031
572330547
548346876
570678653
690856591
663913312
597197875
935460653
871692872
836927975
807303030
1115120295
871822170
1022703391
611749547
1317301294
1259104885
1315765224
1094063724
1071281940
1015884958
819345359
959869420
785532946
66206874
891571009
567795447
1745332966
959578110
1268380760
1181897433
1966253281
1055729239
1209414880
1352641592
1241888416
1551312797
279115498
1470369078
1228473304
2184929580
1509808387
1556944773
1796782684
1144933888
1494830512
1180681476
1513789173
1415016409
2123355290
770079393
1881637736
1432924507
2046663195
1403090136
803397778
1863246045
1592678435
1710511907
1816402153
1389982512
1127150957
2158448508
1252593269
1772774393
1636645852
1957717414
1507354533
1313266819
1396849483
1568154575
1212527842
976378388
1508130914
1103440814
1572654606
1267032210
1262404947
575787722
