1748539770
702827848
1597278307
1451943406
1563912364
2206203278
1368706479
991158837
850950966
1103595866
1223752478
1889794599
1511300614
1813965017
1249759686
1257305229
1136459367
245848229
1149136668
1408526425
1291426622
1959043809
1840463371
1887954992
2238045418
765920980
1580407791
1157618450
1119250083
1307656607
1676039082
1898533105
359428315
935317135
1234723935
857083939
1219843516
833614201
1606431797
702539629
379583403
1261388792
1313715973
1754281290
1786289917
1927596145
1202276780
1127626962
1121324497
1240591716
1680589083
1229185803
1247470685
1500887001
1934707444
1321040821
1549190869
1756783897
1492586811
1093983317
586243660
1101029272
1436922984
2357942575
1698579265
1499288108
1278087011
942001131
1595494376
968910739
1431594631
1348680212
1077836488
1004077088
1502068687
865605047
1507392944
1609612016
1432972346
2039361780
1901793226
2785573574
753391000
351909217
1214062129
1027677858
1638397896
1575482513
1501370553
1788932224
1632654077
2486730468
1900703006
1912845887
2157533162
1428698278
4292848163
1578324977
1674357017
1316789716
1141119866
1455226344
875403587
1370508034
1037652881
1393990821
1133315865
658559434
4184626656
1577775857
1614365856
1537593854
1373283309
747938226
1028132243
1915305952
2313541917
1241214449
539171794
1466007573
4058057262
1303129817
1601582557
1053183823
880543322
1037259823
1487234289
2770884913
944266664
1153143797
1272620781
2213107126
1176461300
2373857198
1781036967
1515227442
3815308902
1016584694
1492214534
1208377747
966903627
1115192118
2577778733
1228965331
1722777087
2683373008
1719472549
1791150228
1734417042
2698598821
1916050004
1148157426
906295036
1726097161
3185331609
1588325060
1388431921
1305545031
1286315179
857651179
1627948894
1550222151
2713255626
1020149764
615067628
1538386956
2011754825
2604381368
1447817047
1402073736
1872639834
1799349228
1180470451
1605402780
1134514518
1620702247
1695481632
1224886854
963818276
1994006898
864732189
1381263146
1372510882
913601332
2113587285
923366047
2029143144
1262390070
1383931801
1433695682
3138556137
1488653725
1577395221
1634682689
1651573708
194992577
1548958570
623253787
1308131588
1908108073
1588260011
1658945590
1968207848
653334096
2044513924
1808086965
2240449272
957584379
1076343083
1015947679
1822003606
1102856353
764261012
1681378355
1945742876
1636939981
893151513
1628189403
1857816169
1698347802
2091262010
1314420382
1350947170
2022975405
692688101
1620731394
1673430251
1605430866
1428760423
1422727285
1192574640
1270086635
1005875925
1143137386
1111574428
991007468
389062778
568644500
912452166
873045176
840444598
809748204
742875829
730515867
721424826
689308994
665459480
623798353
592077555
550140276
450822830
463434869
378872262
435873457
215677429
276183276
218960604
314334195
245510159
112216991
269143546
229398268
181246803
219743077
184224540
39209072
61593877
137378987
80774363
84024583
82057172
120843264
11883370
53338060
50084182
98473523
15598842
74002805
61346258
52435980
18440142
65668889
36666633
26365762
48020390
370770576
433440905
484796924
519359619
534386339
681022420
667657038
583817278
893510437
883192802
826724298
829463186
1045081274
830280181
1018534046
580757148
1322297533
1309274642
1316739962
1024216924
1106825878
960564361
819352370
971873369
786120273
90589810
929412333
540076168
1737743322
986711909
1324878127
1229756202
1952742225
1048934490
1183359896
1447637269
1296339163
1512015738
290503417
1413048978
1245111043
2195380042
1507029673
1670698898
1722786677
1088636512
1474864847
1250796065
1498404981
1476315586
2130202320
755869980
1932646434
1366887025
2091871196
1447852843
833783219
1828976407
1591976812
1719282815
1810853246
1401724318
1074755346
2139370950
1300656387
1744350051
1654470982
1927285133
1537056484
1291120935
1435948187
1525490151
1272278414
971439219
1514203141
1101211025
1496364400
1260019719
1293529528
627416883
