1837790205
727814366
1610392853
1339536734
1458339333
2151886511
1523908729
915075310
867749749
1084176650
1220746994
1711222353
1406152535
1790983405
1239890047
1214072446
1065048613
154206034
1176689860
1389110390
1329101757
1884438953
1827264278
1852988777
2393589675
782912295
1609155376
1232483902
1114962329
1271711945
1740065008
1918683840
342139252
992111363
1191662917
828659855
1122100843
827242513
1686841958
704884433
395660493
1283043165
1295634893
1827864785
1720593353
1955035844
1201500801
1109440175
1187198242
1322115585
1685377411
1120833209
1117535838
1443268997
1767119977
1280318255
1571538183
1855714607
1534906013
1008350791
674042054
1175076374
1557646889
2489991185
1643981923
1583575508
1284307581
777241527
1574372902
879911450
1495852820
1312536397
1007679928
1014607469
1507519635
752006522
1588684440
1568870645
1420040301
1981175123
2093222249
3013331932
736083304
437141861
1164830750
1114515677
1610695120
1601545976
1528399050
1797719403
1624906942
2746399824
1909651886
1908565731
2156010010
1404429010
4934809476
1512780651
1577588085
1362316108
1182920482
1626587134
905518124
1425533339
1138055193
1304192197
1129288271
588961454
5057006995
1461084849
1616753464
1473746222
1340835197
880045073
1021325854
1971955130
2246950946
1295518123
448566143
1423592118
4757532133
1272528900
1553967633
1149681712
920365620
990807573
1576502871
3356262142
1058697736
1165172038
1259784421
2321570197
1207366318
2687307683
1881072196
1582245069
4433946788
999791942
1542548975
1164277336
1160006728
1041834972
2446193053
1128356721
1785362866
3024812734
1655248645
1789504433
1762497553
3014088204
1936470520
1180413547
854519999
1744232382
3575341233
1564369444
1342301576
1369567929
1158451938
911015343
1680136774
1622138384
2985677708
1117065601
604080191
1425065101
1952810027
2714404173
1475315020
1323574396
2049255703
1803620129
1225859091
1509360119
1190449516
1585566261
1813083046
1386194743
1023375773
1909307440
902685755
1297396026
1318122578
910170990
2057278819
903428127
2035451062
1300072258
1441418903
1390049495
3077401515
1592411680
1429050813
1651044117
1550864519
258250075
1579250868
649609388
1366028201
1830386783
1544642382
1710721826
1955639887
799817709
2036862989
1864990127
2161772327
1009118206
1070681402
944363058
1823199609
928905072
853713461
1537504424
1713186434
1689940377
845743052
1605471577
1899280913
1676137423
1830564661
1387567447
1354847625
1584795474
740888420
1416690603
1349413091
1250412840
1183257752
1101258545
1057888075
1008873235
946790425
897559347
879962754
820365173
257558558
543297288
715048192
675251835
655330770
636986025
601787148
591509038
569374230
526350965
511175610
465289941
453077994
381341234
384136343
388812975
243389599
333918367
253634924
256823108
76481526
265824565
214971167
31578831
167129519
184472812
167046634
26866557
139800548
39448267
124653367
83534527
97105291
67788572
71640659
89166528
39940514
33941097
85748423
73394838
28728990
38302999
57952889
3390765
28205306
41208987
54501860
32484584
18123410
120339315
319236320
346395598
265027955
437413416
530656408
600164096
580113058
765550820
715197834
729237567
665419410
991105660
851379740
1012301695
648108267
1308397006
1190323582
1258449394
1095396253
1145778211
983886332
846555623
1022074184
796765365
222966637
976794067
484580483
1687572732
1033533405
1290329740
1203885437
2002263525
1001966131
1211271948
1475821035
1297718993
1546933513
229800777
1400562513
1322522935
2122414237
1564083848
1776537687
1865373613
1096671971
1518962047
1220820377
1611970750
1480603297
2098647028
729318394
1742392545
1381525332
2072697178
1462866220
878270819
2012779827
1488239096
1829083692
1776141774
1356760677
1111618112
2239863797
1268639702
1837879968
1568326778
2008001403
1624937342
1134418732
1437748439
1493175902
1256733760
1041440261
1509688337
1124915172
1595412435
1082950204
1335911758
797510351
