1473563817
1473625023
1392312055
1458764913
1412384445
1385050270
1418639825
1442327412
1413370679
1406743436
1258162525
1506502094
1448274983
1458361450
1411927024
1378065474
1617976760
1444324953
1281086966
1488717202
1420630534
1369166498
1550120926
1402819333
1542500895
1317555636
1308596683
1290345796
1233520490
1452464555
1430798812
1436777759
1285352327
1320618422
1434140866
1356359978
1567573487
1532958847
1387361724
1552226519
1555545963
1461268651
1511311368
1447051520
1382384724
1302236444
1280946673
1381339226
1353040908
1436833086
1347608615
1527234925
1476327496
1568713211
1511048141
1462147432
1504995564
1521039452
1351477634
1418920314
1451697502
1449767332
1547180501
1487392902
1556274233
1485068696
1471882048
1397822624
1547831582
1256602396
1366602336
1657902285
1317982919
1311491693
1380079053
1382263368
1435774280
1371616560
1563154271
1281518415
1454103490
1553545276
1266395658
1614921673
1279747921
1345515737
1507811876
1472129366
1381655448
1338396042
1391159231
1304858484
1518057513
1432221568
1426067293
1446506770
1698350535
1528962176
1417332241
1611845897
1485244750
1649091594
1326266032
1307597698
1364737446
1432865065
1360073256
1514131761
1588265590
1354979511
1576232266
1446918188
1344297284
1269709776
1381600113
1509207956
1654704697
1449129706
1399278208
1379977686
1430266597
1590568189
1835983001
1440759786
1268031121
1596192859
1717783994
1647773965
1515613095
1608809535
1565374327
1572494278
1340442044
1533400892
1543184896
1530187055
1623054243
1476624143
1473621667
1368596854
1492856492
1263302083
1568680196
1582387650
1492792233
1316062795
1185425449
1417355148
1385367686
1462254431
1594370571
1231509256
1366884145
1653409601
1481651746
1318871181
1436680163
1529544737
1521732732
1393425717
1573269451
1317331986
1301318244
1332517048
1355962886
1439709326
1384996564
1554271206
1360386140
1299725436
1515810491
1644807456
1458062512
1426031489
1427440131
1446595193
1331875703
1511108655
1235481403
1402420382
1345015752
1440267518
1503431342
1400620747
1614285102
1432092723
1374318744
1427864672
1370639155
1376681028
1609538239
1460116355
1553976303
1476022813
1321784423
1448720444
1366484503
1336201053
1479130954
1498789119
1235519414
1410068630
1402463935
1300087442
1559544025
1337578291
1637766957
1457765501
1569673171
1384649193
1443739946
1354544619
1324752535
1500234917
1543274326
1316304320
1556113172
1266911460
1495903995
1286848800
1626449929
1467834973
1435282656
1456035656
1432487907
1509076658
1269189526
1401524069
1404889984
1421562730
1473551962
1587900217
1306213792
1380180894
1452739036
1382058607
1340305326
1425607794
1404013526
1326307996
1341427450
1346601900
1569735420
1487128349
1272344541
1318135067
1394183989
1355654526
1312829051
1409050818
1433579106
1402170124
1401593402
1390632167
1384379595
1343951883
1335056976
1222953319
1211604906
1381793437
1301658555
1305186697
1318405240
1230773575
1250879673
1287858169
1227772564
1168095916
1180326682
1284127790
1246454292
1257039253
1216067822
1205329861
1157971814
1156325561
1228999587
1199562826
1154136779
1134506608
1156490530
1094378591
1168567514
1120681822
1261840228
1184385535
1329564367
1327392192
1151068795
1260727745
1312136504
1317507821
1306809457
1240656614
1226079664
1171669344
1227730465
1274577280
1481326427
1395730943
1355619890
1334344993
1221303607
1267373580
1355361909
1236683330
1287549090
1336779385
1398981093
1376176360
1228688466
1255009686
1425999680
1412436168
1337323191
1248845060
1274188675
1416599360
1303109458
1367476268
1312964515
1434888328
1529649473
1308700675
1451650054
1419333988
1525436755
1428649740
1480296565
1393103273
1459466411
1490763076
1367161520
1563989658
1553841148
1587642973
1292643232
1476098867
1277789970
1326048954
1396021617
1306785722
1496979903
1234823378
1417217262
1337423136
1508649735
1479085683
1441704896
1426020197
1300817198
1355055535
1548813799
1596357504
1317943570
1491556570
1214863393
1480466963
1454254778
1432839592
1540861278
1484982570
1461109543
1294758633
1358813185
