1741734123
722558744
1644154191
1432168267
1557170864
2166446593
1272139121
993199495
861802083
1046176711
1169830275
1847806854
1505348364
1684232150
1308649983
1243912671
1197421442
291001409
1153379402
1376763911
1310845932
1995059637
1869223051
1908522997
2263155163
779874317
1591997298
1146191408
1074401509
1349669567
1649582493
1839029974
371464973
870812707
1222486075
907459253
1111775576
790348112
1634005022
732379146
410544170
1203744370
1376718620
1748154967
1784756409
1865823700
1239843979
1151158181
1114402680
1231584755
1674352580
1337054085
1256278748
1501238318
1855403014
1330952038
1542573473
1709471412
1483734677
1062832640
614046021
1061148145
1525675027
2396318526
1689059260
1474836610
1238208569
964105729
1576646879
1006479250
1352459627
1308641229
1133467107
990482501
1453147516
930188345
1510023826
1610459590
1457505953
2019723835
1919919828
2654307131
728134438
424457230
1238376707
1124791206
1591100051
1522119282
1452105184
1784877887
1597079744
2402821938
1915254756
1879685005
2251682175
1460449373
4121533930
1513346323
1703024927
1358647633
1163005872
1386143814
912196858
1395963461
1049488965
1454928763
1096025630
669940265
3834714241
1437294757
1699843685
1497013183
1412583291
804332004
939613639
1977275174
2324175529
1341874336
647800017
1464308439
3725816510
1308244464
1595908666
1046974307
915064207
1031345417
1470608482
2636595282
931490916
1265961293
1308709292
2075998339
1156477098
2237781067
1775948711
1517462371
3603254993
956085188
1423817282
1261155214
876212252
1174760508
2507454677
1170564505
1753964323
2551362429
1703306659
1805408924
1840094164
2587210515
1909446111
1165522599
956572164
1683145625
3016954552
1553009946
1443553838
1330054833
1298687255
869673246
1624213978
1623521627
2612244800
1003058919
623255213
1537848653
1946053873
2617564718
1447270683
1375827604
1841540845
1761942420
1262842760
1542174798
1101364468
1687200923
1730403548
1245010646
970244356
2039791052
880201496
1288553751
1426662387
977557148
2092953499
888676379
2005019734
1212002149
1308034657
1419055577
3105025567
1484477616
1544774147
1600742962
1606815117
168207485
1492762711
506402881
1364715393
1866537540
1605221756
1640412003
1933409985
654022814
2145037391
1892233396
2277361522
980745860
1101510548
1057470690
1769379699
1186330167
801357979
1726702799
2007654280
1642562608
943838044
1650319899
1787310081
1692033609
2100267830
1362965674
1363215367
2213403667
703178104
1619303673
1758722549
1719074038
1468962711
1549231714
1266783424
1398314263
1094145192
1070856310
1212759694
1009102763
364050386
597418151
998643415
956847166
916515442
887587867
802241746
828873922
798030910
716057860
693100197
691358413
650216993
605882534
506656974
514117890
495406025
457419899
267209398
368410180
146234236
351669639
307554576
120616951
298858589
242304018
96735863
238252638
181682241
43252222
98449609
63688383
52186155
99746135
45806344
93835146
76150844
9138577
66490266
99914620
45257788
87970272
11331987
2374039
23601953
53142785
12946541
146534816
136510956
525870103
523704770
587925897
541979287
567726654
716976216
679695977
611727634
938750669
871421903
847379509
790943423
1100045703
852353132
1047147618
650395846
1335200473
1233912176
1292973250
1068862366
1092539793
1025378062
819001683
938556748
746899351
47400182
881430991
576521414
1750989932
953650050
1268554931
1198373028
1925724699
1079506150
1208976392
1345681230
1256091108
1536097571
299111243
1496539133
1228512814
2205187544
1535582794
1513587328
1775046119
1152544059
1473491505
1178121466
1508820992
1433426818
2146910791
766204749
1872901733
1459168434
2054456876
1384315649
795326567
1837641965
1594579271
1720793931
1806876967
1394452971
1104641325
2182334125
1231070548
1755457902
1660718495
1904011321
1494138553
1305630414
1403339999
1578637867
1182369767
965557090
1515560494
1128305003
1552681030
1293951776
1262861963
507469335
