1858236532
741968927
1639371760
1405457077
1466618055
2177337810
1526258854
910406562
843892341
1105422920
1236717195
1741145965
1390982756
1784743016
1228884247
1228159869
1054120008
161389005
1187929688
1386130622
1344718867
1884711699
1835653613
1866596243
2387784807
752459436
1609319188
1222391284
1089739807
1298435009
1737758884
1874141111
379822162
992244643
1215899897
825411545
1111489146
843924137
1725222972
701008776
380718623
1294211170
1272427377
1813942196
1764192741
1948378237
1193318201
1123827666
1183716766
1289620578
1680564149
1144654486
1110332318
1469694550
1743041679
1288106166
1570001464
1837903854
1545233852
1011236249
636033759
1130272526
1545509679
2436762575
1672765435
1560506545
1277839831
779926046
1578739370
903771139
1503041442
1319297080
996677205
978567534
1495446166
764137741
1567399139
1556829280
1426273211
1945321769
2057046563
2965598625
768862312
440931263
1175780446
1083502214
1609936610
1645480556
1544794728
1791031313
1613793809
2718721638
1937812169
1917262331
2151239384
1365172091
4885493274
1537213784
1568955635
1331340965
1204454849
1658820358
882340687
1430915718
1107376802
1319104423
1128875942
601717088
4994604089
1423258010
1625406901
1440541137
1375217824
889297062
1005370798
1990969001
2248007241
1307778913
456342445
1419361949
4677447542
1271826908
1550242655
1151175477
941337883
981084767
1595431130
3297555405
1016474002
1188118491
1266202275
2333729609
1233079957
2678007357
1859237504
1573224785
4432029381
993039180
1566768798
1152527330
1165310557
1053052086
2459715086
1146895981
1798521999
3016707736
1657420108
1783597684
1774830963
3003691138
1912505510
1195863893
845104823
1725833758
3551772590
1552450437
1343160882
1366928984
1120984554
908020482
1665447596
1567112843
2959832559
1150047503
603434074
1397306197
1972435452
2696489087
1478338234
1332649912
2021319123
1815490400
1196037467
1542274539
1165387900
1583709983
1797885536
1357168408
1019107176
1932862445
908809640
1286594673
1305283500
927936028
2098388457
893677154
2057125245
1301723100
1463338908
1383405476
3057502591
1626585701
1450518165
1621938833
1529097737
274871862
1559927408
682248136
1355104621
1847937474
1537977223
1708884212
1948400611
821334122
2033501230
1867185742
2133344062
1021589658
1061873386
957607101
1818973979
913081639
889555312
1547427715
1665469200
1700322602
900991004
1620658383
1897843367
1715517088
1881652389
1378009239
1335019989
1585424114
752812889
1431570175
1368374180
1297241341
1213423873
1149955164
1089710779
1008186985
959424125
907361438
900557724
815521566
277700338
560019377
724684140
704786828
654274672
632212468
629346159
602817118
586995601
541860867
519529590
476426394
440288429
358828325
330738427
394652703
267505116
324769678
253237980
225127312
75564706
255368367
236780436
34455192
147634913
192413601
188004078
29439533
141894876
42445811
131175229
54423073
67226338
13374035
63486970
103370753
85506762
77636998
75645706
68370809
46696155
69920202
49229395
31766980
63790882
26621378
48788539
124943
24031130
129200832
326096505
341616401
287433506
450322976
512955255
608752594
575649917
732105601
720642616
718548054
677203701
986559683
837183316
1018079841
678225375
1298186462
1228164954
1242437552
1095054582
1152021653
939701023
842053475
1017920954
752650413
229595662
960465489
510826501
1673861672
1002256806
1272259673
1202963030
1980711439
1015897014
1174340997
1478615887
1323213578
1554818544
237183976
1405802777
1296189613
2164995660
1553376875
1792543933
1872659504
1112071923
1512277503
1238118874
1584823692
1453198117
2096019569
727598461
1797306510
1385750107
2068464618
1431602732
886823313
2050482727
1446901645
1806286801
1789000328
1358744987
1103168653
2257237521
1274308458
1840203988
1583583696
2005776506
1594410661
1152096199
1432554643
1522018009
1288477706
1015791362
1552324055
1128828140
1559860884
1116826962
1301823406
786958519
