1661265770
887177294
1502613565
1352519378
1502688005
2147351503
1311306483
1105301885
807105391
1221406834
1110777422
1632938638
1457459586
1676482555
1341909615
1066479943
1427504832
472317242
1300409483
1380539066
1487870285
2062052105
1773005247
1895167121
2356583271
892297122
1735194805
1255790747
1119236053
1359877365
1756715114
1795891586
593365283
1074148143
1100432702
918939167
1047511646
919216126
1446634680
843270602
511002371
1234985737
1188197020
1646610782
1621653975
1733355281
1254031777
1115626130
1069521192
1169623704
1587150435
1454879126
1184357566
1458096902
1715141519
1380257466
1410755842
1664065240
1269592061
1138958456
580766452
1278791977
1472885951
2201705761
1609499693
1565528659
1149727274
1158644169
1570940479
939383367
1386522744
1398767587
1325332444
1027206466
1428725360
943413537
1505410290
1689793192
1325625593
2067009562
1896084202
2531029450
617861244
360621722
1259307416
1179813798
1683170858
1525779476
1478565393
1701241942
1496632983
2203386912
1991654207
1836416571
2482128530
1525317929
3669284023
1544573345
1645799015
1394412041
1146873749
1566510306
920377133
1496993064
1025304540
1373876087
1307493569
897560150
3475661168
1417517202
1761295231
1515471860
1194860431
777023198
1205068659
2117095038
2254521253
1494608934
836145543
1536535781
3121526599
1254320327
1685083520
1048470392
987998707
995671942
1625068902
2157934472
1060941884
1251847437
1188973623
2091800346
1034821989
2181934849
1821076916
1423124125
3300928904
830646326
1379529247
1262084882
793631556
1187266639
2389992175
1211820115
1613742067
2437702080
1540957581
1823244868
1741449524
2413849002
1976502047
1161478550
1018602682
1646531759
2633834847
1425077389
1383999025
1321470851
1278773010
846904017
1601223043
1383392255
2395210763
1003379061
624631196
1716998468
1961956570
2430122623
1533428823
1408788034
1798921436
1750570730
1286182800
1625532819
1050700457
1716513973
1689985305
1178308811
961688734
1990152884
1023826222
1329269973
1289738860
929088264
1956943767
880717858
1991474429
1272302036
1214817795
1523252380
2807780667
1220888916
1531462197
1459437086
1829776634
386031468
1532939468
513907039
1365430435
1722511661
1431056093
1325549578
1788989083
907057936
2105136002
1764639108
2043126329
973303700
1003853257
899488728
1641621795
1290296957
673109643
1673870413
2035687109
1561454693
1252017086
1520787765
1861405913
1470180882
2058131285
1296611947
1440174596
2178710333
762927765
1657482705
1701166613
1649007596
1380118510
1845040969
1629504366
1639061834
875384465
830849292
1502842549
1202176900
141343374
605285281
1212744310
1224686485
1116844028
1087127677
1089947385
997969502
986406070
940155243
778672726
853630445
812675183
701421437
567978436
637860694
626527315
567885839
561036263
511244593
331642082
345681558
373264665
361466325
243448262
348193051
324015416
196863563
153044335
160553931
176364350
181533352
172281030
5972835
112027097
119430629
136384397
58155749
114158537
147118196
27242179
84725832
99759964
48465578
30747234
109527459
7741781
297237074
277819548
775004161
627581244
696234739
650758983
661245109
707906534
581790625
651798261
826392447
977305686
912643213
825707799
1082422978
1027155466
1098910779
635836854
1340070625
1318843010
1272461179
1080383704
1024371644
1083908386
749159233
1068544066
635967948
107390233
868635651
517054685
1780628877
1264099825
1276289418
1318336046
1821111880
1402002096
1044360350
1230931556
1335767113
1444131880
388644264
1608917808
1251074830
2028560010
1451886911
1607415660
1698313667
1147161705
1152685427
1240609112
1399542737
1378798288
2143790855
729808265
1872386767
1552530514
1997555552
1604141260
873975864
1830213002
1553248247
1705535118
2005668649
1408637366
1047797370
1914849036
1039474081
1837930660
1713861549
1798656250
1423799227
1384774073
1444336017
1494542558
1229242766
968652629
1479327084
1203430469
1672621927
1176296383
1234159310
639251996
