1767475493
742558108
1606481625
1437896572
1561404337
2185809142
1330255368
1006721638
844685171
1093475583
1178740445
1848628079
1496518508
1763252019
1264319186
1247292850
1155921445
264446634
1166872882
1385355838
1313815927
2006942716
1866332970
1974930682
2221547452
794703381
1609188889
1148584892
1075222089
1296410723
1651969368
1849432645
388429412
892922307
1239787297
884069667
1116191170
763711131
1596176515
713641625
444947386
1260190724
1353533560
1745165868
1756658460
1871970544
1248659553
1172082477
1146019960
1220331491
1683317590
1269394358
1302281183
1525362726
1882525616
1356968483
1545226979
1719566011
1474031463
1119996259
640464870
1073758297
1500355351
2373480616
1706200852
1493060130
1276202739
952245524
1592112171
994188406
1390162385
1297108625
1087805734
988941172
1490390050
913063155
1480436271
1649704975
1447572504
2033235904
1892845596
2713347587
744187261
400294585
1225982039
1053722345
1610021836
1556412269
1454979605
1791446504
1609191740
2399383357
1852047784
1902230615
2221495093
1442267396
4194626897
1511557130
1708970550
1318727459
1109412817
1434708225
864961292
1379592923
1068497806
1431141977
1113819076
672628511
3966229678
1460789253
1715387372
1526444771
1366968481
800350401
953211130
1911788012
2325611065
1325207439
581291212
1498190734
3849438857
1253546118
1562854172
1058470211
922161360
1028994193
1453529857
2694744335
918805717
1190496762
1295966396
2161179324
1179003708
2283440725
1760751178
1500144911
3698939057
1004125624
1429719615
1214684450
847694198
1171962535
2579480318
1180773859
1758006629
2609366680
1672979435
1816164062
1766347850
2617335135
1886225370
1158350842
932246528
1709277464
3062661587
1561013185
1417057562
1354382670
1290437146
895417939
1602614938
1583687781
2650582271
1019781065
642160159
1557411865
1965471928
2602892031
1394951557
1394420781
1871348692
1773877280
1247202518
1543765904
1106613793
1677149576
1736794167
1227766770
933207778
1973909149
885856496
1303170562
1381221073
926242256
2103160952
866816061
2042147530
1232603401
1348693824
1416131115
3104835337
1496822041
1556808316
1603777087
1612688851
149949481
1523006911
560496854
1351561415
1861905824
1571055463
1658350614
1943250120
625553880
2128781901
1867463998
2247136091
987695183
1067191814
1029984526
1769542994
1135161709
766983261
1700554098
1965002806
1643452588
937212909
1659097937
1838326374
1738775628
2091013034
1339105399
1348041425
2138251304
717190668
1598062504
1713019612
1699548310
1462185730
1502673560
1253378864
1345190249
1029792209
1116977226
1159483861
1000952493
340912484
582076415
960318398
926464475
894999992
843561118
814871551
797009057
774389373
681815381
699140897
672274580
638585270
575213372
517255362
517738537
472125036
419742315
261157658
286786683
164763849
334487561
300743238
104758420
270200285
255081355
83869685
229401148
193847627
43486038
87507325
79432045
26710189
63395827
89388495
135523298
93985719
24329855
54263954
90733157
36845101
83228563
26192578
15139293
41916521
7701481
22202665
89131567
81382041
515488239
530520149
542819884
549706921
581942347
695970022
682065466
588148861
940528628
902172043
834089683
791546187
1088779738
873386852
1027702412
584361579
1296204935
1274119269
1320882721
1073585581
1071676220
999460360
792757939
969704645
798521828
60430678
912886743
599781450
1743910192
953193486
1257863209
1238783315
1953638380
1064043289
1190737324
1375731233
1256865704
1546082456
289043175
1484663349
1250716526
2189252455
1515882229
1568961067
1781830843
1150917620
1526506864
1180489847
1487133966
1394361417
2113528509
776687523
1873822913
1405409097
2026824684
1427083723
820803404
1856660437
1600377668
1722404207
1788987528
1405135890
1123010088
2144421596
1238505751
1765951021
1609889125
1974213279
1519262975
1311976209
1397683545
1548583869
1209693483
985189707
1516336249
1117351603
1592660653
1265026165
1250726237
591848934
