1638037420
1189729376
1295145573
1338325730
940268361
1998851766
1441178502
943951860
1049472940
1258350512
1152157452
1759750865
1500653154
1521831091
1139475797
1123869079
1706296832
1233386693
1028068056
1748058402
1422049121
1455997289
1490931786
1913635665
2240023150
1158734424
1784061082
991007824
1487412048
1571805541
1623301977
1428873921
1226308102
1092168161
1661694446
1200489730
1167575904
1073095909
1427204509
1347719944
1169223967
1097722233
1102516483
1403940206
1078322429
1315477735
1503460331
1023422669
1022800259
1190692202
1203021467
1230461915
1659763323
1485897298
1752295603
1542347992
1380967013
1305674486
1654536490
1133201751
1135341069
1060128467
1485111755
1662788562
1295516747
1214633297
1358883351
1136484501
1587328038
852862865
1255003942
1400650809
1636085692
1237167353
1382965210
1142999730
1060135586
1648735697
1505000101
1951737740
1492801558
1962716376
937469866
1007804041
1011885628
1579711529
1678270931
1330174321
1327381429
1532722776
1264997375
1463349661
1772044806
1705560649
1602936490
1284164014
2343197115
1317585969
1660126197
1358782904
1352457364
1742935284
1209483150
1399965646
1306922460
1195408898
1278963698
1266803967
2209930465
1224524972
1773492404
1567598279
1003089970
962507936
1020477795
1591107641
2226559362
1344334731
1142284441
1533289255
2341757539
1209099371
1685751182
1429389875
791919751
1092950878
1770260408
1701309391
1070762474
1499737067
1472454173
1841208899
884047657
2077387567
1319695615
1584698157
2225960103
1110856927
1329632929
1229311558
1370733608
1191447429
1604362865
1412011793
1972331131
1160690896
1306764532
1429036201
1007397299
1835362131
1299379066
1085708533
873315339
1443331739
2061125659
1472724769
1399016239
1371654326
2080967221
952513166
1316479245
1298647064
2115212924
910972989
931599101
1432345697
1586078256
2088726792
1565114542
1558998426
1491710688
1764670248
1492238892
1474774001
996050721
1589747338
1558720010
908322143
1138704963
1639672888
1067146600
1186441136
1138461750
1352987282
1886225979
704316371
1716131552
1597961326
1134558249
1440863185
1996793361
1312025259
1439032271
1354573449
1382415155
782511488
1403403599
779261460
1188811622
1608094431
1460025874
1334211499
1610523521
1035596425
1974795779
1738862916
1885929502
1146549837
1140906925
1064600302
1920594388
803303488
1200297000
1683058246
1845055656
1512811981
918504731
1470403208
1434024224
1321662612
1632210421
1337143618
1296491617
1902024492
1389307242
1524228494
1577111976
1559156318
1604566365
1805561681
1198326752
1626769751
975751848
932245184
1724348120
1246666658
432024320
984437053
1432980125
1314970081
1313915218
1194558277
1268537652
1418070684
1210619381
1145702868
1053682774
886011469
1182949256
1186396442
1060603148
1120751899
1043519899
1147920496
1038986246
836495963
827485011
783804110
820355112
783565537
890438949
531465502
831781673
766633537
777850860
691638869
699184317
476004356
556283505
615698396
592126104
540903713
400154519
469119950
164348327
435638212
404916467
458114235
555815844
473088549
539908702
445224244
738498404
625671602
745154188
1069607191
1078152046
956382728
1009975881
746338860
708240429
1182345137
1033666834
963985038
1174483446
698499994
1098778149
1199461212
1232094648
1078835200
1150584487
1114291453
1403142275
844837006
1116673859
1308350805
1423228993
513030392
1260892995
1211348151
438483406
882164235
1062596274
1500976980
1403163308
1431747534
1273939479
1629757212
1301331793
1184554701
1459206461
1353883884
1500084809
617025715
1502504215
1279749595
1486988627
1380471496
1861142547
1576052898
1003061400
1523428007
1417725438
1602431586
1617514177
1763232906
995092499
1548009495
1131575984
1592565672
1691752441
1236021172
1838711380
1180486031
1625789358
1582210231
1117213188
1178140560
1841208469
1127029450
1871231539
1518466001
1824121718
1859250956
1420871117
1159331520
904228461
1446299624
1122316960
1445851411
1343507114
1773083811
1379239588
1230789182
1103697346
