1679776379
1215309103
1583537809
1163478936
1273444826
1765802392
1723908899
1233760867
1075415969
1285896801
1222691359
1751831804
1664319925
1506695946
1242749361
1412023197
1749317575
1146513743
1072466447
1744904534
1597371073
1434514982
1650835733
1874339419
2354766346
1411998092
1704441700
985387647
1336519547
1394325438
1575605963
1246438641
1512720700
1192040367
1519068219
1295263190
1335514323
1428486477
1227426320
1321815759
1047751144
1170633084
1147049504
1475929854
1198250338
1323220723
1497773508
1021292939
975780294
1094607591
1436252522
1354235548
1408115003
1327583961
1767293982
1992603646
1544259648
1457906537
1523881182
1059652544
1071911843
1079094814
1563226930
1820239050
1612908734
1101023417
1484863172
1264429794
1764478879
1113725906
1270912276
1509335390
1650885090
1071441405
1388629972
1095704570
950437348
1311186649
1390004650
1499823824
1361566726
1684797011
1199581083
1091794351
938837134
1728819059
1591292961
1625110308
1363800374
1517495367
1479477541
1629260736
1656122115
1594392299
1781263512
1490616682
2248985017
1300396554
1431270321
1532663548
1578853426
1623426806
926495623
1185693222
1244681169
1280494273
1165604560
1307832692
2167122396
1091574253
1694562669
1456142670
968584862
1099985880
997655770
1543154523
2013420395
1245763044
1134177728
1638438909
2082271371
1369038222
1769995978
1462079907
937543641
1410942997
1617143522
1526170061
1161963179
1698615036
1398088889
1699108819
928020095
1913614278
1336925583
1281258142
2360602184
908069546
1264351638
1214939727
1231316761
1073245835
1463945540
1421623689
1697516293
1258892927
1272261600
1391652301
1015436951
1527050272
1290944681
1307910457
1097587087
1498546994
2017019447
1350055054
1388775701
1423480163
1984376303
1106369215
1259211615
1328712743
1747142709
892249324
1128828894
1589650273
1589964039
1750342625
1652802356
1671104815
1306146921
1866709955
1631907313
1604523899
1096442930
1557702334
1472765581
1103537822
1172776659
1607319168
1041575145
1258267266
1616095839
1343611871
1669028080
931216435
1569333806
1495635597
1270306386
1151319766
1570824129
1330262513
1544131669
1611283011
1268145454
988192150
1346634796
1098928441
1337713251
1462629021
1556689516
1334562071
1540273521
1042938784
1961144505
1486818762
2074741178
1155746611
1300666839
1230421150
1850907630
1060869917
1531512531
1782605185
1722764561
1510853850
1332691521
1421536158
1437593377
1363406923
1629711563
1408192296
1301983979
1769363462
1261669850
1479026046
1604419426
1575725105
1475522915
1453376714
1050912677
1583951859
1149441130
1088645180
1746854865
1277516985
689196506
824634389
1623707502
1346743600
1434327164
1412779115
1245744882
1317174199
1083211568
1232577078
1239611310
785991870
1387905479
1214480179
1111907570
1331253620
1212477143
1205741393
1055821986
1076453822
1035175573
852961211
1049884787
990760134
810007469
622528919
945436709
865834152
769341107
892053028
687469242
741026844
697235151
784737663
812870375
780806086
605288841
670262353
416951715
430813246
503982346
619095554
664217053
723463278
747530238
705163616
856347987
879905667
986526394
961776403
1230156531
1179873337
1129848480
1102300063
883295894
1113628306
1108859566
1139722659
1187380691
1044631764
1340142583
1229406652
1383185007
1257554846
1241587863
1159013976
1157315987
1114123885
1244552650
1328045383
1014853461
576090082
1230846653
1177718874
616100198
934235134
1184520201
1529928636
1506864806
1437399794
1220813771
1321781925
1205522176
1071136272
1371677974
1099829089
1426060893
692000846
1528209508
1354948599
1331449462
1399575087
1687108382
1665017026
1035112468
1617348796
1384750881
1468421478
1729829318
1843923047
1261245818
1532767557
1049121592
1574971116
1693193684
1070830096
1667652099
1128971402
1695019211
1219139614
1092266056
1072798738
1568173341
1135200410
1952108147
1232531609
1783051920
1886542174
1502881543
1325314064
921913117
1276205224
1408109636
1430697180
1581957989
1768896487
1231570104
1486215356
1266380634
