1815272654
697809617
1647729224
1391071989
1451917236
2141412804
1483485538
948142722
853991885
1108051003
1232872476
1778204081
1425508993
1787013415
1222990565
1198120939
1053679816
166491177
1196052039
1405478233
1372919838
1905855468
1905571077
1861432926
2352358146
681080097
1594905556
1184703336
1080331337
1239957431
1662573724
1837992752
330430384
1034591977
1192659580
839604474
1156528645
877016588
1698238348
732655548
381449504
1303068376
1231820997
1844169633
1771295878
1954223017
1201848101
1147577463
1224760395
1271632395
1714904542
1150411535
1167499038
1533849785
1789057350
1290338154
1541544421
1777941118
1489276967
1047410414
661478038
1087521680
1505838423
2421803843
1646146423
1640235984
1300889020
753130750
1547873061
941122179
1499227922
1263575007
1023753581
979647871
1502275508
756995098
1548178491
1574250658
1400483149
1861271482
2091449846
2930060877
728559615
419601044
1187887039
1066841151
1601001369
1672440402
1555819596
1793016073
1614146818
2666747797
1918825904
1909577121
2167934397
1343835902
4794289455
1517627979
1623678751
1296595370
1223378675
1613881625
909631183
1421781938
1121621139
1349710346
1196784033
609229062
4831134385
1505041019
1679776844
1438583228
1394536204
857839953
1036445544
2030374558
2257578948
1329528003
445887387
1416221363
4582216666
1235218911
1531887478
1096101402
926490002
1073669811
1588539673
3174768397
1019303555
1211779283
1315585356
2313562555
1173681798
2623973216
1792249280
1616541240
4325037640
1025439608
1527916151
1201358205
1141642967
1050435835
2491406765
1191788345
1788072334
2986270344
1676119791
1778219237
1785774000
2918508795
1936623873
1239404030
865089021
1723954846
3511531061
1491928866
1353940390
1348703142
1158941278
888798490
1651994262
1554663136
2888660011
1093413550
636104418
1403095202
1993083322
2675969635
1458368265
1308586863
1979749214
1819387986
1180072610
1552721850
1112441650
1509206967
1815267082
1341410369
1069922756
1970951993
933153424
1287499641
1298706648
936472649
2106785758
868168027
2023402651
1274356379
1443389099
1368557294
3043325339
1624563462
1488442022
1610443669
1575264941
274877800
1558447355
640859912
1333576788
1828364546
1543373540
1694886884
1911532204
784895570
2069119010
1846458192
2165143783
1055195120
1070415689
990946715
1851376864
978583627
852318294
1570472157
1770042902
1710144854
863992895
1623577465
1853294511
1737508721
1968506667
1432386739
1400081335
1692130942
760653975
1521733763
1432216521
1343907951
1234444994
1189041031
1131541580
1058711113
937458472
992169084
931202616
886823361
307470692
542015734
756304072
741006845
710718679
648400438
655795386
637436772
590827575
575524855
543369917
510652360
442156747
440646585
332617852
390723258
293127257
362367457
243965876
246720304
112341495
261816046
171911298
33920000
160124209
213914711
164767363
100229293
156999495
71906407
137512503
56174833
32269720
37021060
97684923
92462990
100331713
91733572
57166568
72296972
65765811
45224565
49050253
52785089
49491881
27317114
19661576
21882092
50495485
161185548
313113026
349079337
308551103
494720622
576788137
639867755
609810874
799036234
687980735
785278706
705996126
1050123334
810500927
987882092
667132025
1290974714
1251732393
1224895512
1083430110
1142260378
937107869
856080799
959358761
784427305
151286412
993544491
485659984
1736800399
1005458246
1298838641
1217524829
1902847925
1053959612
1152294591
1449366554
1294418127
1590310576
258823376
1425463486
1280853421
2157548664
1509418138
1790175492
1856187576
1086446448
1514529369
1249130763
1569199036
1465094565
2099080417
780954809
1846558485
1367013976
2118003207
1410179062
831620602
2013163287
1482545161
1747945105
1773619087
1328153789
1090190865
2237964691
1264119551
1836979732
1664217287
1958142213
1609975610
1224231092
1446234716
1511340159
1285016190
971063975
1551138403
1124757583
1543967662
1120248223
1319266643
751510729
