1664800251
953960137
1375786592
1143611180
1055773344
2137382273
1220336421
1093324487
1014395764
1178705194
1081967184
1676605112
1246796951
1474273351
1277077231
1071882912
1567409488
781727336
1326472466
1467589716
1350023048
1641999157
1740044708
1974131531
2119685830
1085787953
1878236996
949756323
1267912982
1539609020
1600750023
1662348559
880361428
1061244718
1370002018
1132068721
1215868056
1175736892
1405199554
1068483765
629317018
1012555908
1284977740
1673481169
1520263068
1482211046
1438692243
849113303
1063127735
1299262843
1539205529
1268314699
1391286168
1447353949
1865276202
1620515522
1492533099
1751645797
1499160508
1198374179
1134640428
876975613
1446184560
1798401461
1143246815
1318104244
1319611078
1257777012
1923563120
792114313
1388982176
1407589548
1333423686
1394640267
1481028729
1137880271
1118240172
1894555821
1453035852
2253345312
1733992910
2124659715
737108162
656707384
939224268
1308610772
2019997343
1518040577
1292309914
1569423976
1573315079
1582285987
2002348080
1645870464
1775130186
1405060002
2705857827
1491658125
1483620513
1264151624
1294913721
1718281420
1125345536
1374144115
1239704708
1338567263
1243722196
1251939609
2377433444
1455010875
1824526710
1718149847
1142441057
515067166
1113453968
1842864972
1984537310
1489795960
1168323134
1812922992
2648971713
1152864719
1775772227
1286039422
722484699
1124686349
1444077814
1940997898
1194211787
1246391045
1545400558
1814046755
899751161
1926991418
1666022153
1667698937
2541636016
1022497871
1476711902
1165315075
966608866
1068014927
1897307858
1083075217
1957941233
1472651479
1436796642
1623053047
1451280867
2064877418
1436895716
1243513929
948060018
1560311226
2270541730
1747440937
1431185972
1401347938
1410172164
695545002
1500428037
1345008435
2257188910
1064042451
1065358792
1444927717
1699857125
2145642764
1281237691
1416391551
1580379140
1935550293
1349362471
1526384947
1161383526
1711815395
1583596839
868442854
895882053
1957769077
937869704
1561690504
1237131529
1163115407
1711165125
745087073
1808939982
1284813574
1287336352
1530212799
2233339178
1169680675
1612254272
1762006955
1632279802
495197952
1402706970
652310511
1212595777
1769772827
1311116579
1337474453
1809475233
1241570841
2068721098
1832158001
1934254244
1094717820
1289908343
1024394235
1580350880
1086120493
1077173766
1622028488
1832411589
1453218391
978359260
1535863858
1660086674
1518991939
1829053561
1009881851
1390573042
2075439833
1126967011
1364103584
1695969253
1730996470
1657351498
1940878367
1513969327
1799596821
951259431
937797270
1685225959
1332610668
213908010
924304742
1712777815
1355653574
1356505846
1470735419
1195044385
1238548300
1212653376
1163628299
860156671
645060614
1175672900
913744217
1032675533
906227867
938873921
813130933
762653090
700585529
515886139
674461987
617058912
754140643
607700731
420534208
515350972
508552970
498353606
432425357
415420971
405556494
497836125
434885567
419401200
213714615
332370050
120449478
175968591
312158970
119337205
303100383
376612616
302723096
341076652
218410203
204288738
329167951
870312864
877014299
796559551
892802958
901772746
670738004
554319171
1089047482
936872047
811465710
938892020
774674216
952392020
951174832
1152502298
1400523901
1012386145
1305669372
1353581616
1189260931
1205254458
1293721909
1219829709
454830740
1176154243
956145107
78465257
883591597
713745482
1457476199
1278125241
1478780160
835820730
1899796882
1311311033
1383489547
1372159309
1301595779
1333118335
665178482
1292689963
1351811936
1711877419
1417576236
1910795521
1600841176
1127624737
1260601343
1471358755
1732911358
1674432941
1920182201
988480116
1719555519
1435498796
1821166698
1559835331
1158872978
1719903373
1463891655
1814092111
1757733525
1061341942
1024655620
1796022686
968760995
2065295461
1650317261
1909314262
1938094728
1539574009
1392457614
1238079751
1534113626
1087380153
1510993625
1349211539
1864359794
1318902770
1252079686
864183187
