1755576941
713956133
1633449424
1436614955
1547031549
2157488864
1304808181
1001769802
869414902
1062122623
1174763860
1844629876
1508074406
1704838291
1295500871
1247975568
1186627507
266543329
1158290206
1372244802
1305445267
1996354112
1875218602
1913121672
2233265324
777976880
1595284460
1125336718
1054792257
1329779151
1638598881
1852981125
392766308
870426521
1220353998
895378528
1109400867
785511352
1619000882
734532571
426384356
1213901278
1397814861
1747252293
1786500703
1869444775
1271253353
1183047329
1125987073
1205702411
1676603540
1293207659
1252612210
1526326336
1869904739
1341070552
1540313426
1715636344
1483310534
1078833233
635906148
1056899432
1510008268
2386382377
1675017693
1459607425
1247516570
972425785
1570597853
1004179411
1364991236
1291475887
1117388285
1011178487
1497647937
906345721
1498685703
1636419199
1430923926
2023968487
1935250823
2690558216
736854475
432828279
1243641910
1119975587
1592264438
1551320701
1475982428
1792111772
1588117076
2394807362
1898497005
1893598244
2234115191
1442627136
4158791499
1522492248
1691141833
1348313093
1142330502
1421373428
898831099
1411367360
1059912082
1440829481
1097447354
676550750
3845776826
1445095428
1707101141
1502914362
1391892598
814806329
943686092
1960591389
2323789337
1343577579
640976988
1484466407
3769756229
1285119747
1609466869
1036196451
920742305
1044427116
1479658653
2640041291
927280940
1257395745
1318398772
2097322432
1169398284
2267562998
1785049176
1507970796
3608402491
987060041
1402220284
1265988047
887169330
1166907254
2552549896
1174076522
1752000891
2565867331
1692969620
1801953261
1823298367
2608357782
1892822593
1163681439
954800119
1689299360
3020729287
1564673952
1448297841
1335703266
1299533626
897158986
1627659197
1611032936
2614496218
1023849820
637184416
1537899176
1946453567
2597547478
1442384744
1374447501
1832885242
1768676809
1247579801
1533386100
1099025530
1687180570
1733053362
1260691841
952333951
2011315608
885233946
1289516765
1406864619
957982655
2074699145
883215629
2030666371
1216191998
1317777642
1411317554
3109166241
1474364774
1522619018
1593346154
1612949557
164987672
1496422400
537059550
1338539648
1844695979
1593767800
1654318193
1948172436
650473672
2148647724
1893457889
2290529342
1000333245
1094559714
1040127015
1790477683
1164968249
790374558
1718234014
2008363115
1655784826
920690910
1647599736
1796088625
1704193782
2106114556
1364655123
1366890557
2182805779
704993351
1616877830
1753474324
1699219951
1457657598
1529613993
1246827996
1381147075
1096454995
1090584745
1203613813
1023971317
358597509
557922790
982969499
949528926
921997898
875353861
795424617
817238347
781528585
736125210
715478871
671815665
642054692
609064509
502577210
499238267
491025240
428200861
276146096
338815598
163582093
362933032
315775119
116644703
281751107
250962252
101872913
216495929
185154949
30478394
116850452
63197831
21315782
86768287
67117700
100242018
82178514
623699
70137749
106300836
34017747
83372809
10155518
18760776
28373688
27204661
5556377
137731380
118008391
524319030
529398217
579204134
531131980
580148387
704763186
673182002
597760420
953637485
872479906
841108760
803992408
1133615240
848325374
1031948097
626906947
1340921658
1240014363
1295669109
1071503110
1079015253
1014257448
825621755
955843756
766894309
50923579
886633121
591758288
1738660507
945315085
1290953429
1191583294
1935076430
1072975840
1211799139
1354522744
1257514133
1532418039
290174009
1472877594
1210907261
2200487356
1520425847
1546256759
1790385151
1146126342
1485598863
1185242839
1497394376
1417909359
2131068393
783783131
1871095483
1452402698
2044393558
1390421947
798360394
1863217905
1577433567
1713190412
1800378317
1423129973
1105611326
2175611362
1227168494
1772591160
1646421055
1928042608
1515475592
1300151044
1409844265
1577645096
1219414242
950807804
1485204489
1128573040
1559320259
1285152810
1259734766
533191773
