1871582552
745772535
1669250571
1288550914
1443787610
2140181419
1562102557
905950954
810771731
1098868165
1230920982
1704096007
1460295346
1750726122
1313800128
1213222006
1047031060
136885547
1141759455
1426112794
1316299621
1906458959
1806896628
1922462890
2410284188
775799454
1596059795
1259303150
1073451621
1281827391
1752221130
1896378840
359640408
974572022
1157900153
819952142
1134478872
764449405
1724170022
692953672
494071486
1335265115
1274528581
1851247111
1706225352
1962281208
1217390432
1092122585
1154091596
1303233810
1676426387
1140409437
1161454182
1450288381
1721407062
1285846773
1600651236
1846538845
1508192141
1020392001
696841876
1169212030
1623647641
2569525746
1556326013
1594111139
1304159802
828733235
1630666690
874416298
1510693805
1261981377
1069888437
1065683910
1507125192
731859758
1553849628
1540820095
1388789218
1976147186
2149981912
3011049027
797993344
445657131
1113974727
1141302692
1602602795
1571068233
1576301723
1799559265
1608793346
2875932067
1920492202
1932032357
2183766301
1419896291
4981880178
1532424971
1593670621
1385663821
1190181725
1676214747
880765956
1480691231
1176108438
1309211494
1096141501
562260041
5294919762
1474224270
1648906334
1444532524
1319503523
842652939
1100038539
1941479386
2213993617
1327111282
440120345
1377368876
4923220914
1347948363
1574484041
1175688137
842248432
1003788137
1567940977
3508273183
1059677735
1200254682
1312910013
2361307764
1181986806
2773155729
1878227145
1636329111
4652567871
939395054
1623542253
1142069885
1158722198
1068945931
2493412545
1161998001
1763296213
3099543592
1648955732
1864683329
1753177183
3035997040
1908565562
1213272998
829444092
1722473663
3658521825
1577800012
1368110382
1350315449
1186831797
897548216
1654610760
1653151300
3063910582
1151126409
647103015
1406198123
1910891339
2739577646
1437581632
1271637692
1992958414
1744265941
1265870603
1534035889
1264445432
1538439120
1820492356
1381321025
1059590922
1950898077
986672547
1354289349
1357959184
960962846
2122808128
939028251
2054677863
1274113121
1434728393
1434245220
3080780028
1534154301
1396928210
1669995253
1589204898
248447920
1563044219
673037642
1298359153
1794166920
1562228024
1804149089
1996821944
849813881
2031227590
1854373977
2140844013
1032594949
1059211715
965764081
1770866545
952890008
826220188
1606261749
1745759193
1641180677
837252996
1579619809
1881422190
1610481481
1716352313
1440207444
1385670453
1477688337
748519449
1328276218
1260911660
1183131976
1104054212
1050960049
997135171
939201743
895756952
870813933
820788510
771168865
229651461
540563081
665744641
573214156
623290561
572299991
553530224
548025430
524126143
507376223
490092767
465851512
431252460
405293537
355008735
319868454
229489077
289665839
242941737
274092368
32015216
233971188
214543441
59094740
199696347
148763948
171097823
61022017
96900870
63006220
113385140
36471855
55950697
50249979
14426802
70010370
71110473
4777911
14430375
60609563
19341487
2244324
53176931
28587820
5646691
26582748
9530058
27467421
39030207
94155752
296737796
254335489
273893626
407250533
500449342
590508210
599181761
700611869
646602974
723911192
708269781
968686361
841307204
984659436
635726165
1244078261
1167696275
1252903989
1036135813
1025883289
979110794
871597296
1017424220
773775646
305378296
992428804
528230751
1672513980
999413137
1230225298
1183356163
1885963998
1026119049
1222408563
1422005631
1365185725
1474414416
215862184
1376881298
1368396937
2129064581
1584140042
1734276578
1849220846
1164241665
1477109716
1222720048
1686974315
1492844909
2036091822
742657823
1711681694
1430135011
2072333127
1467548519
877533223
2020010224
1555990379
1803280060
1801520148
1413283668
1078039919
2224401013
1258943514
1837682163
1587156116
2008916045
1581254331
1082720230
1396437003
1503818024
1263672107
1056125088
1538773235
1106777816
1602015079
1087185222
1314765533
810715194
