1748555137
704575325
1584950019
1436509478
1565763123
2193530478
1376572512
999243182
842492897
1090883501
1219222358
1876757210
1488908445
1765265398
1236151513
1267704198
1095066839
240617942
1152740348
1414822563
1273674571
1940138502
1827738168
1919548660
2270431724
754429349
1591319525
1167466047
1137581715
1286070242
1679445933
1882859930
370986873
949756702
1259322622
829764785
1209058496
842098110
1646610354
711349653
347672963
1274685008
1313810892
1745547575
1770457016
1943124940
1210948409
1099984978
1136653524
1230747368
1707783372
1230910488
1242614418
1491234491
1942152021
1303406834
1575616316
1755462052
1512787796
1066381552
583436058
1132887282
1457777752
2356002167
1677738287
1528980459
1279850500
926634418
1593543452
979820115
1418158497
1331367441
1072546037
1022713678
1484649810
861204333
1479138153
1605992289
1424427608
2041811113
1918148383
2793262037
760296903
360337611
1185839422
1038867934
1647567209
1579374707
1519740865
1762437242
1655293988
2493841919
1906979471
1925423040
2176355368
1449253258
4323265418
1575001423
1646921316
1326047688
1148416894
1463588104
876027771
1396735368
1013120319
1396945491
1172152762
674187380
4213601646
1577040509
1584554540
1539056893
1371531510
751336428
1041779023
1928182894
2319353397
1276736778
511219116
1465591472
4112345681
1297095122
1626817228
1045069096
875617013
1009855669
1485334619
2829775880
938411891
1159637652
1260574305
2212950075
1186966982
2399370707
1786553189
1515551600
3841863363
1005236150
1507289320
1202662414
977464665
1128474185
2566756259
1242380077
1764862484
2689380943
1718371419
1798972080
1756796416
2706947639
1911403597
1134942826
907539418
1707191508
3195518187
1608303405
1418527108
1310922040
1286200117
881188139
1639412714
1523913053
2712785031
1025684734
617406750
1541554223
2011172675
2620215769
1432894641
1406382040
1878549434
1770538354
1209364832
1600865928
1150939482
1640621229
1689873283
1234766208
966007174
2005793281
884778033
1401222840
1356769244
919727378
2118664884
887851235
2035519158
1256547056
1394841209
1416182504
3136230865
1486322648
1580239676
1667979193
1644023955
207426575
1545650461
595486481
1298761823
1898711082
1571297019
1661351468
1972911054
663065654
2041726712
1835073148
2239140254
956936131
1055383849
1022846638
1802187121
1105349921
789699458
1676391693
1956030365
1625122791
894214595
1636575747
1855672046
1677429731
2091260684
1326997504
1367493096
2000260226
714195378
1615093024
1689292230
1588362233
1425177560
1395204357
1204749090
1263487262
995828623
1128214704
1092474869
984916246
388945090
564499930
903204291
860310701
835470125
808314833
741129706
747413391
712766244
662379361
657043600
621265062
591379037
558979155
466046122
448375580
390257152
427677791
215010467
287278560
204330076
299838472
251308451
114023219
241438541
211103849
194238646
199349444
173152913
26404201
53293733
120960793
61499188
34220146
82899627
112997022
20484282
54370669
36037801
96062390
3621951
60417103
71242364
71331145
27858037
67283429
61742291
22385647
26020265
362791997
420517094
491584035
500861065
530422251
688670116
666014945
621729132
889368826
861091783
806129931
793770628
1069716924
804948649
1022549880
568941025
1293542598
1315339591
1314059598
1022955305
1054240550
924729780
816668948
962833092
784107356
86843704
942857590
525836343
1739409947
992244431
1339300545
1226450843
1955414259
1046882776
1160840639
1428726448
1277060360
1515706153
312393842
1401687382
1252359175
2169579388
1511818280
1678996462
1739418322
1107183772
1465482671
1281054322
1505633590
1478673846
2154432577
758991691
1932767610
1379442604
2099985760
1454817862
832131145
1846664663
1570607093
1725736449
1819221484
1362683808
1057145729
2144822705
1298753181
1742626056
1660095919
1903385767
1504108443
1294004808
1453599499
1535580631
1276958277
949463876
1509397101
1107199307
1497661314
1243803449
1299682775
646358232
