1674958468
769539092
1549908382
1351660254
1569241395
2158912034
1298646765
1070663832
927337125
1172145238
1088081041
1652309537
1425141844
1735611206
1320431611
1144412558
1366948928
461170534
1292671676
1455945558
1483518330
2065399253
1810446155
1966674147
2393081804
909363237
1682505915
1151441174
1162461366
1399991289
1672094532
1797612539
392055980
981072052
1177172473
963481470
1076596376
907871288
1560861364
979334116
471195014
1268364059
1328517357
1646763374
1640246338
1779625449
1265106481
1177704817
1155808875
1263323798
1601050062
1446684137
1236036402
1353751523
1723002079
1350793010
1471757276
1636691604
1302900575
1132368172
476255148
1169844936
1472388628
2329422359
1562052885
1476525367
1136468283
1189348607
1554376246
990249361
1439217162
1289208979
1227576742
992058746
1493440389
902579093
1479098642
1617719320
1306884707
2136055311
1927544479
2576064896
631922645
381021036
1256578142
1167501374
1683004903
1669006769
1451004213
1752008666
1624482185
2262154319
1943644948
1799375303
2404505106
1555026706
3803640885
1579010236
1700693163
1401782543
1203617466
1448169332
953695917
1497552765
1048832084
1369777404
1272005698
789007472
3707152818
1438988819
1722417847
1513436196
1191029768
857672340
1074582304
1963342173
2246726249
1462468816
730342879
1519783206
3260964067
1346717707
1624676874
1009088411
1053004174
850695995
1541784793
2335918816
951160461
1349361282
1223022826
2012935536
1053138656
2209142224
1823768378
1517666667
3253982560
871087940
1430162751
1247506525
792308671
1154709422
2422017612
1216007449
1679819757
2437159641
1614147586
1785463204
1778773298
2480069600
1911258485
1085078836
998268912
1686181196
2781168779
1382354319
1373923791
1372846781
1355550598
840489370
1677844123
1414392363
2515156742
1008905940
596626134
1586927567
2033903216
2459230032
1544088049
1302796335
1696367519
1750122231
1255131863
1678133300
1068446954
1657956682
1548768613
1223803245
1097976373
2030928585
975799185
1387942644
1415387404
946122773
2024284782
926680103
2015064637
1205203237
1232550424
1397602484
2911788662
1259364749
1529650088
1606133634
1772560491
409353312
1494534671
412870808
1258375348
1769873166
1450811582
1445740426
1915617026
731831820
2183138599
1825251220
2026078574
950780765
967008886
975025160
1698293058
1197777885
770367356
1747128543
2098139641
1525297994
1182645002
1574352403
1910642047
1617748127
2044229931
1233095250
1494060215
2217322412
750404232
1553249691
1827428202
1647409634
1448199019
1716197693
1531913866
1511036946
979104392
1040930724
1403346102
1109653027
212614124
565920462
1118927198
1125948083
1040451754
998290278
989075764
951995485
931264077
833727841
810325663
785572505
768300096
681437900
548951652
526058072
551670799
547166882
472079370
461342948
234442695
310585710
404097608
349878057
271681971
299965051
235423216
157760202
87331000
107063248
188607300
163370220
183441371
1392393
55795059
151186166
112430776
29714637
68746683
46508930
36858645
65412966
113070939
81158753
46078907
70667132
112159503
288272244
230041852
561328292
576562885
636955465
685462081
653168351
702928040
612549918
622698541
968432493
837665886
931784981
844628982
1102078665
989151231
1032991067
764691212
1303895660
1205804163
1307145239
981922281
1112418188
1016532041
780816987
989637641
674921967
121918234
867979299
541709234
1720820323
1173618795
1193606680
1327475565
1856503751
1178484233
1067675360
1233500390
1244212505
1546654709
298430199
1516311303
1240489230
2155741344
1545127993
1585140632
1834264933
1165794955
1311132485
1269224389
1445735240
1467058971
2159186173
760780833
1836018921
1553678436
2072617786
1517979018
838117367
1803652742
1539423122
1596936074
1946492082
1446370314
1054417454
2016953165
1128006781
1644465660
1759077949
1957193018
1475497290
1401844028
1475584955
1603028413
1222094230
900520069
1580925517
1054027519
1661415010
1276527772
1255285061
622869438
