1856159620
761007904
1629668805
1313667650
1459441840
2139976025
1552028502
918347163
816958160
1106982396
1230996263
1675070064
1438688539
1758341018
1278783388
1198509529
1061224623
140990778
1193141577
1403301784
1357388780
1883761088
1789899595
1896977082
2380316736
780417770
1616841748
1232732943
1057064037
1272653810
1730119587
1958287790
373525299
990161375
1185802886
822449925
1137262384
825074791
1717323347
689197111
442377083
1310434130
1300285276
1831510401
1700461493
1983544519
1198532911
1092849032
1163961248
1310969763
1693787222
1129173774
1164173633
1472262984
1774379546
1290498315
1596213098
1880947375
1501440185
1014149236
644071222
1169232033
1561895384
2550440164
1579230354
1571478712
1282816984
797782540
1585308089
872211002
1509666436
1281500681
1023327513
1054712038
1481769530
725011415
1545324809
1538797160
1397501443
1984459135
2114587561
3011020086
796603126
445628408
1102221793
1125562473
1620809268
1596266803
1551216009
1769073552
1589358196
2789426744
1928619907
1935816572
2184240340
1434004567
4939903505
1521084338
1596128789
1396225655
1230111092
1687614622
896884278
1427949472
1160898574
1260078928
1120811377
578964660
5173005879
1445077209
1632535397
1466372785
1319671122
885844215
1087682211
1954960788
2226455493
1289366132
443368428
1413025313
4813732732
1300059030
1566599228
1160179601
839617265
1056307797
1575795807
3450517100
1067858561
1184272582
1296207837
2331319072
1168326555
2731237719
1874308804
1595538133
4527644136
963959098
1586147399
1187920434
1131600648
1066133716
2456135646
1133344865
1764868236
3025256708
1653107751
1828422796
1762644074
3023452653
1909170290
1194892887
853140022
1721563287
3631060972
1546764379
1352953673
1352271735
1190396637
909461346
1663977406
1605956297
3022615815
1114836112
599977775
1438868629
1930492199
2733655814
1452095641
1283748508
1990648555
1759481685
1208049496
1495213361
1239181570
1549638102
1808190644
1411770896
1063265387
1930132834
943859640
1322318656
1344755955
926955867
2057868252
904594079
2043966207
1329689212
1419755253
1418558173
3088617462
1559583767
1402678501
1673049050
1590034589
244349062
1585689213
684227811
1343095684
1812644260
1559346433
1720564962
1980417659
811089187
2072498428
1891155124
2134665121
1005488919
1053042764
962599885
1809142734
983056783
846534466
1581969180
1729581335
1643138273
805472041
1580378597
1919523265
1643582468
1760134638
1396979587
1350014120
1537859914
750761080
1387960519
1308681982
1213056940
1148360556
1088533555
1024001137
978703340
942369299
899542130
841507986
770974968
264406522
551635186
697384026
596040000
649016084
610157417
591882714
572232186
561900392
536556316
475061178
449399486
404282698
394696627
385911596
357026273
233254719
321357957
238677465
287289230
41553916
246310561
218850640
36704836
186315303
157733469
171358580
39809723
126339045
75734501
128336186
66776119
92727124
78689361
36469468
58830486
49855398
37914090
79066990
73618576
17132337
8861351
46207393
23368713
12895885
55336155
4590247
19116126
62832981
80636025
303497404
314937753
253090852
435535253
500126961
608295224
585348399
723179059
701419769
752410940
675953149
979290041
843808118
1030136702
661498717
1254152280
1192940916
1253298970
1051136733
1085995798
966475602
854382124
1006710402
779260961
294833580
960345349
496370870
1703334505
1025778245
1252371687
1197846637
1964826262
1067759410
1237794323
1453208775
1301532205
1472609425
240225206
1389916603
1354511076
2098770912
1558647867
1761120782
1861757555
1099007707
1476655426
1241179877
1622222908
1502201452
2063537969
772711330
1703850050
1391165336
2089592824
1495059483
889229498
2019422981
1530858842
1814801206
1808183512
1400847438
1113607911
2236324049
1262756030
1864465326
1565454142
2017413642
1606185505
1108955956
1428672779
1520911117
1266740038
1049532941
1553377242
1080326669
1590361246
1084707686
1297547595
794890190
