1649749226
798114358
1505577337
1357117742
1554995279
2142530078
1305593761
1079287134
804749523
1184162024
1073217139
1640363217
1486618374
1708300375
1326567866
1050798967
1421652488
479546848
1256660640
1402964233
1503760087
2111344455
1752946661
1940652762
2313954237
911285706
1707514554
1251422838
1080227077
1382324281
1732839350
1795161806
489504568
997203211
1188893182
932032508
1099354895
959011171
1457785995
950979528
501948466
1290154279
1297445309
1676068994
1636631820
1765879755
1286188094
1155493998
1063728479
1222016414
1577245398
1469072840
1240599970
1376160096
1752311818
1362804801
1408750618
1636099744
1312568365
1116523013
482221680
1233702374
1522922849
2238042843
1530191530
1530805692
1158233789
1219544779
1547835495
974646155
1431498755
1341678678
1293224256
1055019861
1408531970
962485831
1459274700
1653174114
1305290739
2058455594
1860225304
2481306494
630858633
381742010
1319406071
1157109301
1648399543
1620243216
1454614460
1752860110
1607341602
2258576174
1952556966
1784436588
2413506036
1554449834
3762468929
1553423359
1650406400
1413213327
1183631366
1501397979
896160493
1523637949
1048741404
1394712426
1297770524
874156475
3630173111
1335178989
1750058143
1463102431
1242217127
836984800
1199303227
2050426420
2250517037
1455665327
734038450
1507420048
3193469435
1322921355
1689647084
1039226459
1090950092
856313263
1625913863
2211254730
975218402
1257279147
1185792768
2100461962
1079488532
2240406489
1879813960
1482507967
3223093685
813657310
1361022249
1295570197
811616590
1150143075
2401174106
1253571029
1608466268
2387879553
1637482826
1806082223
1764961792
2391932580
1981637381
1181733965
1038417069
1671022941
2713925850
1341226829
1391654804
1307434807
1303014518
846734482
1647166175
1359575918
2476257333
1023317290
643688157
1634987789
1984573403
2416481306
1540235375
1367504110
1719027014
1795405316
1281450751
1683981170
1068294954
1706510903
1615782494
1195021733
1003886053
1961964546
994775774
1329439942
1341775851
943249606
1982673230
831750512
2006599556
1222514045
1220827124
1471113549
2884041400
1248994873
1519529222
1534508456
1852406422
389579038
1533867682
473864350
1320694852
1743578954
1445223211
1395050077
1842930811
870294626
2202399118
1835478940
2044856716
999081804
971196799
958320237
1689266028
1265599418
708878502
1762283383
2033576557
1530250440
1249192908
1530576707
1830657048
1542616405
1966519360
1237737604
1459592238
2186640601
721233308
1640275733
1806668885
1604452665
1435396984
1871407898
1607784463
1549593977
902787542
968061653
1467362861
1114023531
93364945
663236615
1167948036
1164759027
1133465104
1050800390
1002634050
964998084
950137108
911072472
816848974
819962942
788364237
728190406
553060317
540414266
612031904
492255142
505552861
488869721
321306672
372099016
397770744
392167301
239287157
289122480
187499997
181692932
132752092
79951390
134137941
201250678
200952749
79313444
94699249
143710255
120704549
41110784
101422198
46990552
14332529
29345104
103445034
13185103
63353467
98761673
46334728
289466951
218744625
678247972
602626979
668305334
653267007
673324160
771045364
613362013
693127607
896414687
948462491
944769123
797223651
1072207684
991354728
1094693700
661192126
1302502670
1267638571
1306291081
983557738
1053853014
1031838084
800232142
1047834718
655794760
144759122
818222991
562339245
1700783447
1260149390
1220159841
1338637154
1850865252
1270501876
1106942467
1218813984
1289997009
1477829458
360203860
1548177424
1212345053
2091578672
1542693727
1654453976
1710043249
1153171905
1151931706
1207421600
1466960304
1422739309
2123235311
796671515
1887062257
1557619097
1994397145
1601895088
856757478
1808113477
1556228747
1668710160
1902172135
1438841729
1023565595
1960060517
1100930443
1748605533
1816069595
1876559292
1423027602
1428506566
1496400743
1604821322
1267481296
937678559
1540400478
1101154694
1655920095
1184583920
1177438116
622206991
