1873240330
735557946
1617670924
1411962464
1464540786
2144806894
1406990889
951331026
843089047
1125577973
1227373048
1772032773
1459601745
1766607857
1183354819
1181245618
1088821209
223251807
1149542799
1408913723
1326018948
1929090541
1867696238
1923108190
2279461845
723115187
1633050085
1217374153
1113743361
1256533623
1669182043
1827720681
364116138
983286135
1253128820
905267181
1161577821
845539707
1736677155
662088160
374732202
1372090461
1287888330
1799033987
1768287924
1918949763
1257694477
1127718285
1178310665
1276493794
1732689590
1134309521
1230296821
1492911426
1892588704
1285217546
1598035124
1824946156
1502740740
1096108591
602333702
1091709178
1521861409
2326850694
1661732736
1611589094
1234955359
818726985
1580973306
928138074
1494213968
1326195746
1060985311
993362006
1488031067
841472400
1561117539
1568531532
1377224386
1929513124
2028432466
2903968424
713449861
314755971
1188613844
1071249258
1591799620
1630290259
1522326825
1767089153
1629718773
2578763062
1944971771
1902416093
2193570587
1373800862
4568874016
1602230329
1592894302
1302516069
1137049420
1527794443
905248747
1430822574
1059832453
1394721621
1182178448
604932553
4566977756
1559852105
1669819130
1531897177
1419625333
792020513
1023454013
2056671137
2295326111
1308166331
462614079
1447984083
4398025660
1248998265
1618773404
1057318314
906947467
1050755116
1494109002
3045467820
957519224
1197271265
1272969470
2295196564
1158474230
2571313724
1754896538
1569884691
4142529082
998205810
1520101697
1154829171
1087085363
1062284277
2543485190
1235143434
1705135697
2917758570
1736635484
1721964724
1827639939
2777537735
1878616400
1214620877
834345966
1681895039
3362033499
1507734319
1382658059
1286520026
1229728004
860738568
1609805908
1608706354
2731460327
1029496647
584689752
1443767266
1973132224
2629567928
1495908660
1269278629
1912365396
1789658320
1227393645
1616220474
1132144684
1617873923
1740354061
1328429941
1062348894
2032120035
912029051
1319121103
1285930347
946417072
2122825084
892269112
2031457760
1301603399
1451482621
1411363414
3084345460
1568118923
1450471347
1608386133
1649441507
226400124
1521433727
609837547
1287783543
1885708519
1487280190
1672378388
1898930731
686703840
2033599133
1811786781
2177224400
1032846726
1073401011
1055034875
1870933697
1092661197
888830281
1622221317
1858596098
1737982160
863287476
1646833751
1871184427
1723290028
2055751794
1413922375
1385109841
1812514455
711140011
1620919506
1542872815
1449402052
1344215167
1277727891
1217969586
1133962332
978380171
1059406441
969764550
942233898
315848254
553495843
775232183
778217813
761684318
735193817
686362072
647101621
652796366
617873582
592048604
567777487
520946339
493099691
393581612
427340514
358030141
379043999
213958661
329452439
203132004
273105921
246821894
113898744
231280746
174428445
174261403
181919610
171040095
1900805
156383459
24638680
39280280
21021220
44614712
99880658
29325744
91378000
30611633
4861419
10130823
29561152
22904434
46013388
39314602
50471566
7128304
55095043
33566299
304266645
348660542
389542957
375646656
473159873
617835759
604095083
610026067
794693338
791476957
759576195
776475311
1070548433
837996242
961782349
589939438
1284791140
1276185252
1229410296
1072295400
1062772833
920901583
860971789
964600186
762872164
65348650
975611916
550696776
1819860257
1016290289
1332479187
1239939102
1877275363
1030765227
1122847870
1491572198
1230523103
1593747092
325036629
1363791511
1243823767
2158774357
1503131825
1745670851
1818275337
1076126460
1432290804
1289796548
1531085617
1490035394
2137959446
784810625
1908533131
1380837705
2078963234
1348219078
840217224
1911042857
1544242452
1707253182
1805665217
1329250415
1075417305
2199477737
1243963383
1839759394
1685617466
1971036091
1488991702
1244351953
1439088356
1523159729
1276928227
885260454
1537966032
1179881358
1549135901
1192745843
1327727940
692634770
