1624562827
1132065650
1347131452
1412509555
1129332368
1929895731
1540695708
971752610
1053878187
1281452964
1109150521
1724680306
1548000824
1477150200
1141829128
1177222153
1837756165
1064188688
939194000
1774289909
1513168382
1565880744
1364500142
1920586019
2187360886
1061226159
1783031459
1022342152
1371875700
1474776923
1634692050
1411908278
1238203458
1152822912
1520124703
1297852619
1115414695
1225429435
1383458473
1334720435
1165401947
1193275217
1111334746
1448963949
1097847181
1236043339
1484363320
1040290038
1092726350
1095641545
1283448790
1268601583
1564913016
1474892566
1912490293
1761343572
1313630221
1399944814
1751166997
1182638479
1182963756
1064447004
1407992391
1650453627
1390881719
1242578933
1413750877
1094456643
1645997569
876394213
1281873530
1367797585
1637595584
1181490428
1341849854
1155752434
1088276976
1556755690
1402111081
1855315391
1446924206
1939432540
964011022
1096602192
1011089621
1633162362
1569430132
1313629160
1337102499
1609904484
1263900912
1612525463
1789746222
1660980262
1726109764
1318066990
2397098268
1378268260
1540977422
1335514590
1424637070
1750451708
1225426061
1238534801
1293050351
1166561455
1293789533
1200827334
2175608210
1203699095
1723234127
1545393946
1091543946
1037889131
988156315
1515390604
2032576957
1239803954
1109940964
1471969964
2404621350
1197088916
1684954742
1409629103
746315171
1121646972
1667107503
1632654722
1032127231
1447926272
1548476823
1887969807
958599777
2088759962
1278701933
1570371736
2233033308
1014562791
1253116170
1145784807
1399791619
1149272902
1704057940
1514748725
1880122719
1135840676
1345248623
1388551824
1094299643
1591072601
1341938525
1039945468
841303475
1437550806
1990294631
1348289875
1252455170
1321415684
2080090132
1053936925
1148981335
1269404775
2071333372
846336709
824102955
1520510390
1631487154
1930680306
1526443175
1623550549
1449808197
1742093109
1531572291
1442834118
1075831110
1432383422
1463338724
976812056
1115071501
1608580256
934724855
1185149659
1242064589
1219791539
1906563120
728587408
1734542762
1477922992
1238275027
1408930458
1811573338
1275016546
1469770090
1429035395
1278157337
836988687
1409299444
790722718
1247466641
1596266881
1517635773
1339259761
1627942819
1114948077
1984263840
1513156725
1920112316
1180933326
1121657008
1064995742
1908970853
883056269
1304912693
1716381202
1863496352
1512670613
953680497
1543301317
1413760885
1354025547
1620245874
1485829820
1280482182
1818954356
1212370833
1514370078
1456611164
1542543258
1562471430
1710613574
1185816939
1611930572
896762404
941036347
1653951316
1304245168
520528864
886298423
1437834723
1393146517
1197720368
1252199469
1293008972
1347525804
1084930456
1163014010
1095704664
767051105
1265125616
1119254383
1023790577
1230621902
1040710062
1209004264
1155534188
953639597
809230937
683501104
858686846
818066211
747805568
469253131
864942407
745357372
876918409
792377818
725424698
490883581
664508722
652248886
624597382
664365322
446072138
489235370
145792913
520866538
503710927
406439401
592703758
536497346
572330512
583310455
845550336
599635443
909307448
1089204193
1125975564
999309836
1046099883
742145935
815811812
1014947333
1063168233
1051894822
1173395860
784587784
1189628475
1279641864
1265352242
1090537079
1229024926
1197889416
1389524624
904331582
1189387756
1271605369
1256392143
515700848
1154477162
1205502135
545928827
848555272
1134712168
1440878403
1563265191
1366237904
1272482623
1612789810
1365935302
1133238122
1345337420
1335150176
1532257700
598197765
1519348746
1171856006
1443825926
1461791602
1827700728
1670934208
839828752
1565274558
1430606156
1635213630
1635627114
1672626545
1049670962
1446600212
1123657426
1606135420
1567017596
1253272138
1695648262
1296152177
1590278837
1384483740
1074271011
1118965643
1896615210
1123018953
1799295994
1427842157
1793354431
1785944242
1393596521
1226706621
1044352233
1485610548
1095227102
1427273518
1438116362
1796955075
1393759543
1283352221
1053482748
