1836801414
746311996
1608700301
1393260618
1501446855
2163432211
1413874430
964114939
850944822
1101049750
1228196773
1853587278
1476876917
1814745919
1219942840
1220840005
1086247763
227012440
1119198260
1385998876
1325735592
1911087439
1879737691
1942452980
2288671930
713215635
1649765374
1155941167
1144723951
1244588264
1665812919
1882956296
403228928
966249761
1250824496
883097806
1164192481
843610648
1730564665
714235328
391462219
1310696040
1247106864
1778291870
1738846827
1956639889
1222872664
1117770504
1162867027
1247975737
1708743063
1163294735
1168880671
1481329754
1884672730
1344850478
1624255898
1785641269
1492455876
1085258832
558194100
1073638426
1456566300
2347635915
1577599865
1590267518
1182325010
866204056
1559766703
961546351
1464729719
1307994759
1054262523
1026596577
1452484177
887757173
1540631095
1544095164
1409481047
1970270065
2031130520
2849495639
741215982
335352717
1179137195
1046030919
1625068844
1656872820
1505146785
1711544790
1650107438
2547874403
1927506332
1929445699
2170542647
1387140978
4485271551
1575666160
1612559719
1281095432
1159811599
1507117091
851869011
1416472543
1054994434
1400893288
1148846910
613296964
4468650587
1558380520
1658488784
1540373286
1397077840
765789463
1025522015
2048009807
2283323587
1286978035
510240458
1456712529
4263630699
1273467637
1651290607
1028391122
891039792
1031332462
1467811673
2980857629
926332723
1140032852
1282097203
2319111555
1196847424
2567279658
1761123804
1545177405
4054428071
978465163
1506019179
1139886115
1068408365
1078578863
2536712551
1250565202
1741260125
2831530808
1767396562
1769649302
1756813526
2743042943
1859252430
1199039033
810797157
1705275221
3287852866
1501708731
1378236850
1227508316
1254619776
856281322
1631832342
1585309582
2706485928
1029365725
589786784
1495523677
1991845429
2631863262
1516560063
1333248749
1872153772
1775566418
1237771102
1604916163
1140222895
1624078819
1737166047
1311687369
1083757499
2082388327
908844427
1364238321
1335947531
904860486
2137828462
856850420
2032976417
1299048493
1380169381
1358096118
3124724343
1549491081
1525664459
1599418897
1673444365
189698699
1535124563
603155561
1290588499
1917568151
1503528216
1707552022
1921314227
720786187
2108761699
1840060137
2130440475
1008474216
1064497638
1040993753
1864789204
1105513081
871480070
1680005366
1913544152
1661804353
859773528
1674365314
1875054823
1704440743
2037486577
1415029811
1375558547
1855127720
745664141
1627055014
1572951780
1477729413
1357899582
1309712518
1167901601
1177930997
1012996014
1087956069
1028332389
986749934
305457682
546947710
803785890
803712081
774633662
733912219
682061524
687814690
654718460
636261572
589341670
570133711
534230486
498783660
392154329
455935400
397631619
402187231
219945565
334825163
164099880
279328356
226932237
76216002
238259399
164401075
173830818
199932745
176157806
10579284
55573949
46476992
44747370
20069721
20853916
104065730
4465313
43492389
52825635
51837188
29079095
69221054
34544773
78155405
39980935
43596085
21715235
40786177
38093308
320423137
351606346
426552468
411245288
469960799
668304537
604556840
624840204
840592655
807352595
753279659
742988984
1032566844
867719558
1001528474
584236249
1297788257
1301231116
1252810111
1091947755
1086453662
935092789
820681569
932708396
786830340
112337547
1007826386
588339129
1815015655
1020575220
1297110971
1210819454
1887850205
1052659841
1178018118
1468699351
1203186396
1591283175
312909238
1354912972
1245487543
2162359786
1519631314
1747325505
1760705622
1093682984
1438602265
1313045932
1537714699
1455947050
2089103737
790289989
1910427953
1392580131
2099842646
1389847644
826431033
1929740156
1516311781
1705205115
1847961534
1329367702
1094924963
2178500458
1218238677
1771517290
1698442460
1973280545
1490849450
1243484607
1442955035
1539221813
1271281759
876551911
1494999910
1186649236
1534961738
1201573879
1324859595
678156317
