379623971
436566342
267167206
345695841
499022692
317158161
271976717
440186368
364990683
422048725
314646585
337400359
464613249
221766621
223310559
444106786
447950465
166041051
163339033
54752369
164794503
530375369
200475219
159918694
204844279
419333463
371046861
412794923
319287790
186598030
558669255
276630790
581564457
63389179
448045867
397812000
243190470
368533597
417421322
405867457
373943429
392375055
410603691
381186778
407067268
260806020
306856457
115805399
377790328
364314961
405785632
241330400
123348287
121157910
268339047
364253531
271988372
220534809
125017913
327514408
233530311
349611292
253663934
526816720
499851498
305571368
205938210
273748763
306317601
274712401
440828373
278373103
282954729
337111652
290112201
16111578
172651091
167954928
221054111
301878169
198355764
429858809
343427341
285603049
240956840
304703497
424676342
449901427
465706782
269307622
199901904
359542336
277887645
396360634
225151106
379835494
443185471
407203316
239261755
375505969
351955469
310912348
320308752
233512231
486967307
403301223
535631400
294272366
397349472
422746072
141094433
380387367
383739156
277061048
161166283
457996319
53260137
349455946
393444333
322814589
30591220
411673883
115327564
203058042
360068365
489557903
380354407
342595163
453061084
360736904
428994631
173847908
94852180
401006515
324115143
335276608
332389504
152062036
259271253
262277835
89717358
245126397
86542369
288730415
286458823
546044089
324670302
455317902
356030080
121122837
230600672
325419175
245529815
248743946
248061771
288700960
306320345
255627164
274070578
270205774
202676613
363087947
230989196
312322908
389847068
376452326
55168370
369861332
285984352
253530974
356939812
436100937
223248616
363396398
405493845
448533987
251780464
262870122
649753121
278196851
342711786
310256999
562972309
250589336
82209058
167379308
407700578
766783825
86596675
331945890
257786986
317419925
283449499
364968107
350857947
428082086
267730148
25050830
707084011
262654136
515076158
259198324
287348811
314203768
232390177
318756645
138321541
231300203
468398545
571908787
354385173
365829119
302767960
400989253
321244551
638495295
309108068
102559921
320503742
247637751
19033680
102750016
261804919
176349687
145839981
702599468
195380112
107955269
127724026
101763157
73904377
11487998
353924330
236024603
96863764
21997841
72955189
307581450
222991225
68344567
202757434
302532991
105430151
107135073
151816729
37356161
115457470
174426939
157306416
165599294
180255085
169381999
158880112
95416024
145850851
46841185
128996245
125638007
112840163
96192445
103159823
97684942
90365083
21912019
75821595
7631806
66182296
48938727
48546497
58413953
9254969
53859885
49556346
39442311
33706537
36301281
4519708
12984869
17274986
26200142
17293106
28975551
27988209
28277071
2356192
58693659
89380953
91350352
82853529
87598892
66711652
198492897
199579483
167526590
197001106
248800915
288746465
203659445
290455383
239283536
463966772
353674655
406590718
352076279
58228433
185303162
455235848
484501352
208371470
447617067
265038471
337256440
501582440
369035982
345436661
584875370
396317258
397099199
153560905
580927944
447081600
467484015
220102962
39108034
273039860
404335120
211310204
284417881
255833580
257063264
528287880
454687273
318664528
410960061
278099774
184839888
370929084
367279842
253650881
265041309
453030028
222018671
4171110
291134164
285322021
410529231
314304601
267371884
40028311
519307107
376269433
524018176
118350762
422950365
391794015
75178315
224740245
519683213
488138675
183085734
376199819
458500843
280867161
327940215
349794291
