379033934
436929733
264779236
348274584
497936137
316637367
272922385
440820779
364370065
421593046
312929599
338489196
463378568
220236792
222465695
444309232
447016678
163928069
161722774
55006730
164040549
530403085
199274035
160849772
206153417
418480180
371516781
413642196
318346814
186499685
558802989
277508207
581964751
62609873
448221761
396721033
244557877
368765298
417729434
405543862
374663257
392258102
411024907
382655636
408586603
260232909
305403325
115521262
379700609
363674779
405563428
242117504
122200323
122158218
265773157
365455191
272875028
220606722
124779296
328053363
232430813
351070056
254214247
526657774
499328257
305688891
205557601
271920745
304326905
276709084
441247658
275489875
283488563
333931144
289906180
15842078
173518800
165896401
221629614
301765751
197996807
428582830
343911979
287518736
242373226
305072357
424389023
450133723
465631723
269770913
199161076
360073980
279501798
394679463
223568523
377753581
443778975
407628954
239668323
372927406
352917656
309937923
320427273
233727062
485605370
405328519
535959409
294984350
397387044
422165608
139759923
380501414
382570678
278276944
160862039
457422618
52399206
349721131
392854294
323446787
31702683
413191682
117065171
203730892
358644123
487305082
380534887
341647489
454335364
361392524
428717347
173347475
96112932
401263350
323029784
336287669
330874064
153481779
261465575
259447768
89817170
244862713
87257639
287895834
286799666
544301986
326752446
455351537
355406110
119730701
229963501
326387209
244459428
247195425
247895502
288535031
306268932
254286166
273664914
270810517
201277519
364501801
230224866
311000462
388820983
377099767
53051486
368459372
285583231
255071949
357089716
436314245
225072758
362817981
406053952
448564094
250848792
261956130
647982486
279159630
341178082
308978279
563900311
250950264
83473911
169586369
407865954
767474552
86401620
333740193
259046895
316509383
284967928
363819377
351353940
429097922
268083693
26384762
708349384
262259452
515891795
257606143
287104526
315550200
231418391
319117480
136585275
227904247
470291153
571713579
355975694
364048771
303065163
403126799
321291248
640681473
307542233
100202913
321501219
247046318
17688513
104036569
261691801
176545411
144216634
710820293
195559594
109921038
128834697
104026276
73148752
10955345
355044020
236051791
96999014
24278940
76279325
306358760
223024528
66441103
203783226
299588572
106007669
106229393
151414500
35992273
115152113
175558119
157567419
165999173
178233498
166992017
156924443
93995019
143651370
47713698
128162827
125979108
111023155
97396893
101565016
97983317
90571180
22309484
78207950
7526100
65862369
50330894
47935671
57455704
10226448
53533522
49860682
39258589
32480270
36817338
3438227
11554761
17188844
25465810
15988024
27704998
27056843
26389253
1754210
57027537
88982564
88924839
81296564
85728607
68665042
197665721
196337499
169527778
195597557
247549853
289287667
203655723
290565957
239125688
461860948
355412979
408107316
352786593
58011342
184768019
455985552
484483479
209707981
445999179
264088555
337155695
500262427
370801730
346357636
585053839
396318971
395628214
155070852
582901054
446262795
466087760
219093773
36404053
273820278
403636159
210121163
283763860
254488203
258887499
528555849
454988290
319055461
410899878
275863046
186681768
371254160
368582551
254116684
263078178
453524569
223463578
3046993
291084502
285665285
410781092
312957710
269296522
38141748
520190342
377797473
523552986
117748793
422180185
392889840
72933664
221836192
517075263
487887163
184164493
377476123
457146242
280527939
327530051
350328643
