380386157
435374192
264010055
350996057
500668173
315186232
270887539
446797796
363555167
422119790
310456726
340027210
467028904
217410982
221470401
440178299
445067944
164421799
162039288
55844756
161461134
525275362
199026129
161881560
204632582
419560047
372365465
415560155
317400033
187897100
555446186
278064787
579031750
66527401
448651204
396099133
244768796
368212624
419088412
402476801
373126278
395420912
417029809
384128118
410277988
259795193
305842783
114196142
379184175
364067310
408774678
248122783
124353566
118743680
264045465
362660690
273858384
220204900
127337840
330728889
234156662
349492298
255093413
524995754
496091072
304027071
203310363
271621413
304917219
276682787
435598250
279572929
282037757
331513075
289661511
15449470
174896936
165490837
221023193
300794809
204007452
426801278
343555683
288603361
243146964
308964041
423388096
447785396
460333384
266131749
193246820
362693702
279273140
394795030
217407354
381321344
439564858
409704099
235023427
371960946
351753143
309813822
317608707
234057889
482140031
406185125
527269763
298369833
391425148
417214883
138814603
380198271
380367811
274640210
158959965
453270708
53945366
348777053
392162044
324372299
31054524
406436770
118204270
201567364
357661879
487297319
379861821
344210641
456422642
358078579
425828324
175316308
94330258
393589163
323226652
337661932
326543832
157868284
257027934
255556275
91231940
243322136
89242994
289147938
283535299
538756386
329155276
457650278
355853553
121593130
228038238
324912728
247227455
246046781
248019277
288797204
300783961
257992418
271718164
267169663
202860716
363670879
229227758
308488498
384448298
376823388
53234645
368447274
285548812
256546360
353866045
431243580
222213202
360199723
406510551
449138985
253728178
262320085
647820484
282767600
343686982
309709709
569635660
249270724
83501421
165856100
409349131
779283229
85343273
336654318
257276573
315959537
286734063
362350514
352074032
427715074
268277037
29437389
721733999
258797499
517161034
260486309
285882068
315035140
232390243
314447535
131890340
224271251
469958109
578274206
355112131
363349984
301222833
399628216
321510421
658691230
308317159
100090278
319629971
247088300
18919784
103149850
261206482
176685919
143297767
725495349
191505820
110672232
128880885
102266625
73078705
8427338
356007974
237170219
97289120
25254347
74890609
300918393
222580886
68591345
202800752
295129698
105792451
104715996
155282316
38844885
117494180
176696333
162076954
166262519
177782769
161771348
152937013
92509759
143621085
50466764
128320787
126081704
109974360
97834220
102224727
100403723
91555679
23580108
79827564
8147754
64284032
50547457
45971544
55416211
15097528
50929559
44969897
41637703
29016821
37730059
6468714
15943098
15042768
27425535
22955085
24522538
22827507
20041173
6623612
45437160
72657644
73084459
72898673
70869323
64200609
184677628
179538838
172178481
191790717
246279886
284307752
199890026
282498930
239241195
458846288
354027580
413022671
353606574
59057639
184954176
456473940
481680592
207066959
449964300
264734571
336617833
495729251
372138386
348340771
583348506
394949566
395745968
157158523
584445619
444534042
467785275
220049823
35644830
271399308
402582068
208155323
279892929
253074951
257769708
527099366
453837030
315605791
412152029
274741459
187939493
369307626
369648236
253386574
264391678
450748020
220474043
5473442
289034347
283549646
414168163
314136620
266665834
35585877
520895539
378421012
520636802
119387519
424145306
393600986
72922264
224371207
519695850
487952545
182083206
377872453
458500010
277958694
327585714
355377773
