378741528
436491925
264642588
348382925
499570961
315264522
273624358
441574051
363619048
420320312
312423665
338218277
464360899
217488467
220091662
441382672
445913119
162914230
161733216
53462339
163148625
529015705
199642257
162101675
204051810
419100142
374000850
412199133
316462550
187376127
556407543
276514452
582058280
63228412
448295161
394152200
246785078
367653588
420006011
404896955
373107130
391838392
414210403
382833640
408929220
261407731
305803860
114190512
378940095
363674707
407971849
244038533
123347932
120925092
263026290
364767366
273757634
219449232
125988866
326952811
233744037
349771032
254696644
528171274
497131719
302957292
205082798
272003387
306758609
275205509
441248922
275591236
280399957
332073084
289839863
14999601
176385517
165080732
219293520
301268610
199572496
428669001
343304959
286928455
241216159
308189529
423721134
451033957
464506392
269236802
198380650
362221580
277965090
395791783
219750674
377204920
441081995
408528389
237552611
372315470
352737934
308747090
320965958
233323609
484983841
405895514
534500632
296240191
396063057
420370890
137670635
379875101
380777796
276446453
160309599
456091469
52121243
349307964
394632454
322752454
31002239
411816387
116603397
203292928
359092013
488645701
378593549
342004851
456543440
359224876
431328065
172867075
95361741
399274382
322394871
337988420
327716179
152973187
259830433
258401492
92097449
241637781
87790965
288573489
286145486
541914602
328033042
457354725
356114831
119741529
228201273
326494720
243856481
250097425
250692672
286736927
304296558
255491719
273250643
268764650
199978688
362252050
230618655
311494576
386426599
374302891
52727671
366643530
284805948
254918126
356591418
436287339
224480859
363459238
405496496
449171500
252203894
262803922
649195043
279144291
340837707
309286221
567045259
250453553
82312370
170667199
410045392
770644961
85551698
334376138
258294685
318036991
286226096
363836170
349994611
427568623
268823107
27602778
710839161
261932653
517685523
258154738
286014355
315275342
232657324
317761336
135378392
227801904
469598787
571492504
356555241
362246215
304982513
401834067
321841565
643511723
308870070
98530620
320335775
248121371
16431897
104972032
260504065
178001755
143510836
719296849
194590623
111691820
129767646
106009601
72771101
10790320
353936998
234671455
99022974
23173391
77162442
303856455
221318632
66869111
204556842
296040122
107214225
105447739
154276550
35241723
115923480
175409749
159069328
165148960
176107465
165920260
155134705
93872415
142529020
47490883
126788836
126110934
110739858
97824747
100839754
98347835
90745854
21382466
77732367
7742539
64364607
51542084
48793230
58510320
13354727
52725022
47647129
38539046
31769636
36884955
4316723
14314756
17546025
28551323
17461541
26060029
24266931
23242381
4270974
54171667
83141553
84906745
80610903
81628437
67843850
195261868
190709582
170191817
196212612
248931823
288601130
202411007
288851163
239825697
461347496
357905246
407368984
352648434
56420991
185579397
456292469
482905215
210120957
446285875
262838305
339321632
499555911
373281740
348115325
584232341
396228980
394001465
157743283
581256917
445136005
468133342
220251700
33374585
274659500
402656771
211167658
283405328
254163378
258829215
527350501
457190739
318543467
410839755
275168244
188671164
371223208
368430907
253939289
263597823
451879621
224996826
3782058
289230067
283513498
410482978
312421291
268048848
36637648
520199523
377993417
521494684
116340529
423037619
393648986
76900119
220870817
517287950
487272508
183116952
377413600
458719817
279828873
326312912
351585518
