381613026
435163469
263272775
349845110
500059388
314932511
271075305
447762987
363666470
421446344
309756524
339769249
467999575
216520176
221877596
441292092
444715591
164722451
162382518
56623586
161128864
525175512
200141881
162389777
204635301
418712256
371679469
414559852
316541872
188481637
554552409
278643127
578342277
66109512
448582360
395840154
243509764
367361878
420061266
401319589
371506384
397315657
417274608
383867624
408533941
258792526
305227510
113175487
380287659
364176146
409397496
248434736
124667492
118329624
264719157
361980777
273808248
220654989
127969445
330542991
235260302
348678502
253861396
525616370
494827930
304174688
202866435
271383416
306136269
276996622
435302148
278453345
281668335
331367285
288795372
14951249
174654754
165894356
221344563
300230375
204123548
426878494
343897387
289335999
242845657
308372737
424503471
447899602
459987708
265301830
192751689
363599223
278802471
396261362
216682395
381725154
439569675
408273368
234508890
370953782
350621680
309866678
317705116
232870122
481484290
406268459
527198800
299062751
391193763
416218825
139741279
381644343
379655040
274386892
158688018
452386341
52136772
348367917
392004905
324046233
31399145
405881717
118503058
201500279
356923454
488059072
379907887
342664168
457022074
357099849
425419378
175790189
94645484
393594642
323052889
337420907
326305213
158894891
257181508
255368182
90580047
242284765
89822476
289599477
282493388
538042926
328786191
457465862
355765637
122811727
227434771
323359430
248521924
246733697
247168015
289019642
300555809
258434194
271556937
267073202
203127614
363415855
229027337
309522454
383912740
376387611
51999852
367537972
285572255
256107819
354331553
430875790
222064975
359714653
405808105
448596376
253799825
262083662
647690616
282695636
343161158
309564706
569749285
249389413
83888179
165716154
408459939
780191847
84913036
336076533
257207585
316804756
287168662
363126088
352777590
426798293
266903247
29853424
722811703
258180296
517478044
259051170
286337062
315571277
232272131
315154882
132855756
223270861
471558753
579247229
354710407
363077189
301636801
398528307
321816126
659582692
308518849
101066690
319254156
246237443
19596257
102045441
262926172
177036022
143054013
726485306
193466548
110953635
128691044
101431230
72838485
8930121
356547490
237394861
97076678
25684114
75272712
300163111
221651765
67880068
202930831
294150457
105573561
105103764
156482555
38660262
118730978
176883802
161542912
167450075
178092193
161468472
151780520
93346217
144109602
51292412
127605938
125880931
111305661
97562271
101329827
99758412
90603229
24479456
79550504
7592439
64143982
50847669
46437595
55649684
13957405
51210011
45345232
39854217
28139373
38902710
6605946
15097148
15729830
26636958
22932222
25997422
23485905
19731747
6466484
45653130
70992954
71684538
71385514
68942632
63208310
183951831
179423018
173127171
191409188
244823922
283027509
199053066
284175818
239683133
458371561
352988832
411907510
354051083
59433200
184675946
457332164
482518910
207502061
449281168
263459964
336234645
496540880
372175564
348310040
582726646
394489257
395635995
158191860
585150239
445030252
466673926
219592209
34210824
271765080
401501320
207955787
280394922
251780795
259293127
525981928
453152626
314970837
412927580
274092732
187696784
369356508
369307210
253863389
265883944
450902532
220185072
5954220
288466172
283494061
414082242
314121358
266055000
35511890
521503080
377701417
520040763
119830242
423855679
393032187
73054045
223740973
520705514
488482866
181782826
378099822
457923356
278334045
327486494
355009935
