378460713
436274085
265226438
351500245
500607655
314855679
272762616
444240601
362522634
421953395
309603637
340036648
467084585
218002621
221887958
440482074
444090357
162416269
162598653
54646179
160626340
526227885
198801352
162068562
205428655
417534131
374849367
412996887
318047343
186867148
556697202
278634921
578867451
67406587
449584927
395530549
245099566
368374393
420019312
404654327
373892874
394891313
415380842
384156831
409163290
260734417
305439571
113169522
377749028
364182616
406740005
246472190
126529590
120386141
263345052
361350293
273256762
219139814
127570776
326997143
234578614
348636964
254644692
525007599
497226291
302947157
205692479
271262410
304292483
275276877
436391757
278945539
280959517
331972274
289881553
16573281
174432450
163037034
219323791
300791264
201374830
427304805
343893217
288258767
242106701
306172933
421467487
448239425
462423592
267318142
195074922
363693769
279456671
396224582
219111477
379641152
440578218
410398896
236089341
371430482
351899930
309334493
318234743
232747910
483518279
407337707
529632502
297881813
393655346
417892493
138798206
379394353
379286926
276375153
158050512
453547384
54862675
347966717
392960262
325167040
31386598
407842796
116855372
202131133
357641166
489868399
380110678
343804835
455811714
358778089
428440938
174178860
93486377
396288485
323735247
337154653
325635541
156119932
255555111
256682401
91478518
242518303
88427299
287620508
284144283
540355221
328597620
459182099
356307109
121767587
225658593
326133422
246587318
246881353
249587068
287204485
302316455
257858452
270462569
269080486
202193437
362082418
229435348
308381836
383870684
377811197
52609434
367678057
285187093
255130694
357701226
433142068
223257316
363260497
407685906
449551202
252758895
262306280
648292243
280386639
343246696
310728122
568119647
250765461
81982037
169550665
409774500
774739208
84722204
336309307
257296248
317957762
286697277
360811182
351715780
428862644
268382439
29028992
718892156
261696728
516255061
259149909
286045981
316445089
231935228
315210908
132953130
224308886
469283360
573549313
354050155
362843952
303109770
399671250
320858503
653905134
309478950
99908003
319563659
245904090
18106056
102671645
260735365
176162051
142341989
724505822
193197973
111203998
128425787
102748729
72512121
10086149
355753417
235918194
96737821
26199368
74319549
300605930
223094047
67660104
204266848
297316362
105283303
104184004
155421441
37947097
118088729
175968836
159881355
164142574
176739667
162656859
154569583
91211529
142884008
48000040
128912846
126188779
109901225
97269983
100259552
100543563
92279860
22941349
80806611
8362201
66230951
50781844
46540066
57465847
14700777
51836047
46288908
41174519
28503901
38179489
5035868
14566848
15995429
27239850
20460260
23892829
22726881
21148400
4853537
49472441
76617031
76859934
76093916
75781670
65878035
188881163
183824568
171932892
191897826
246866577
286598290
202227069
284763935
238231818
457305263
355500967
411572361
354431581
57344774
185037994
455307493
482888917
207561443
448809415
263762042
337725558
494869264
373540301
349233852
582572740
393484760
396524497
158296401
581903061
445373629
467838836
218270169
32912710
272584736
401729668
210281218
281571746
252768436
260450013
526362347
452196296
315960980
411873168
273732105
189499931
371637252
369678452
254190824
264351771
450388460
223287187
6124659
289482147
285244213
414971417
314457953
265922756
36361485
518302189
379531809
522777896
117901140
423377777
392199112
75311369
223333973
518870641
488453260
179887125
377561979
459544449
280417932
327755049
353571297
