380748936
435703032
264405825
351701793
500297470
315756049
272120835
446821038
363343009
421818592
309973130
340166675
466904094
216925242
220949601
439768587
445510192
162778052
162234450
56182211
161363401
525872847
200065001
161322877
205527100
419374579
372887763
414215053
317047360
187373030
556523425
279390643
578819889
66255805
449569946
395446624
245415412
369187709
418003822
402439606
374239638
395347008
416543943
384169890
410292730
259966508
306197534
114483811
377772849
363908123
408581233
246972443
125170798
119405914
263127530
363164960
273447744
219615824
127345330
330287557
234771134
349026235
254646535
524374105
495622462
304251880
204857360
271628914
304720406
276720574
435343064
278803391
281868112
331077462
289743947
15129209
174819490
163899103
219805201
301285111
203162993
427205566
344466468
288600193
242581966
308460199
423539016
446618305
461230310
266150016
192737607
363252450
278630884
395468370
217760204
381776937
439185300
409225775
235690354
372056550
351723138
308952723
317823129
233102474
481826489
406326224
528157672
298493865
391779726
416548955
138566338
379900521
379594698
274907005
158926993
453730317
53804445
348970208
392390976
325242442
31874354
406929727
118290699
201870279
356617507
488499089
379571591
343064889
456249579
358825255
426216508
175109400
93597639
393491791
323651586
337475437
326118805
157170234
256656015
256221995
91321650
243272290
89764880
289546477
284355743
539681296
329158650
456745154
355150347
121201446
227541582
325441192
247281475
246575085
248765423
288566330
300717616
257295717
271400906
267274569
203679049
362547732
228877850
308265711
384707080
377474108
52055804
368278136
285271041
255611573
355316173
431201474
223202067
360613287
407257524
448573924
252751415
262484270
647325992
282273326
343400147
310057827
569939103
250770249
83599284
166611378
409857024
778491540
84937380
336820151
256759125
316753396
285832412
360800395
352000204
427197869
268806675
29027009
721013452
260089911
516915825
260550706
285880773
315453064
232227153
315242977
131889825
224266708
469135870
577325116
354584382
363510550
302002346
399011921
321015097
658112572
308752826
100370941
320553176
246257803
19386954
103240434
261368106
176222475
143419535
725377316
191956620
110908411
128705895
102886967
72751689
9109579
355514980
236359259
97030168
25089518
75088303
301396043
222491849
68424683
203577772
296224731
105206423
105733955
154795183
37942989
118671030
176696710
161947452
166379078
177426834
162305956
152703520
92056313
143578665
48973636
127905109
127116648
109125655
98211539
101483061
100925408
92167342
22489301
80581009
7677680
65120211
51165974
45598338
55672566
14959993
50809405
45624307
41458882
28930075
37714286
7004379
15200480
15357512
27343051
23175911
25319250
22792827
20808264
6542592
46222983
73699522
74703502
74339297
72256877
64834357
185727721
180100848
171726864
191265742
246927944
286136725
200203090
282838129
239493460
459240380
354978842
412455620
353760096
58252645
184281658
456205609
481521675
208706707
449574098
263411217
336552884
495904671
371324369
348318991
582605593
394406975
395790095
157794999
584647991
445145881
467984534
219774072
34754623
271330354
402739531
209084500
280044130
253459687
258762901
527136443
453688092
314705393
411834524
274299218
188754710
369309589
369331419
253219952
263373543
449753854
221653160
5445444
289405921
284066322
414851379
314080789
267232725
34596940
520476975
378321498
521135151
119767172
422931582
393445716
74572071
223403176
519353567
487818018
180272398
378238895
457811496
278924720
328105555
354624020
