380003551
434813774
263850096
350757226
499600444
315755688
271296113
449663775
363014028
420672314
309189145
340355573
469300086
215454248
222087556
442537564
449830407
167206745
163289709
56651953
158523379
524937789
194295233
162412150
203454213
416974547
370287337
415086907
314657344
186655423
551549701
276412932
576631587
66679899
451183633
395102839
244469700
368956068
421616439
402713505
374320524
398462201
418201513
385091727
411535064
258822180
307973478
111511566
379019695
364863494
411858337
248225220
123243591
117630368
263698592
363319460
271506505
220410704
129136055
329848611
235780108
347528094
250996720
524353701
495505540
304551327
205600164
272178673
305765353
274968974
433848424
277682204
281481957
332989365
289752811
18181347
174729699
167353845
217680535
298694400
205281116
426589794
343280467
289041881
240048498
309728681
425306095
448311886
453743574
266616252
192478434
365866881
279233816
397373372
215954109
381426981
437360056
406806879
235052456
371057165
349145226
309427376
318587853
235893391
480452210
407553817
523470387
298703946
390583723
416433626
137319135
381325813
380924818
273010515
155333869
451216386
50796856
347932968
389075781
321899247
31686343
404975129
121838217
201721570
357454308
486527480
380976806
344043642
457561504
356990489
424886991
175808965
92184976
391386949
325492515
337966760
322990331
158171399
256937013
257651196
89907756
243061912
92926120
289818570
280967306
531170384
330399754
458061528
355573037
123465327
228194826
322941053
247247506
247500951
245917665
287050389
299317345
256101792
272782394
268387312
204823063
361057942
227142625
309461429
384308169
375986360
50277877
367428955
284341005
255107949
354896849
431632965
222679103
358987476
404945793
447900719
255276247
260330267
646908425
282802558
344278682
310641995
573381830
248258441
86821288
166931492
406502783
788548553
85909962
336634568
257457857
318076124
286857783
363581920
354538619
424579503
266602769
30558938
732749970
259215575
519427707
259799652
285114491
311576086
230523810
316910107
134237990
224161996
472891494
583045552
355159449
364003262
302655343
397021796
321230482
668041477
306513908
100159964
320389132
247978506
21097488
102909113
260550577
180651945
145180591
728925104
193449986
112762622
128955418
104725843
71785820
6773774
356041160
236127537
95161683
25739798
74333746
296694389
222807643
66267455
205543583
292874439
104484453
104498431
156050817
39829767
118033400
179042787
160089940
166334971
178784036
158847560
151079435
94736260
144721581
52901262
129037275
124819438
111655711
97518510
101682539
101279480
92282409
24904468
79295524
7267950
62653487
52619264
46499957
55674670
15126725
49743376
45508251
36691548
27594973
39362454
6178545
13502964
14858744
26722272
20243595
26335511
24109096
20019110
7057523
40214000
67395517
67128099
64338742
64405365
62501525
181209817
176447705
171270477
190553877
241552412
279933097
198894193
283548588
239054876
459744536
353564451
410039394
354797767
60314899
187029805
456629029
482112657
207719083
448922591
262415192
337834552
497085206
371056419
348967828
583369321
395317903
395394167
155572072
583056958
445784508
467400539
220624864
32754454
270662832
404441020
207943276
278266693
253587417
257844619
526956209
451845459
312621034
415870517
275639917
186794683
369863786
369614730
254314248
265939701
449565556
218348399
3938856
287300620
286232640
414187651
314502422
262732177
35590699
520809960
377493678
517189108
120311716
425252081
391597924
72062418
221195262
520271609
489503397
180155173
377228884
456287056
277363875
328916653
354957104
