380153087
433198870
263084589
349434057
499697987
315271508
270709298
447001027
363308160
421075443
310202648
341991555
469379427
215427583
221447021
443554811
447980390
165905406
163422149
56072580
159378413
525408433
196762049
161690722
203022208
417990704
370897011
414921144
316116198
186793491
552825435
277524863
576559875
65247143
448914961
395552199
244350745
368876172
419856509
403477747
372058988
396777840
418102401
384351755
409443081
258917377
307056085
113583773
379593830
365098443
410131153
248383380
122415482
118244357
265339479
362131755
271354264
220535286
128166554
329607449
236189746
347817430
252676769
524013289
495754025
303375117
203541631
271403272
305531899
276296981
433674742
277539163
281199982
332509050
288498401
15714151
174161052
167231629
218714227
299297536
204932139
427044589
344856013
287905357
242098549
308805945
423603888
448786872
457326270
265974632
194063454
362630806
278433177
396321147
216155852
380465939
438062410
408026206
234506814
370885672
350156468
308094728
317742906
233568012
482230956
408256611
525317686
299121033
391269910
416654724
138566938
381349855
378650688
273691921
157366235
451572030
53221655
347959372
389442948
322640051
32812790
404753749
120640406
200869502
357840749
487520513
380445452
341463272
456797994
356578116
425471844
175553331
93611453
393585776
325286141
336857546
324952660
157980179
256132614
254947544
89630540
242172726
91152728
288788742
282970544
534681178
329886544
458778639
357444690
124247155
228847896
322258015
247743814
246068019
245991843
287570958
300415611
256837787
272776209
268574786
203377443
362247787
227947609
310256275
383328742
375716269
50012920
366114855
284304639
255617115
355266791
431371227
223266968
360161897
404684466
448837352
255406398
261602883
647561840
281877585
344825054
309792405
570173506
249030331
85051202
166332762
409041514
785048198
85815598
336182049
258515432
316872016
285880874
362028194
353252941
426031521
265994198
30435374
727047269
257903386
519057669
259797486
285554181
314421319
231391367
315927684
132677575
224863466
471272397
580126678
354598108
363535470
302313888
398280059
320419944
663093343
308607036
101991232
319367964
247460548
21193434
101103374
263119943
178444354
142870942
728075183
192122860
112083208
129189868
102484725
72263466
8800694
355798847
237673360
96874199
24881775
74720613
299730128
222867285
67442958
204656097
293727810
104621551
104617081
155961269
39931241
118667196
177546371
161172554
166432805
179263882
159605858
150999492
94546300
143260393
51649714
129390999
126138320
110905886
98108266
102116484
101265233
89969448
24211850
79208694
9438908
63082850
51520180
44925340
57993282
15041238
49975927
44104204
38874101
29662530
40150453
6201739
14453193
14672425
27312904
20515684
25418282
24198870
18809467
6106371
44338096
69879196
69097820
68530244
66036622
63166470
182649485
178945813
171612568
191081143
243968073
279911876
199312209
284318807
240561517
460427483
352327351
410901582
354202291
59190985
186248660
457040317
482670000
208870129
450399997
263883592
336905378
496979646
370941155
349082394
581621259
394557518
397350683
156746346
584882641
446012690
466767922
219761802
33730703
272096289
403243266
208422939
281087417
251417300
259303517
526058365
452549547
311234285
413643501
274069600
188263316
368927528
370246104
253395963
265634426
450358592
218851727
4998662
288042736
284953566
415040532
314584131
263510845
35620519
521289432
377213610
518550952
119917486
424676071
393520846
73543054
223275929
520520967
488573197
182037533
377856741
458296764
277845841
328175544
355781258
