379803786
433739728
263189747
349701150
500342403
316110026
270905837
447430954
362848681
421812214
309206352
342485498
469575357
215086567
221560825
443086342
448052781
165266352
163965146
55534490
158987983
526049506
195925069
161710671
203125313
417693497
371296648
414930411
316035254
186921305
551720450
277315647
577159315
65201249
448845457
396449199
243820148
369088451
420418680
403514268
373126951
397503309
417965664
384407368
410330894
258651633
306071784
112904758
379202236
364534796
410580733
247786709
122985184
117692586
264443899
362464345
271366564
220194392
128453362
330138024
236599086
347885659
252299551
524623522
496274649
303293279
203478453
271206617
305467000
276360906
434421993
277248511
281553057
332345852
288622246
15939341
174198348
167074826
217770974
298731936
204766691
426729225
344582237
288031633
242399850
309155215
423623663
448855499
456567638
266245547
193684509
362721348
278171304
396627397
216537425
380587756
437790106
408611960
234756971
371045829
350296485
308183454
318255738
233989777
482243387
408256163
524277424
299158633
390386301
416352519
138624298
381238629
378776875
273139479
157269660
452632994
52579437
347446186
388887192
322931189
33515588
404114014
120685722
200534541
356800798
487026597
381167244
341699728
456807234
356532866
425692771
175064899
92780132
393063984
324556858
337153384
324347920
158129673
256430293
255876728
90088452
242020164
91880859
289443645
282096393
535015913
329638878
458249216
357201934
123425676
228919898
322728420
247600610
246684130
245875994
287395954
299794539
255695450
272943158
268264100
202654520
361828399
227982148
309560917
384316703
376488157
49817139
366528798
284223186
255483271
355424397
432008649
222930273
360418554
405359418
447948007
255707926
261492485
647160153
282515132
344814404
310177664
570445276
248649240
85997692
167016746
408425143
785545463
85716875
336304806
258817992
317138778
286339336
363251758
353436501
425202705
265757009
30740367
727767920
258083085
519364790
258970767
286138888
313613955
232381289
316922936
132341508
224385964
471324894
580444613
354802677
364016623
302639382
397792741
320875506
664810265
308876202
101856201
319160605
246835383
20713487
101870894
261908545
179743969
142983461
727968096
192896707
111125633
129215759
103177825
72291147
8103239
355614095
237016164
97770942
24937298
74141209
299212069
222631921
67073887
204891061
292880955
104675850
104816352
156462583
40266351
119324419
178158690
160952240
165284484
179087339
159693075
150355940
94511960
143697740
51991656
128811680
125484218
111151145
98321882
103057525
100598127
90597147
23763058
79656840
9722613
62728285
51868559
45854038
56761561
14190634
50080242
43560825
38522715
28410156
40233956
5926030
14435381
14072980
26384474
20265161
25444498
24222169
19071243
6620134
43089949
69777226
68510585
67116386
65329085
63976003
181988313
179402449
171331873
189950638
243604881
279738326
199404291
284451023
239951693
460060681
351472439
410071224
353873410
60165600
186203710
457894314
483723980
208717831
449734886
263497458
336282460
496542428
370483926
349062675
583190266
395029217
396834827
157093513
583944589
446120726
467451642
220255486
33421106
271216549
403751487
209114348
280107172
251142345
259436556
525749338
452266683
311706111
413410259
274664527
187643246
369057168
370548107
253656251
265627087
450061021
219207000
4294023
288227529
284773413
415020062
314526262
263161609
35742046
519831251
376613664
518531110
120051159
424641131
393161111
73989528
222556123
520480173
488627917
182267247
377798018
457882346
278407561
328071002
355473402
