377840127
436509722
265255911
350467713
498971536
314634676
271881507
443714844
363012707
422232146
310609061
338840296
466056564
218082560
221561341
439998261
446340464
162708489
161968469
53782570
160715903
527350204
198484411
162323203
204589613
418075886
375469650
412606081
317113494
184756671
555596387
279883165
580542238
66226150
449375527
395180277
245701227
367480489
420390937
405284450
373737875
394101704
414887927
382063060
410237577
261438756
306237373
113370093
378644937
364254374
407365094
245539111
125157794
121013385
263428387
361994268
274432980
219605878
126085844
327141610
233868569
350034544
254254740
527476713
497959769
302767136
205687583
271682826
303524174
274807373
439048512
277625685
279576709
333848605
289111290
16366117
176171007
164009906
218679846
302335449
199821124
427178847
343765800
288837798
241304129
306005756
423101490
449877402
464114815
267364967
196911179
363804587
278227080
396200047
218794845
380572923
442513190
410681964
235841158
371037136
352250378
308875028
319448052
233344453
482355304
406570872
531507573
297726677
393573992
418880225
137907738
379326469
379336323
277070307
159413398
454544520
53577825
349886126
393500079
325186565
31401679
408102888
117716028
202613670
358262601
490177966
378982993
342573367
456772445
359215341
430025805
175296501
94281535
396505795
323128867
337769547
326021831
154550769
257327734
257186309
92049785
241348746
87850433
287269074
285286216
539779977
329797552
458037185
357841901
122146196
227447064
326660445
245262345
248392852
250000492
286857949
304562981
256163396
272896353
268330324
200273522
362876919
230412310
309398437
385795859
373587630
54116092
367747855
284410517
255168320
356185650
434458783
223315193
365134704
409504381
450205444
250900859
263035093
648965916
279359548
341393906
310072531
566484642
251058196
83231450
169193425
409267921
771977209
85523146
334007157
257952215
318311496
285796069
361514160
351008950
430134435
267599480
28273297
712360018
260524046
516480898
258244167
286316697
316554299
231008059
316262705
133272479
226938287
470218382
572615738
356270627
363337295
304890854
399863827
321732965
648980072
309622718
99326214
319449836
247624740
16423925
102736227
261345004
177375746
143288352
723263217
195028729
111356608
129657181
104127260
73926068
11589793
353865008
236521741
97958672
24475448
75590034
302664639
221660182
67355562
206047707
297517028
106179065
104235401
154759450
38151500
116775622
176149465
159494845
163533669
176382863
162959999
155072163
93330397
143395249
46604905
127583717
126680540
110434568
98767446
99522031
97762777
91597633
22242438
78998161
7720093
65240523
51018249
47310238
60874359
13144606
51868570
46174907
40037049
31089550
38393162
6001054
14899851
16683227
28648254
19869033
24125427
22944544
22353660
3605086
51926004
80543329
79380615
78210648
77830346
66461125
191553216
188159454
170371526
193057148
248288964
288360628
202707123
286812839
239700090
458997010
357345992
408508816
354666362
57409656
184198666
454697294
483131527
210217558
447450536
263754146
337417401
497901819
373351283
347945433
584590199
393566566
396845841
157836130
581023149
444852889
468770683
220126090
31299339
273181989
401711215
211831665
282664442
254059360
259158717
527220970
456041642
317204521
411943904
272339446
189147138
371566112
368463813
253655922
265333045
451000631
223246928
4311840
289307884
284590985
413186498
312294011
268057089
37918530
519295996
379032804
522778193
116126079
422281724
391606072
75887180
221589935
517848817
487967973
181070232
377609292
459070369
281577067
325925717
351674770
