379003116
436056161
264712324
350237707
500528996
316164361
271198272
449603311
363431711
420103473
309399134
339507872
469035674
216064044
222361870
443151796
450688276
167509190
162871903
57037199
158863376
524241238
194737407
161375081
203495674
417543627
371376697
415359402
314143083
186392019
552390854
274440239
577705999
65241714
452584092
394371130
243893367
371527659
422275677
402271011
373313335
397942422
418376155
384261824
410635233
260092883
308319794
110898621
378803574
364108154
411213968
248073575
124500621
118176628
261961886
363027301
272030905
221911386
128437401
329591436
237164654
346480096
252863363
524410391
494253251
305444839
206192148
272980024
304137706
274271313
432617692
277652901
281390009
332785426
291729414
18127741
176852327
167398121
217621645
299756124
205005816
426009595
343178176
289801810
240429824
309590409
425221030
447638362
454523741
267203986
191204066
365408040
278961656
396534420
214669020
381176117
438574326
406195238
233840420
369786368
348172410
310254464
318925406
235732861
479504349
407369393
522079455
299156190
390490130
417445306
139299539
379849142
381376522
271996791
154371043
452106597
49995111
347459093
389578526
322774820
30783711
404445310
121634748
200871521
358209994
486304822
380431994
344404979
458243348
357503732
425468306
175874636
91070599
390919274
326851089
338621365
322673679
159158843
257643298
258480987
89620212
244093972
92353655
288260598
280610623
529983162
331085419
457268965
356976205
123961709
228274611
324487452
245797773
247037888
244654515
285012564
298636160
257390254
271764085
268233058
204108907
360220517
226137194
308907324
384299252
376177489
50529546
367531112
284256888
255436589
356004096
432185026
222463711
358374813
405812284
448154329
254831272
259244164
646216756
282187123
344530875
310524375
574242418
248923201
86909710
168799083
406240339
790096075
86730364
337353774
256696248
318478351
285827816
363902164
354593264
424404946
266922734
31500895
735385371
259924854
519779582
260047036
283774433
312151470
231374499
315257717
133892966
224204705
474686620
584562896
355277596
365339762
304129714
396394186
321529590
670097585
306364103
100154173
320924417
247257263
21412385
102710921
261165084
180483395
145487536
729001581
193096233
113008285
128985829
104821068
70828575
4905740
357287191
236086771
95015540
26869480
74550295
298580179
223429926
67806103
206296196
292557387
105386433
104497168
155988899
39781663
116276973
179726890
159747760
167484598
178956827
159639152
151612459
94938557
144796253
52325442
129599486
124283884
111178793
97530344
101294436
100812764
92029091
25692861
79048734
7725816
63061269
52686456
46065017
54809605
15119428
50253577
44513763
36527449
26607131
39103489
5967033
13197249
15015142
27148214
19842299
24659281
23238208
20405152
7356718
37280934
65732549
65819695
64585113
62496632
62908719
179300063
176061200
170557118
189378006
239969838
279547799
198365684
282684508
238108917
459014201
352622426
409970163
355373329
60484983
186523712
456604080
483596619
209197343
449893003
263457774
339166660
496754913
372573057
348012966
583861243
394863447
395010441
154762597
583559420
445653544
467181077
221345662
32664510
270876000
404802227
207116300
278157614
253220960
258430753
527865796
453428210
311845944
416832010
275237785
186794495
369166213
370240518
254490850
264569432
449185842
219607377
2465753
286831033
286170339
411424619
315762997
263461924
36324801
521182576
377661562
516623656
120138515
423785008
391949388
71614391
221727168
520690726
488636868
180921321
376907870
456686362
278438975
328711681
353041448
