380397752
435899955
265196445
351836244
500540136
315945099
272413322
447053957
363037066
422524835
309576319
340485232
466994669
217128246
221105197
439790064
444665347
162227601
162236575
55423665
161170591
525339191
200131902
161503268
205673107
419157684
373030317
413607456
317377575
187091125
556237104
279616115
579076880
66213117
449295971
394763693
244875357
369168559
417949788
402266431
374194600
395683019
416310659
384484255
409658719
260201056
305728699
114895341
378012669
364112573
408795190
246922570
124821534
118985215
263616848
363068686
273808305
219270919
127585500
329456510
234933165
348989539
254131717
524066320
496376384
304074126
204521982
271523618
304958548
276893398
435319126
278953975
281367207
331309233
289464385
15194123
174753900
164065591
219483720
301327915
202207057
426852082
344325156
289286236
242632256
307884892
423312588
446522951
460987646
265726035
192138930
363214057
279108607
395482333
217376784
381249662
439841667
410053106
235549502
371525183
352132483
308939681
317721389
232708708
482096149
405799514
528330261
298718215
392132152
416050905
139255357
380254471
379459301
275142410
158826154
453771329
54372847
349157488
392320723
325686004
31586989
407012248
118029779
201127739
356677050
488747300
379392288
343229931
455857334
358335318
426509588
174548436
93275108
393276000
324276011
337613281
326669082
157262228
256173838
256309313
91851983
243024570
89470261
289523645
284360248
539213566
329303204
457703962
355404662
121023938
227397729
325707541
246810815
246805022
249158395
288456242
300876707
257603494
271341310
267177826
203317031
362856834
228278048
308242390
384295211
377291400
51926785
367396729
285697483
255795453
355751492
431523757
222904499
360851122
407058938
449357189
252333317
262782821
647066006
282727231
343008686
310205877
569674877
250794069
83585482
166891230
410138701
778039995
84782052
337090469
256606564
316677487
285935262
360812152
352186047
427775414
268844519
29151282
721049247
260569262
516933497
260335711
285553520
315566315
231533294
315039665
131923049
224101529
468910457
577148818
354226371
362988723
302429475
398967908
320690802
657392591
309272302
100093295
320581145
246650800
19288169
103173676
261458922
176884877
143413931
725287280
191893309
111315748
128364251
103216139
73047925
9300114
355702937
236306128
96482213
25286662
75090913
301345593
222078250
67463493
203469338
296195253
105894174
105159251
154365113
38577088
118311715
177110508
161835781
166229446
177041634
161887339
152599234
91861050
143335623
48729155
128019786
127755574
108689833
98084033
101997127
100839427
92011272
22617815
80059564
7710145
65319273
51368241
45482328
55531694
14640014
50905318
45350135
41894272
28774162
37343779
6417152
15147488
15736293
27738920
23131015
25254589
23038714
20568935
6440733
46844861
74142672
74941855
74427879
72281222
64966733
186587817
180000773
171438701
190894712
247635405
287038987
199753368
283416487
240120508
458812385
355553812
412061018
353944205
58425810
184490337
456208763
481421204
208821983
449877246
263842442
336610327
495820084
371806276
348407977
582394856
393743134
396175591
158110662
583921473
445118867
467761949
219882504
34188592
271381121
402295977
208919288
280406526
253616209
258633547
527257147
453304504
314214429
412530151
274175854
189214451
369672060
369120561
253768425
263237447
449574554
221637329
5763779
289317284
283978902
414244949
314383672
267271920
34146195
520882806
378352222
521940929
119312970
423292539
393914482
74761668
223667096
519267574
488489487
179727285
377741440
458093144
279501919
328370567
354359064
