377932329
435111322
264759762
347820013
500824902
316933768
270214876
451515995
365343836
418807419
309040710
340252496
467684019
218502303
223335453
442880429
450832129
166435553
163962519
56500832
157393646
523885482
194976165
159962399
205984952
416906557
371022475
412820930
312094381
186024626
552608076
275320881
576883968
67352803
452333326
393869592
244289329
369623714
419980024
402967797
375318281
397433086
418725940
385377502
411259964
259990665
309182825
110547487
378274791
363244810
411550528
248491604
121431298
120169950
259931268
363604057
272469272
222705946
126145404
329258018
235328892
348637940
251485945
525399293
494167607
306672448
204389287
272253360
303581272
275981743
429980859
280722263
282723121
333757581
288032005
16448092
178884982
168155399
216983929
296512798
203946178
426690730
343775362
290116379
238344731
307995841
424019877
447904588
452231546
266032603
194007364
363398431
276637921
395165480
214726953
379645778
436120780
407425971
234414391
370578750
349934386
312396525
319711777
233972201
479544237
406509887
521475984
295889342
393930169
416870527
140041782
381453341
381306829
272039718
155501821
451270646
49332039
348780607
389062759
321215082
32046597
403939686
123554768
203485428
357414346
487502311
380233711
342759916
458634545
355659610
426061892
175559499
90959225
390806398
327326146
338465396
322927818
160313670
257603989
258393327
87964687
243250804
91295398
288583988
281369539
527144557
331812032
456730369
356748728
124793671
227687884
323183793
242839673
245680174
245923598
282856470
298111436
257676657
273418554
267591893
204988838
360375783
225541746
310311724
384081737
375872761
50199860
367830319
283290593
255466094
358593711
430078175
222467653
356746885
406643518
448885863
255567104
261234770
645383660
282836400
342336684
309240149
573619928
248176169
86525203
167235787
405214230
794133685
86433012
339188051
259945076
315689374
283721963
365159471
356100585
425642129
267096797
31781162
741559015
257585035
521158138
257962889
287331760
312546923
231774772
313984748
135244012
225234300
473734403
587913350
357062348
367939829
303160659
395891734
321458137
675587488
308692835
101822429
322551461
248099264
22668582
101084544
260918630
179518814
143562013
729302757
192965076
113105100
128067379
104331084
71538946
4580341
357231210
236435342
94648342
27591164
74436316
298119316
221501971
67071397
207839022
289755067
105081776
104534120
157270148
38588521
117674477
181141065
159810610
165725026
178515560
159912966
151464028
96546416
144516571
51922409
129680595
124021261
112023249
99085048
102212069
100071361
93255210
27126064
75825848
9145691
63722248
53960351
43514185
55227558
15658738
51376454
45477645
38630357
25315156
38863236
6718054
12368446
15388955
27088136
21970978
23246328
23879475
21264822
8491776
33862999
60999042
63419308
62463334
60522987
61570832
177620337
173064637
169632743
188300353
238774109
276453217
198715151
277928800
238048945
459007563
354503956
409807712
354880370
61202600
185741010
455787360
483105388
206650771
447610344
262828598
338696074
495124143
371358652
346055205
582622910
394189732
396008948
152957777
581833975
447307667
467761959
220410908
32022841
271807894
406181216
206730936
279058846
250799471
258842754
527971919
452294329
312827850
416111375
275594345
186579708
368922020
370357675
256888187
263999022
448132891
219390219
1052652
285537312
286549822
411421595
316007479
265576153
38368599
522301807
377161908
516761244
120406712
423790818
391362336
70453647
223050579
519024537
490101480
178345623
376207846
455631936
274368678
330728906
354013812
