378310253
434487844
265908850
350620469
499528664
314882597
272086316
444247170
361888881
422483938
310129703
340297865
466709534
217900724
223206068
440040997
445218443
162533295
161762658
54242835
159998143
526226883
198004315
162878287
205922622
418135974
375173538
412701439
318211223
185826764
556522645
279829719
579625148
66862849
450338619
394206813
245376473
367594396
420613334
405319737
373810047
395235881
415134098
382976000
409245015
260229953
305758584
113748282
377935831
364128402
407965399
247298323
126441916
119581427
263235551
361852137
273581813
219536056
127007351
326411088
234145587
348755661
254742545
526550997
497301057
302188719
206110789
272038885
303140644
275145987
438346032
277558046
280780691
333245573
289429793
16626090
174933093
163524822
218897895
301144771
200794578
426608467
344646225
288282205
242429398
305935105
422834306
447865655
464547026
267353828
194422249
363587561
278936461
395169160
219176875
381179136
440811969
410831752
235485527
372089480
351461470
308855077
318822482
234128328
483332525
406099123
531133084
297610767
392576353
418238004
138494068
379252832
379397600
277079590
157801148
454383803
54347289
349265409
392919753
325567572
31420810
407655593
117846913
202024145
358221671
489754686
380632970
342847711
455888613
359204146
429177664
174297840
94096530
396500627
323303428
337597443
325122273
156138615
255708229
257280117
90383850
242932825
88179669
287980189
283274815
540093062
329139357
459118457
357494904
120974399
227079301
327234316
245663093
247541675
250186000
286390106
304063609
256308732
271788553
268014388
201211950
362108576
230005675
308806321
384394283
375686403
53259785
366532844
284016612
254703894
356990820
432922689
223165155
364349443
408096887
449353581
252186859
262589211
649019480
281048181
342114837
309165907
566849925
251573673
83202947
169602806
409626100
773443230
85380328
334969383
257276250
318963930
285854047
360944366
351104782
429616734
267233668
29028526
715432735
261376600
515937456
258302481
285881830
316753124
230590947
316022546
132679109
225786086
469302372
573370779
355190614
363185789
304007233
399960890
320953438
651531677
309083104
99441587
319112991
246919276
16815108
102352723
261355336
178157188
143822017
723767133
194444734
111839667
128461828
103818800
73429437
9808576
354480107
235673816
97268944
25644207
74701194
300322505
223014229
66232782
204897236
296889249
104868706
103858829
153551396
38388058
118375005
176113369
158453908
163115224
177386889
163211118
154461400
93423041
143268698
47645403
128385056
125779488
110023610
98380895
99658797
99103378
92217021
23225577
80381808
8622540
65333466
51032816
46027752
59063449
13744367
51593497
46525643
40144906
30389196
37879685
5903431
14171537
16644602
27543157
21080995
23116270
23109594
21242255
5364815
51062536
79115480
78215127
77306434
76194034
66361579
189892313
185634310
171417643
193253241
248170746
288001725
201156496
287403000
239358746
458456454
355986848
408210430
354186397
57115483
184793452
454168809
483437827
208242230
448448200
263211441
337555006
497805219
373786929
348579460
584582985
393323613
397141293
158073816
582086157
445127618
467224624
218561061
31797764
273602374
401361793
211820901
281414447
253249823
259278312
527201271
454616353
316121244
411491225
273017207
188374442
370528988
369719385
253206662
264088754
451698955
222521148
4750449
288564589
284987488
413364915
314523613
267215335
36441788
519447659
378579343
522632402
117659770
421376249
391804218
75862277
222831651
517646695
487722957
180245414
378444560
458835156
280705455
327213017
353639214
