379562962
436909398
264455827
347643504
497662259
317082803
272403057
441022931
363878138
422541477
312424897
338332733
463483298
219410685
222194795
443597008
446667543
163546521
161779664
54657668
163592125
530666752
200489635
160462659
204961155
418657335
372380370
412507242
318125256
187736497
558042894
277375166
581712372
62980606
449315092
396148291
246046580
368374183
417825318
404948973
374326491
392820222
412727822
382969185
407687745
260795840
305217316
114857247
378003404
363568397
405274013
242454161
122864010
122598925
266341361
365437114
272695492
220256367
124694619
327495138
232337799
350406889
254551572
526714340
500079625
307048289
204432601
272513048
304988590
276210904
441001163
275668057
282954563
333346634
289100689
15052877
174297627
165541564
221760101
301951388
198353736
429400427
343957665
287763634
242157046
305549462
424166296
450787935
465682336
269246468
197902452
360081178
278862631
395428625
222628298
377507148
443889677
407370504
239037232
372528034
352782074
309279735
320098659
233624303
486278213
405495025
536880286
294484509
395882978
422829779
138731241
380791094
382627538
276806632
160538141
457294088
52701003
349490197
393904779
323149018
31589976
413407741
117598730
204218689
359024769
488012498
379178905
341397154
455129178
360678555
428402333
172279426
96439322
401802063
322311159
337185762
329795467
152802386
261499857
259676640
90417926
244877926
86799629
288730278
286891978
543111775
326502583
456248432
354669314
119609028
229958837
327355754
243873378
247569949
248304249
288210977
305606503
254598410
272873318
270757388
200964347
364028890
230112104
311725475
388843017
376184760
52921847
368943605
286726317
255059510
357346303
435935084
224798164
363041734
405459444
449006532
250745099
262546338
647611427
279618688
341389387
308680569
564846993
250713711
83149574
170048851
409224337
768490790
86070651
333919882
259439620
317413416
285577719
363861494
350488264
428607705
268458582
26564550
708767066
261632548
516347469
257101134
286214655
315821366
232154243
319225633
137603632
228241288
470002189
571111767
355361168
364170015
303019121
403239471
321446246
640195733
308651587
99558574
321679431
246970687
16829118
103449239
261325490
176643382
143608015
712242873
194671245
109739095
129564612
104309899
73338567
11190441
355699388
236257166
97603287
24807378
77319267
305460632
222700632
65647186
203458668
298732284
106534428
106089629
152429820
35954267
115273902
175482137
158551541
165462841
177861992
166732329
156059716
94365809
143341867
48284662
127293554
125753313
111410592
97914247
101139060
97589593
91406352
21496612
78469753
8582929
65732604
50123732
47624827
56329162
11010661
52968773
49410974
39790799
31236866
36300504
2882580
11600508
17475557
26481674
16349900
28067987
26333065
25949669
1702652
56865359
87333532
87310769
81275136
84394452
69116968
197015253
194994149
169313026
195602426
248644301
289339821
202574524
290455130
239057279
461185613
355709741
408054359
352486138
57862346
184655230
455254348
483447483
210131219
445510951
264316594
337804580
500712725
370901946
346294434
584705741
396948947
394706673
154850696
583148929
447071639
466287998
219971120
35629034
272887934
403477612
210551670
283443519
254319671
259004417
529184329
454889356
319469317
410862439
275967832
187773160
372169220
369318410
254288664
261574305
454363877
223426311
3322007
290740941
286311370
409889843
312794468
269251083
37941123
520308803
377335054
524557057
117491687
422399615
393031214
73387807
221714390
516308397
488701797
184030649
377926730
457789988
280476292
327688927
350986630
