380349578
436029815
265195950
351823882
500498950
316204064
272391714
447065906
362936514
422519263
309657013
340374834
466981605
217228520
221211735
439701621
444733352
162118638
162234543
55461699
161154529
525627426
200206061
161350207
205614032
419289537
372947296
413724161
317347631
187125981
556186587
279441664
579210449
66236299
449376242
394641244
244981309
369271601
418019250
402319669
374220522
395577149
416206665
384525593
409603115
260144718
305667924
114813880
378077915
364110486
408979082
246972936
124843292
118955063
263384274
362977740
273872194
219179851
127801511
329491462
234789450
348993594
254070550
523960041
496364723
304132367
204561428
271630845
305094969
276908888
435146382
279042946
281299834
331223909
289427787
15237519
174749367
164159363
219556844
301264550
202221873
426736505
344292079
289215784
242517893
307847328
423405781
446472531
460943863
265619976
192204166
363335220
279183810
395610899
217426928
381401136
439686979
409949945
235597174
371522029
352125314
308869867
317733224
232701579
482211804
405956003
528481378
298855337
391969003
416023947
139180186
380171266
379332573
275058743
158947373
453580080
54383972
349117666
392298800
325636795
31524744
407116709
117915404
201295804
356697990
488770600
379471416
343111003
455900932
358313073
426526084
174604708
93223657
393295093
324061990
337468626
326645568
157276383
256383016
256231332
91847276
243008476
89523177
289551995
284262722
539219580
329360231
457578275
355391966
120702781
227335979
325554807
246926581
246995167
249017647
288415882
300795427
257577405
271330287
267327146
203256873
362855173
228535076
308202495
384270619
377214164
52016465
367433728
285689044
255850677
355772583
431553598
222850106
360833423
407194793
449020059
252370749
262827704
647154857
282735681
343042004
310114893
569562353
250755778
83566481
166906976
410060833
778161089
84974871
336991877
256662189
316714264
286021224
360810418
352178913
427795470
269004175
29139238
720899688
260676779
516775648
260227104
285688021
315583081
231611603
315179568
131974534
224193170
469172032
577389683
354354697
363202028
302307373
398950257
320648158
657450651
309215549
100182437
320665703
246701328
19523779
103100898
261486182
177004531
143523407
725313375
192072156
111322786
128306770
103225987
73077957
9298769
355672746
236149614
96574217
25345288
75181319
301343633
222157031
67620614
203403669
296308146
105783152
105236078
154439956
38227556
118380528
176851312
161748422
166363505
177238569
161987308
152639267
91763942
143371737
48621842
127853719
127832225
108871571
98080049
101932061
100848044
92018448
22629553
80096201
7761922
65416184
51254581
45602960
55648513
14659572
50903114
45310266
41738941
28935330
37436619
6384300
15279282
15706372
27781719
23088886
25220712
22958350
20711098
6393130
46758406
74056126
74839297
74455460
72322815
64872491
186575757
180055054
171492143
190973907
247522724
287057599
200140215
283287234
240042366
458865909
355529854
412187096
354049890
58451259
184481562
456174457
481489475
208960409
449928915
263847050
336647866
495737689
371987151
348386400
582543862
393587410
395992235
158145371
583909965
445184483
467924343
219833755
34284684
271390062
402248272
208974365
280032941
253695330
258864103
527313692
453397327
314414609
412514791
274305471
189134418
369674299
369098369
253800070
263241425
449735720
221696342
5731565
289387875
284117677
414361196
314282381
267203825
34157039
520945510
378463009
522089454
119269299
423343150
393936000
74744745
223550031
519264481
488518205
179637631
377713932
457946347
279491199
328329280
354306546
