379561984
434290572
264174396
350424367
499852466
316249575
270416312
449021325
363248314
421181865
308896750
340689993
468835619
214697923
222158969
443119680
450262483
166436513
163609652
56354362
159221059
524587567
194309467
162955762
203953945
417787636
370445445
414866817
315347530
186931972
551814527
276672728
576674510
65714223
450834742
395101102
243798201
368542990
421041620
402794713
373793511
398342551
418980731
384425840
410896368
258706622
307515532
112098181
378933938
364361038
410416172
247613583
123567284
117199195
263805284
363242529
271158280
220393818
129001524
329617349
236092468
347324883
251220639
523970727
495492097
303523939
204959764
272323774
304737548
275583291
433439402
277461187
281007553
333337000
289733957
17104645
174640958
167574582
218196837
298559901
206058374
427113712
343504688
289195104
240635923
309360849
424518212
449166864
454350443
266298279
192240674
364762824
278724501
397760939
215983661
380968267
436861753
406899928
234851918
370781214
349118064
308639864
319227782
235910553
482638662
407291868
523903401
298938382
390458059
416902617
137069090
380851332
380555023
273552649
155206567
451712983
52021772
348321420
389652422
322001558
31872729
404783792
122084454
201503089
357451976
486998509
381596313
343760082
457043753
356446155
425961196
175326416
92430397
391946564
325155994
337274065
324009359
158439048
256752652
256532116
89621250
243206549
93124971
289260990
280926598
532826223
329819002
458519990
356064130
123354150
227759924
322741684
247456114
247666927
246838751
287170353
299852636
255938128
272881848
267854439
203598107
362006901
227061929
309495174
383446336
376702529
50220198
367637342
284250502
256154461
354619759
431491045
223046583
359285674
405076298
448103365
255127834
260978465
647246259
282858328
344517740
310533579
572431299
248909902
86323910
167282398
406810282
788178128
86400727
337562501
258147444
318254578
286701147
363690929
354198693
424915460
266212731
31650545
732067606
258221192
519407804
259509303
285600558
311481473
232093216
317376861
133286986
224439585
471324783
582044708
354823945
363701834
302175079
396962962
320702733
666739707
307467350
101294040
319718504
247242616
21060924
103309570
261817706
180958184
144490647
728188740
193397324
112185190
129509537
104800464
72047124
7383763
356281058
236191739
95849240
25740150
74286053
297325261
222864716
66251149
205492155
293213931
105034100
103948164
156510565
40173284
118307811
178935982
160517816
166004116
178962379
159288145
151004379
93612041
144158926
52960601
129458563
124839314
111004549
97606973
101689179
101425310
91520076
24628762
79651631
7835132
62399264
52432567
46590458
56078560
15799656
49566496
44760801
37202894
27873116
39026262
6380227
14046672
14962559
25709297
19351743
25815471
24033515
19937255
7035502
40869372
68331400
67047407
65380329
64064907
63405444
181105074
177247093
170866180
190314062
241776332
279720951
198880186
284493231
238820262
459366709
352365950
409799918
354876209
59823135
187112648
457361180
481880158
207809155
448831300
262539168
337292832
496793069
370371316
348796792
583460609
395657492
395552531
155943273
584046024
446053723
468273863
220495025
33442974
270343516
404829330
208723544
278232528
252871283
258623436
526813556
452713767
312574713
415510011
275591070
187753280
369945245
369232543
255227205
266385973
449750045
218173886
4386615
287377580
285960081
414610640
314265166
262274747
36210253
520787910
377152039
517930033
120065252
425716734
391444236
72967438
222679817
519901720
488962547
180886206
377385401
457671502
276849260
328841083
354643509
