377963171
435323731
264387666
347963669
501195844
316692219
270297565
452177797
365260499
418640905
308927045
340576659
468249772
218805077
223378185
442868295
450341026
166220565
163682166
56113306
156821833
523989323
194522011
160137683
205911500
416883654
370853336
413425901
311958696
186089194
552556983
275646669
577118497
67121529
452855870
393601501
244229504
369292768
420215037
403312484
375052462
397322451
418290290
385438901
410778181
259660995
309094050
110519959
378521399
363610511
411384895
248428872
121656022
119739106
260196336
362962334
272404098
222640579
126303643
329589545
235595132
348420543
251146660
525381327
493907208
306788477
204042960
272819708
303896516
276277778
430087681
280285397
282597714
333552888
288586155
16346698
179114244
168891406
217064386
296820246
203816740
426758077
343341618
290430847
238250667
308059895
424244536
447588105
452874667
266043128
193522110
363348153
276848779
394641371
214274835
379490103
436164540
407812108
234543538
370312705
350072988
311265374
320091351
234194184
478984632
406843512
521523103
296092821
393414984
417434628
140101285
381755003
381375538
272540477
156021243
451204329
49957836
349370493
388392331
321507997
32900360
403531217
123561340
202948056
357032734
487684950
380023978
343341823
458898923
356000433
426303946
176078084
91386666
391707091
327104901
338405617
322651816
159867944
257667074
257883678
88572501
243356047
91239428
289232806
281273355
527485438
330740677
456501587
356564991
124698474
227467989
323039519
242913747
245462316
245735385
282395999
298262413
257649598
273289275
267457595
204194336
359887579
226393327
310228845
384185721
376404344
50289595
367626553
284120181
254613714
358288191
430024462
222506419
357302388
406888702
448794791
255320090
261371050
645681825
282706186
342359934
309425751
573505724
248659301
87040147
167307839
405283002
793813793
86940275
339644260
259616009
315691804
284120758
365036509
355581675
425680509
267267718
32179390
741443950
258099725
520359827
257937854
286656499
312414267
231406580
313646672
135757089
225256486
473679293
586911826
356583322
367729855
302920374
395542679
321726811
675139264
308793168
101698627
322346018
248237245
22505313
101268604
260479727
179933187
143748544
729175801
193025762
113117289
128546046
104623934
71087695
4676227
358083411
236506285
94855498
27334535
74426751
298191480
221405485
67105958
207986312
289707125
105321270
104125935
156540916
38835562
117933051
181547772
159500493
165408913
178404688
160334223
150380051
96372887
144046634
52391900
129573194
124813404
111805234
99276698
102431932
99821094
93436453
27744616
76367011
9048917
63795004
53486073
43617201
54846866
16202508
51085375
45310186
38360349
25484219
38551970
6160148
12833570
15462471
26828609
21824326
22888849
23976558
20926784
8029703
35530941
61717163
63532223
62393299
60672523
62280304
177766489
172907444
169529523
188192954
238656199
276565653
198188369
278621947
238224868
459356284
353633427
409638580
354763419
61788953
185450510
455707854
483004186
206612263
448432424
262890836
338186262
495762991
371771936
346176058
582676427
393522946
395564206
152883092
582082467
447378433
467563659
219932661
31098661
271434500
406318188
207238551
279431692
250662777
258354469
527805634
451986220
313050511
416848083
275706533
186429055
368639163
370518427
256724739
264026306
448071276
219342033
889700
285151705
286138415
411330176
316262080
265668601
38110931
521980080
378166840
516712176
119999725
423397053
391588609
70584186
223081754
519059773
489942108
178647124
376158945
456091419
274536786
330155333
353372451
