377924807
434646275
265770968
350742373
499239164
314729049
272305314
443745298
361833263
422471292
310327465
339523680
466625354
218049558
223424132
439752083
445511409
162380707
162064942
54273501
160049913
525920818
198056312
163101359
205993789
418174441
375638094
412876212
318044395
185495309
556872805
280186775
579078375
66608930
450663695
393713159
244762030
367211277
420450380
405583834
373751281
395403184
415225285
382868842
409497915
260273434
305608670
113348476
377841534
364665234
407670699
246922116
126815834
119783288
263203459
361589531
273838378
219470197
127120551
326614832
233513932
349051164
254718782
526828017
496947459
302421387
205776673
271750667
303429089
275533177
438755270
277624842
280466588
333727397
289303818
16719686
175252912
163907614
218917822
300817249
200635879
426799694
344467664
288475992
242123907
305651395
422950593
448128175
464600622
267318383
194962817
363459427
278456280
395481868
219000267
380853384
440826816
410824249
235439242
371959098
351442196
308988687
318857759
233976278
483183133
405874972
531718205
297345218
393134727
418474242
138446405
379305970
378978821
277392478
157847018
454098120
54553820
348898463
393533799
325490353
31700622
407419623
117586892
202186755
357908307
489844539
380431876
343288207
456001929
358925768
429148177
174282797
94357361
395565652
322983800
337858194
324904088
155878283
255436363
256821498
90344316
242506039
88082231
287407888
283143516
540448669
329551043
458984074
358030847
121247085
227006868
327104464
245836860
247812358
250363952
286809854
303943676
256380068
272041730
268076385
201384944
362800400
230096211
308789235
384595966
375264851
53254953
366304869
284105611
254652572
357231967
433809231
222821249
364772088
408145892
449468934
252201407
262717392
649492472
280621298
341728719
309130189
566638740
252086024
82965925
169668694
409050956
772893874
85883490
334581981
257393031
318402841
286168287
360748451
350894502
429765480
266896080
29262264
715093399
261142883
516410984
258223590
286717357
316973278
230382394
316628389
133190932
225936133
469256927
573071844
355156375
363519664
304722669
399955938
320947564
651115751
309477542
99392859
318750483
247191153
16707045
102794920
261110332
178400497
143967502
724064706
194544341
111428888
128659674
103321573
73287122
10507361
354017267
235749621
96757973
25746773
74958242
300451916
222840150
66283279
205189555
296772726
104652142
103795205
153432670
38222469
118244778
176361275
158580756
163105837
177472492
162953154
154940969
93276754
143323885
47690794
129028858
126029074
109725345
98290674
99990887
98968278
92472754
22938017
79874439
8609151
65261078
51310825
46854224
59093649
13373585
51826133
46204232
40323576
30173721
37989189
5898550
14209482
16747018
27551848
20769980
23087636
23073946
21546999
4854262
51031181
79476875
78035744
77782062
76196509
66336122
190279336
185740503
171116769
192917194
247950659
287847204
201520955
287350501
239650864
458724990
356369923
408426404
354288220
57164994
184690151
454601725
483861446
208532408
448099068
263046251
337472101
497729504
373298999
349015255
584474748
393394671
397235069
157800616
581798077
445351689
468045592
218365471
32153210
273323765
400891608
211982165
281345098
253234985
259480012
527177556
454849035
316202057
411576857
272839604
188862825
371018133
369143474
252963609
264796468
451730619
222590779
4924431
288355548
285100300
413449374
314235291
267109358
36901467
519444178
378677489
522909654
117504423
421170319
391848512
76091032
222608335
517772740
487514570
180942343
378213447
458590884
280976674
327248207
353300339
