379626323
435852609
266045913
351940520
500579479
315446709
272660827
446180897
362861316
422829497
309235743
340111187
466838120
217713566
221401926
439393408
445198208
162051555
162886223
55167360
161343929
524920305
200651112
161591674
205528633
419030680
372885473
413631177
317623044
187613030
555607886
279095803
579696445
66675535
448792932
394622140
244654938
369408003
418066962
403019717
373559240
395750438
415526723
384215558
409467556
260125616
305977323
114184834
378003875
364000575
408381084
246669490
124647864
118580202
263679671
362174840
274127487
220180680
127872737
328967773
235477942
349008816
254017118
523428073
496382364
303394818
204587334
271043164
305271454
276420371
435310387
279539607
280929103
331373226
290072792
15181661
174635681
164461155
220159622
300634453
202463603
427009903
344606194
289137753
242123433
308455243
423952044
446403064
461862711
265529658
192996306
363092375
279443738
395476551
217551327
380938474
440420405
410042159
235194573
371531672
351589931
308527565
316562947
232549342
482263165
404809478
528527846
298671912
392968711
416912362
139865544
379340070
379676646
275038130
158215181
453815124
54417373
349408482
392735217
325528238
31131469
407343933
117463004
201436425
356399541
489268918
379019513
343565229
455376689
359404487
427230636
174176580
93845749
393975679
323436676
337194915
326307006
156848784
256213758
255990075
92007677
242304949
88819419
289675102
284456927
540149961
329044463
458321160
355334775
121928302
226157019
325716946
246358063
246857443
248951106
287879883
300472843
256928899
270832525
267896847
202699998
363438434
228653435
307686651
383857186
376840047
52209781
367303167
285742061
255549049
356896466
431870047
223166983
361560510
407508587
449491511
251861822
262728064
646815757
281948633
344324052
311155279
570303134
250573334
83437428
167458453
410032290
777134704
85528262
336594317
257152184
316702966
286193129
361319699
351967507
427985081
268690226
28731399
721049522
260554484
516480646
260104593
285892423
315209972
230948734
314854685
131728713
224652655
468615332
576484781
354571090
362349957
302406913
399127115
320549751
656559951
309273397
100119865
320139355
247457086
18960910
103326587
261569002
176867702
143245521
724742955
192556976
112256137
128422367
103293192
71856506
10271864
355726420
236231556
96905237
25560077
74762341
300865485
222458305
68050814
204020714
296563347
105317919
104516688
154365739
38752123
117891106
175977096
161802940
165920882
176987247
162564396
152434569
92136273
142867077
48313206
127418599
127004171
108802633
97041638
100864133
99547595
92084983
22595439
80090550
7679517
65504662
50940618
45374161
56025799
15738061
51518100
45991536
41734722
28813914
38379598
5706684
15389127
15775175
27536571
22908770
25207907
23622155
20368939
6083458
47108467
74270768
74835288
73882525
73512485
64924448
187450804
180167000
171293109
191028002
247959614
286961344
200766074
283421862
239535042
458004417
355347330
411062941
354545702
58045823
184270460
455925870
480653922
208825179
449228007
263502698
336135709
495359636
371830728
348202854
581912069
393646155
396429992
158290356
583416011
445205730
467620236
219541929
34760755
271969861
402727642
209415359
279830644
253123477
258696178
527132354
452759163
315080690
411980528
274607554
189952872
370149510
369164745
253446825
264866605
449751259
222418806
4800316
290008433
284416894
413639316
315461137
267340514
34268680
520122046
378412217
522517503
118986625
422844002
393109070
75070943
223401707
518746057
488763178
180373094
377860198
458388505
279446613
328362313
354466243
