378970990
435447492
265045710
351549229
499857186
314743354
272990139
444805430
362247855
422535490
309666409
340126822
467624707
218243822
222012739
440429154
445252995
163014898
162349438
55348395
160435726
526506145
198445882
162028329
205251122
417348184
375046075
412163464
318238094
186088472
556795673
279267279
578414750
67064565
450559420
395393868
245417088
368015250
420500929
404830352
374108915
394676947
415062590
384033856
409645274
260647526
305832003
113683836
377226686
363792008
406703288
246209941
126108055
120341632
263193171
361808612
274206541
219564606
126987908
327378768
234122484
349056858
254287503
525947404
497366326
303076792
205149015
272778499
304540972
274848662
437179592
278671342
281252933
332466708
289874492
16705930
174438414
163197686
219025669
300502352
200533498
427244556
344541292
288124633
241820602
306069116
421998639
448655391
462898067
267543884
194753071
363445647
279185740
395351921
218904915
380059126
440114013
410369002
235352216
371754081
351150060
309577853
318299578
233362746
483559264
406661244
530761793
297789335
393907721
417098204
138551124
379356942
379565287
276827840
158547999
453513155
54843825
348288406
393388967
325156790
31046510
407261214
116712234
202506104
357395782
489617451
380483231
343396010
455937351
359233017
427473325
174359548
93849884
396525682
323933585
337490749
325734315
155829842
255510648
256745001
90579466
243057094
87897649
287689930
283175723
540141378
329153970
458584839
356590615
121519169
226029203
327040011
246598557
247872843
250397512
286786308
303930027
257814286
270837048
269184168
201626791
362297975
229294656
307946847
384616570
376984554
52876292
367410366
284997593
254731217
357530104
433836825
223607484
363302745
407353050
449627766
252496988
261762612
648041706
280707641
342794142
310167155
567882997
250670716
82757496
170135897
409534802
774588212
85986364
336046384
257204640
317948350
285919620
360230824
351548853
428994539
267984782
28284264
717934698
262069346
515996658
258583989
285743033
316376354
231091690
315074648
132325946
224475282
469980566
573564527
354267949
363092508
302911089
399480933
321166184
653327836
309183673
99799584
319089576
245809948
17759634
102492981
261659396
176701103
142494461
724079551
192974468
111317956
128671847
102630036
72063622
10123877
355206751
236286856
97549335
25197295
74515965
300540136
222620548
67623971
203548519
297912867
105297777
104255237
154908855
38006387
117993229
176087260
159786839
163738612
177401037
162764693
155107020
92798086
143303061
48042187
129544254
126218744
110473365
98191551
101415237
99766781
92249369
23710640
80737553
8596206
65848254
50458694
46341657
58113221
14441265
51993649
46309263
40540625
29483541
38755725
5444280
14560769
15765471
26869562
20941555
23805282
24330880
21457650
4866180
50237828
76646189
77129440
76417341
75821459
66016494
189305008
184199941
171197921
191671915
247756637
287241265
201790346
286700470
238680124
457294565
355175228
411287645
353806533
57100198
185210164
455144849
482456075
207630499
448975813
263435744
338127920
495476978
374025536
349765454
583011651
393175395
397028068
157869469
581435372
445417777
467724732
218329423
33158020
273259849
401637099
210452573
280884409
252598007
260150408
526596133
453770541
316390152
411706120
273560404
189580600
370970534
369635190
253631171
263730733
450969451
222215902
5691165
288997590
284861267
414226689
314993253
265380920
35946088
519433902
378940731
523042596
118172819
422777910
391947031
75300074
223390837
519042593
488420488
180133482
378506946
459429652
279841621
327746868
353162532
