379078073
437562704
265468551
348224241
499381324
316119293
273489958
440719517
364050960
420918478
312498780
338144871
463281346
218151650
219785392
442428785
445569903
162560542
161439250
54374730
162907793
529450411
199412826
161787632
204187957
420312800
374459347
410902781
316215579
187065494
556765497
276162334
582766791
63604892
448036262
396120615
246245127
368137579
419621770
405042364
374152084
393056104
414651503
382735413
408266554
260748183
305865927
114252545
379319887
364257328
406081551
244932468
122991554
122440454
264216388
366005417
273570257
219143665
125808103
326955909
233763375
350381713
254511301
527773558
497910587
304202280
205331129
273107521
306073113
275578918
442616508
275945388
281670253
331649128
290076488
15281191
176654790
165814843
220887902
301849984
199869548
429254935
342493481
287185614
241194627
307008875
423809592
451433739
466029569
270770488
198016054
360674296
278626483
395122291
220974245
377690017
441978329
407892299
238327315
372668236
353728196
309135964
320676753
233576274
485424778
405094837
535855481
295994754
395922595
422145483
137768967
380078777
381461901
277369456
160063389
457677577
52290320
349412416
394782761
322679100
30295563
413584286
117152748
203083787
358155753
487992172
379056124
341931517
456366351
358870692
430881439
171636259
95000181
400106782
321529505
339056808
328158964
152746874
259834759
258496800
92442428
243830819
86717147
288509286
286230419
542082294
327225499
457647093
355747033
119509523
228194476
326367371
244164759
249604464
249821417
287361024
304892921
254977117
273786875
269872223
199737687
362975620
230318308
312419353
387112827
374024137
52145204
366887756
285472201
255639869
356967935
436125842
224565785
365092636
405360126
450459867
251900752
262636270
648439093
279596595
340839892
307772260
567094752
250332338
82483842
170044295
409894775
768467407
86063927
333863204
258023501
318143679
285946915
363860893
351532018
427811312
269792702
27057506
710766491
262846842
517725388
257244257
285972924
315868934
232479434
319465793
135338258
227763437
470200063
571223526
356703001
362955459
304320914
403145123
321760646
642496406
308868837
98799123
320833846
247155884
16898686
104570232
261349273
177605242
144021729
717276671
194479014
111183671
129494704
105700098
72425405
11027676
355256013
235327592
97707321
24364299
78216743
303704018
222362177
64847766
203146598
295871539
106073054
105440477
153711183
35469773
115922752
176025020
159221332
166322030
176280775
165431611
155123558
93051674
142314861
47762543
127265223
126297025
110201231
98087907
100606647
98371185
91521390
21787994
78005065
7140649
65267603
51021774
46518922
57586284
12787783
51926225
48476129
39164189
31778877
37905037
3305597
13357525
17683977
28101038
17423262
27366673
24559086
23649524
3981476
55032345
85045204
86472274
81024952
82825214
67676626
196309626
192900000
169254908
196415456
248251603
289022181
202079708
288404813
240095407
461258325
358388481
408009275
352828240
56160976
184639998
456370400
482922020
210540182
447018062
262761140
339015147
500178059
372667236
347104431
584528620
396529633
394747653
156603756
581667274
445740338
468013273
221036220
34965690
273788605
402954040
210764753
284010955
254817356
259060021
528859539
456864245
317895313
411646153
275209091
189041395
371019944
367907154
254625055
263274625
452673654
224288959
3847474
288318408
284697922
410884575
312612734
267376094
37792599
520404669
378274983
522332154
116842922
422682457
393458624
76373585
221332131
517067479
489120307
184451777
376833782
457855200
280480024
327384181
350156892
