380468421
434031098
263305944
350010362
500024088
315005703
271490638
446304981
363154793
421090994
310590983
341307102
468717439
215353703
221062731
443514843
447522981
165380305
163378817
55951687
159594327
526053080
196870502
161833839
203331021
418821919
371491750
414302654
316388988
186774855
553067098
277660070
576760155
65145969
448851809
394872837
243544407
368139637
420226981
402847334
372473602
396172730
418383335
384260860
408717443
258880515
306859512
113133962
379648120
365320386
410689829
248154899
122987085
117802967
265488424
362357606
272157338
220735122
128217335
329952274
235966171
347917293
253378276
524318362
495304315
302991204
202575221
270840621
306168008
276786739
433908451
277410091
280564355
332147302
288229704
15410475
175258771
167090986
218733762
300259014
204873928
426719769
345161864
287514563
242139051
308360436
423752582
448732550
457580307
265578766
194005928
362748979
276940214
396771959
215886600
381206942
438399774
407896203
234833685
371018676
350792935
308448742
318075588
233574893
481862871
407316946
525243965
299597697
390697124
416742558
138900326
381393865
379602546
274100708
157274097
451573501
53361234
347849167
389379739
323216309
32126843
405101724
120282699
200268498
356575554
487928922
380420574
341721524
456453938
356989265
425409200
175831066
93993085
394294011
324167766
336376691
324311233
157961734
256454243
254818037
89826933
242599538
90360224
288981396
282208809
535542501
330447823
458626922
357324139
124019820
228689475
323233718
247381501
246278341
246065335
287735427
301207401
257169870
273193141
268296205
203003378
362476752
228732027
310577430
384102176
375346020
50342058
365994176
284298254
256072670
354457267
432721006
223490153
360042833
404631261
449316752
254815827
261510144
647578964
281955876
345121702
310063319
569814739
249392881
84750496
166103465
408345319
784386197
85093530
335956950
258612339
316061268
286403125
361826012
352988805
426237735
265621576
30511053
727023550
257439457
518777229
259405191
285825303
314629344
231414216
315156461
132887716
224495890
471259132
579449240
354715375
363387898
302696277
398057159
320680837
662628837
308837326
102111972
319314570
246870061
21323266
101582218
262703073
178204365
143042126
727612816
191980126
112007592
129778686
101871477
72415973
9114438
356295748
237788020
97324509
24590371
73432502
300383635
222144811
67269509
205193155
293730246
104613106
105301917
156656161
40481368
119153023
177051632
161604718
166676724
178924231
159537773
151552852
94785273
143186381
52160473
129480382
126164493
111175351
98427882
101019075
100694904
90247288
24279254
79656796
9838938
62733449
51847458
45882571
56956604
14737702
51089705
44238427
39693454
29330355
39479127
6418955
14843620
15642104
27816587
21134578
24769093
24240679
19445023
6764083
44506742
69750910
69510550
69053061
66410438
62603891
182207248
179709002
172281182
190828122
243504349
280459767
198411833
284978840
240485345
459662764
351844047
409976846
354325137
59458675
185470854
457153720
482923061
208769141
449715342
263587004
337021103
496821218
370860590
348891787
581746294
394530486
396730389
157748473
584204205
446185086
466223624
219750411
33560468
272795938
403096764
208656424
280841308
250945047
258967943
525856360
453015076
312502533
413990326
273546843
188178188
369099949
369898663
253290846
265791619
450747798
219145797
4225402
287977717
283833848
414449637
314825951
264311399
35672550
521966444
378443110
518860155
119828276
425091649
393536563
73502210
223332834
520712755
488541405
182612339
377675471
458477003
277689137
328026603
356070338
