377938321
436183017
265202978
350678926
499853109
313930764
273073238
442380852
364242598
421264951
311340475
336938771
464332780
217300615
220188245
440659389
445055452
163100573
161684641
53799510
161226026
528015573
198707670
161752685
203798338
418988038
374308033
413233308
316873496
186688387
556771674
277334402
581025893
64739897
447917840
394712230
245882193
367572289
420056008
405196272
373469764
392920208
413970626
382596365
410645722
261365927
306304449
113475943
378345137
363189533
407203939
244889581
123993347
120789608
264691756
363349524
273376764
219223338
125424913
327061403
234101038
349842811
253357650
527180568
498019102
302613923
204844194
271865132
304900069
275233066
439890128
276921547
280715684
332897819
290127830
17075814
176646983
164370899
219185897
301431275
200071533
428706871
342842464
288649735
240933500
306574822
423273614
451817827
465236014
268885256
198599873
361758012
278463806
396022082
218921629
378096107
442542760
409590279
235986060
371758304
352490621
309484223
319379873
233480698
484031922
405763328
532096619
297730948
394843339
420678348
137444807
379223210
380011684
276089729
160197443
456422146
52452776
349945422
394385626
324497536
30739480
411396404
116860563
204108597
358436676
489481489
379012761
341759013
455884538
358395686
431574034
173869340
95525750
397679343
321629548
338160098
326865817
154201938
258788752
257782983
92655386
242553916
87789334
286428804
286568622
539367712
329379863
458287395
356990648
121522039
228351852
325900138
243814467
248878145
249863229
286709187
303590630
256208331
273361189
268335219
199386364
361058209
231063887
311674771
387557066
373012604
52915662
366434383
284113122
254309106
356888410
435032950
223561894
364092457
407573875
449148919
250813383
261918333
648486087
279779438
341624818
310071527
567368351
250860361
82928769
169593770
409091863
770382332
84784158
333713313
258409483
318411082
285579625
363772933
350956221
428358355
268414937
27107670
712216071
261112193
517102502
258463233
286478253
316218476
231907338
317076958
133579842
227778076
470465555
572118137
355826565
362958568
304932823
401460485
322349518
646293436
308249827
99402321
319377609
247775922
17015994
104652951
261421282
176730645
144004254
721449909
195072092
110451312
130330463
105810911
73960677
10994151
354427966
236530258
98270519
24845424
76468054
302877362
220730131
67273406
205846654
297390298
107498503
104877871
155072526
36693514
115701157
177344443
159001463
163582345
175747766
164521405
154424649
92739822
142907677
46304089
127328654
126785256
111425670
99066282
100279030
98401391
90793726
21397907
78502717
8339137
64245722
51190020
47533233
59164600
13585836
52844052
47854486
39644824
30014462
38718844
4844585
15065043
16443435
27909098
18097474
25238036
23322987
22386917
4659666
53689795
82223093
82351379
80160532
79737771
65981707
193585486
190464170
169350141
195047635
249243980
288341433
201702846
287890427
239676085
458719268
357499051
407663205
354308855
56468577
186121612
455273957
482282505
210213272
446420485
263058811
338484284
498774842
372344648
347205561
584101393
394858772
395481997
157061611
580763082
445513734
467730470
220951543
33392203
274095019
401592458
211744103
282973575
254728625
258676582
527649781
457156844
317560335
411870408
274209047
188330310
370177855
368941754
254060479
264024191
450556862
224175526
3202060
290219607
284152589
411224658
312202814
267749671
37981107
520905029
379609849
522658709
117288193
423295775
392068462
75280441
221077059
518424045
486601020
181995765
377913972
458864492
279554777
326361281
351590370
