378793744
435328467
265388248
351232626
499008210
314275978
272429128
444068954
362278998
422354242
308962125
339823122
467347796
218101183
222752058
439754590
444937262
162392359
161566141
54831616
159987608
526629037
198586165
162655307
205718159
417660983
375022967
412206135
318301191
185494872
557180414
279918239
578510430
67251428
450491769
394963164
245151580
367616932
420605152
404471516
373548468
395082309
415002885
383062901
409630060
261054955
305802532
113422342
377418892
364013777
407087371
246298158
126246168
119739278
263306835
361811394
273329435
219785554
127102701
326594771
234068827
348812682
254547101
526307281
497071545
301959281
206214781
272148457
303533749
274955703
437744220
277937695
280618160
333382176
289066077
16591887
175128385
163202366
219383253
300272336
200123969
427107020
344363958
288146908
242012824
305801888
422342772
448018161
463981898
267540030
194642164
363658964
278965532
395754254
218924796
380863523
440877276
410523494
234772176
371840511
351021921
309237632
318592960
233893192
483869880
406244523
531400979
298086226
392234089
417636019
138772334
379272679
379824487
276915660
158189012
454598710
54497766
349108798
393479366
325552768
31375522
407592436
117196346
201967983
357920894
489813139
380636631
342699039
455345182
358420157
428379943
174529300
93011019
397191554
324239997
337223318
325703143
156585737
255789452
257037051
90239786
243021188
87894753
287997793
283035468
540474006
329158751
458528186
357071034
120897989
226479806
327409277
245568377
247748606
250465454
286265932
303870113
256566693
271633858
268164076
201296248
361980076
229927254
307983956
384360732
375954922
53475284
366637747
284693797
254867294
356387452
433203187
223410096
364100136
407115398
448840798
251550627
262054398
648829483
281053164
342085616
309837015
567074445
251327353
82652263
169559133
409238894
773618528
85374595
335509990
257372258
318842972
286268102
360338701
351596203
429843649
267713512
28330586
716797261
261979573
515533082
258604704
285477104
316521766
231274763
315773105
131912784
225269408
469217173
574838765
355214488
363792801
303581272
399423933
320963882
652147415
309362206
99596816
318922216
246406297
17033459
102128705
261235616
177833178
143035085
723447412
193887505
111570767
128537525
103112193
72803446
10063268
354552794
236197408
97535726
25419285
74841702
300069312
223233157
67326545
204949378
297419451
105271966
104427861
153678749
38271676
118234436
176020099
158664643
163311285
177359035
163197134
154678591
93963843
143626523
47177420
128912674
126255491
110173827
97841272
100069784
98941940
92424714
23735527
80388549
7971587
65376593
50919769
45801000
58743851
13964323
51935497
46490548
39979268
29827609
38639269
5726033
14018363
16223214
27748460
20740562
23816885
23276086
20774068
5070966
51349893
78301658
77811371
77080794
75981317
66217888
189693793
184665302
171118822
193251982
248340137
288245205
201504589
286934226
239231572
458025286
355502136
409062949
354256725
57522516
184767478
454701129
483459364
208540230
449378378
263233131
337999194
496966489
374063595
349495202
583792074
393521714
396771693
157789504
581791584
445792424
467133945
218900763
32015480
273673787
400593097
211136196
281565526
252851979
259721139
527040930
454129426
316779693
411978913
273224263
189437721
370880632
369976097
253429525
263459204
451442499
222735111
5357228
288741837
284986199
413720786
314549868
266398442
36517828
519905642
378927792
522199687
117783859
422413939
392105160
75478575
223314047
518155606
487959972
179916231
377616895
459167868
281011911
326855377
353805574
