379483708
436247266
263114518
348927783
500417832
316261663
270224935
450314715
363795228
420210374
309057964
339831163
469039293
216592357
222018615
442560107
450690526
166306756
164160596
56629698
157492169
523791299
193508642
160252674
204654354
417560885
371962879
414640273
312748851
186305806
553119391
275393829
578036108
65935927
452722148
394293236
243481331
370727518
421668087
403078925
374210811
397719994
418567979
383597584
411405495
259813558
308312499
111202205
378636478
364280126
410728808
248592161
124135829
119092913
261656161
362043780
272168686
221279097
128629129
329142200
237221426
347515652
252362253
524950283
493954775
306344231
205873951
272341792
304329324
274964486
432188238
277859703
282610770
333358856
290159569
17810795
177282303
167716988
217041674
299045706
204821700
426012847
342411373
289768127
238658807
308657798
424429298
448296086
453183810
266678321
191038919
364809420
277755326
396021300
214375243
380222606
438434605
408434430
234089298
370045904
349755801
310332585
320159230
234959998
479419725
406675540
523382866
297628727
390891795
417849764
139366792
380722198
380677756
271939386
155306958
451122330
50563560
348549718
389475569
322904732
30876020
404049900
121074533
201121219
357797683
487084110
380515317
344128349
458136323
356670024
425824655
175636461
91470424
390747492
327384994
338735830
323395731
157749660
257510013
258371918
89373769
244299692
92691145
289002229
280983401
528935465
330295063
457804844
356586397
124670732
228213482
324473053
245355680
246693440
245464000
284684188
298559619
258118049
272407597
269107109
204919890
360486526
226429170
310168342
385509180
376234248
50986352
368263923
284496680
254128687
357638284
430713517
222135214
359157673
406128597
448468251
254256095
259955829
645753940
282345678
344539779
309136375
574584455
248761436
86603291
168553777
405770789
790830310
87317403
338420486
257517307
317382751
285270482
364244214
355143566
424150366
267942313
30629426
737235784
259703352
518991512
258961125
284285866
312747584
231533124
315187775
134017320
224576585
473937818
585622631
356212347
366552953
303267507
396257611
321633872
672060672
307892884
101246062
320525093
247307151
21724986
102028359
261163694
180850965
145427898
728569050
192463075
113712119
129382553
105044729
70591477
4788314
356336558
236249748
94510848
28435155
75234743
299052071
222561317
68237800
206755923
292443978
104769926
104258440
157099422
40071851
116498143
179883740
159859746
166190297
178839268
160712753
151684603
94594914
144604054
52363427
128408175
123343878
111775355
99012500
101552676
101335834
92793367
25697468
78710316
8763895
63156585
52170467
45670982
54988837
14899614
50757075
44505771
36771050
25677697
38842384
6923110
13209243
14129289
27546099
20674519
24082300
22466669
20198140
6777941
36083796
64552691
65570177
62911421
62702071
62070014
178275917
173720809
170954710
188933903
240209148
278800083
198740340
280998563
237833217
459512422
352590300
410114930
355269239
61761145
185242628
456167493
484634806
208782145
448512362
263587904
339014399
496226851
371097774
347036803
583809186
394378972
394828721
154800893
582612004
445568079
468014378
221877991
32145461
271152875
405672649
206479303
278933835
252016005
257695998
528184123
452236291
311683625
417287420
275614002
186210536
369112543
369682214
255737606
265145748
448407768
219177773
1767331
285399671
285595156
411751503
315828415
265278394
36744495
521157054
377767427
516224544
120249103
423063780
391357817
71384122
223374313
519637176
489052180
180224100
376713621
456561925
276871063
328905297
353174354
