377822055
436539725
265324807
350414475
498935994
314594393
271778221
443681228
362862848
422189814
310619936
338712716
466089622
218146369
221465741
440031736
446381854
162664778
161884672
53710827
160750842
527342715
198492077
162351372
204616615
418149350
375393079
412609098
317188939
184630994
555654256
279871954
580657575
66203659
449423877
395070121
245662577
367485539
420390242
405207141
373872354
393931463
414816324
382057131
410109364
261279387
306362612
113531677
378502219
364194703
407371681
245575626
125042529
120936237
263471066
361987124
274584129
219707289
126014205
327174268
234042206
349853637
254177859
527543533
498196214
302758659
205599333
271791017
303584253
274720732
439155186
277576936
279625974
333779099
288995225
16228682
176115120
163993525
218695964
302571098
199872916
426972000
343667737
288748712
241431683
305831894
422992040
449950652
464189209
267259897
196967982
363843683
278172297
396294963
218973839
380506604
442431456
410663750
235947841
371192116
352087202
308705742
319383537
233366856
482423527
406562653
531447319
297881984
393693883
418922568
137767040
379171799
379547370
277071586
159519589
454528972
53611130
350091705
393431751
325069890
31324764
408129686
117688817
202558092
358045231
490129278
378984823
342686977
456722321
359168599
430048412
175370816
94217865
396687410
323228191
337914041
326007502
154599984
257340221
257351613
92142919
241325723
87829230
287377273
285323159
539591084
329774289
458016908
357816513
122026269
227394976
326623395
245269673
248319944
250053420
286852669
304536821
256329589
272836982
268388339
200362628
363012058
230409320
309429377
385762130
373526287
54108045
367720093
284457953
255159079
356302374
434619330
223384899
364945975
409582591
450330081
250950113
263094149
649024296
279298449
341507553
310078353
566494756
251096042
83121663
169177517
409328093
772202089
85433135
333975921
257800464
318457280
285781123
361785904
350965667
430062316
267626876
28370496
712331889
260552618
516542768
258289563
286245922
316590539
230977711
316206667
133145802
227024378
470247042
572581365
356364246
363393697
304723875
399977978
321635772
649074352
309610230
99379289
319446442
247579507
16507548
102872484
261156761
177366004
143254207
723257244
194930400
111348276
129543852
104188209
73988331
11779181
353842153
236467506
98212383
24578293
75745889
302798792
221627067
67218143
206207490
297533220
106126276
104010489
154615562
38060551
116784136
176150342
159446148
163545726
176422031
162982707
155124401
93231246
143363862
46704772
127546885
126897841
110406244
98907968
99530069
97706718
91709342
22279881
78817044
7746580
65132886
51126596
47321183
60909948
13137049
51847564
46240165
39870155
31103952
38403923
5858862
14849587
16603778
28608263
19955575
24040712
23122729
22365244
3649463
52133226
80547015
79414315
78297355
77741699
66450788
191490936
188221619
170326350
193165148
248359743
288217866
202677917
286784156
239551133
459078771
357434220
408483703
354774329
57311050
184183485
454597467
482917548
210180896
447336811
263658128
337323569
498071615
373229789
347990860
584630403
393490519
396813450
157637769
580918537
444756869
468767959
220032770
31196759
273249005
401739339
211985192
282652709
253889308
259177045
527176992
456014123
317130947
411973834
272442454
189018798
371602350
368287536
253592641
265257451
450942622
223360179
4465980
289321853
284611201
413194436
312212036
268128320
38060522
519343272
378910398
522770610
116068861
422216591
391557174
75675026
221460241
517732246
487859538
181161441
377713488
459196919
281596572
325884087
351582204
