377843243
436195034
265318643
350267296
499102468
314603317
272614001
443819991
363117062
422585402
310579697
339165884
466477821
218374980
221876870
439973849
445521258
162871474
161951902
53640309
160457273
526476904
198229001
162497317
204565681
418240347
375580920
412637926
317166052
184628356
556190775
279806719
580049530
67091966
449542723
395261796
245624623
367976350
419776586
405125060
373923509
395114696
415336931
382525576
410294189
260920257
305894061
113325645
378339903
364001139
407670964
245677973
125035214
120745297
263458717
361396609
274154642
220037851
126365264
327379178
233769812
349385482
254352379
526921819
497796113
302854582
205614503
271522880
303872029
274845446
438937690
277719910
279992381
333848152
288713938
15674519
175541212
163743255
218667995
302494342
200187118
426850477
343798341
288920696
241011306
305786339
422599026
449980237
463512816
266908673
196025932
364296878
278536213
396229693
218449372
381215300
441593780
410595328
236133680
370668861
352817814
308380960
318950944
233590914
482796539
405878629
531489884
297460229
393332352
419148550
137266676
379546058
378799224
276686837
158821013
454279815
53967187
350302827
393259641
325478064
31416853
408082912
117256744
201949937
358090082
490446055
379423155
342769844
456969613
358995847
430118693
174715378
94518747
395984629
322231499
338037228
325295471
155154571
256814695
257579183
92001164
241438608
87860660
286994894
284381351
539890588
329345301
458256454
357592430
121984423
227583309
326349105
245520577
248160428
250255138
286489197
304772016
256243157
273316603
267919526
200716571
362909945
230750654
308531263
385543893
373907553
53940492
367413099
284312905
254972510
356665527
434558888
223226611
365202779
409232703
449837642
251450716
262748342
649122260
279819349
341031221
309797753
566984843
251632599
83292844
169410327
409442273
772580711
85494993
334162374
258232147
318282076
285970688
361860281
350887819
429603584
267954473
28274780
712692455
261095037
516047159
258513019
286054490
316557521
230577572
316254969
133316348
226666046
469967120
572227639
356656883
363322079
304240129
400034362
322097805
649303130
309539186
100023854
319729685
247322584
16706148
102513063
261656404
177388417
143396230
723549959
194620406
111320848
129395969
103561129
73468920
11826005
354329341
236689933
97569086
24677632
75673007
302329517
221707613
67193460
205831756
297176343
105740627
104768611
153719338
37699712
117044299
176337762
159084316
162823663
176712446
163607562
155218991
92643493
143360617
46910175
127639273
126456432
110508582
99044756
99319919
97926744
91740123
21617529
79272889
8728411
65701276
51595243
46645506
60663298
12493327
52357001
45644282
39871675
31269129
38074436
5781000
14301476
16584701
28851760
20156067
24186498
23232689
22725164
3651771
51459797
81154413
78911242
78199815
77651576
66572415
191796376
187304966
170700487
193005699
248736852
288099396
202642352
286580055
240297954
459210426
356909762
408634184
354825716
57283284
184050668
454928459
483620189
209815425
447862230
264013245
337274680
497720761
373241720
348525821
584902957
393535459
396711065
157970377
581335725
444909130
468324562
219130322
31318907
272930066
400991658
211825542
282454686
254419982
259326863
527329293
455517573
317027878
411654724
272050336
188511606
371320062
368744503
253343211
264923287
451475310
223299674
4135556
288856083
284877465
412661824
313159180
267706745
37982690
519207624
379454112
523180565
116383379
421770050
391072827
75653327
222788153
517950938
488096461
180956067
378015373
459098974
281011796
326435952
352995060
