378988892
435338616
265599339
350982317
500247570
315425242
272742242
444598834
362272452
421553342
309439149
339977235
467165470
217464744
221841090
440686406
443508995
162286479
162206315
55001350
159894723
525918184
199727476
163274170
205303508
417840020
374993831
412786909
317896430
186204340
556833368
279467169
579358743
67727851
449154070
395172953
245548963
368772754
419470223
404544068
373723546
395114778
416016420
384052041
409160514
260361527
305377208
113254109
377432751
364638024
406698668
246478550
126124518
119677822
262517403
361433436
273280042
219027921
128151937
327640266
234719019
348910532
254867581
524855639
497034301
303485544
204964644
271922485
304230949
277035569
435803778
279682234
281355095
332538112
289832372
15912044
174718768
163339155
219130281
300854440
202288305
426340120
344259288
289150812
241477663
306370648
422563144
447735115
461727207
266608839
195118380
363438982
279962062
396201213
218496169
379961064
440075430
410337911
235855957
371587660
351096313
308785199
318302294
233703710
483327902
406955849
529376541
298104695
393281937
417610821
138867593
379174911
379755533
275944832
158437954
453558096
54802590
348565631
393535503
325719281
30924631
407483286
116982053
202012304
356683231
488726051
379612811
343354824
456076840
359443473
428908380
174850196
93406740
395982004
323429080
337411991
326674872
155726048
255750967
257009644
92209387
241726470
88934583
288090192
283690221
540225647
328668674
459275329
356502256
120729242
225929635
325550348
245786435
247924326
249003167
287211706
301599455
258002918
270174736
269474866
202709806
362588424
229106743
308803453
383508892
377772797
53563561
367741059
285242929
255490375
357090212
432110403
222767194
363269257
408169726
449602138
253230018
261891551
648145204
281426467
343741380
310630786
568025282
251426430
82333902
168126313
410604872
775588032
84146179
336626651
257632992
317696488
286514985
361187431
351884964
428721613
268892264
29141329
719686068
261282347
516233913
260032179
286065845
315280441
231097516
314630863
133032827
224562353
468834232
575066049
354882989
362695795
302935680
399700413
321377871
655179625
309029662
99681276
319814930
246092293
18423461
102934491
260909514
176933573
142288186
724650477
193166322
111876909
128015453
102933022
72765346
9501249
355195269
235780903
96593834
25301568
74749764
300284776
223247263
67484387
203768894
297701988
105273821
103740438
154957649
38308097
117918329
176144508
160768270
164966815
176692489
162001737
154313758
91380513
142559258
47857644
129141467
126490921
109144085
97869126
100462947
99688647
91441585
22587086
80758655
7963979
65926424
50977165
46078381
57380164
15563284
51468306
45959075
40708616
28973925
38222134
5587124
14015466
15982852
27277231
21043555
24631676
23435208
21694638
5252256
48351950
76157051
76463388
75964029
75623444
65057624
188748113
183044594
172246418
191605966
247408033
286734474
202779067
283962661
239001570
457632146
354859137
411307037
354332645
57836887
184229775
454861099
481317685
208361800
448748807
264007522
336506153
495144634
372907298
349148207
582081799
393122959
396264118
158370341
582356408
445722477
467819577
219034476
33396411
272134617
402522846
210018040
281579291
252915311
259615676
526297232
451965108
315449563
412012380
273541386
190749891
371720217
369663688
254416410
264447697
450203051
222771962
5748863
289729509
285158259
414499214
315557871
266229121
36452431
518279339
379612175
522341120
117693242
422868216
393319772
74859930
223354258
519029203
487868789
179979830
377594327
458692085
280437123
327563240
353927732
