380078938
436628937
266131171
343804813
500274346
317445724
272720536
440340738
364399691
420897723
315332742
338306872
464941201
222706591
223532072
444269376
449928309
166549208
163595254
54835864
164567154
531785611
200157674
158741675
204381531
418848572
370193686
411946058
320538385
186571564
557475518
274358314
583511489
64640741
447311220
396683238
242062556
367661820
417196952
405837881
373825370
391560930
410043910
380690215
406405875
261316039
306673864
113803579
376008470
366419745
405528712
239999625
123620100
121246983
268421371
364577393
270746113
218796850
125619213
326345679
233693934
347856247
254289923
527397585
501046111
303955441
206440665
273050442
305735814
273647130
443933147
279150560
283084424
336966641
292391506
15090775
171891891
168245200
220904965
301959375
199377579
432221980
344106284
285033394
241605729
304076370
423963623
450180634
466558957
267106210
200390161
360341525
277958352
395940703
223604928
377739812
446100981
407484062
238055432
374416266
350781310
311723332
319953220
234031362
488133604
404157842
536451664
294170851
399513516
421539970
143370997
382025245
383632056
275769630
162299492
457085423
54085048
348559833
393988618
322703312
30718870
412434027
116128118
204653694
358983661
488775431
381297505
342699232
453480893
360189253
428706476
174624504
92907866
403544725
322164381
334885592
330746616
151275793
258785100
262252816
89247300
247605754
85806056
289443934
285688465
546003819
324221206
456375989
356149850
120399984
230409343
326002049
245541535
249183567
247454948
288428721
305872036
254416575
274551488
272436394
204113584
362716200
230236617
312228916
388388259
374172670
54583361
367996697
287247879
253640591
357087439
435790241
223066074
362507079
404971600
446563483
251295259
262828098
649916513
277299492
341635904
308770176
563148007
251893477
81663525
167391953
407719821
763915743
85877038
330040536
258297279
316844990
283343055
365044966
353423724
428958745
268374174
27998899
704561940
264111786
517282074
258331390
286849863
313786635
231633926
318214705
135677546
231518724
470287066
570846780
354813986
365024634
301008485
402812266
321163858
636129436
309602719
102840850
320052547
247447566
19052026
102399478
262077958
175134086
143712654
696930054
194276757
106432304
127797614
101588107
73013235
12755188
353759724
236139644
98558418
23115704
72811327
306700756
224024273
68829788
203907489
300760861
105431532
106389977
152095828
37941185
115405855
174098084
157042192
166165277
182337640
167637767
162134729
97004697
148324361
47792757
126798889
126305677
113074393
96282686
103186133
97310681
92161112
19457754
76157562
7405934
68012462
48195168
49567673
59184733
8989840
54919065
49374978
40343749
32094975
36176252
3109417
9904996
17172135
25474288
16879564
31951367
28797300
29462166
4090874
59955654
89898034
91209183
83633502
90151047
65758863
199370960
200982126
164594659
198381818
250135453
289682017
204376280
290318526
239001534
465884023
354175629
406295638
350535491
59013018
184665107
455759635
483784544
206700906
447143591
264632899
337029150
501072969
367116077
344749478
585026465
394605200
395617042
155164595
579778366
444756942
465650411
219062728
38847015
273237251
404310964
213588254
284802288
256585438
258189781
527791008
454218786
316141995
409759965
277140984
185360302
370515568
368197440
254311163
266375238
454226741
223473296
3013114
290780557
284425826
410449138
315879621
266929917
39291874
520675510
376569435
522601115
118437218
422202906
389217009
74312602
226045258
518693643
486079061
180929569
375611792
458225078
279384175
330077992
350007314
