379358711
436785400
264533957
348022717
499821779
315390345
272991223
441342068
363683957
419867556
312670452
338193267
464342691
217438482
220263733
441907635
445685658
162685107
161554933
53862630
163037525
529379338
199186269
162037019
204080352
419569234
374478650
411614573
316671964
187698200
555925132
276414069
582312697
63802165
448719872
394870424
246416473
367427007
420027243
405458140
373419279
391877660
415249672
382851386
408453144
262151639
305855969
114335119
379170549
364320559
407403346
243734945
123750923
121858995
263649921
365466841
274190998
219634817
125678657
327194299
233801771
349796003
254535107
527757288
497948116
303795964
205666841
272402724
306175356
275401654
441601025
275622209
280957477
331679806
289912177
14831405
176308807
165063941
220084655
301564461
199548951
428788795
343488483
287249735
241163349
307599458
423736335
450849651
465032413
270081818
198047304
362547207
278514136
395561870
220220946
376998876
441351278
408407841
237867850
372241486
352512477
308762571
320551196
233939647
485102472
405200828
535207416
295989830
396382319
421395804
137517437
379604920
380832928
276870023
160499341
456719437
52338263
349479216
394840537
322850849
30673473
412582550
117236316
202943195
358904582
488683598
379071516
342079750
455998577
359746119
431557477
172366056
95225629
399759876
321866159
338222327
327993090
153395501
259653796
258248489
92248320
242097327
88079682
288585189
285880876
541171306
327817583
457369383
355568631
120165529
228031485
325667147
244175325
250609816
250855642
286977784
304326418
256200340
273105823
269403808
200025190
362991501
230543905
311440434
386609033
374576465
52610275
367000634
285586553
255562846
356999714
436001207
224416067
363651576
405401592
448991194
252423548
262657018
648272843
279214314
340844954
308844940
567456837
250439574
82593258
170438339
409687736
770205967
85728064
333761907
258529911
318024820
285926925
363704671
350138409
427712092
269134370
28250738
710550045
262771977
517462504
257898819
286192483
315518746
232805654
318176883
135650897
228023318
469948447
571451978
356499847
362221151
304813306
401970087
321700901
643952738
308080598
97929603
320276269
248278572
16591249
104384772
260903146
177652295
143296868
718458445
194791259
111242620
129522110
105932370
72249107
11090458
354461111
234092459
98902271
22931454
77622384
303366776
222202279
65759029
204295974
295951899
107004401
104733108
154500364
35883787
116227441
175477487
158828598
164964292
176275317
165494877
154639262
93879824
142279274
48248504
127135881
125712131
110837306
98195479
101038189
98240165
91739307
21844840
76886315
7790434
64673365
51603893
47937180
58378700
13401709
52837400
48011765
39261987
31826037
36778584
4237226
14706385
16972864
28381908
17429820
26265227
23901738
23314975
3963759
54326655
83979720
85574538
81375939
82213944
68178789
196279606
191656541
169543295
196374912
248473350
288854996
201860895
288514918
239746708
460950672
358326247
407284468
352581170
56206810
185019968
455536631
482733920
210115698
446395164
262411535
339214231
499638524
372913128
348052841
583590454
396207680
394164622
157618557
581540674
445243369
468357831
220227620
34129081
273971065
403090081
210914298
283737691
254084538
259161219
527654617
457013221
318602014
410534610
275201097
188421005
371338748
368553616
254336573
263468995
451495973
224531157
4047876
289028399
283944091
410823349
313143371
267642072
37126587
520251624
377650303
521926516
116155581
422503519
393677062
76976225
221232270
517646626
487391421
183180501
377326723
458736446
279895567
327129126
351051875
