379047301
435555073
263648227
349113697
500844318
315610844
270913281
450130706
364198527
420817563
309097352
340220027
469026563
217085041
222558237
441991146
450377661
166120833
164415305
55671058
157294040
523052527
193830333
160015108
204907946
417689545
371768395
414183913
312941877
186401748
552591684
275368125
577645200
66767110
451971131
393694357
242940677
370246401
421208810
403868188
375100664
397393723
418311376
383697348
411677355
258737693
308652130
110497279
378795549
363861718
410609294
248343286
123467473
118761263
262116767
362598161
272317215
221104551
128000071
329424516
237037385
347900874
252093272
525151303
493755856
306771027
205924510
272468812
304375545
275341330
431540678
278783721
282815482
333345780
289846952
17574794
178510099
167421937
216605180
298132659
204722980
426831036
342991399
289700357
239133626
308229353
423985432
446762776
452370192
266571574
191417390
364713796
277363418
395525631
213750262
379682834
438072603
407805596
234233060
370541805
349803155
310627774
320464624
234301420
478350032
407437060
522936322
297786251
392063933
418195979
139780044
380466686
381040489
272050153
156049894
451441730
49995876
349232514
388573307
322313103
30987524
403709068
121217854
202040990
356996604
487777707
381545577
343869655
458233310
356999944
425762301
175694780
91813138
389949327
326737505
339001621
322848305
159030755
257822725
257778659
89489266
243614918
91302263
288831510
280760924
528994310
330569442
456830846
356225319
124440736
228136965
324095799
245350845
246726635
245452645
284349729
298291670
258836143
273094524
268315334
204986594
360986476
226117513
310947363
384874964
375873989
51743319
368366582
284075849
254956148
357770717
430748201
222025307
359450705
406625032
448975515
255187320
260204490
646008749
283030915
344145261
308449379
573711662
248519320
87811901
167954466
405210194
793094845
87212218
338672451
257397219
317398037
284837892
364358595
355055126
424725526
267340444
31026413
738509784
258892852
519484101
258676851
284958354
313409667
231144379
314627499
134783015
224742610
473701318
586353536
356464898
367389582
303432782
396166987
322172101
672894945
308444996
102279487
320499833
248039639
22014838
102199612
261009654
179640724
144356339
728606355
193037231
113233308
129378772
104734286
70824568
5196075
357068010
236345742
95055582
28308751
74229243
298273807
222007666
67770093
207432308
291337891
106028908
104074270
157053813
39445601
116972537
179513255
159876640
165508549
178818201
160452037
150865501
94968672
144674851
52275950
129697576
123844697
111322007
98492377
102052669
100843935
92832075
26239665
79145524
9738681
62695459
51809004
45235894
55295967
15065532
51098156
44051266
37603541
24818961
39109383
6530124
12201844
14323083
26971977
21076328
24870564
22988386
20915419
8161571
36225853
63839962
65463343
63264409
62025893
62401047
178576670
172854000
171049330
188282711
239763008
278498058
198163145
281101648
237652574
460489035
352516146
410262540
355221023
60982136
185370210
456396584
483895883
208473569
448848422
264013793
337980996
496110328
371609585
346980638
583099347
394656748
395272208
153835993
582577335
446531126
468034360
220960531
31906826
270690142
405619336
207059983
278513615
251917664
256739516
528373064
452179182
312998151
416823345
276498267
187060231
369411480
369522901
255690610
264013343
448043499
219819985
1197984
284860685
286355707
411704443
315716779
265314968
36686355
520872316
377819357
517068348
120086229
422972755
391625537
70879121
222470038
519641182
489217185
180070081
377088998
456038480
275773271
329207174
353665448
