381615048
435233197
263322346
350236409
500174020
315317641
271531515
447116350
363625235
421508970
310182231
339802979
467659006
216422316
221823034
440690639
444813019
164396918
162141253
55957020
161100913
525480271
200371143
161965922
204508074
418911970
372124208
414750210
316534950
188367006
554718503
278353776
578497060
66557032
448834893
395917694
243915291
366728835
420208246
401820325
372412543
396951891
417105923
384081630
409162495
258802705
305436436
113463656
379771528
364406620
408788175
248199357
125092483
117990369
264437584
362819992
273904076
220810757
127559025
330658021
235181152
348986052
254292242
524940031
495279193
304266503
203276152
271822760
305802414
277194138
435233798
279351766
281762623
331080656
289189261
14996131
174352046
165867165
221228363
300019988
204059585
427543122
343671348
289048119
242764558
307822148
424422696
448494727
460201487
265553901
192912812
363107255
278907350
395684453
216631746
381251277
438936607
408701076
234494917
371107190
350378729
309345701
318060574
232990433
481332383
406264124
527381113
298889020
391275490
415967884
139237585
381095703
380474827
274579709
158873476
452239780
52507129
348538966
392217222
324699904
31349749
405763957
118787137
201580262
357056382
487863764
379783867
343182045
456852363
357816272
425583578
175433454
95153765
393805914
323454036
337525972
326832108
159463317
257200774
254936064
91213630
242267474
89857934
289512271
282610201
538268754
328950574
457145663
355399214
122461649
228206452
323574935
247901277
246584577
247561066
288453534
300726494
258131804
271661372
266510500
203636428
363810636
229801594
309779123
384195074
376435522
52073763
367913665
285284370
256300144
354060228
431312640
221525760
359766382
406539920
448146695
254244369
262192288
647734510
282609304
343862869
308778589
569110737
249402698
83951445
165379910
408526004
780036330
85112202
335662384
257382098
316674180
286708459
362141571
352271072
427305590
267321535
29893070
722673826
258461038
517520115
259588303
285899963
315800041
232356296
315087388
132644758
223214197
470835832
579024694
355114869
363164702
301253212
398631755
321786828
659313282
308426166
101070203
319467757
246311009
19415658
102454994
262669504
177298885
143183516
725937873
193046101
110749254
128892146
101610106
73170755
8560864
356489874
237425295
96594517
25753793
75504273
300385241
221981230
68275318
202714307
295108648
105797391
105200812
155774551
38581102
118190045
176659090
161680424
167627289
178499342
161733804
152132273
93570043
143857628
51121900
127697595
126089677
111179311
97769503
102305345
99792968
90706231
23939678
79435444
7965250
63877516
50739583
46300230
56041139
14387073
51066483
44825264
40036071
28594059
38592259
6450403
15314614
15148783
27398705
22720368
25623627
23382831
19743665
6647811
45882463
71758458
72035779
71984214
69319309
63462424
184473110
179863084
172254528
191446598
245321785
283202923
199508165
283769685
239185578
458941404
353179743
411903129
354195275
59444850
184647382
457046642
482029444
207590673
449593341
263785538
336504273
496315248
372468819
348387990
582696861
394398533
396137787
157838425
585092874
444183550
466645116
219824866
35045662
271551194
402143962
207735296
280493493
252129515
258919780
526378375
453178850
315414532
412541583
274790166
187563229
369277072
369204827
253560489
265688098
451488577
220747672
5654406
288822535
283727155
414087806
314457708
266668210
35999188
521458198
377728854
520275682
119746781
424643293
393203482
72606289
223879976
519805942
487761179
181605893
378395640
458449953
278548809
327642603
354781465
