377814230
436226286
265349194
350683034
499529331
314274384
272523439
443492826
364403862
421219613
311839653
337523174
465051772
217270722
220596167
439788906
445209556
162038093
161545061
54062880
160232970
528211714
198917461
161739930
204600511
418690356
374614515
413059680
317095531
186125231
556402510
277908913
581744884
64915458
447390364
395158384
246114407
367015597
420105110
405135743
374096932
393738942
414105910
382224631
410185355
261669923
305681195
113673784
378615074
363020567
407279393
245281420
124590269
121066187
264664254
362612872
274280633
219281798
125966000
327366883
234444672
350443923
253405907
527354029
498626484
302329305
204515796
271762543
304269715
274241108
440224819
276849169
280179310
333628279
290038897
17257497
176683936
163439528
219444011
301682319
200235077
427909956
343159049
289195386
241068140
305818734
423257369
451659885
464437673
268555005
198658223
362109416
278039707
396043183
218870012
378106502
442972974
409811304
236304116
371369054
351612481
309470122
319739161
233202750
484563083
405916453
532224557
298058004
395119238
420377775
137058042
379070213
379228634
276359937
160273870
455912519
52478597
350276291
394271067
325018804
31597528
410411673
117280187
203431181
358445726
489335757
378836447
341970789
455989429
358442383
431488217
175147506
94903049
397345946
321928869
337663587
327150529
153824072
258631070
257901937
92576622
242474217
87831924
286812975
285847335
539224729
329361687
458079626
357339868
121167837
228534906
326429191
245109238
248730998
249634700
286503036
304243101
256288710
273762127
268796307
199620314
361224228
230147874
311641616
386676172
373210084
53820868
366698185
284180713
254789859
356748842
435049483
223494807
364440038
407815240
449462863
251184245
263154128
648245916
279430657
342105788
309912410
567362806
251007541
83440788
169747907
409236554
770711023
84882242
333438590
258664268
318193817
285910493
362773790
350714313
428957583
268636428
27273576
712385683
261434260
517200464
258100982
286576626
316602357
231929531
316838758
133792376
227727123
470558919
572370831
355836672
362623677
305302711
401462206
322317023
646404231
307982012
99387887
320116534
247805948
16778385
103499624
261273835
176802715
143755008
721618708
194296234
111353806
130841937
105334931
74398032
11230078
354759357
236742883
98435841
24588841
75847623
302861614
220115930
68201711
205814756
297601194
106500076
105021208
155307869
36335723
115657975
177202976
158438457
163760233
176058382
164396766
154878149
93114018
142704157
46490502
126945722
126798255
111597287
98806981
100688824
98386233
90384217
21011460
77908001
8087677
64032523
52060330
47815609
59821099
13257625
52460327
46891708
39899075
30638727
38766613
4884777
14241328
15924975
28123345
17869072
24678453
22772508
22673242
4716077
53522599
81550016
81708737
79575217
78886990
66160471
193623573
190011014
169815190
195193722
249044127
288284198
202362436
288106472
239763078
458252671
357625966
407554884
354370350
56531358
184935768
455672252
482723129
211041037
446354571
263611214
338705812
498378355
372868480
346855501
583638349
395061699
395301365
156356965
580385380
445214827
467654275
220895621
33409567
274086904
401787197
210934141
282376427
254575495
259141845
528036327
456479467
317457130
411784445
274268428
188628021
370764825
368515174
253475593
264278848
450395579
224249485
3347390
290267972
285019991
411497309
312567867
267569456
38989455
520464968
380366008
522689641
116648321
422661386
392735786
76433463
221161597
518958634
486800335
181764787
378051141
458632775
279759529
325983075
351410881
