379772112
436865212
267433992
345087967
498898240
317396735
272795560
439506884
364801770
421694199
314632659
337425662
463888905
221631077
223335667
444115220
447589337
165580589
163617086
55558024
163859035
530410432
200644130
159116783
204260161
420018730
370555253
413363167
319929675
187219898
558326702
276508863
581935850
63309556
447892431
397672883
243233327
368138307
417426422
405721177
374230274
391390792
410235065
381624393
406698410
260713637
306680862
115225943
377032518
364817531
406268493
240569268
123274252
121737918
268441115
363472034
271898378
220507153
124593392
327189409
233380213
349481065
253172073
526309380
500178700
305659220
206059094
273447784
305531109
274665229
441722469
278020478
283285079
336898495
289931963
16093394
172555107
168106286
221596994
302010089
198615991
430591194
343410618
285069669
240641830
304451614
424137065
449743379
465891992
269362012
199024191
359578903
277683578
396725011
224981744
379299552
443188275
407095703
238794167
375001499
351825900
310997079
320123022
233956316
487263434
403020743
535812920
294910321
397984268
422374662
142049410
380696644
384190565
277069455
161713930
459037250
53611111
348271449
393459251
323345681
30259493
411439942
115375341
203312676
359681841
489085268
380284441
342952535
453598662
360353622
429172492
174661388
94252204
401636638
323354132
335182063
331833835
151705958
259263088
262350329
89521151
245596069
86005555
288653405
286591648
546139168
324929449
456104177
356242126
120736618
230128726
325601584
245941349
248276865
248504915
289342001
306132792
255846297
274579723
270077801
202989966
363122834
230241740
312518851
389519584
375774553
54872792
369674515
286017773
253656840
356696725
435679911
222774364
363292546
405470193
447335310
251824941
263122121
649981409
278628508
343059275
310833205
562895489
250722199
81815838
167482661
407460486
765140652
86819068
331913561
258059779
316664684
283523208
365468913
351668735
427472162
267625343
25749036
706704080
262738900
515064161
259040332
286946333
314022285
232083899
318481731
137558527
231444106
468258689
571735622
353824161
365874425
302625963
401841155
321186910
638378406
309525223
101672845
319607305
247761797
19129196
102721830
262068104
176158519
145713090
701478786
194911147
106960605
127866213
102013599
73907780
11244541
353701422
235685959
96261829
23069281
73511134
307592764
223939571
67832746
203150116
302345700
105304193
106678092
151562465
37005437
114963763
173737506
157220062
165669490
181349926
169651120
159911490
95916346
146406687
47036933
129645088
125033019
112370844
96466361
102397802
97697615
90308224
22067283
76567257
7897071
66474905
49518603
48706213
58022969
9262989
54607443
49356916
38429534
33974140
36119766
3533387
12119054
17095024
26436883
18542045
29542338
27410194
28708994
2055547
58660705
89932617
90913183
82539685
87439260
66131155
199318666
198894205
167654035
197583450
249516185
289324726
203333995
290759717
239117262
464295102
354002163
406848136
351906910
57818616
185772249
455053422
483355042
208188453
448221182
264429810
337552077
501873959
368473353
345307202
584381489
396359087
397279379
153090604
580495840
447068481
466578058
219582612
38582653
272933274
404318341
211447919
284047518
255736571
257750062
528166806
455078147
317880800
410962510
278187872
184761053
370756620
368494523
253576155
265316283
454311711
222766151
3928620
290628241
283952356
411373568
314026461
266695794
39665929
519679582
376511542
524006511
118034191
423047664
392124192
74498569
225406572
520072179
487487988
182148807
376694378
459055102
280862718
328057113
349962339
