379573836
435962320
263853494
348803323
500882821
316401377
270310318
449777632
363426847
420019151
309268169
340025129
469087542
216560192
222213949
443221445
450859932
166552487
162847553
56996980
157704501
524095748
194424832
160844889
204636568
417646493
371435273
414769449
313156179
186268317
552846638
274559978
577734673
65606241
452682210
394552157
243629486
370717529
421936491
402483262
374269131
397465554
418971558
383950491
411370555
259780643
308225132
110975827
378944107
363892954
411023024
248749608
124205194
118859855
261294721
362219690
272921700
221733208
127716186
329326258
237657923
346938495
252761793
524771631
493834436
305621609
206328123
272399081
304287059
274489886
431735640
277222389
281831103
333603479
290509351
17266479
177278646
168107018
216370761
299421766
205351467
426316416
342681257
289523996
238890072
309010593
425136967
447637428
453665147
266929519
191107646
365293706
278045325
396551648
214480026
380327212
438481984
407397228
233976303
370125902
349191410
310161763
320058737
235043818
479101062
406412464
523162305
298779322
390644143
418445087
139094262
380266157
380311935
272005008
155185640
451643258
51120820
348551648
389240557
322997077
31723084
404368796
121695852
200684660
357560141
486718407
380356779
344471854
458085328
357493961
425702898
175877132
91085007
391323537
327651927
338410579
323134711
158211120
257256185
258218227
89379829
244014589
92003809
288318844
280530127
529426638
330603759
457173263
357356976
123877489
228405310
324717604
245835295
246380542
245732966
284105772
298392722
258170216
272297663
269235135
204320286
360384760
226527060
310100781
385173236
375959762
50721824
368089776
284627118
254749209
357240835
430891564
222626975
358158821
405972193
448890072
254430782
259556442
646637590
282382489
344520048
309420347
574859932
248420006
86216657
169123070
406094578
790006121
86864489
337876535
257155172
317979594
285784610
364593247
354874682
424532018
267423573
31208379
736739774
258944968
519154946
259873388
283800126
312013022
231707284
315760753
133751366
223847466
474368733
585002237
355559300
365310631
303345392
396729267
322019891
671521369
307730756
100414389
320315561
247286230
21536277
102181106
260364396
181244886
145587358
728681768
192812158
113625484
130045473
104809878
70393857
4674310
356739588
235906383
95512036
27522685
74940304
298711948
222359916
68391170
206304188
292620108
104758545
104609640
156511221
40380737
116453988
179455683
159999121
166328072
179360359
159844004
151719838
94124178
144701183
52549634
128921477
123770650
111613914
98847771
101233203
101582281
92118848
26155047
78824398
8631991
62956504
51914365
46093595
54997592
15327491
50286107
44249652
37004876
26069659
39375009
6416979
12809242
14844165
27256320
20350913
24427153
22319269
20818030
6888309
37177322
65659547
65417202
63124741
62804677
62292138
178338479
174813970
170500076
189471718
240009617
278734162
199003456
281645213
238251429
460125491
352707381
410615112
355077276
61269250
186186482
456261896
483984461
209700915
448801020
263855479
339252580
496480733
371335806
347427283
584022335
394540838
394943000
154887071
583196749
446115208
466988437
221687054
31726553
271229814
405247502
207066196
279055919
252318785
258223530
528021156
452752560
311502238
417234932
275611138
186461357
369543741
369917043
255150528
265368643
449390541
220242973
1665396
285484304
285483245
411633586
316195122
264561304
36374139
521269944
377691415
517192848
120033015
423883512
392467926
71186649
222578444
519885165
489207713
180201299
376669987
456261255
277562715
329037594
353475460
