379539718
437206561
266930915
344629595
499971177
317397104
271919349
439202379
365486675
420950842
315504781
338198875
464563117
222608998
223795979
444891593
448718868
165944939
163439412
55463807
164385016
531098827
200603718
159055613
205085685
419589966
370378010
412826241
320364906
187006969
559125512
276503189
582638546
63382766
447612036
397107560
242515200
367445567
417850483
404977812
374604934
390741162
410265654
380974233
407106650
259875555
306752801
114901006
376565418
366518187
405921185
240896529
123675843
122133234
268176986
363998589
271707798
219717970
125045092
326250640
233964513
347938496
253625023
526303572
501546176
304900719
205961428
273888517
305818530
273827034
442530812
278819811
283194613
335963476
290376691
15496723
172829671
167868835
221517005
302776391
199058532
430803531
342541256
286236272
240169548
303495578
424424986
449855528
465735733
267833812
198493900
359209093
277816130
396563058
224621234
379060714
444583196
407725190
238148557
375012642
351687418
311092842
319041957
233046455
487636171
403463704
536001438
294201052
399017837
423609068
142035328
381327073
383420796
276333018
161124079
459244724
53121368
348030150
392628822
323817960
30516814
412339578
115468257
203860563
360076625
489201163
380890704
342709580
453979787
360707089
429361541
175441775
93819595
402599739
323630317
335048509
331756173
151803086
259204026
261294131
88837919
246269827
87034311
289262444
286020685
546777837
324958518
456651093
356704567
120429856
231045266
325712042
245017729
248358776
248068747
288922296
305921575
255070807
275076713
270798647
203038154
362754710
230508798
312975804
388683448
375132714
55159150
368217129
285997394
253161671
357084188
435805752
222422346
362813758
405616806
448021490
252153644
262935456
650268336
277977630
343158579
310390981
563777150
251228510
82045956
167777774
407304127
764327056
86875624
330982724
257826415
316695761
283477278
365351854
352131750
427457450
267836668
27045582
705686038
263286930
515926163
258903829
287202783
314886706
231792366
318662627
136663645
231342204
468776281
571883428
354427788
365879137
302259950
402510705
321235393
637241181
309755189
102183228
319789363
247917830
18830859
102186146
261746396
175506879
145728913
700242202
194325970
105994257
128115203
101768416
72921979
12009202
353886993
235810802
96823508
22851946
73488974
307706546
223367231
68314801
202716335
301210130
106022676
106817408
151610563
38182678
115096049
173406776
157743704
166449675
182229583
168935655
160326020
95571794
146836816
47425506
128483180
125836500
112372156
97281638
102517229
97330570
89838779
20576590
75914137
7436489
67340737
49337377
49579895
57341980
8682080
54521785
49344324
39106037
32856502
35661548
3712685
11228301
18320917
26156324
17956221
31464783
27765047
28803983
2464700
59833322
89916468
91563879
81782720
88623099
65446376
199645994
199761116
165929499
198128053
248856044
289489415
203772356
290679086
239377229
464206173
354243287
406927215
351230383
58077676
185526185
455202858
483763416
207417580
447341183
264673239
336374117
501919870
367944155
345393138
584366575
395783432
395960534
153907259
580736537
446511451
466355282
219261908
37878550
273404800
404891783
212357605
284139930
255672764
258080905
527624970
454408833
317642501
410338425
278112635
184151738
371785959
368555073
254441723
265815772
454435692
222873082
3404173
291059275
284500798
411144126
314659837
267065951
40073026
521309459
375555391
523318180
119016364
422377419
391642362
73594011
225220192
519759601
487208792
182272572
377510599
459143877
280150718
329118611
350032334
