377885314
436140582
265405271
350602518
499743572
314392135
272514222
443525728
364419524
421057536
311850343
337586267
464866669
217348828
220637221
439987560
445175900
162156524
161537599
54181701
160276395
528126809
199051377
161646556
204729069
418721241
374711554
413042980
317155548
186231189
556403128
277864669
581882472
64901270
447390716
395179664
246047246
366982703
420179217
405091548
374179506
393635953
414088672
382095102
410140125
261812914
305724929
113478984
378606124
363047494
407340804
245247692
124489116
121149517
264504104
362778483
274413149
219252233
125967354
327405176
234542117
350484196
253458948
527393159
498505780
302483307
204502394
271840121
304441531
274112971
440138519
276997769
280407658
333795340
290167569
17420964
176613060
163520034
219432081
301672201
200202406
427926322
343294933
289127542
241154619
305620966
423168282
451666319
464465610
268400577
198708123
362106955
277918273
396101600
218853475
378047142
442883640
409703919
236345457
371418658
351636441
309480381
319611207
233273115
484518256
405816899
532127771
298079413
395085852
420325443
137268291
378943885
379190795
276325365
160199378
455750914
52683933
350314857
394298304
324984702
31608099
410368189
117063435
203393004
358341468
489414532
378890919
341792007
455908591
358382408
431523160
175054977
94851648
397446471
321984790
337549409
326969891
153754534
258635614
257849451
92519088
242718425
87938011
286747135
286000785
539220690
329230186
458092298
357325122
121130342
228640974
326507128
245020635
248606489
249573126
286523028
304179602
256245572
273442812
268701831
199637216
361202870
230182495
311504236
386530649
373047387
53901005
366775891
284266217
254835368
356856879
435118812
223508537
364531899
407894313
449481805
251098746
263053670
648148845
279466642
342078112
309710531
567216662
250988005
83360667
169914264
409321048
770743009
84717763
333375739
258777541
318379790
285863282
362971915
350691562
428948746
268550427
27454145
712598214
261217632
517133757
258079957
286502738
316426299
232004138
316740006
133840196
227632962
470537827
572317556
355986530
362720552
305392923
401487787
322263694
646434112
308156219
99420146
320218211
247951578
16820294
103558135
261342018
176865126
143841327
721567902
194245782
111400118
130759070
105403441
74522405
11344963
354601990
236756999
98263282
24627799
75863868
302839584
220184586
68286514
205667409
297436152
106516677
104977063
155166062
36531352
115549697
177114398
158487804
163941628
175964095
164366456
154940081
93345923
142741561
46476786
127093573
126709696
111589967
98761160
100719977
98351302
90323950
21126042
77974612
8069191
63942231
52068430
47781319
59863925
13217207
52472969
46763110
39914099
30754525
38627129
5046121
14329909
16020222
28076783
17884013
24839574
22830466
22768203
4569376
53426410
81607325
81642914
79400784
79022695
66151545
193593979
189936015
169742205
195114138
249079771
288147583
202384526
288105562
239924534
458451085
357560549
407497300
354351403
56456489
184849997
455516825
482675317
211105148
446265523
263566931
338634933
498412465
372887528
346854338
583582709
395019043
395243988
156318993
580453905
445262626
467747397
220930444
33405342
274103077
401640768
210728062
282331491
254606278
259174911
527980856
456524129
317362872
411718309
274169228
188682422
370740639
368510181
253490442
264353815
450439447
224233492
3297877
290354675
284955897
411325913
312488489
267631364
39017107
520474198
380259671
522699467
116874239
422645900
392933333
76446137
221142224
519075269
486798952
181936279
378074341
458577643
279849582
325901356
351314956
