377862319
436184780
265663019
350057277
499602887
314312614
271351422
443710720
364062847
421898429
311079591
338345256
465627884
218193446
221298562
440100346
445694521
162050095
162108699
53985782
160820380
527704613
198446167
161998081
204582189
418558931
375729589
411831500
317023447
185409866
556383976
279434138
581223233
65563688
449455058
395586105
245676690
366512812
420195317
405296309
373982894
393646978
414475194
382216399
410549304
260674761
306080341
112991545
378471803
363736324
407120356
245486683
124104129
121571137
263660756
362385031
274477920
219469357
125794060
327266666
233668147
349982187
253783093
527619255
498347178
301839332
205742352
272043848
304148228
274874144
439875544
277775739
279692019
334037015
290577962
17216246
175707702
163618739
219916310
302275011
199925974
427862415
343048904
289100724
241720704
305295104
422990601
451320928
464060843
267160206
197732148
363479454
277887097
395641896
218336463
379774256
442701179
409637217
236392929
371529008
351923985
309544442
319978146
233892161
482963756
406429262
532207469
297738282
393561442
419022960
137918819
379271430
379425010
276675715
159667418
455493843
53699624
350571350
393805559
324464793
31351289
409262549
116495674
202842311
358403189
490026304
378842047
342214870
456827920
358768172
430490434
174944847
94069681
396658287
322521558
337916061
325978883
154017456
257910132
258100549
92485799
241696862
87793386
287047246
286432520
539446815
328738099
458012734
356871658
121808497
227803243
326296050
244864764
248261625
250068258
286741670
304607611
255992078
272823867
268355207
200624536
362705269
230382920
310528265
384924483
373785464
53510105
366829470
284176910
254586493
356200946
434924877
223625522
364587522
408155053
449440790
250839164
263158968
648931086
279919537
341825531
309701368
566705908
250948695
83542934
170016298
408571976
771827854
85038768
333689811
258474741
317986573
285277335
361707843
351117653
429269516
268213256
27996816
712977689
260976372
517062059
258456603
286155017
316809057
231848577
316141567
133447284
227130550
471096717
571569964
355938478
363015621
304409636
400202697
322135794
648467398
308631895
99419434
319702273
247767428
17066311
103216712
261009433
177640294
144168993
722350318
194729064
111280624
129733060
104546278
74637152
11087935
354600525
236264550
98137961
24015729
76649929
302563304
220955090
68695928
205750337
296845675
105580121
104802188
154369024
37849895
116048837
176413255
159596334
164064077
176207702
163741171
154983450
93083038
143300159
46578459
127342690
126462658
110864386
98880521
99841252
98041572
90956937
22113329
78727432
7759055
65025803
51873725
47273538
60724630
13412473
51462827
46227120
39796501
30257778
38299765
5474253
14050750
16080674
28298387
18798341
24391326
23265763
22623771
4081542
52536464
81653855
79906101
78119385
78198512
65690544
191806582
188667606
170634021
194118104
249115526
288183748
202403687
286964838
239583895
459132889
357158838
408739076
354655127
56820412
184227971
454845566
482101127
210026836
447496590
263550199
338127641
498694797
373561392
348000528
584293957
393788224
395556316
156648381
580689607
445293062
468410226
219522177
32118020
273962257
402047589
211512043
282221055
254157011
259585461
527976576
456338408
317758807
411995828
273014511
189154387
370735055
368169214
252987046
264811745
450939982
224102403
3825021
290337430
285045600
412042206
312147457
267568118
37725480
519219270
379379512
522078980
115938096
422295681
392339935
75520710
221517444
518453650
486538798
181013678
377264223
459107272
281024309
325889497
351671321
