377825484
436113821
265928330
350430721
499274129
314311364
271586762
443794074
364834483
421000415
311238181
337798238
465230509
217807106
221239512
440101393
445391545
162008748
161720386
54222694
160178857
527764341
198815107
161259429
204554757
418552273
375159779
411951032
317014629
185723795
556199654
278501889
582041152
64790056
448829124
395536730
245700909
366908239
419252721
405500276
373978250
394025999
414528385
382437382
409821383
261613670
305950376
113063726
378327161
363686811
406828161
245723628
124468470
121977095
263599197
362177776
274398564
219528102
126180659
326895094
234083434
350018520
253574153
527880126
498199872
302246860
205472052
272150644
304415435
274274736
439887959
276834952
280272797
334231697
290969664
17266530
175341013
164019343
219987993
301698699
200223399
427832355
344023412
288582204
240899797
305829774
422991815
451189399
464268228
267929163
198397771
363234154
278129180
395871790
218868761
379200297
443148124
410115017
236476198
371386913
351194128
309626810
319942410
233961996
484111849
405951811
531630897
297809283
393815363
419555655
138023440
379111577
379953771
276506540
159265747
454761166
53637948
350682530
393460729
324640267
31154127
409610883
116478407
202903260
358104080
489332916
379287540
342016768
455980032
359197061
430988812
174918382
94442676
397391519
322161350
337628727
326865278
153981470
258167848
258175202
92416411
242138912
87889983
286770645
286586227
539809489
328593921
458114990
357060560
121628192
227788921
325621798
244702131
248564231
249825434
286732034
304231387
255918865
273401325
268816232
199692570
362105068
229509478
310691749
385505435
373585095
53209635
366525951
284335755
254499733
356756660
435576950
223437393
363945449
408082821
449436009
251078973
263322866
649065615
280545127
341957327
310017923
566575830
250976496
83347795
169665938
409067055
771062837
84562037
334054444
258529095
317511213
285355523
362364939
351405350
429654562
268672873
27860260
712679263
260572354
517331886
258632423
286241356
317265254
232177014
316191825
133641278
227469858
470660825
571853531
355740639
363555198
304468011
400478043
322259897
647007732
307936105
98833515
319808316
248650652
17170276
103568168
260561596
177555523
144212855
722220314
195097749
111361615
130240723
105116528
74781400
11716874
354338179
236859138
98308523
24750791
76347322
302690769
220917999
68666431
205510325
297681250
105897582
104487544
154807504
37348599
115705333
176678622
159579856
164037805
175948666
163951921
154623461
93008901
143324631
46547685
127129804
126076296
111197138
99133929
99925938
98206617
91308926
21337610
78591744
7805694
64416108
52445325
47267161
59903768
13428362
52106560
46390308
39714069
30482438
38610794
5551512
14310821
16398187
28742221
18739854
24979443
23377743
22683849
4417395
52762264
81458265
80525990
78378128
78630733
65799045
192375858
188860715
170272929
193787403
249408272
288085424
202646875
287266269
240288387
458688943
357805520
408422110
355013493
56783972
184837213
455294609
481827741
210810145
446461224
263460234
338535567
498319442
373673066
347642246
584620011
394098150
395622274
156530669
580646184
444801512
468064388
220499505
32117138
274402001
401914609
211394355
282757253
254492593
259283331
527804658
456030006
317657381
411963934
273405349
189217293
370907565
368640076
253400048
265028596
450626849
223991171
2921870
290170740
284775287
412494740
312322165
266881225
38501265
519598014
379906779
522289988
116437626
422029869
393058148
76323794
221358399
518355823
486829321
181333277
378207689
458446719
280688996
326047681
351503154
