379162533
437488612
265285919
348234071
498942047
316325117
273696024
441209596
363808694
421678716
312273362
337927344
463234855
218417662
220522366
442954874
445361288
162394213
161297223
54518365
163978191
529515712
199233558
162043511
203876722
419849151
374062297
411063169
316818408
186889902
556823463
276385245
582925384
63874587
448109471
396144854
245968394
368128591
419406048
403969380
374013302
392508214
414072864
382738982
407685713
261195551
304998900
113875786
378943073
363760013
406377024
245096505
122549068
122772182
265063431
365927912
273344395
219343813
125676667
327895787
233417789
350873309
254580510
528574908
498184510
304916064
205166616
273111891
305889464
276092114
442133978
275780119
281988676
331773864
290251535
15036517
175647648
166568966
220283549
301733803
199312226
429283917
343080849
286626304
241453874
306053310
423731582
451483376
466133713
270873270
198178483
360426602
278868251
395407595
221504296
377232201
442363433
407441598
238338336
372615178
354338021
309550323
320751339
233649931
484610884
405379642
535978330
295568003
396598895
421762301
137786701
379896148
382038315
277301553
160159065
457369555
52672340
348449150
393797400
322977417
30572204
414204883
117505251
203049226
358007970
488775729
378967690
342000256
456187609
358863182
430246152
171380818
95622904
401017334
321187280
338759822
328720794
152769333
260183864
258878013
92630535
244164715
86834865
288147871
285635585
542629728
326505288
457117123
355391982
119838786
228365140
326806000
243915813
250235082
249656288
287534330
305041783
254756213
273379394
270367044
199564264
363511872
230823243
312021943
387480862
374947232
52924006
367417365
285090594
255014080
356920056
435943037
223866541
364573365
405736756
450271227
251633590
262021880
647879812
279975881
340610775
308690012
566269477
250401973
82833458
170030891
409561221
768648157
85795320
333748869
258408575
318028693
285715643
363608154
351601481
428218842
269522570
26787701
710328981
262498024
517817502
257318231
285795269
316279802
232672682
319506233
135827159
228066878
469853494
571258940
356178750
363328928
304593417
403262809
322117703
642344540
309720883
99424340
321206161
246301245
16625023
104416586
261631420
177729429
143674034
716404491
194666581
110045859
129586415
105437815
72175337
11331860
355811766
235811642
97696678
24688292
77629519
304177297
222399764
66178222
203080107
296034924
106251412
105430379
153784747
35188638
114520697
176083809
158797578
165552994
176547643
165176774
154846252
93078034
142440780
47955041
127902519
126599950
110601819
98056309
100603224
98283058
91837751
22074040
77701815
7551027
65294306
50817715
46998098
57686052
12555989
51911760
48550051
38927028
32035108
37626764
3376059
13104722
18056327
27768748
16994280
27139286
24955887
24290789
3663155
54645796
85403863
87680070
81448946
83076051
68252166
196932005
193298566
169197385
196523028
248313307
288957277
201958843
288459708
240405706
461808152
358340197
408077474
353591863
57062000
184324437
456443351
483261603
210134810
446394774
263640136
338815279
499899105
373013799
346920821
584456838
396512367
394986187
156126635
582293080
445141728
467680187
219839440
35377171
274261619
403096434
210892374
283475424
254810734
258771606
529076243
456393191
318252223
411212246
275384804
188702321
371503112
368389331
253956051
263120748
453376785
223918620
3695689
288756825
284707497
411712542
312562622
267627669
38070727
520895319
378057608
522538296
116700257
422682939
393558077
75278149
221487613
516572241
489012049
183661598
377303753
457832723
280694905
327660127
350307069
