379834455
436376251
266282683
347527003
498864654
317359785
272485810
441239808
364664508
421624839
313059079
338955869
464144872
220083280
223254799
444041909
448407798
163867821
162204925
54383275
164182405
530228295
200295377
160357493
204583165
418680943
372142229
413308168
318616305
187263272
558673021
276935476
581982192
62649010
448268701
398026187
244596762
368563202
418290999
405726293
374778758
391930886
410308399
382299903
407946782
261208615
305942631
115365626
378776422
363668342
405855754
242834681
122130382
122464012
265565854
365936441
272223754
220493640
124882455
328576194
232217620
350945098
254289476
526398666
500230677
305449854
205605835
272247292
305415046
275934458
441073830
276314542
282734953
335855808
290184277
16421470
172991519
166169079
220804979
301746261
199147821
429260370
343639961
286292165
241835759
304866411
423831448
449078581
465406882
271188639
200584584
359457505
278915091
394966512
224656840
378285953
443538844
406862989
238842637
373560389
352720057
310360462
320612524
233425671
485800552
404934423
535096515
295577861
397298430
422775372
140586930
380045612
383517604
277915527
161605673
457126531
52481127
349018218
392805267
322762507
31445612
412416482
116054630
203863480
358474109
488255142
380489635
341325903
454465102
360758299
428162867
174906095
96125163
401891439
323318688
334700101
330746647
152583908
260424707
259708174
89382746
244726173
87032630
287768257
285731364
545178994
325709998
455435911
355948600
119815066
229240317
326827733
244492084
248119650
247932022
289635052
305114879
254876991
273140964
270566143
201926652
363613694
230850006
311322627
388785108
377102039
53922170
368899851
285939911
254318955
357574283
436423124
223796780
363638164
406045353
449302227
250603403
261999215
648807865
279576208
342164435
309874931
563742213
250480107
83724413
169534486
408445935
766922076
86746151
333482041
258462968
315980156
284312968
363425764
352023824
429174756
269268738
26502521
708197577
262162076
514884052
257725909
288405494
315811324
231816271
318485278
137159376
228891802
469525169
572481873
355151316
364999861
301773890
401617499
321222922
639860818
309145840
100469169
320868503
246147778
18438989
103306512
261770260
176857476
145405722
708652827
195184382
109520254
127616931
103980272
73146295
10573535
354613343
236354075
97047563
24175869
75015983
307165565
223354175
65815800
204974394
300313614
105037562
105886883
151606485
36855341
115553450
176683129
156635746
165534561
178752188
167564927
157544589
93395603
144351652
47499556
128104187
125428247
110948278
97797555
102162719
97753108
90492279
22487538
77914267
7131403
65564072
50404371
48354359
58527661
10054894
53504738
48705434
39422016
32698372
36477787
4372664
12510758
17257539
26023788
15467267
28361299
27448105
27027171
2543413
57004397
88770967
89623551
81077383
86242311
68110151
197573449
198347623
168159512
196055987
247193460
288902616
203492710
290662058
238233928
462374532
353708902
407323774
352673500
58479410
184655871
455657999
484535475
209301813
446296042
264308970
337869202
501236029
369253195
345973528
584400482
396733465
396570839
154888382
582773144
446291652
467373178
219315698
37301695
274110933
403503825
210857668
283403840
254614587
258259257
528032907
455861949
320367370
410475211
275408675
185093779
370990487
367326492
254385310
263773640
453695578
223463710
3280668
291056569
285631705
410944090
312633243
267542800
38323202
520396805
377513083
523276728
118851078
422089111
392110682
74038273
222303101
517730444
489017069
184283718
376493610
458106390
280820906
327052557
349737871
