378905635
435449702
264169529
348840561
501082005
315618757
270848669
449918637
364334910
419694795
308810307
340416621
468968468
217380817
222152555
442448523
449871280
165919947
164387539
55564657
157230168
523365690
193629396
160160712
204994031
417742656
370912108
413788315
311978330
185537784
552431238
274768727
577507275
66693202
452040316
393718124
243063338
369966981
421291858
403991213
375404296
397271471
418642665
384982794
411261827
258876544
308391164
110162158
378484300
363900460
410934654
248748070
123131051
119142530
261662109
362978467
272343843
221416898
127390650
329333824
237005419
348419788
251913753
525325814
493573954
306583080
205615378
272101696
304228825
275267140
431554255
278624142
282766302
333276939
289241359
17275411
178188386
167878817
216473523
298012194
204826138
426444093
342917604
289390492
239256244
307333873
424229987
446749421
452079312
266956015
191860543
364340014
278114284
395564099
214169062
379359038
437910968
407418440
234684437
370536594
349683798
310913893
320410549
233830223
477964007
407164292
522610136
297659458
392405809
418267966
139607622
380099631
380983314
272382273
155719868
451176385
49801641
349255907
388411462
321960683
31561970
404179941
121300066
202363573
356547412
487720091
380454251
344294941
458269996
356948500
426467607
175952984
91457627
390087623
326794141
338806270
322478008
159645695
257599278
257493379
88849005
243494932
91533996
289382009
281178868
528635386
330389746
457147572
356727909
124404507
228086430
323719706
245275943
247382272
245403847
283856434
298545851
258262430
273627954
267696070
205769517
360505447
225809089
310715178
384354952
376506543
51390219
368494752
283660951
254921742
357498124
430894256
222936666
358478097
406797795
448586342
255317374
260413468
645931728
282981518
342902713
309577533
573191032
248704994
87529446
168061047
405203203
793205675
87458748
338716883
257202112
316825621
284924083
364520563
355467991
424912727
267855296
31593188
738833991
258632742
519938129
258742899
285042424
312731949
230659941
314555436
135055163
224404728
473808380
586919561
356799828
367403325
304237718
395910351
321717905
673326099
309352330
101885833
320224598
248429587
21629622
101464576
260894255
179523043
143812524
728710039
193521402
113204024
129079825
104237214
70811173
5743313
356910401
237042042
94515422
27836635
75312428
298269432
222303137
67665865
207269094
291896648
105716686
104085017
156394530
39707900
117412694
179806240
159361390
165969374
179107878
160126591
150750470
95320312
144449291
52297378
130111478
123813866
111190222
98358199
102273114
101362742
93129024
26903913
78306754
9538203
62272594
51649911
44813261
55173030
15511664
51115309
43912193
37797728
25280898
39390468
7337388
12311701
15140961
27139002
21039401
24588641
23019451
20997345
8312316
35683538
63257738
64974190
63298864
62276716
61966762
178574622
173070523
171007398
188282223
239895184
277792863
198582641
280833669
238145042
460570842
352263861
410725788
354863718
60844799
185552613
456267948
483576652
207859384
448338235
263739289
338080016
496160203
371299492
346940406
583058354
395159873
395314169
154320286
583127973
447155447
468020782
221081309
31637343
271202880
406308260
207114556
279428148
251434116
256948465
528806777
452089770
313270411
416849037
275614440
187321756
368629741
369900114
256169917
264199531
448007487
219792506
676599
285314075
285680119
411320199
315115618
265664286
37315056
521207110
377607236
517152186
120156826
423280295
392015367
71016129
222613774
519439157
489274814
180440960
377343454
456223725
274935212
329035922
353738446
