379155786
433835682
263724717
350421150
500059791
316583958
270889046
447514696
362198702
421747162
308968350
341441731
469746996
215094078
221752634
443250248
449127016
165680009
164297522
55462014
159107970
524702793
196569311
162458656
203638472
418450897
371382409
414779827
316066479
187559564
552053574
277613680
576894298
65341153
449586418
396110258
244194388
368811507
420384273
403178171
373795581
397816969
418780510
384574587
410498011
259526594
306899010
113290933
379131774
364868263
410774376
248294198
123598460
117080748
264464021
362291802
271322543
220341111
128512696
330387961
236611855
347741329
251100496
524752359
495634400
303353828
204034167
272232418
304748498
276263918
433840196
277320964
280511139
332503767
288858691
15958626
175352231
167650740
217986953
298369014
205349130
427172912
343918298
289285420
242409613
309349420
423979682
449416317
455646507
266619951
193099180
363141649
278824593
397128434
216105097
379926516
437566351
408557919
235392812
369725715
350368345
308173384
319422339
235305357
482371989
408041293
524296352
298790043
390428490
416994619
137411910
381221697
379377267
273594626
156938743
452662932
53001564
347356983
389422071
322606541
33504058
405240997
120733640
200894338
357540230
486749225
381047416
342896864
457122708
356332022
426519712
174318589
92544441
392361337
324520398
337215339
324012445
158169519
257621008
256028361
89649040
241697454
92567269
288825633
281483969
532357220
329900018
458144314
356905232
123500114
228469626
322574575
247864391
247656658
246272074
286751641
299074170
255989242
273175092
267876412
203114931
361063045
227929829
309097677
383959106
376453647
50234120
367117127
283791781
256097467
354878669
432060726
222589880
360306381
405072379
448250405
256079829
262170291
647536403
282615254
345174540
310195806
571423843
248896831
86612626
166719501
408392635
786609318
86013098
336481630
258073992
318223596
287175628
363567566
354262842
425342367
265692054
31223386
729687405
258521460
518851960
259020772
286117569
312538432
232821155
317670723
133002328
223267457
471900921
580943975
354429927
364052584
303277415
397238325
320131877
665357190
308978183
101579736
319740830
247095712
21407627
102290725
261945684
179658024
143311027
728516873
193123509
111606486
128107330
103406654
72224114
8851906
355935175
236133180
97430798
25325556
74361812
299347462
223012734
66575496
204761547
293113850
104257355
104121005
156835389
39408365
118498369
177908391
160259416
165874023
179350524
159574379
150918174
93605131
143515168
53159583
128537227
124382305
111584029
98029928
102967496
100712843
90620831
24443065
79792556
9457375
62531737
52411029
46026358
56213421
15179138
49855701
44304230
38320070
27851278
40314152
5890042
13926104
14349164
25622153
19422301
25461752
23731471
20360989
7290140
42455306
68676902
68175425
65331113
64561076
64174508
181533325
178576653
170600112
189747699
244222612
279845909
198745902
284041941
239257139
459866178
351612002
409591031
354244848
60462153
186537154
458123878
482866855
208743419
449753842
263122891
336197659
497107402
371015604
349362089
583489962
395629714
396421721
156043234
584585126
446250304
468236008
220485226
32883430
271086873
404083150
208343700
279142326
251840550
259240130
526024873
452000891
312300081
413710109
274532853
187782541
369163137
369893031
253943679
265412966
449962586
219176364
5084056
288005797
284355289
414693314
315146219
262136475
36173306
520055903
377135349
518087841
120134996
425054551
392588590
72994208
222465594
520509526
489073488
181991218
377397343
456981289
278623509
329421263
354554615
