379555188
434365005
264088113
350767649
499599666
316242156
270513635
449072515
363200060
421083186
309158862
340777842
468945176
214940315
222052528
443242006
450119205
166717747
163524195
56345873
158883807
524766848
194101805
162790121
203975092
417875433
370545943
414889592
315866325
186940165
552155467
276501039
576811899
65600273
450997151
395531255
244180587
368738505
421133988
402873120
373787793
397869335
418635654
384410240
411223495
258671650
307507680
112035531
378909690
364616417
410724710
247679006
123412987
117220367
264002599
363429469
270889308
220081656
129429323
329637121
236245883
347709388
251499127
524393547
495600638
304015830
205015182
272328203
304611464
275746764
433870776
277273042
280908533
333545241
289402783
17121300
174980054
167770538
218092465
298482602
206053770
427164330
343502537
288979117
240589170
309391417
424909582
448809132
454066489
266402524
192555975
365162031
278947214
397715420
215790722
381242099
437394821
406904117
234837727
371018689
349173557
308799621
319096610
235927919
481857891
407382362
524079132
299175083
390370471
416900158
137281041
380947099
380773181
273474673
154999645
451475173
51633176
347998074
389234492
322026114
32160166
404337962
122021081
201619652
357663223
486755731
381357500
343730500
457105877
356566495
425784171
175769217
92728149
391803993
325209053
337195908
324162805
158321398
256639467
256449814
89335087
243039407
93249028
289264631
280755445
532569085
330089429
458490406
355812978
122971100
228017809
322664404
248073737
247593007
246557763
287038837
300150188
256167364
272888773
268507175
204161795
361607386
226757854
309606910
383801252
376817652
50659752
367479410
284149866
255897986
354856824
431596793
223517737
359427070
405254010
448104967
255258168
261059232
647238161
283286188
344772217
310828999
572789407
248585758
86375019
167328141
406691056
788370810
85926766
337585347
258103465
318170918
286627947
363751642
354438072
425007314
266139992
31339947
732358379
258373700
519287104
259295839
285304232
311189972
231975994
317363559
133547030
224374266
471838846
581994550
354742953
363361284
302676792
397241219
321016631
666486587
306999252
101301656
319975845
247417002
21112866
103365390
261294785
181155288
144966503
728251755
193514788
112116199
129276530
104538822
71836028
7317400
356508693
236225580
95628967
25670493
74320861
297207747
222802056
66128163
205728182
292949989
105019346
104030651
156772814
39941237
117824422
179123972
160500112
165964822
178992804
159370995
151068955
93891939
144489710
52952946
129661498
125128588
110858658
97899582
101679374
101484677
91501454
24908370
79824756
7688585
62315096
52325160
46417693
55918797
15378602
49538771
44945589
36868365
27514428
39331134
6491579
13779878
15002550
26087460
19365938
25691900
23785710
20191537
7010809
40614452
67988128
67319830
65155561
64288655
62875314
180849519
176662547
171239915
190291694
241616037
279669014
199153134
283916700
239135446
459244238
352193385
410278453
355025366
59718445
187001039
457350834
481721736
207680227
448839471
262985454
337360218
496919940
370402069
348837239
583488683
395543741
395413623
155967928
583980035
445932785
467988326
220631007
33346153
270572456
404734864
208872262
278228010
252809457
258570066
526578271
452606358
312409787
415458385
275661759
187447135
370139249
369132821
255128511
266178452
449670520
218315756
4201916
287314772
286119975
414216686
314173378
262440145
36191343
520896022
377284176
517430930
119970367
425608973
391279335
73203817
222242847
519741212
488850891
180830637
377385234
457230150
276913683
328949959
354344440
