451741358
412230437
291563235
390885319
436785035
330983701
253618484
468481449
374004715
366961267
283572758
320804931
471845155
212416972
225992740
392365303
442887926
271230189
164300771
27929818
198902436
479339334
196514362
154635406
262634922
465456949
363525278
441367712
339055751
100588699
600634935
293129374
568011726
100452275
452657104
363638167
216022488
360833742
424626092
512222616
394613334
390966971
395359238
384398784
405624195
264676459
278809466
181782220
348598558
350564504
407043814
182543292
112877770
116652433
381918844
387722730
289385612
252746123
146212207
319133033
195434496
337903587
225144610
557589678
508390562
318700567
224372316
248260711
319065486
239642511
466714532
284883521
324519907
305394257
358756165
109171251
164051590
191791283
251364057
327838179
250617813
434950833
336850425
296056988
279753478
361186544
400716325
462068687
460830813
308649819
292965975
370417626
254609001
368624720
242584632
414922413
462373688
397156359
264747730
350500877
381672831
350406275
361792254
249504164
543484917
423703854
548421429
311554601
417133053
505154726
174192738
363219466
391956586
275588610
237297964
413851372
99418435
339910319
398864673
359876243
34903883
402986194
112755705
212868194
421094830
450424319
343566658
333725298
436369458
283952758
393659099
141604157
132041075
393361108
372917763
349917480
301213052
179752772
327598844
247407708
141093951
226630587
91121479
282811408
267390899
547246025
282963158
508292800
375996051
178060625
173592354
323068243
236024805
223358334
219126658
257111472
268354141
200686297
284021110
294065192
216037072
303082646
239265980
314152677
390460295
326132738
118109691
390073664
294233482
316257020
310580309
357843751
217054279
349064987
427976360
375470008
325857895
284099391
682274145
317956349
314110956
277825436
524841917
187472753
106682355
73361019
349852408
750927382
108166514
343619782
235320050
349302825
269284716
379487391
350922589
400808380
248150997
45401086
647230496
266018386
469705168
219051421
329574004
288685858
258127298
308867283
126436998
281222945
427400217
559788492
352984051
343210624
321120557
407275001
308700643
561531815
324113527
132872493
238003332
171147497
8191059
114190881
278374405
219301049
141255709
584906001
185712223
169151134
201803523
105694222
133547490
45512593
374527608
168227136
93229603
42395191
35912444
252617471
209802643
65298836
245524356
281034632
145563393
144502236
136718173
45074539
162932250
161819135
183652729
208461647
233357465
222105292
207796574
100231290
168788394
167428821
168667397
94185577
142458319
109780606
131438296
108561833
81884132
27028633
104621858
19636608
80069767
62507439
67590402
11680246
64101261
64533198
62506334
52614360
53496281
25704039
21745305
27329831
47678731
23195642
1869706
42531427
55729852
101553744
94586893
80399104
151722736
79428264
79769139
121869108
122109428
196902331
205614506
191381299
232645641
293990551
313940298
196432270
327006647
233552970
431320009
310087343
379651031
330911070
96749614
218169863
423562909
507128293
168383599
511085875
285654053
358589732
468138852
290967249
317051068
588080807
321838832
379064264
214123391
534459602
412546355
405806930
266046503
75680277
259136392
415696323
218196388
161961951
229193582
306711967
484264131
488722787
339102549
447842333
259745800
191458231
338967926
365680475
217589985
282927383
394755371
230469087
8510968
247712757
271567983
443914810
366142366
241982300
18467250
491641665
358008243
505644905
152476716
420934094
379373722
94027960
184472817
537247421
483010352
169068139
383648265
411296237
289561227
343562678
282814894
