379595948
436942242
264518838
347564964
497486507
317152971
272546270
441158539
363725311
422509272
312196718
338391435
463380684
219540938
221972959
443436912
446753693
163600118
161781154
54810041
163716824
530651149
200520423
160468872
204851839
418717966
372496803
412622609
318157802
187638146
558091628
277388370
581752784
63068381
449308074
396170471
245986971
368342239
417665797
404913236
374291401
392749609
412652588
383106079
407777183
260601185
305107290
114649550
378058984
363508228
405491620
242626036
122780888
122539381
266300357
365431386
272664263
220185688
124556344
327523256
232577852
350464810
254650650
526657356
500099921
307198752
204636819
272450303
305131658
276193373
441046100
275651286
283069653
333202545
289146333
15088221
174357223
165670690
221679024
301939433
198440629
429462079
343961045
287824339
242046647
305581012
424100205
450866240
465630135
269363737
197788027
360115877
278770570
395484373
222592587
377398595
443928807
407285641
239197316
372543994
352861604
309254062
320082970
233567624
486301988
405536362
537064884
294465176
395900512
422892485
138777363
380892232
382745367
276853578
160438392
457279178
52634347
349560448
393914583
323249533
31622988
413347719
117780413
204345437
359116119
487988205
379286717
341415529
455197545
360562784
428250915
172399181
96410593
401870557
322552787
337447383
329571508
152791015
261348404
259654239
90681782
244801236
86929706
288542506
286964661
542974451
326427457
456349551
354764781
119448388
229889878
327316679
243931550
247659902
248407924
288191669
305669690
254604722
272853042
270702143
201034922
363842964
230125627
311766018
388814487
376093428
52873891
368943894
286754766
255156711
357515694
436005481
224780864
363179004
405382842
448932560
250710911
262672804
647716423
279620693
341401966
308584104
564743602
250720723
83279451
169865898
409249248
768560445
86220858
333968212
259410648
317510686
285669949
363684247
350543472
428716548
268465741
26515456
708799253
261681674
516408799
256956018
286397944
315903131
232323132
319181891
137527223
228163298
469951233
571052496
355315996
364150962
303128917
403103461
321308630
640165239
308693157
99489351
321704020
246995664
16820149
103400112
261455860
176649346
143628956
712327206
194749039
109879483
129715525
104331130
73281384
11374894
355658653
236275244
97668779
24816735
77332983
305441162
222821561
65720505
203426455
298774287
106438478
106127137
152380216
35986664
115367251
175608532
158569316
165577223
177756328
166660621
155987899
94193975
143300634
48032631
127318555
125933060
111478869
98034229
101122276
97528648
91423261
21491616
78414632
8446129
65418961
50067712
47844612
56380626
10905395
53023363
49576626
39800653
31066518
36160607
3000757
11739826
17299080
26469753
16303271
27957215
26387627
25786383
1526225
56970164
87373264
87357540
81251437
84447211
68896082
197066390
195049716
169309159
195458521
248766262
289316677
202622415
290509604
239193441
461205585
355832562
408109772
352439039
57789812
184672358
455340856
483355232
210097456
445449035
264218754
337887767
500619814
370979941
346360245
584653669
397076136
394863037
154632324
583042777
447135210
466193295
219896263
35572424
272994868
403421640
210441419
283503541
254263038
258985122
529209954
454868932
319277577
410816986
275955808
187633994
372009590
369528584
254199297
261735069
454302444
223355952
3458221
290735217
286235049
409964668
312818477
269289108
38074213
520183411
377301175
524504955
117436725
422331068
392978433
73520875
221718816
516369186
488587350
184093061
377865278
457971875
280323502
327941353
351037604
