378755169
435843404
264247808
349457187
500740888
316437149
270732192
449901510
362987324
419895810
309460482
340073979
469327126
215903528
222362225
443111508
450591143
167508248
163127290
57134538
158345483
524043026
194882498
160751707
203901109
416826344
370950915
415548593
313318808
187289857
552975688
274498127
577402072
65526322
453205281
394478303
243537875
371381365
421618264
402296231
373601950
397773811
418692832
384339483
411082303
260474572
308303560
111169384
378973149
364082053
411296131
248636546
124379705
118450636
261802979
362783774
272548493
221515796
127803847
329957182
237436318
346703439
252919131
524183121
493816280
305375574
206217140
272758746
304260002
274491520
432403997
277819357
281420807
333150254
291501170
18110818
176686759
167496802
217234445
299337639
205397559
425791543
342331042
289645167
239785238
308869558
425338954
448196816
454546895
266910895
191115369
365033004
278650466
396236707
214432655
380808351
438385530
406710914
233940766
369818281
348629645
310082466
319506389
235357083
479460561
407264798
522218067
298969069
390842778
418091116
138998844
379881248
380574046
271864853
154649815
451899794
50433876
348137328
388985728
322850527
31134823
404397106
121439432
200930905
358179741
486408831
380572818
344421018
458206298
357450549
425409871
176001214
91231591
391335030
326744183
338566938
323336997
158604745
257704550
258572527
89190134
244027059
92430520
288446973
280435744
530055586
330641550
457007323
357322644
123566386
228597862
324573156
245931157
247023037
245336429
284280401
298513346
257207488
272093353
268889016
204017686
360000375
226120322
308835265
384718978
376182291
50774975
368286673
284895554
255466115
356441041
431935197
222274635
358193518
406219113
448458881
254191504
259467761
646438669
282427609
344632452
310635197
574390303
249034232
86589009
168951597
406350649
790280253
86859036
337409278
256934420
318196479
285254101
364201098
354815473
424544165
266475186
31262177
735905381
259406178
519128308
259869825
283488055
311736351
231234658
315207873
133504927
223910839
474771636
584787988
355600462
365376751
303880716
396404193
321260185
670392988
306938220
99546355
320919561
247316907
21398272
102214310
261041841
180962803
145527389
728855445
193050966
113254774
129404641
104650587
71022506
4749237
357105041
235652383
94901827
27001610
74674274
299065099
223452628
68353851
206705145
292718952
105308127
104257353
156036448
39918554
116466974
179363334
160300666
166892177
179334884
159773186
151062255
94572901
144658441
52355687
129824725
124096694
111647953
98263528
101116693
100685440
92028377
25650238
78710834
8099181
63196478
52695489
45479891
54863483
14971977
50214413
44495342
36628067
26629075
39299247
6200052
13079843
14296869
27374171
20286234
24967561
23359208
20409367
7698309
37361967
65615056
65485208
64281332
62469505
62496922
178680653
175759247
170511980
189528638
239987593
279162375
198249026
282910733
237164386
459120945
352381003
410429666
355525140
60900290
186521756
457003971
484192495
209361677
449046658
263489485
339231099
496759403
372108919
347799404
583317061
394434841
394951966
154793339
583405314
445390416
467041329
221199680
32733161
271047749
404892465
207725350
278590288
252663490
258550756
527597682
452808314
311680804
417125066
274599626
186799208
369269481
370607940
254362962
265036811
449325503
220081577
1781572
286089836
286125004
411809196
316085989
263766359
36519698
521311795
377710226
516295548
119825449
423775661
392435284
71512062
221936427
520355535
488837331
180716652
376615868
456432661
278091907
328966926
352881137
