380305727
435683286
264068489
351241781
501105253
315461769
271868520
447264140
363537508
421597377
310157704
340114113
467133461
216747916
220701219
440243215
445219522
162763590
162291437
56093844
161936841
525656555
200205149
161319813
205439261
419418623
373003687
414712331
317247076
187375325
556367817
279449316
578378190
66353652
449825996
395315341
245017297
369104447
418843057
402530742
374242608
395014158
416779188
384117289
410413524
259984040
306002532
114371050
378282428
363629913
408485272
247519358
125061580
119519881
263404507
363471429
273888792
219313477
127248100
330213589
235118411
349048788
254830805
524684138
495992844
304075322
204593399
271918785
304797473
276311574
435192871
278885618
281702246
331492756
290047568
14676141
175107969
164255004
220408364
300733138
203567661
427189764
343830631
288681662
242427104
308714003
423896087
447519134
461129039
266219102
193049964
363302851
278649598
395079126
217689147
381741630
439443235
409415323
235615675
371744371
352480900
309309064
317295094
232863984
482391486
406234914
528703683
298199109
391573723
416794353
138221653
379917662
379627523
274800285
158798423
453628815
53441502
349221411
392478206
325749664
32335663
406572931
118218249
202402398
356861901
487851959
379813999
342997906
456673712
358352842
426070685
175409820
94090928
393631740
323341288
337479034
326030087
157324255
257511156
256107270
91319997
243419049
89549757
289559806
284083996
539463920
329308483
456750339
355259940
120986822
227442600
325115031
247602561
246466537
248675313
288798556
300959486
257026439
271267793
266765033
203288784
363010503
228985009
308775217
384293144
377311060
52381397
368200296
285365636
255988492
355808549
431717883
223137973
360388386
406884328
448704272
252727884
262474187
647147440
282588160
343155001
309132268
569917998
250226427
83253703
166444593
409633293
778330384
84662599
336528319
256610124
316277471
285715826
361436162
352003321
427250864
268735546
28882697
721225720
259567297
516725933
261019992
285760922
315205026
232108330
315127084
132216149
224341004
468988459
577595006
354752853
363917391
301700896
399015431
321160610
657920691
308548418
100553231
320525478
246504496
19241969
103466114
260983591
176134500
144148357
725324299
191576792
110293291
129229006
102077367
72602752
8610617
354874095
237073795
97095693
25403088
74792476
301526958
222556813
68562885
203167481
296085268
105572390
104900213
154486338
38462642
118074837
176817792
161627014
166208921
177906205
162117908
152897570
91364459
143612709
49092587
128139241
127009264
109331685
98094791
102050700
100651383
92041512
23578470
80236676
7405283
65387946
51096487
45899271
55943270
14816702
50984350
45490407
41747214
29175385
38268753
7034910
15671942
15218948
27495779
23356498
25291504
22715562
21097827
6654328
45793018
73713018
74627958
74283016
71532896
64813298
185224346
180339897
171309116
191169031
246996198
284909402
199900894
282611008
239703389
459146765
354565920
412843703
353355571
58546157
185176724
456207659
481484531
208608059
449300397
263906713
336294642
496752033
372185688
347692567
582670423
394477712
396079970
157680583
585069835
444622008
468079337
219939824
35043192
271479196
402582428
208709552
280438067
253567155
259370354
527458351
454080223
315159699
411881315
274843516
188817128
369603295
369436003
253631408
263576947
449973782
221436063
5589145
289566086
283953959
414581544
313981410
266656654
34915310
520388662
378313806
520910263
119647661
422689902
393213564
74148822
223470890
519094651
487730393
180584342
378520061
457772501
278637413
327964210
354676000
