377895888
436101026
265279458
350131772
499061027
314436635
272436748
444087134
363078352
422284264
310505151
338875414
466489939
218385019
221226774
439936596
445420787
162645266
162141331
53659281
160405841
526665537
198253825
162376822
204780822
418386354
375486703
412550816
316805031
184585373
556008209
279747509
580498005
66856828
449417481
395218674
245699791
368091072
420258811
405210552
373286801
394769703
415411565
382359820
410244180
261415885
305954482
113630740
378530913
364357122
407463109
245592039
124904902
121028644
263281790
361684763
273644796
219791490
126417293
327330674
233694734
350012807
253912817
526691429
497909032
302720420
205583223
271726669
303688000
274568338
439069326
277756267
279984302
334034683
289040111
15868538
175954274
163758313
218692325
302439798
200011104
426934948
343709379
288971793
240938850
306147752
422956195
450015777
463935354
267061382
196456374
364045760
278617395
396452661
218558475
380857522
442332184
410812592
235751248
370964904
352801143
308763961
319270756
233524469
482720923
406174504
531332911
297916898
393276910
419302868
137462486
379178697
379310771
277031342
159147695
454529988
53744006
350113093
393453176
325173779
31214499
408068829
117318859
202517665
358330468
489891638
379052119
342741187
456981833
359136652
430197678
175063467
94722087
395992783
322556084
337859855
325454744
155012728
257374012
257379123
91812762
241523033
87760702
286834185
284635779
539398946
329515688
458134373
357896632
122009304
227583735
326468292
245370805
248121599
249916548
286633557
304747093
256222218
273352851
268467817
200395644
362674592
230990864
308956741
385783524
373949277
54130737
367625217
284063581
255289113
356152761
434025238
223452094
365377737
409277654
449874152
251010672
262644782
649216929
279668281
341393070
310044729
566955354
251419430
83478624
169128931
409157974
772101589
85757562
333807966
258003983
318272993
286115520
361868948
350792876
429468159
267594348
28200177
712663937
260671786
516237163
258052035
285879618
316632906
231164223
316444047
133517168
227327522
470200076
572150899
356354692
363189936
304508087
399942208
321711855
649118933
309501054
99806885
319471015
247378479
16527174
102689279
261789644
177039626
143233685
723398478
194823483
111092540
129522144
103789110
73559852
11445710
354028352
236393216
97555586
24769842
75824186
302437894
221841492
66928135
206036956
297432784
106046863
104336019
153890880
37906826
117054993
175588631
158821968
163169677
176325017
163283873
155123261
92730261
143392199
46850269
128057542
126348868
110220497
99191540
99362666
97697708
91744208
21919037
79290782
8323447
65538909
51332313
46674782
60613402
12840017
51990258
46025964
40029965
31057562
38120122
5634343
14483114
16840499
28542260
20183131
24336638
23042221
22709603
3949620
51359855
80921328
79441527
78392615
77773006
66485644
191643950
187785481
170920877
192860685
248588480
288158947
202521761
286930028
240182811
458942253
357438711
408928566
354688127
57270736
184306739
454803176
483240960
209804305
447667830
263878860
337234615
497634328
373188364
348368965
584809258
393892230
396709190
157505396
581293229
444801873
468879523
219664641
31282435
273168414
401301965
211753573
282750343
254468990
259164959
527633025
455736385
317071198
411921313
272245681
188604997
371210620
368890549
253442080
265256413
451137848
223240348
3718269
289140856
284521312
413142127
312777963
267793307
37854901
519188137
379285628
523228256
116312079
421808072
391357442
75483380
222427740
517868895
487914772
181052366
378070940
459419283
281172490
325730643
352579996
