378842229
435771920
264209923
349607904
500892082
316210318
270550644
449713407
363039313
419846616
309440128
339929962
469379365
215762230
222369431
443135733
450737509
167444072
163096708
57136381
158122588
524188501
194888410
160932879
203831306
417107079
371015029
415408953
313462950
187071327
552905496
274596765
577214188
65432635
453323398
394278074
243511781
371370655
421474868
402222428
373499420
397819005
418714105
384532404
410971918
260472105
308406333
111148085
379078343
364041934
411373758
248416976
124389792
118243514
261649029
362775885
272317462
221540862
127813107
329978508
237299564
346580728
252971775
524168879
493829497
305532794
206270240
272861747
304364481
274479702
432497861
277736732
281527457
333052011
291437628
18041336
176716205
167511193
217339359
299345204
205440294
425655934
342416696
289715618
239895043
308952931
425127010
448140036
454332711
266881517
191067934
365089720
278503401
396237351
214474648
380829007
438367837
406799795
233879893
369864681
348626100
310295818
319577469
235348762
479482698
407206351
522164992
298964752
390726212
417881442
139035008
379843524
380795543
271852014
154658473
452096705
50518351
348132804
389000635
322770527
31063574
404363287
121531927
200875119
358220256
486430987
380672299
344370260
458184134
357489272
425370102
175959521
91045757
391235604
326588134
338526245
323320113
158606443
257753177
258544330
89271042
244231762
92418761
288444494
280352511
529974208
330657750
457135693
357171159
123453756
228500532
324517999
246071462
247074915
245250656
284382421
298452921
257234130
271987098
269048498
203939942
359913248
226179344
308892314
384639127
376289709
50827345
368274233
284777917
255504508
356488798
432058026
222104125
358156092
406169040
448274473
254370752
259370527
646429461
282222415
344664830
310789084
574557537
249237180
86553790
168899274
406524161
790243063
86689593
337364296
256967714
318248584
285304463
364053386
354751385
424614734
266606449
31391756
735823217
259343239
519237733
259990446
283572724
311920719
231213804
315229432
133535994
224057644
474645398
584632659
355614405
365313306
303868946
396240181
321444864
670363265
307034246
99420515
320802238
247330666
21567727
102354946
261041620
180932319
145635463
728721337
193068208
113313760
129483399
104619201
70870466
4885084
357016910
235722800
94807365
26834999
74822631
299155056
223395252
68220372
206634143
292787463
105172969
104288253
156066328
39860293
116296604
179400352
160165843
166941162
179311939
159890882
151152117
94761203
144628518
52451547
129715912
124158051
111625566
98096967
101048172
100833476
92056304
25681267
78755693
8020348
63167849
52667371
45351768
54813027
14945791
50206107
44461172
36755863
26766122
39190757
6525199
13139154
14188267
27307328
20309394
24943247
23367990
20286069
7632618
36999421
65557039
65423036
64125096
62652927
62601893
178640145
175948566
170472885
189455922
239935346
279272146
198317456
282812078
237133883
459039422
352214964
410285489
355657899
60924141
186692301
456833387
484122196
209297469
449188722
263493865
339047629
496777379
372061724
347971060
583515380
394486173
395013302
154843094
583491010
445338490
467025710
221290438
32611382
270884767
404955559
207836890
278647087
252840652
258551304
527518958
452781907
311750791
417136902
274618148
186811515
369216796
370473860
254360249
264809411
449294645
219999053
1797388
286069576
286125403
411818860
315973209
263716525
36512305
521297446
377794533
516336044
119806684
423748242
392290811
71384598
221837824
520383836
488892433
180783638
376721793
456467390
278051758
328959444
352924146
