379085970
436220853
265985833
351893282
500288933
315972039
272253876
445650605
362499497
422737784
309021645
339694720
467036975
217984250
220882237
439312831
444966011
161896887
162198120
55478254
161123887
525662173
200155447
161974892
205571667
418509045
373482532
413446882
317736247
186825534
555451673
278786969
579482346
66464800
448792446
394786042
244843475
368900473
418183386
403324956
373362225
395477864
415286407
384228252
409071850
259875200
305676817
113879841
377760286
364225151
407335636
247085977
125565414
118751041
262784527
361716573
274394437
219609575
128012470
329618907
234626181
348764533
254373334
523900637
496045351
303751285
204479539
271339294
305517380
276350725
435204107
279403441
280524716
331436927
290223364
15475092
175151974
164684116
219973337
300708347
202282536
426982397
344171357
289299013
241537710
308333800
423757188
446398248
462054947
266213944
194098219
362953164
279866881
395066840
217171647
380774575
440229135
409900227
235145840
371531683
351091399
308653138
317073660
233097295
482339174
405373103
527988942
298270858
393352568
417013704
139957563
379415956
379834930
275159184
158757158
453616014
53801350
348784270
392935891
326331785
31109290
407076240
116786963
201654682
356608366
489097625
379390724
343466943
455243541
358830581
427798284
174621595
93699106
394867630
323312188
337135997
326472136
156648021
256219003
255942223
92172456
243050073
89187183
289313103
284275706
539722058
329211404
457822104
356132660
121129814
225984794
325312221
246555253
247031545
248056463
287948165
300784515
257238622
270670094
267923135
203159629
362908412
228729090
307966661
383736108
376946112
52904308
367990655
285695157
255902125
356447553
432266160
223613157
362482803
407767790
449572587
252641770
262267048
647216569
281747359
344490815
310680661
570380200
250644546
83454611
167164752
409905878
776816387
85073588
336777913
256784400
317094368
286107893
361241420
352000809
427732935
268850664
28954298
721036707
261263032
516664865
260509410
285736288
314905815
231527075
314207675
132446716
223996429
468791740
576446401
354794910
362987024
302518703
399390843
320130767
656753358
308766123
100416235
320647155
247310158
18512843
103288697
261642372
176969915
143429789
725102409
192844907
112132095
129089391
103366326
72472989
9705511
355537131
236242663
96979526
25606641
74387704
300552416
222303203
67616214
203440513
297485237
105587090
104993761
154445349
38630303
118575817
175821867
161426529
165932167
176740018
162652538
152743397
91769996
142096044
48137279
127336211
126592426
108815230
96694891
100384146
99602911
91660347
22723496
80198129
7360441
65594243
51082684
45296113
56889855
15991555
51465329
45725515
41561297
28937233
38061950
5630254
14831842
15882000
27606217
21990682
25115955
23630431
20738756
5523655
47791793
75015761
75624254
74466070
73899682
64860264
187680808
180826121
171432104
191378736
248181106
286559365
200948346
283603552
239369289
457717710
355248312
412340380
354501879
58645891
184857741
455396183
480733367
208548072
449750338
263280424
336366528
495214898
372423073
348607551
582167388
393578135
396689404
158851528
582658746
445012123
468118347
219332192
34499305
272236220
402060783
209481407
280855720
252796627
258724540
526870871
452446146
314746760
412197117
274537162
189702314
370452253
369037570
253789653
265388736
449718560
223107678
4943991
289778976
284637122
414299601
315960572
267530259
35143534
519879946
378684488
522568789
118800401
423488201
392552431
74429213
223323736
519014496
488568247
180771030
377746502
458366888
279734017
328793039
354215526
