379730583
436908498
266277393
344189922
500023657
317928881
272151270
439359337
365316157
420836996
315452925
338465985
464496166
222835724
223910074
443983047
449140106
166641696
163495942
55110836
164119521
531515784
200129559
158695541
205166955
418926075
370442621
413116268
320584205
186341649
558269310
275700267
583162894
64041899
448472673
396950682
242462178
367379610
417570967
405399429
374658021
390199161
409956990
380636667
406764377
260983653
306537900
114477829
376268294
366333138
405225164
240342686
124100536
122057489
268436338
364085199
271139491
219782654
125246162
326661273
234146642
348132289
253980795
526024024
501390759
304294848
206542463
273084003
305505844
273807929
443141454
278892170
283465202
336212696
291091063
15402006
172460564
167469327
221235531
302462042
199449423
431454595
343081674
285010709
240828493
303935385
424044409
449965665
466086684
267580241
198879032
359317166
278199538
396804493
224068765
378588768
444855515
407806704
238274450
374788517
352076402
311936279
319542110
233585718
487704537
403936221
536134310
293903494
398459609
423485341
142471047
381156422
383034513
276157662
161303128
458805725
53778166
347617823
392626954
323191562
30466464
412760593
115637035
203745757
359495475
489076168
381313485
342980838
454007532
360857288
429277626
175204958
93355345
402907898
323268892
334662915
331005897
151845966
259771819
261749786
89110107
246146450
86521113
289790102
285717244
546587963
323946978
456342612
356383406
120214522
231424992
325316803
245177823
248542099
248426674
288955240
305937071
255196440
275103109
271228524
203159090
362927182
230837384
312926861
388565645
374708297
55244600
368697416
286737453
252922580
358159285
435706910
223058024
363027174
405247025
448173998
251610503
263351360
649945151
277368383
342452462
309503932
563232187
251937554
82060515
167655436
407434605
763823164
86426904
331323527
258351291
317153971
283488596
365022042
352969917
428328423
268244339
27890045
704768713
263641309
516206029
258245869
287546726
315038527
232055384
318795540
136654609
231169169
469960165
571234697
354667378
365371219
301617316
402755857
320945874
636584649
309579825
102757435
319649537
247871826
18366802
102865249
261848211
174841056
144997722
699084880
194569424
106594557
127363525
101761397
73214202
12128011
353977775
236500460
97101072
22371525
72108100
307272446
223319641
68738725
202856287
301525409
106390648
106929225
151708162
38877941
114896384
173162754
157469937
166224235
182516085
168626382
160217078
95509017
147033253
47124377
127795906
125981939
113189040
96389570
103279516
97495675
90801413
20377897
76647630
6975810
67861728
48886031
49579499
57585553
9139719
54825260
49463929
40190213
32543067
36534870
2901401
11061668
18033239
25660164
17769889
31670511
27839377
29770232
2647978
58874931
89654260
91463090
82148564
89779711
66395958
199457926
200563029
165653738
197997963
249634715
288973135
203686662
290975482
239145683
463838460
354516701
406703791
351541873
58573540
185289449
455460523
483791381
207131219
447276317
264143665
336945305
501518159
367143627
345121191
584850196
394942464
396449761
154328564
579977026
445713869
466253962
219613688
38521610
272815237
404279861
213194887
283999531
255886511
257416033
527443998
454114122
317254133
410202957
277734339
184552742
371256313
367900700
254542602
266222757
454509546
223362829
3728270
291023090
284092341
410783835
315629334
266562125
40185837
521229621
376358789
523110508
119131107
422189303
390537690
73582623
225517118
519069467
486993520
181792093
377500439
458950296
279789829
329263398
350337144
