377771759
435943064
265596315
349789044
500023903
314511291
272888191
441722119
364245612
421767663
311966457
337289076
464359201
217198042
220703707
440641726
445528729
162704892
161664034
53294358
161418919
528475404
199035358
162422991
203838285
418574049
373977263
413355464
317219084
186296586
556950254
276985574
581563862
64904096
448218787
394729097
246794465
367628257
419834004
405095636
373315434
392420988
413585649
383055361
410294877
261540516
306256449
113453504
378774528
363475748
406746186
244689009
123310209
120574199
264235009
363659797
273647400
219392935
125288684
326861540
234065315
349924734
253628791
527945905
497728215
302887285
205391845
271928895
304999525
274689070
440567240
276664424
281000059
332392337
289952074
16871214
176323810
164864526
219252696
301903225
199746604
428438071
342919093
287616474
240802982
307591297
423563976
452065374
464740342
269283401
198811980
361765774
278715447
396103879
219602957
377824963
441586543
408548362
236251049
372084349
353038521
309772398
319715750
233451113
484271740
405613217
533094281
297194021
394783759
420162001
137067198
379363868
380561749
276008407
160073873
456449090
52191306
349628898
393738187
324887060
29897858
411658871
116720977
203467921
358666589
489699316
378354510
341859222
456117937
358453828
431215789
172969439
95429112
398022902
321758643
337501406
327383441
153998333
258870972
258281880
92420721
241952947
87500124
287052720
286454362
539566034
329215426
458838427
357160092
121026829
229263683
326061858
243846287
249204507
249830231
286708999
303715950
256120111
273245439
267743667
198966855
361415499
231210151
311921348
387398809
373511157
53505178
367347090
284803407
254350358
356813203
435030507
223629031
364298684
407336810
448960744
251142126
261581208
648639870
279196632
341229913
310147393
568269492
250839963
83242140
169314056
409831057
770334577
84850643
333989256
258430503
318225849
285840197
363576079
351283163
428146673
268245495
27369184
711919855
261190891
516786312
258382138
286412576
316302926
232223728
316906452
133794610
227361003
470591691
572388190
355861866
362772038
304376612
401186800
322252609
645938520
308672634
98881912
319099667
247700705
16622729
104171323
261305669
176893535
143720158
720978489
194465202
110924884
129972364
105602295
73901500
10624039
354311918
236714644
98117504
23993965
75825692
302987840
220510377
67640189
204982590
297347496
107426193
104527831
154282646
36613265
115636913
177117934
158603602
163861330
175342233
165124803
154631185
92383811
142828578
46398253
126664396
127032794
111082367
98614760
100430275
97948121
91059604
22039117
77965839
8195747
63828675
51307542
48094915
58999337
13266185
52596356
47723280
38724549
30663208
38731168
4922026
15237720
16973569
28175439
17596759
25574614
23708377
22459440
4693243
53854879
82465771
82575823
80560027
79883005
66656587
194041236
190323321
169285289
194860606
249384153
288880736
202105114
287647840
240001989
459222045
357646023
407832181
353692793
57137094
185613623
454677911
482241485
210854743
446317447
263237508
338408680
498735480
372235423
347691060
584763184
395366863
395150477
157897301
581539967
445627485
467980291
221449081
34031367
273646895
401247818
210833393
283124152
255166527
258213700
527370774
457664078
317641393
411938115
273993475
188341736
370454893
368706935
253997563
263159531
451328403
224453606
3082177
289999806
284304028
410926215
313038316
267751371
38359903
520926735
379388413
522170455
117219708
423525009
392100320
76034381
221309081
518121334
486630464
182257722
377984526
458520883
279347327
326072697
351309630
