379852863
436997231
266788340
345983884
499502409
316985357
272931442
440971163
365594939
421612635
313393263
337735320
464085617
220524001
223055500
443731313
447749746
165859026
162974861
54886317
164058532
530006876
199895370
159549388
204455378
418600585
371244183
412900840
319546839
186940966
559143419
276540708
581496383
62030816
448261077
397396167
243678083
368381942
417599737
404942486
373985494
392022436
410870550
380834671
406386410
261282428
305662837
115194705
378478680
363865883
405287768
242080357
123204000
121131038
267799403
364509282
271889710
220867475
125034891
327768243
232290100
350127224
254317641
527333441
500255484
305434766
205146150
273379126
306168236
275305516
440891635
278055292
283505766
337044598
290735447
16094122
172679240
166804678
220616465
301555004
198306410
429545949
342992768
286094514
241240606
304169243
424644849
449825728
465626316
268837697
200650970
359896497
277808819
395733149
224798925
379760838
443475149
406597055
238964192
375100204
351944385
310741538
320358715
233517616
487101976
402861176
535392378
295027285
397133574
423354939
141478989
380157405
383741289
276742253
161474728
458114284
52429861
349189539
393104003
322875874
30647835
411733723
115241437
203458631
359584084
489264553
379829619
341758942
453574648
360391883
428485991
174306692
95168801
401438794
323585297
335323660
331921115
152729151
259711569
262439113
89519168
245059475
86383334
288849790
286954964
545341947
325529537
455217610
356174326
120746392
229610130
326045098
244869946
248412850
247933303
288914118
305894924
255795214
273777340
269707483
202898513
362619623
230939164
312340100
389669872
376642678
53920797
369828351
286535394
253488373
357225050
436762596
223221342
362932642
405241531
448682317
252039015
262808452
649446563
278082544
342013710
310570221
563719828
250177229
82854149
167746426
408066652
766456841
86592838
331973705
258286151
317583850
283831701
364075535
351068023
428740273
267446619
25903948
708026633
262143558
514180618
258114897
287926153
314830328
231676730
318911306
137965515
230628740
468101440
573001198
355137319
364953456
301933680
400979129
320672144
638947386
309424426
102098900
320116781
247095686
18513800
103005985
261997818
176627692
145717138
704357376
195102431
108084265
127644171
102210802
73761231
11371513
354597063
235819917
97283489
23459005
72915274
307803188
222327627
67483096
203192134
302668801
105002730
106841279
152617368
37102731
115521030
175016650
157168835
166447341
179782309
168680397
158557300
95379562
144985692
47491141
128814061
125163601
112803288
96160676
102631864
98205440
90387206
22765929
76411853
7252525
66591946
49673199
48584614
59007130
9553432
53000834
49427414
39605178
33144724
36138635
4549847
13143369
17277316
25621732
16351078
28152331
27398116
27429749
1736603
58007374
89776151
90845508
82860486
87210035
67403598
198402822
199118257
167239567
196607090
248054518
288561173
203289420
290721699
238996464
462958963
353018774
406792857
352247308
57703846
184646349
455309452
484846010
208696045
446539051
265016834
337161431
501357306
368699763
345054958
584210255
396016505
396888349
154431813
581680340
446806759
466908871
220166284
38159695
273388842
404125492
211121623
284767608
255343471
256946879
528405315
454508649
318742997
410721739
277618035
184914397
370956276
367461814
253931832
265108822
452784788
222228400
3903327
291005349
285955833
410431039
314079726
267252380
39318829
519616533
376708269
523437127
118845360
422969405
391759739
74724101
224202347
518640159
489472302
183289091
376999443
458113794
281130565
327455223
348991181
