377947997
436268167
265690058
350039205
499967776
314362666
272804600
442246678
364301909
421680648
311573394
337016340
464477272
217126510
220562262
440383750
445445503
162807324
161983042
53493821
161213986
528398105
199139524
162223365
204095581
418548714
374061356
413319173
317520517
186495960
556768800
277089553
581278845
64709706
447911583
394894530
246022701
367725039
419896836
405078919
373633837
392582040
413706280
383215430
410173619
261380515
306475257
113293050
378726182
363295234
406751570
244759429
123493072
120429273
264424573
363748279
273505002
219586253
125325027
326785448
234123713
349584567
253568582
527456305
497876721
302704258
205547200
271905002
305124598
275162902
439985608
276549376
281135801
332537741
290131316
16988175
176463737
164883755
218957870
301657174
199578079
428713282
342902897
288031418
240660934
307639632
423121345
452111231
464731023
268976405
198745138
361729601
278786412
395682301
219613742
378006749
442013307
408911344
235997225
371970222
352596869
309477388
319657254
233584692
484191484
405509838
532840637
297390374
394774360
420454233
137342497
379527026
380297801
275703057
160330848
456569697
52475617
349830865
393958515
324462619
30174239
411545900
116488590
203450458
358285893
489462285
378285856
341920583
456132378
358624166
431037185
173201888
95618536
397955253
321740799
337428993
327179105
153855692
258803459
258148433
92568594
241916947
87531081
286941545
286326918
539579242
329281386
458792683
356894625
120858674
228968468
326069267
244184490
249187178
250125365
286622456
304079635
256064175
273552056
267837394
198998179
361207687
230971537
311927403
387590050
372926034
53227824
366862423
285015292
254323847
356642336
435210440
223596633
364230879
407538029
448855043
250940486
261405107
648500641
279338285
341333695
309973845
567616062
251001065
83016812
169301616
409654799
770486037
84863326
333989118
258485812
318349698
285709619
363481652
351081519
428228504
267829107
27047720
711934816
261125243
517057355
258533025
286706995
316726159
232104238
317478608
133865271
227495594
470765270
572362029
355686518
362716231
304536165
401666668
322049070
646190674
308354844
98693313
319349592
247693721
16696635
104118441
261502242
176917032
143517633
721227034
194622006
110944549
130072932
105500357
74105179
10838534
354581427
236662653
97945686
24360625
75861158
303140644
220890997
67921641
205117390
297197459
107325914
104596028
154256598
36550507
115893610
177370504
158700243
163576048
175349514
164982692
154334417
92088410
142850978
46313387
126715281
126881958
111314811
98696197
100594003
97914982
90807061
21954644
78205348
8216160
64035644
50995391
47846565
59366342
13235998
52698643
47622124
39116116
30494526
38829161
4655363
15131158
17013340
28224717
17541349
25611590
23946559
22552760
4664729
53924829
82332864
82850895
80410777
79566660
66597815
194331725
190502218
169125379
194928452
249304385
289060261
202123375
287493989
239717202
459051575
357612557
407702185
354053858
57229204
185828700
455315837
482560309
210570200
446597625
263485394
338763669
498818053
372181616
347587191
584378139
395222525
395164072
157677675
581207578
445456990
467795872
221315550
33771689
273552506
401313841
211070311
283180845
254884186
258181681
527360099
457541034
317808997
412287661
273663454
188557273
370293391
368738599
253827072
263593686
451099799
224148630
3319562
290016917
284039830
410840820
312743957
267633840
38281799
520755479
379611810
522054948
117507629
423372514
392231693
75842911
221421093
518135264
486774310
182335945
377913371
458749830
279227601
326096870
351449014
