379513609
435899705
263744694
351376000
499734898
316521785
271171276
449433979
364101032
419858164
309126102
339612991
469472386
216052181
221379128
442701154
449200508
166772742
163281913
56783599
158212212
524506395
194559654
161700665
202685142
417087058
371913801
414687031
315163405
186627713
551663556
274958579
577415778
66068834
451558980
394372767
244119397
370382549
422335308
403058450
373925440
398288997
418745155
384897789
410275075
259493894
308069365
110885632
378925122
364132711
411254785
248302535
122805614
117228492
263384304
363538828
272224777
221148072
128778973
329605396
236908339
346752289
251938902
524135400
494222068
304380610
205043321
272803777
305277834
274733392
433216423
277742511
281880003
332329950
289919214
17160295
175141644
167610881
217733566
299188485
205281708
426059016
343360457
289096847
240377390
310089618
425196368
447290641
455669698
266836180
191758233
365095818
278795269
396697947
216185784
382033225
438611704
406584744
234363598
370770706
349112353
310102487
318582331
236052940
479581281
408169847
522554464
298305621
390580385
417648314
138884714
380954398
381718224
272033217
156105383
451627796
50048295
346573308
389343920
322657415
31717952
405216582
121779494
201341359
357886644
486469909
380747281
344931103
457972502
357195378
424311923
175594850
92124892
390761460
327333399
337960508
323302347
159173819
257142606
258060572
90008313
243905996
92507147
288487125
281270775
530274077
331118853
457309044
355849291
124061473
228340438
322692262
246346221
247954888
245258268
285701393
299977597
257256574
271982193
267810006
204777530
360831173
226231827
309128689
384010126
376108374
49953906
367878768
284260089
255901040
355599656
432232377
222690001
357427755
406061585
447221927
255282396
260366544
646705538
282481868
343465311
310294190
573330655
248396018
86223111
167562712
406154576
789653285
85313403
336943627
256886349
318332544
285973265
363337877
354343249
424962595
266846825
30948955
734193869
259802726
519515791
260171273
284090220
312056117
230446196
315610161
134661837
223872686
474037372
583076017
354370702
364626447
303454724
396172820
320704939
668830521
306864166
101579234
320361386
247879061
20360207
102855590
261134645
181025102
145494796
728815346
193019856
113362844
128731634
104316526
71241888
5588073
356735798
236214634
95416923
26462749
74569182
298217261
223369795
66315973
206594517
292723403
104651058
104629585
155420844
40475568
117081523
179178470
159608623
166479909
178405591
159041232
151838217
94729671
144767212
51665731
129171075
124817819
110944425
97445550
101981557
101104644
92105087
24948450
79046706
7298196
62498673
52330643
45827369
55245937
16072696
49628999
45001154
35893509
27006474
39107341
6002810
13322853
14279350
27265169
20427691
26036430
22783031
19754811
7877415
38694535
66537278
66661538
64372913
63181510
63342101
180068591
175281942
171554290
189357159
240768368
279072696
198855161
282943014
238730590
459173282
353098845
409627641
354333439
60735959
186612756
455969031
483170203
208590624
450006339
262990945
338437896
497750636
372217527
347885947
583395649
395426230
394940341
155615453
583081530
446033668
466933037
220810839
33369497
270245677
404777395
207988579
277840306
254038991
258526293
527340080
452709938
312115906
415932007
274658881
188206319
370306098
370644226
254209495
264724735
449636222
218678496
3663128
287184269
285980774
412072229
314796304
263309673
35611653
520688134
378201487
517456829
120174923
424390730
392066979
71420941
220680413
520377646
489026327
180760390
377159804
457357349
277574766
329817050
354215875
