456145723
364971786
363041696
331514041
481627386
281851571
270633028
461693456
445950418
465774360
364332427
364737092
457032784
232665781
317944819
456666151
452364218
359870460
245347918
114676433
135869251
449982549
182718348
117307597
409047445
484194778
404034883
342971651
341531416
195503326
615136250
301627444
432934859
245936614
432820687
301682355
231940655
353323342
356687611
381476854
440564234
310965331
367374552
324777050
451586633
243242226
241577594
188527083
354413477
320189302
434078921
256172134
188600210
194529525
237122044
332901193
129016032
371426201
224994883
288883666
220594837
316358603
208635808
455009891
490974167
241750970
210652392
342132781
371468095
274314595
416877543
325365597
439230969
216372718
473863478
189574183
242531367
265777307
345995572
283623717
356190934
348715001
379549687
314226463
366773296
299234445
292098030
466771891
421899603
258356856
317319540
472835086
377732113
388629367
223547215
407250702
462428186
427887501
313868530
304787198
455331292
366288025
322339388
200684821
485619112
422083205
470072941
381666592
494365145
413896120
399191546
305354561
377322776
228322981
279514208
371552232
173046783
258159220
396537829
394019937
320754071
444010010
99094484
298469882
405620013
528217453
375759769
294018638
428541069
382778260
487365381
205015476
244366590
312231881
390628412
342590731
282628557
380209849
423100811
282782785
226506976
267023597
148059290
334213981
323014634
624876953
232455789
449269311
384341484
253518519
209240140
193244866
246653460
280370103
191047284
309023355
250740711
167388097
283136592
357423779
255298377
320733028
306260387
343763787
375528173
317270886
170725724
313498431
171862425
294370517
347342671
404401016
248313410
292398397
468702576
281070778
244132668
241121839
569229510
215594577
222626485
308802291
522247265
239448045
140003446
208201757
284453168
584926844
181559265
390709636
312390128
276719480
299802926
371995045
405587590
357440032
286765843
172444147
500981803
249860352
411316567
227095590
389422201
401969139
220349367
358332386
306552535
273954658
397793459
566075273
366108429
216676622
355335577
372603016
373311919
504391486
434365487
257589381
185468707
237670086
39967783
156581851
254569110
154110135
274003424
353533590
156179392
230167236
158110329
72937138
191352313
135308155
227828361
130875653
143943683
179927261
114103915
174942154
268476590
143415180
133782519
144222320
177354604
155283356
105469188
126745145
177538561
217736835
225653295
175063348
309539006
260712997
273010359
168090209
147305808
179379589
259921938
244258682
189065034
224186334
187169627
203765252
143365349
194111147
154597441
178909444
168200827
157887221
110407947
140451514
89561487
149742226
131995318
132430419
121469034
124477723
166313983
139504452
131892365
145783140
112077387
213480688
225057788
212693684
217924286
176216520
189169942
177343541
153601577
165678500
221797121
265130593
244599582
234377485
198005175
340752536
321756916
275615745
374517111
370176815
329768039
350911289
427564030
302101031
158906700
289975764
401946967
496409543
179953549
459217577
373069107
319025824
445634451
148302093
332904013
627481474
420562743
406894530
247319575
409381314
472288247
361164646
345638725
213463868
265683987
312297293
236128070
225711989
272518137
351293540
467288475
317602605
387968102
459373351
273444649
228057279
273756588
309836256
145187514
352685058
355843811
351702777
181259824
395361959
256080690
427449822
376380739
252701625
115296933
456498418
401888404
523339531
110688556
467009645
472411465
144891579
263788502
339472881
394148554
264311774
476290259
238507016
240186587
412416072
260461708
