381643787
434987932
263216300
350362352
500031239
315264196
271691764
447481929
363544888
421645862
310391927
339654851
467830316
216439918
221755710
440737737
445078802
164740365
161944451
56068507
161287041
525652785
200042951
161680328
204452171
419061602
372122165
414955484
316783705
188255851
555077763
278284068
578986202
66423093
448768912
395706260
243576916
366961962
419915267
402114239
372425531
396629051
417259526
383901654
409194304
259133501
305436016
113629294
379862950
364357100
408978969
248256751
125538009
117934157
264332590
362653413
274111552
220819648
127720170
330484022
235222296
349437998
254188384
525013398
495190214
304436766
203362922
272219239
305760247
277103583
435667940
279475965
282076575
331286090
289324155
15193008
174157577
165698323
221221344
300145713
203979704
427790605
343747608
288826623
242567888
307916505
424748815
448562183
460388114
264936586
192769476
363179704
278728476
395783296
216548491
381425625
438944853
408492823
234929329
371146224
350426583
309587601
318171631
233222174
481226792
405974741
527166498
298865010
391325666
415846374
139353859
381062536
380580318
274580968
158634313
452501965
52870439
348289360
392392024
324620205
30871334
405918391
118833499
201277041
356724366
487740496
379698489
343126430
456489433
357871220
425515895
175261433
95217975
393812591
323263010
337915212
326453817
159531407
257321340
254904269
91257563
242361776
89779527
289623648
282745862
538077072
329132661
456829728
355597287
122241829
227960116
323727576
248166596
246665317
247669176
288554647
300902934
258174328
271580195
266903781
203879134
363929849
229556229
309582720
384339843
376232695
52451979
368007773
285148694
256283778
354072975
431016398
221425192
359734919
406348802
448544149
254277497
262355675
647565087
282858336
344283477
308694826
569335240
249605396
83819684
165290449
408579276
779919483
85482554
335751977
257381598
316763617
286894414
362082769
352241499
427455175
267466888
29912719
722620503
258420605
517416375
259621713
285629860
315990371
232445707
315097836
132223553
223311483
470678950
578826218
354890092
363064950
301190041
398674910
322026708
659333420
308824585
100818976
319417636
246609783
19289346
102149035
262666408
177407562
143270109
725998777
192722270
110884166
128950937
101997406
73295632
8640535
356539393
237391740
97013636
25520878
75565313
300321049
222080625
68174411
202865671
295094063
106019871
105261591
155601168
38358506
117930424
176972221
161551253
167560762
178663696
161703489
151984622
93336044
143857184
51065277
127963348
126051217
111068971
97726388
102419841
99677693
91254432
23886425
79263449
7783894
63874891
50708686
46411214
56064903
14232768
51402170
44956526
40005396
28764055
38340801
6217735
15495749
14991501
27187411
22562916
25614931
23151743
19866231
6521429
46159100
71651596
71905363
72314381
69798922
63410038
184348296
179547204
172018511
191186511
245697664
283383183
199718918
283366172
238981651
458996813
353463482
412090230
353843408
59502253
184852727
456743821
482116430
207575907
449306680
264009381
336650831
496038157
372305919
348550019
582629078
394545100
395759329
157976516
584933446
444126116
466847994
219870030
34995072
271326747
402348557
207843804
280530388
251831929
258765957
526375916
453515731
315318015
412509975
274776527
187679146
369100852
369611726
253575863
265292913
451357631
220574065
5793915
289013084
283582821
414060436
314391707
266569077
35805219
521784336
377805945
520218741
119212656
424881821
393297743
72261501
224132251
519761928
487721782
181725608
378224786
458599290
278834675
327733821
354799240
