378651987
435858716
265625098
352217734
500731342
316393579
272704474
445613736
362168330
422091660
309086715
340203939
466804403
217611708
220758042
439476544
444945754
161515886
162399861
55376740
160758359
525746138
199966834
162332440
205330530
418135091
374138640
413598568
316849917
187060503
555861532
278724510
579502071
67272377
448965793
394944228
244705284
368241810
418465398
403656212
373613499
395049250
415511292
384200680
408704297
260140622
305556453
113877225
377743892
364205672
407644881
247056052
126170090
118955697
263329118
361681710
274016931
218828578
127901008
329642294
234031381
348961485
254241253
524252986
495715554
304075110
204649100
271082305
304758200
277204674
435560670
278915625
280852628
332149991
290621496
15207924
174928725
163909949
219878511
300359427
202316078
426464662
344036174
289481592
242141840
308360974
423345386
446741166
461741572
266390323
194712315
363302657
280353102
395539952
217209877
380211909
440186294
409416298
234956993
371083296
351106519
307964889
317178359
233881686
482286605
406312212
528548624
298519014
393287339
416551179
139705599
379421478
379512334
275046458
159031949
453652344
53974400
348952400
392402094
326228490
30748631
407313426
116128117
202099165
356874754
489122640
380379885
344242284
455733322
358405624
428306753
174410865
93458045
395511794
323357459
336793561
326683756
156460347
255976843
256459948
91843910
242917513
89027483
289330534
284651209
539930777
329091815
458339699
356688230
120936777
225875944
325514000
246255963
246887394
248202234
287358268
300549609
258000942
270666568
268756848
202569473
362952894
229202380
307960781
383141158
376877595
53312692
368676666
285658871
256074454
356549998
432038600
223151886
362336309
407776847
449506991
252771867
262269286
647130868
281656007
344101038
310800401
569953700
251070304
82999272
167222415
410100871
776867157
85005357
336834436
257605635
317151353
286378349
361293893
352254895
427772587
268596544
29106917
720364541
260855646
516890911
260779152
286412673
314768581
231479554
314333218
132786156
223811629
468776472
575959685
354668879
362709972
303363777
399463263
320268797
655976796
308868479
100475053
321175784
246969386
18663710
103422395
261899758
177428359
143187363
724867374
192208693
112546766
128865662
103631245
72134862
9756502
355687057
236075659
97041676
25474603
74345387
300996873
222275446
67504591
203470618
297717140
105466389
104282036
154622103
38497464
118517421
175377049
161505352
166211285
176760326
162797569
152725102
91244649
142504273
48572672
128087322
126915631
109479538
96993550
100301383
99339297
90788476
22775899
80609499
8162367
65696711
50936978
45825595
57178140
16453172
51950440
46346607
41456488
29024520
37727234
5581783
15125984
15505542
27668149
21641145
25340492
23823199
21171125
5547828
48207691
75861797
75983399
74634320
74640620
65045496
188141022
182004978
171744777
191400206
248163688
286599297
201827172
283779613
239691873
457806908
354612679
411934242
354326551
58630408
184766109
454859449
480117068
208295083
449951327
263334676
336437529
495652070
373048155
349111940
581972156
393737453
395895763
159395901
582950355
445317804
467554830
219613626
33489189
272359709
402404667
209574521
281323898
252075079
259186334
526241992
452173333
314884326
412009404
274096969
190390957
370135525
369317963
253839372
264657789
450092271
223232648
4523255
289970398
284555460
414394046
315863598
266692182
35671669
519140045
378336114
522145724
118316546
423162641
392675727
74617475
223733397
519060412
488085350
180879537
377353325
457691092
279809300
328304126
354138861
