377917293
436352407
265577875
350408906
499249586
314412420
271533563
443696718
364639792
421322231
311166060
337821853
465326662
218023465
221192593
440034445
445166990
161953882
161726556
54407558
160088856
527975338
198814911
161564827
204522459
418540790
375249313
412266921
317227930
186016197
556121233
278839161
581827175
64575423
448951601
395559209
245782549
367111401
419244195
405329138
374158002
393756165
414705608
382488976
409924201
261752301
305982669
113072984
378529377
363882931
406758560
245863997
124380228
122041228
263512346
362288801
274133693
219751868
126179739
326904866
233802282
350122449
253549748
527617271
498305087
301901686
205654963
271995860
304399862
274157988
439990902
277066408
280116948
334096565
290900821
17044663
175190168
163827193
219894927
301655304
200210608
427771870
344067400
288690118
240785036
305674877
423180926
451380900
464474180
267917202
198097924
363340319
278436214
395822254
218735272
379484852
442940710
410107877
236440854
371371946
351467982
309558906
320064813
234043891
484064643
406077172
531934712
297733606
393693264
419739049
138099061
379040400
380128239
276373815
159478534
455233415
53876235
350511358
393408572
324510536
31182604
409746509
116641519
202914030
358180673
489330120
378970295
341863013
456350369
359005075
430736883
175141984
94223676
397093913
322290678
337834032
326744758
154288968
258137358
258125261
92302225
242043054
87906633
286777656
286740087
539872954
328278397
457756544
357309955
121682365
227952975
325672456
244752206
248165048
249992806
286804957
304260800
256088654
273210640
268863146
199822217
362030121
229726951
310450248
385232550
373565209
53227636
366520014
284429039
254252891
356441039
435388426
223507958
364079984
407737157
449490472
251215686
263297580
648970954
280632453
342157394
310162750
566626208
250868580
83541508
170023127
409143421
771084959
84971471
334166427
258335887
317736003
285306832
362185620
351633843
429737878
268526384
27712681
712871980
260500009
516899218
258686448
286246615
317254680
232067381
316230860
133367048
227379500
471183324
571575269
355607918
363419520
304444668
400583510
322125448
647346387
308303209
98706932
319893693
248445390
16982944
103536093
260443090
177500452
144328693
722290322
194950344
111098451
130161714
105135632
74904718
11677321
354517018
236750402
98165766
24702035
76412394
302881167
220706686
68587593
205498932
297570922
105773432
104793620
154398855
37597510
115946107
176560991
159775469
164030331
175885319
163606817
154755605
93020748
143149027
46478606
127217658
126177669
111229306
99058391
99904936
98182056
91239455
21607809
78334547
7660606
64441084
52278806
47387030
59863603
13626271
52080639
46039413
39620065
30459137
38693459
5535952
14342346
16200535
28654207
18804375
24997669
23407180
22933658
4505550
52805008
81132949
80288882
78213418
78473641
65590306
192188746
188806959
170436391
193862764
249136777
288154710
202558177
286587580
240042824
458918802
357990617
408501258
354853239
56795016
184977592
455047838
481869721
210724723
446482270
263581196
338569745
498248411
373920477
347794762
584547068
394052972
395443856
156204085
580515785
445053328
468348831
220383418
32094208
273977490
402036687
211699212
282620786
254376842
259219464
527916927
456174145
317889284
411945841
273236902
189411650
370635226
368375941
253356166
264826745
450587116
224027584
3102332
290395015
284927032
412268282
312239031
267187459
38656481
519694738
379532698
522411669
116271997
422044029
392714657
75916878
221285186
518390949
486662388
181479843
378102956
458687200
280884932
326021444
351667306
