378019088
435654079
265268717
350249004
499151957
314525313
272824600
443945825
362936988
421787765
310363546
339261106
466170062
217755689
222357308
439910984
445752297
162553733
162372500
54138650
159994678
526179303
198010027
162884260
205187720
418339711
376124867
412978215
316736748
184700908
556453095
279944632
579204370
66888073
449654297
394881936
245392720
367871483
419778800
405647063
374507191
395496013
415922627
382830390
410245441
260113433
305496515
113360835
378574576
364396218
407364251
246071972
125825136
120464945
263587600
361685328
274396185
219979829
126151142
326414307
233143500
349521899
254458642
526874802
497337314
302963792
205525747
271893187
304530197
275250194
439208830
277180856
279978668
333814047
288961136
16386743
175999553
163377258
218646198
301736829
200477362
427268200
343519514
289343436
241170856
305866486
422708307
449898621
463746370
267152328
195445092
363866472
278469329
395605498
218772815
381197834
441366984
410252168
236220758
371079068
351983600
307992112
318556554
233812413
483079596
406331847
531695452
297327655
393149109
418752546
137976970
379498567
378711702
277090072
159137199
454563644
54264346
350102607
393598683
325262365
30920221
408295357
117808842
201816072
358538122
490097739
379472099
342853455
456468826
358791796
429724414
174111991
94478463
396134782
322516583
337569536
325200436
155713929
256370935
258059729
90736099
242151341
87777307
286810591
283404145
540071687
329433514
459531828
357611959
121427004
227102121
326997611
245769448
247738244
250356127
286671400
304295258
256701981
272512885
268273409
201101345
362685164
230359018
308714490
384948373
374642189
53447379
366631234
284154717
254910171
356465864
434563044
222754236
364457029
408478791
450079330
252047432
262327786
649270840
279792903
341129049
309023003
567150216
251963236
83552026
169474560
409364800
772923170
85638230
334289252
258196349
318432320
286565819
361349255
350921324
429161767
267500234
28555529
713088098
261614337
516383556
258114311
287044666
316826107
230258261
316679068
133143894
227055624
469784890
572455282
355540313
363055822
304456334
399803368
322386061
650054814
309222306
100056269
319548630
246901121
16826845
103052514
260807454
177328022
143167819
723613419
194506011
111349347
128794342
103316846
73676239
11466410
354380000
236321360
96528363
25097326
75652029
301278016
222971980
67016218
205521626
297032451
105074659
104348119
153499829
37987613
117582482
175960773
159243129
162628010
176505655
163677761
154929941
92503649
143080847
47646937
127717530
126180665
110468405
99045780
99470853
98198144
91940432
21502271
78980564
9370642
65634515
51415353
47421396
60419640
12578432
52567806
46309073
39869432
31170066
37965078
5309098
14347170
16246596
27986841
20520576
23451435
23081816
21933259
3818209
51100486
79937623
77763156
78217049
77037969
66473716
191238797
187009209
170960519
192309981
248088759
288101211
201901845
286562840
240250040
458965852
356550602
408464758
354656455
57239319
184808934
454707534
483915156
209881950
448092914
263965549
337976508
497239505
373429173
348613875
584621318
393535701
397066995
157955464
581050603
444787853
468463015
219078693
31424247
272817586
401466730
211711640
281941092
253889557
259680722
527749595
455130355
316424460
411917194
272251175
189323890
371262321
368332988
253737901
265666147
451741605
222573482
4798358
288448148
284702582
412445488
313643470
267382018
37636615
519299595
379304305
522874431
116508415
421449048
390766458
76085556
222187977
518097499
488400461
180996837
377951327
459424954
281105829
326926513
352774286
