379256065
436127814
265275994
351772618
499979643
314910409
272535508
444721048
362218270
422221166
309564145
340026402
467525396
218519612
221724493
440800636
444813644
162866047
162615674
55304127
160754293
526431774
199016389
161733381
205649999
417633164
374830228
412616662
318354116
186053152
556987097
279044670
578585290
67069166
450442667
395225433
245203630
368171044
420560814
404680085
374038720
394693555
415057769
383943403
409203445
261050317
305360255
113489465
377735269
363274981
406691139
246325028
126309528
120572135
263460857
361708681
273836603
219472581
127027600
327015364
234450943
348994815
254765057
525312600
497699082
303107196
205525297
272274422
304635747
275074485
436680946
278873871
280959625
332299478
289856864
16757308
174425052
163095371
219134986
301162176
200777745
426762795
344135442
288453833
241916384
305513718
421734765
448414301
462844727
267983233
194527140
363733493
279239228
395912751
219374684
380473957
440830504
410382831
235642900
371628346
350893405
309685511
318659059
233316480
483738439
407133206
529965562
298135976
393951506
416975795
138600383
379564306
379174303
276366071
158534753
453342085
55055219
348373649
393417340
325398799
31072868
407284816
116449294
202127081
356967187
490033818
379958927
343455417
455346007
359249847
427786294
173922098
93722911
396589382
324169480
337365963
325652873
155953958
255179453
256838617
90976116
242407408
87702406
287384037
284284941
540285729
328608262
459024153
356222811
121340030
225593030
326731185
246639082
247291962
250042225
286556438
303430686
257782415
271185732
269272667
202294732
361994967
229124209
308130249
383995268
376986007
53019140
367690473
284985149
254978346
357300385
433690737
223553954
363353909
407427560
449412589
252571594
261827756
647746061
280551946
342880997
310203028
567691519
250634966
82528397
169939131
409778860
774851732
85670318
335954789
256987697
317918022
286417261
360582042
351606191
429344178
268338389
28248428
718193452
261627920
516095348
259307313
285858757
316478072
231367654
315140149
132792571
223911200
469520646
573315762
353972202
362908899
303385523
399590108
320750416
653950582
308607037
100126006
319139849
245883846
17983655
102643552
261471088
176459906
142253430
724204304
193186398
111284964
128263632
102510558
72245636
9891203
355411625
236012110
97113581
25887254
74650997
300283766
222691927
67762755
203635853
297811807
105383592
104299431
155003257
38420884
117718542
175818586
159756869
163779587
176942918
163025481
154852197
92032031
142553515
48017401
129205196
126460367
110226756
98085324
100861710
99916125
92040222
23458108
80979326
8406124
66258759
50114928
46488419
58099340
14857805
51812770
46573400
40615976
29525924
38355661
5440500
14741432
15851433
27121824
21080738
23570211
23343576
21370686
5045811
49510601
76191586
77081488
76578746
76026064
66059158
188973095
184662252
171876852
191816432
247252020
287239667
201744667
286155336
238306433
457463083
355139345
411315975
354187132
57172912
185446952
455215491
482778112
207757334
448251444
263527935
338029858
495217403
374052439
349449827
582876650
393306751
396609782
158039793
581743758
445456179
467613881
218700588
32947011
272674394
401418620
210356804
281041150
252535659
260160885
526168506
453179120
316250266
411885105
274185824
189231439
371444809
369138246
253826714
264491477
450816489
222613897
6137771
288980641
285074331
414619072
315412938
265648255
36309601
518931052
379023731
522790600
118252870
423095124
391875702
75537839
223685069
518762439
488326762
179674526
378009453
459590582
280130174
327651720
353004625
