379047038
435636839
265612606
351280327
500179594
315314100
272859336
444673813
362361688
421213525
309715540
339929512
467597792
217216932
221778071
440898002
443391595
162230451
162100945
54843916
160022214
526190023
199640550
162793834
205360572
417991943
374706747
412648090
317990047
186058717
556898804
279547819
579278902
68108321
449421271
395338949
245420693
368476387
419394543
404285646
373839010
395231244
415925889
384176025
409160238
260236177
305131934
113136908
377324227
364331154
406646443
246633650
126341641
119385015
262814433
361515567
273128227
219187702
128310354
327172809
234487672
348827869
254560638
524496858
496924784
303325544
204983848
271928926
304044937
276884640
436052535
279644665
281052256
332187922
289811266
15744799
174726430
163168765
219074600
300899356
202260485
426595085
344440337
289117336
241794356
306281547
422259219
447942604
462070426
266735612
194918657
363438292
279720243
395915302
218792666
380065084
439991897
410554348
236126569
371886127
351328166
308860355
318249580
233703582
483477433
407212553
529483230
298319106
393418693
417764259
138683185
379153666
379668815
275839965
158466611
453719711
54884695
348410775
393520539
325840273
31121510
407362025
116853831
201840665
357125487
488580268
379807804
343294949
456034195
359268714
428577473
174998060
93345561
396019507
323538302
337568952
326286937
155422063
255553398
256572540
92167334
241613699
89117466
287837932
283695093
540224490
328829326
459290135
356337961
121093485
225945490
325852377
245870627
247942385
249389116
287330869
301509510
258274991
270444562
269516808
202793532
362489054
229310115
308731200
383865532
377656264
53251060
367887388
285492219
255377227
357060785
432417649
222857288
363179887
408226904
449478228
253303408
261933063
648097595
281519771
343786170
310618011
568009435
251356096
82305574
168422868
410685727
775215543
84231381
336152329
257729706
317762714
286489190
361344556
351889478
429024259
268617254
29364730
719584557
261126405
516621561
259859750
285998175
315237913
231565232
314430126
133211412
224520499
468842161
574633691
354998188
362595742
302774706
399576359
321459752
655161422
309210076
99693474
319697765
245797719
18351066
103125081
260768822
176788692
142277776
724520228
193260646
111516390
127875096
103221694
72835241
9328357
355099178
235707900
96654608
25395704
74634894
300381839
223230762
67600614
203969579
297775011
105349607
103427901
154842571
38583951
118213573
176499183
160945272
164842999
176540354
162120990
154199386
91094518
142699216
47827470
129409455
126626444
109013841
97930213
100450822
99860549
91883534
22892224
80551517
8025709
65685145
50657797
46022665
57533487
15207804
51460293
45962587
40877749
28862444
38351274
5367344
14406440
15996901
27319187
21329648
24269172
23252528
21595385
4966316
48561920
76029767
76486058
75959989
75609007
65312995
188748256
183165832
172146905
191307567
247459976
286730277
202377594
284167273
239076150
457419749
354938025
411284278
354167655
57719857
184042026
454951761
481699171
208114046
448560650
263999712
336795458
494885347
372800416
349422595
582123756
393276923
396435110
158229887
582490905
445752056
467323779
219004272
33436376
272196099
402703273
209958012
281569267
253038215
259444139
526353377
451877114
315491775
411912029
273256965
190740088
371414665
369586994
254432300
264416030
450047800
222817527
5914599
289898357
285357143
414403246
315347763
266338343
36125051
518367210
379480193
522301806
117929531
422826874
393240890
74825057
223255229
519073237
487946482
179940574
377480811
458771406
280618867
327753940
354083162
