458752804
424999947
324657946
300920891
493363658
339566895
271872110
454108755
383262216
435305335
389057163
344424907
502469422
270678449
294581594
350762764
401093642
382739101
211889314
137261324
142767367
411252750
229006961
117068652
233575109
453780613
380973575
454325249
365228850
185554428
619454686
277657225
537796007
147248168
457108694
293747262
214810550
345486880
442131783
469759341
451438937
317151646
388528416
357168177
412422418
285893809
261966925
261842876
333443222
338459809
450561337
183337982
152618268
147281958
291763606
311266674
178552307
322739269
255169635
251003861
162271367
325952184
240163715
462491403
563951131
281554275
199541396
299966659
323935778
271277861
453187468
325975672
406009056
261671133
420378056
135224922
224953205
239570047
320131470
207507268
338466108
368060083
331639603
303427949
325539239
284828541
354687833
499151350
376238276
327107554
282389305
411864990
342924730
333860385
245833988
388257947
437972352
472356124
344741405
432208293
335852529
410554263
349072264
140131825
510838217
483395125
560524989
332725399
475119053
490192995
327400867
351459924
393180168
288896762
242401820
379481010
173551571
223751137
414986086
379529648
185585308
372586348
122997144
243520452
428089793
442179730
375371399
290591917
372437040
272155961
509614026
224845595
207073419
349152856
367877386
369338873
245815658
207336832
403013323
218183763
226829713
257481470
141562534
238957814
285738461
606640663
317797339
525456069
367869017
239897984
186010461
250892921
266190429
240983262
164475796
296597649
241206542
205176714
227984546
251386629
269707987
371800163
278872897
339540202
394049777
277278201
188656445
321293077
305927680
210693814
347442413
327115743
190199338
320860504
415087263
343818788
277076916
237164703
604566863
262160100
230744621
300191526
499578783
201671923
179438725
177513876
381157389
657847577
140070976
338938216
234078954
318000379
202817154
390225023
411401368
408458360
213194323
93552442
563450893
261903104
364480688
246763921
292987571
341465037
221322808
349629392
162700734
263202211
407482444
601951968
330309029
307506638
287657249
374632913
356735029
564590627
349707847
191731092
239125974
169193377
34163809
145194868
249554356
171260909
226147094
442361524
178158499
229997245
80331997
124822466
117899732
76184097
292367236
120884729
45596240
123312148
66451216
182426058
261940623
113915942
142872887
211842872
169569585
166691059
84427870
43100822
155163207
201170659
138361952
182157937
236832442
244525879
229386052
107965584
130607510
173961128
227330389
206981723
172471875
149190696
194705386
167927329
157802288
62655167
18756597
99919159
82989090
123757906
122542137
97783788
90212947
124376793
113170095
71845911
85149261
64177354
65163327
131326035
103880588
80322915
59068614
138740339
158044341
159521025
115413396
130628046
172542090
144412256
87970953
169944895
155094352
301582616
212887202
280775540
239994598
361934747
330943854
290744898
315475108
301406811
394229698
323604070
394135101
309704771
176363408
314461211
469417538
455395999
218255968
480991535
304185684
334456020
451623507
221579995
309325637
657670765
343551057
391520998
236188913
447082582
450838975
384947949
277232666
141972588
265403096
369374219
195209478
182077604
255982575
298199831
445953520
416144336
393455555
499635700
298604085
199672315
301752912
297163792
165059703
302307256
405334613
303757975
40666719
332210291
239152105
432006714
447856122
237873071
49742523
434448048
395569612
449918099
139523234
500685287
472452512
154778772
205542478
455780558
392302010
203042240
436774113
286915503
287630060
346016666
262344176
