444356545
375562047
335060480
347443397
474976131
282526439
275074048
423577677
465789016
475444529
335403855
363896656
435601752
245877699
335079376
452059668
427264448
364742315
247468773
109026676
137829911
457802547
179561683
125440512
367263384
454855450
390693044
363056122
352166160
189627846
620084028
281767650
474914110
254782920
453258079
301539602
237966149
347115153
337149658
370211659
428215935
306498828
373306876
318467810
462335737
267976653
244521433
193549886
355282382
325287151
475670746
240760493
177246181
204147017
236594720
345234438
138671057
343674823
211980952
271928128
240161052
323674653
202633160
455596852
500373819
228487455
183400740
319767552
363694251
275237092
427919563
330145815
405179621
222584541
460380319
177776397
214103528
258354878
361639918
266540219
344248011
379418444
352375604
311455624
337622411
294880851
325653763
486105876
430471618
268880902
289088472
461274729
394478139
410051098
252245897
400468646
481138167
441896171
308497207
306776286
419828750
389204353
326579812
158209653
477712810
422764479
495069751
375398544
490920020
452743439
375613935
291375600
368535766
254176096
242138386
379863799
186428265
243130246
407505902
411505082
286728429
426431112
115565020
301901818
390951937
547015388
401132425
301914590
400422229
353671846
479090146
212076532
268901148
350181301
368010032
357769731
313442992
375541122
423736973
259539381
228996833
233302332
155858484
301886815
332135384
620174334
248614824
408751631
390947677
245830367
202070027
197079450
267480566
296498768
186654652
340947229
266396753
195176241
265146379
329096698
241952502
304065287
316282004
348757367
366401787
323062425
171013329
311911065
194638371
283825850
366106032
395963557
260809291
311612293
476117682
299955369
259727948
250814417
594680600
238834411
220659570
284823458
531050076
226496938
124004151
207708254
293253429
595612770
184975592
373518732
297537129
288589771
293071817
391109670
393774749
366243954
252764373
171341046
535467664
254111954
434951797
222092813
369680160
387949154
267615532
332078282
286278511
253665610
401646413
535916272
309445705
224079196
341988558
384189874
372951984
508495223
405628061
266625323
210087919
224651189
31988771
159096396
222197920
158076507
267341272
367886183
161222494
238190308
163353015
90871760
191526494
130399005
244457405
116157639
137610468
150710670
123924626
160425599
261745382
141210911
132393757
128550447
170105350
160730142
102021886
104432400
184507550
196922150
211214894
198019012
309917714
307444970
274354793
174932136
130590481
172853510
244752632
235337124
187374679
216727980
196230219
191086307
126567099
159828731
129102364
174403462
166952400
156342907
110655017
128069624
65772656
116983182
116796130
132331924
127464846
109908198
167775168
157814738
142617375
118547733
73953865
210666231
218807854
216547648
218817928
152038746
192336193
165874834
155338434
174545589
207608637
300660661
238267128
243683792
207939894
323484759
324557391
301097017
380361084
349633027
316536231
331968247
431535154
282972296
135249989
293881008
427595912
449016427
152155160
477846217
366219063
318154585
472533831
159197764
306607195
630708858
384647786
405817501
256527097
438392963
467815051
358098389
358562794
170966015
263190959
304332251
229277887
223338006
249510699
344786340
453603142
320844877
393202271
488901974
267770422
208199480
280362235
277149136
146937164
365410567
337523408
340055234
181521879
388979590
238714148
446612973
372342044
260023193
143980543
432075077
393185807
530797304
98114286
466095664
486676449
147977060
240414186
344555692
421477408
253815267
463942817
251962298
253065218
400716784
270956311
