379464960
435873808
265962887
351786315
500734475
315355428
272246081
446123300
362675762
422929130
308638493
339874568
467205496
217640939
221557462
439683771
445057242
162324496
162342716
55545304
161465265
524994470
200632076
161700245
205400209
419016761
373130338
413826368
317655077
187548658
555647340
278816502
579654781
66420818
448873426
394600072
244873321
369157527
418166677
403321520
373423059
395207346
415763445
384187012
409513630
260248028
305804540
113937616
377576639
364038671
408172143
246694006
124753753
119064906
263657656
361972921
274063991
219949052
127895279
329574136
235029232
348692627
253883609
523658480
496461131
303273170
204541993
271125959
305235403
276350327
435544454
279911527
281217979
331464070
289898576
15303793
174695358
164503670
219704114
300981374
202695428
427113930
344361480
289038580
242042549
308495065
424036518
446538467
461992139
265536293
193634615
363034698
279512371
395315973
217432629
380846963
440160775
409772967
235134753
371546154
351351991
308433827
316733293
232952245
482527016
404908359
528439990
298368018
393278540
416916155
139827997
379398253
379458557
275007848
158459847
453915575
54394058
348892423
392700319
325736802
30812360
407308191
117236767
201046531
356386490
488954662
379161940
343302584
455591758
359165446
427512028
174333553
93775056
394373515
323119680
337334363
326460473
157116270
256295789
255914825
92132452
242650659
88910085
289662489
284419152
540087306
329261815
458088916
355817969
121406562
226529378
325655190
246170805
247259374
248506439
287788431
300815456
256739539
270774507
267916176
203230123
363283096
228287378
307913754
383595705
376689353
52482531
367735005
286013301
255670223
356657188
432028831
223548057
361978258
407672867
449622254
252166270
262516769
647002860
281833025
344501320
311115373
570102479
250661774
83572470
167276681
410026436
776954732
85314431
337103249
257117065
316414292
286035482
361198209
351584696
427968227
268995476
28921924
721015586
260761151
516646700
259999554
285906135
314971808
231382012
314682916
131852274
223978409
468598698
576648643
354544229
362545647
302312105
399126408
320485033
656531793
309243360
100395276
320359105
247331346
18590139
103280703
261610361
176528718
143433395
724848555
192518428
111925610
128422038
103448194
71837490
10269112
355638102
236080747
96802944
25406826
74532890
300870352
222568660
67733122
203728024
296673321
105424976
104747425
154870840
38551195
118006465
176030139
161827048
165860598
176924522
162554844
152771975
91973169
142905299
48265004
127578478
126823792
108596556
96904817
100531138
99317995
91889060
22679535
80101415
7345229
65508642
51280208
45147304
56444077
16062857
51515224
45666264
41934998
28674963
38391394
5511629
15053854
15873599
27435752
22590312
25020420
23534559
20589089
6055768
47222936
74245610
75159577
73803446
73607019
65178487
187543831
180422652
171540422
190927880
248044713
286509050
200939020
283610999
239448278
457972687
355202253
411289850
354379702
58281017
184368946
455842505
480817177
208479587
449075756
263376494
336231546
495337467
371877244
348581501
581631536
393812799
396453807
158613228
582846505
444899576
467780912
219592634
34358078
271939143
402506714
209549284
280134926
253160433
258359956
527207810
452334326
315043041
411879589
274627468
189978856
370147463
368776402
253310097
265263082
449698230
222541616
4818903
290041582
284841321
413770517
315649562
267445009
34475151
520239095
378686047
522656460
119186515
422962987
392839683
74731005
223414863
518533629
488604325
180933081
377985963
458230027
279231581
328830630
354480481
