380449284
435699780
264140937
351257434
501083863
315467471
271733348
447231856
363577250
421672769
310161511
339990675
467001906
216743768
220667444
440297223
445299260
162743590
162267900
56057467
162072122
525697726
200283936
161445128
205344099
419452836
372924798
414781161
317306111
187333525
556410013
279531015
578385592
66404789
449772924
395229700
245140288
369011484
418682541
402675588
374137616
395132002
416694641
384067128
410434507
260000752
306063550
114499864
378377955
363682736
408398619
247528306
125012672
119635329
263392789
363486305
273825746
219441794
127220174
330056970
235015884
349346802
254703897
524689023
495909658
304065755
204641600
271819171
304771247
276329069
435029717
278813128
281664250
331484376
290219620
14627044
175202576
164341786
220339712
300741759
203529263
427267261
343844127
288847362
242381856
308630938
423999311
447364260
461153944
266242795
193134773
363260210
278686976
395096053
217877905
381848605
439352906
409471194
235594642
371618359
352388073
309253234
317340526
232861387
482389830
406230523
528611517
298338999
391580445
416772897
138185977
379996360
379524006
274738954
158684470
453565726
53492207
349199218
392530340
325693856
32297331
406534489
118525427
202492837
357005596
487958405
379837801
343080467
456615927
358316055
426120398
175438632
93926690
393654099
323308639
337459366
325922926
157365254
257255670
256060996
91195607
243234186
89657951
289651579
284244495
539467369
329393627
456829381
355232364
120939135
227506289
325198637
247620369
246417916
248715511
288972046
300982233
257155039
271148457
266910598
203281288
362850705
228822746
308665966
384236984
377161929
52256270
368224651
285289646
256052638
355634984
431658008
223255502
360432970
407013183
448523072
252779493
262423700
646973163
282683935
343301768
309237662
569939885
250256988
83320096
166437808
409605969
778269938
84659671
336584149
256658537
316317026
285806965
361363480
351943406
427314885
268641762
28947065
721086334
259507430
516796213
260950103
285845559
315101413
232301345
314943573
132188040
224403742
469125376
577537275
354820085
364004927
301737940
398915015
321089834
657817226
308454412
100488151
320539480
246298149
19338220
103406227
261023194
176197136
143968228
725305703
191610655
110339019
129032426
101992903
72597091
8633950
354875135
237054666
97125961
25441164
74824958
301372499
222326233
68264096
203317913
296122036
105471297
104995408
154534980
38325776
118071277
176794348
161742038
166341935
177955458
162177161
152907982
91577298
143769503
49237380
128013296
127018360
109420047
98103778
102081615
100804361
91932537
23525261
80361171
7387355
65430884
51115259
46006673
56008818
14823257
51039410
45596290
41770357
29189911
38022409
6967763
15587337
15303696
27353227
23270157
25290775
22690242
21121046
6556973
45747303
73831233
74540387
74225845
71505237
64694472
185209536
180386794
171378193
191147856
247017572
284824289
199935162
282872773
239694041
459286813
354311520
412867072
353393011
58466169
185142448
455990733
481494707
208869933
449439604
263676782
336448494
496563660
371909101
347770621
582594789
394553032
396005132
157607900
584932774
444575129
468033871
219827832
35154792
271495992
402514507
208907001
280422251
253599219
259365746
527551582
454119740
315033573
411725670
274846302
188726948
369605543
369447887
253703950
263606756
450091492
221503540
5552576
289530562
284007137
414565940
313941062
266620017
34778780
520449934
378245927
520892398
119695438
422621874
393269458
74261920
223331266
518977212
487643596
180617704
378561173
457847867
278691879
327751793
354694719
