381511594
435017194
263194545
349974291
499980727
315006721
271168460
447690312
363715445
421254801
309799996
339902432
468034155
216530606
222021616
441386629
445039895
164756424
162448800
56423958
161213398
525071886
200028714
162462124
204415218
418654116
371646950
414539384
316572472
188563068
554474943
278824211
578303751
66293638
448634951
395783028
243517452
367315680
420006824
401132641
371510065
397281691
417273020
383904409
408569560
259043163
305319458
112998778
380040802
364295673
409685832
248450395
124674029
118319327
264936019
361687474
273774284
220894350
128165744
330672598
235377307
348350372
253928148
525584485
494840932
304239240
202971722
271410749
306121307
277124318
435247137
278114481
281591450
331491109
288658091
14921103
174559449
165955250
221456305
300211704
204252827
426941048
343998152
289625123
242952356
308172231
424360461
447854147
460175630
265146343
192763716
363732331
278890730
396224442
216587950
381857254
439544355
408453910
234514485
371140085
350644656
309899600
317760758
232755320
481555295
406301647
526760539
298991629
391196225
416294488
139705235
381737828
379714548
274159253
158879987
452012346
52393572
348395113
392037419
323969681
31582955
405821789
118387462
201231948
356855898
488067647
379994462
342447272
457188964
357173506
425445163
175852338
94758855
393650445
323252980
337527712
326225031
158877824
256934031
255354415
90596762
242402311
89908569
289796824
282344293
537764922
328930230
457382682
355853530
123062376
227539105
323259566
248406352
246603168
247237100
289223413
300617879
258456553
271544522
267026353
203276963
363484030
229066547
309715239
383868962
376420180
52097463
367544306
285663535
256007654
354389552
430966110
221882415
359626060
405688713
448532540
253898269
261917185
647840479
282325770
343251612
309487932
569607782
249404130
83827442
165601431
408516593
780195819
84966211
336064819
257136422
316819650
287079069
363048170
352806029
426872050
266687266
29997667
722958289
258153234
517637136
259020604
286365620
315498147
232375290
315247428
133123813
223351220
471546702
579463989
354600192
363028222
301558408
398690479
321539500
659539274
308506638
100957051
319277634
246178879
19561917
102101306
263030229
176944884
143171974
726630739
193317080
110710530
128935335
101356808
72771873
8729573
356688093
237525666
96936033
25696500
75247922
300100429
221439225
67720413
202910148
294092689
105378681
105044806
156430654
38839897
118788059
176913961
161316504
167679587
177985812
161633067
151628573
93504480
143926324
51555025
127485271
125995036
111345038
97431666
101349864
99536301
90618640
24261791
79557743
7486866
64172396
51055827
46256095
55814365
13989273
51121338
45258679
39862445
28071769
39090517
6421193
15231859
15530606
26760412
22859482
25946894
23472004
19882386
6571015
45396271
71109359
71570288
71338461
68760647
63180185
184082598
179472801
173326928
191307256
244753858
283226599
198861442
284145584
239737919
458445721
353135249
411882373
354254440
59334333
184578201
457447926
482615297
207374986
449314591
263458234
336431165
496485357
372070117
348505836
582480531
394495133
395592265
158087579
584996893
445128981
466719249
219598942
34174565
271982424
401486071
208036503
280469206
251668319
259195702
526118323
453070139
315008057
413106509
273927418
187645977
369337596
369633684
253848871
265592950
450831456
220377016
5721526
288321173
283754829
414251823
314025246
265639951
35330821
521677454
377589634
519919743
119706378
423673488
393167060
73067024
223570387
520623125
488757205
181910611
378161030
457849115
278221793
327261241
354927876
