378873890
435674378
264301872
349611347
500976805
316276647
270524141
449658028
363065380
419952969
309536110
340014156
469212542
215758020
222431265
443158734
450636303
167371790
163206698
57155586
158236752
524250066
194756468
160834049
203776176
417202103
370979103
415249712
313474875
186915283
552936845
274667402
577213058
65372436
453164005
394385892
243544981
371517616
421671846
402246689
373476052
397584889
418653293
384517343
410936675
260409063
308418942
111082198
379167879
364024860
411323829
248452661
124406377
118343832
261686611
362749487
272281335
221575217
127909204
329836201
237237767
346525177
252885089
524181179
493655446
305531178
206220980
272755624
304482010
274505174
432481703
277629182
281397726
332896843
291647013
17934110
176721217
167461800
217215838
299525348
205461819
425554103
342577738
289797661
239862427
309103093
425171773
448245639
454314022
266908703
191064366
365002078
278582917
396311025
214337656
380624522
438389676
406727462
233583327
369808287
348541494
310244815
319706234
235490975
479514125
407092377
522121868
298924168
390827258
417848654
138850397
379837999
380828902
271841707
154904259
452125545
50366836
348075557
389127569
322914454
30938509
404322065
121325695
200937037
358248613
486399639
380594427
344375038
458294529
357474872
425311960
176037930
91077032
391177558
326555127
338427669
323312184
158587627
257806784
258392133
89197192
244059431
92324731
288562468
280352443
530017864
330630445
457088571
357177394
123694423
228567169
324448811
245930521
247082760
245117978
284527921
298355574
257275800
272060677
268969932
204005836
359898883
226227510
308987321
384739984
376263932
50726858
368142388
284879937
255486496
356370688
432035137
222118250
358229609
406016938
448279664
254537440
259330974
646395946
282292237
344605583
310857006
574533445
249211169
86476023
168857075
406662057
790261651
86876630
337333046
256870492
318208751
285261860
364139461
354621581
424590179
266550093
31360372
735993819
259146518
519296005
260057110
283701326
311965101
231180436
315400923
133498605
224237623
474531266
584514563
355652888
365248975
303936040
396189565
321588753
670240795
307016055
99526265
320996153
247282981
21444036
102523139
260947613
180837028
145570855
728811868
193251786
113182170
129541035
104668426
70688665
4848144
357157573
235659607
94834366
26792874
74765944
299028155
223317856
68151191
206616517
292807997
105007708
104344366
156098408
39788683
116386726
179482214
160120655
167029430
179213631
159841137
151194908
94689423
144760845
52453562
129767741
124068573
111498386
97846124
101031620
101012191
92071236
25870895
78755189
7918684
63112549
52585251
45300763
54687692
14858615
50326222
44424473
36690016
26686239
39016639
6535489
13229798
14250937
27419506
20220331
24861640
23335313
20257633
7515300
37022270
65640663
65561173
64156637
62435358
62513814
178686464
176021830
170431174
189494795
239893009
279372136
198442118
282963240
237332968
458987934
352440850
410121962
355683607
60792405
186702413
456788975
484079940
209086413
449484197
263531394
338998703
496739713
372003805
347924711
583617259
394640947
395092288
154887074
583369016
445285352
467170086
221176203
32637116
270991229
404859165
207748511
278609192
252892852
258345992
527652842
452810214
311691184
417177716
274577111
187076151
369127109
370260552
254423035
264830416
449189505
219789983
1846432
286238640
286056535
411802456
316019540
263584996
36455666
521326089
377717907
516294806
119817562
423752543
392354837
71321116
221710508
520577839
488734461
180741508
376586988
456536318
278078473
328867132
352878031
