377536045
435910980
265690254
350310778
499830964
314408801
271929615
443682617
364442978
421169901
311372816
337725756
465208159
217591183
220333716
440032836
445808274
161759504
161615525
53962336
160228730
527734580
198937409
161308746
204544043
418351016
375062484
412388541
317187701
185629649
556308930
278395657
582021932
64970815
447866966
395443577
245946435
366804443
419376959
405223616
374089221
393956645
414158335
382071641
410004893
261882096
306068029
112971080
378502694
362869696
407487930
245429603
124875116
121844028
264262907
362776884
274454308
219004269
125978809
327342717
234635287
350105449
253645461
527587010
498520076
302109495
204885299
272174745
304197555
273885223
439654827
276642685
279906681
333798368
291250657
17534522
175483391
163810475
219783221
301711768
200284194
427651573
343660107
288685364
241061208
305493331
423535764
451271248
464409859
268100717
198768754
362654757
277615122
396417431
218962160
378633972
442937723
410413694
236716555
371092729
351392469
309561042
319820285
233937314
484637969
405559135
531829336
297821994
394654947
419883073
137724069
378871048
380356201
276589932
159687959
455238694
53957174
350765699
393695514
324780634
31333648
410077278
116630167
202734029
358331469
489739280
378985368
342166312
456142223
358861372
430994367
175013975
95077732
397424062
321994630
337484120
326740413
153711516
258172377
258161844
92748451
242835327
87903937
286897643
286485270
540039477
328735319
458235459
357012750
121487672
228202186
325504302
244649467
248563294
249805771
286545375
303977073
255935991
273312854
268430862
199838270
361891261
229813516
311455185
386133816
373400957
53583117
366621325
284158475
255119557
356515115
435882889
223216962
364016774
408146508
449655886
251526074
263036094
648283864
279840217
342231303
309396523
566557149
250961233
83338658
169980157
408906905
771331127
84604465
334627742
258848029
317870844
285506691
362765722
350955401
429753661
268526577
27617389
712776195
261298022
517303228
258583246
286279215
316724304
232309426
316591362
134249582
227642064
470419993
572062975
356164442
362969854
304583016
401239730
321860072
646838561
308454242
99179782
319986920
248173679
17055132
103667219
260865885
177637096
144330768
721903547
194956305
111095033
130690620
105530795
74480200
11537938
354356000
236563441
98432961
24514351
76312822
303032128
220403315
68304340
205336636
297568907
106405572
104419637
155044746
36667948
115925259
176939843
158609336
163924996
175827640
164791255
154821189
92822297
143044399
46618105
127087742
126902846
111581312
99046944
100444251
98167403
90731754
21544959
78062187
7891937
64238996
52084720
47404333
59822450
13217263
52206572
46260639
39807071
30399097
38379163
5817813
14429822
16174392
28326372
18419053
24969882
23042800
22306460
4410408
53182187
81964286
80798641
78714637
79086652
66041321
192271929
189100679
169890161
194283518
249148802
288248742
202408240
287108037
240198507
458975784
357583872
407554377
354956995
56192799
184739165
455343126
481640759
211021906
446683652
263183234
337944281
498450849
373330563
347397110
583757884
394486372
395641047
156565274
579985191
444625233
468054047
220767502
32743303
273966997
401910475
211456838
282901287
254550506
259380146
528084428
456404835
317339844
411746876
273677586
188714266
370872902
368892850
253312436
264711981
450505281
224243023
3466511
290083781
284860042
412151591
312394882
267034528
38358676
519109248
380325046
522505691
116963198
422333456
392584973
76288126
221011982
518976194
487071908
181581598
377730149
458286894
280403574
326088911
351574075
