380713300
435257544
263773306
351005413
500561375
315371686
270874297
447240661
362944514
421969423
310509070
339882570
467218965
216891920
221469059
440240829
445372305
164460416
161565134
56092430
161086974
525342917
199221052
161683633
204974893
418865504
372039016
415230860
316738504
188010110
555018405
278264956
579006561
66245689
448394453
395593309
245065042
367927189
419230695
402519417
372914915
395932112
417308468
384274938
410405484
259518206
305429131
113719375
379310260
364279327
408581602
247575465
124901944
118684178
263878979
362931482
273913682
220395775
127454765
330408231
234393736
349280933
255227955
525039727
496228556
304136132
203245073
271881420
305289968
277025486
435098636
279561577
281937510
331578184
289337977
15633648
174493719
166001148
220876460
300684786
203493302
427213311
343604806
288549055
243579347
308525409
423702781
447678671
460081874
265800140
193098147
362934189
279036855
394938646
217068766
380984183
438616102
409391815
234994060
371572127
352025773
309929946
317854237
233772579
481866732
406491422
527430757
298841590
391417976
416564393
139109457
380479413
380392843
274545928
158495838
453542846
53707418
348735628
392332755
324582516
31187571
406259616
118174924
201274404
357598847
487675919
379580579
343836366
456676348
357841659
425942282
175171453
94896267
393594030
323160586
337911591
325918115
158316979
257554292
255160078
91026708
243148170
89288868
289682822
283327232
538303499
329151589
457861714
356056791
121550966
227752247
324888604
248063945
246137421
247920283
288511413
300967053
258083242
271120436
266814580
202993542
363745510
229362971
309111361
384672750
376928174
52774028
368408581
284885436
256383349
353730943
431128326
221835078
359846888
406123773
449090341
253990793
262241991
647354774
282927492
343825553
309553743
569649985
249855536
83481045
165216633
409285223
779366812
85568225
336353461
257374340
316653100
286741971
362408774
352189129
427864128
267765876
29569549
722444376
258574726
517243400
259595901
285848686
315651939
232161713
314384289
131893718
224029515
469776814
578651729
355250334
363108170
301310500
399398534
321513339
658332214
308518510
100308625
319429731
246695071
18952971
102626088
261420006
176874918
143009486
725774151
192314766
111082899
128765991
101715077
73138576
8095926
356062728
237127652
97482962
25417997
75519823
300925321
221994783
68043801
202877952
295034620
105660231
104753816
155798581
38223528
117397482
176578973
161671768
166712800
177856960
161356365
152377022
92502179
143846170
50418845
128158108
125822494
110380126
97679960
102251545
99431498
91505657
23559373
79805155
7654842
63936378
50542746
45869747
55328174
14878209
51322603
45221257
41258415
28874026
37905572
6488866
16054244
15311295
27471176
23009712
24677997
22818773
20076061
6826806
45735904
72341396
72311305
72104424
71010078
64291827
184455721
179390024
172119542
191389481
245996705
284083683
199326167
282571450
239112677
459017798
353838968
412739080
353615371
59487340
184974470
456765227
482489089
207655760
449728265
264671461
336782663
496198023
372186270
348146519
583225834
394734721
395871037
157336601
584718769
444309438
467656571
220213805
35209676
271149206
402782645
208690743
280007210
252383143
258165381
526728107
453956102
315120660
412598110
274971215
187926767
369391740
369652254
253744592
264346989
450911727
220366583
5531277
289741049
283323581
414539859
314647051
266875139
35577007
521690985
378167545
520172607
119362863
424419230
394057607
72691968
224154463
519975250
487882093
182002779
377887159
458375067
278192570
327491948
355461625
