377893904
434511860
265892463
350782723
499190886
314711093
272350886
443832662
361863225
422452426
310204221
339555731
466557814
218066882
223521640
439827481
445406821
162508950
162095144
54290797
160024056
525894791
198103467
163139834
205915350
418240546
375582691
412900831
318171477
185593156
556609863
280015365
579103748
66702928
450618796
393905637
244765691
367418032
420557621
405489676
373790404
395273417
415379607
382889122
409370660
260407716
305458717
113347164
377828744
364569454
407686518
246943790
126748388
119765971
263065785
361476133
273863558
219474230
127177366
326634124
233552285
349045093
254830450
526983769
497132452
302478016
205872110
271800005
303343144
275558171
438786975
277476605
280597922
333753425
289341920
16691681
175336474
163874019
218823061
300878614
200702384
426831787
344372535
288628367
242238476
305425958
423001916
448115690
464772530
267136805
194990317
363414986
278451683
395499326
219045371
380867021
440755636
411081828
235363326
372087036
351449050
309030823
318877784
233980620
483175638
405790882
531732094
297386454
393090328
418368512
138433519
379274693
379104768
277400070
157654364
454178574
54462674
348768773
393451980
325582911
31534761
407470674
117679750
202247064
357884915
489877605
380388969
343236197
456146001
358927635
429180204
174123428
94237115
395615421
323077150
337858205
325043820
156019742
255550369
256860410
90291227
242681524
88158882
287474283
283197826
540363318
329459053
458813195
357923441
121147649
226972889
327314380
245646848
247733895
250406614
286744815
303839470
256470337
272183594
268110678
201378128
362651886
230079906
308689772
384708566
375384008
53317098
366298827
283994156
254682491
357203570
433798332
222800273
364569955
408162039
449514888
252249545
262534080
649351285
280692102
341847303
309113311
566629133
251930268
83175897
169690340
409199896
772922709
85806722
334573291
257410817
318440733
286031838
360588377
351037108
429682490
266824905
29117136
715151774
261070307
516454540
258360079
286770939
316978199
230348346
316526936
132966182
225976708
469334163
573052856
355187164
363534990
304703617
399858439
320993868
651196053
309512798
99794160
318892348
247031746
16730893
102790700
260941688
178247694
143914287
723903081
194716637
111518374
128483511
103354175
73405150
10444108
354079397
235706486
96755329
25782831
74889010
300556172
222836845
66309415
205070715
296711859
104711144
103754544
153563289
38300194
118346006
176326457
158614715
163153274
177509604
163100315
154764745
93316437
143212558
47619827
129087956
126064003
109832941
98152567
99811974
99061130
92484227
22853385
80041235
8473350
65294903
51251306
46799737
58876389
13251909
51939489
46439916
40376027
30110292
37935155
5942437
14218679
16746832
27555289
20695522
23163539
23180056
21576997
4960863
51097545
79327424
78096140
77722630
76063545
66066634
190185991
185760359
171148629
192776903
248053071
287821106
201418275
287306059
239680390
458478993
356383404
408410773
354239702
57081058
184699771
454478962
483927315
208462539
448165014
262964038
337481290
497694750
373342073
349012851
584345456
393401387
397249370
157940589
581839487
445224415
467828960
218333161
32143394
273375083
401038712
211884962
281546208
253291878
259532262
527287585
454660399
316334382
411719569
272963427
188962577
370940095
369281867
252856805
264759161
451940161
222522308
4982446
288265666
285082095
413414139
314277852
267116095
36776731
519436083
378695257
522933698
117660697
421096929
391683453
76201041
222824484
517836573
487501935
180874562
378207164
458546157
280914365
327104430
353366160
