379069024
436864149
264822082
348034163
497724235
316837445
273088623
440999452
364517020
421644248
312997142
338314590
463584420
220137548
222365711
444288147
447196346
163955519
161679138
55052555
163969210
530819514
199394290
161253345
206074777
418631981
371599374
413333962
318304869
186691654
558852884
277906740
582249386
62521299
448307941
396941621
244681215
368901159
417805161
405533678
374816682
392117055
410883071
382628820
408377944
260080072
305412615
115441818
379605765
363439613
405650361
242065843
122130687
122090764
265904623
365685671
272810696
220628080
125043323
327786744
232247498
351162597
254259835
526484095
499472846
306068905
205312883
271990815
304209157
277049878
441450796
275190117
283842004
333684091
289616801
15567285
173494410
165916751
221694728
301698014
198079386
428686041
344091311
287570523
242329680
305001917
423999644
450114675
465273882
269621165
198990170
360391991
279234835
394587542
223551865
377812723
443549534
407547469
239934461
372947807
352824063
310014966
320518881
233270611
485706597
405676511
535514900
294913358
397264851
422355711
139682586
380573643
382991567
278302747
160529374
457200715
52089830
350104189
393149150
323310466
31689321
412878841
117217815
203626346
358714366
487466797
380336667
341327364
454810839
361360520
428785746
173590661
96201638
401275579
322874316
336139336
330792904
153346689
261561228
259717904
89906749
244995998
87224545
288154784
286678475
543873692
326784613
455075066
355247706
119688957
229884749
326235217
244606204
247410312
247750343
288444310
306210237
254418016
273622379
270735852
201127566
364662339
230274130
310981046
389027919
376978645
53022394
368652287
285706166
255187757
357015862
436288267
225194722
362814947
405846230
448593889
250924787
261800699
648176612
279255159
341447558
309302886
564050965
250817659
83416239
169437874
408084028
767693197
86221501
333631328
259059461
316591557
285008360
363765411
351230527
429195083
268018495
26611708
708188689
262151656
515885307
257360969
286940179
315378837
231444794
318952235
136938707
227948797
470508320
571812611
355945155
363831478
303078268
403013391
320878313
640920567
307751215
100206704
321600820
247258641
17840508
103778301
261277641
176501598
144073049
710790713
195487053
109780386
129017317
104074412
73123299
11066571
354944891
236183349
97114392
24363191
76598479
306400237
222946228
65982058
204131102
299276751
105952704
106359842
151498077
36018120
114895447
175278591
157589687
165924614
178246593
167098940
156757751
94214286
143868092
47734269
128083769
126069030
110970322
97472605
101684895
98144373
90567359
22216601
78319774
7948222
65638843
50521273
48038448
57389555
10127178
53638370
49860653
39340353
32314286
36496992
3713210
11647883
17158134
25766231
15911664
27675422
27220336
26273919
1732585
57213518
88827225
88474318
81428076
85676932
68806572
197425778
196053604
169646276
195730344
247646561
289412775
203418496
290349865
239114473
461838345
355464557
408455113
352921135
58068568
184783665
455934985
484379960
209737469
445598960
264148421
337296147
500569145
370778475
346518298
585161768
396453172
395396809
154910230
582883056
446358740
466150397
219097435
36305213
273322832
403418312
210466747
283613254
254638985
258519564
528657038
454917237
318930014
410819129
275778355
186648832
371524206
368581772
253968375
262946737
454023691
223378501
2865749
290959011
285727686
410485541
313138042
269468543
38254133
519826874
377666645
523625951
117683589
422338583
393248792
72951098
221655948
517162348
488166753
184305875
377753656
456803214
280437895
327347148
350264903
