402087546
448210344
290917353
373466011
491088903
315953019
298560334
452085668
370914792
414231005
312380344
350196588
437895660
207135331
212753233
434298900
454394391
184773556
169934596
68199451
220699298
504856064
167528552
155424989
220856509
449880060
357241828
430933190
342973375
147668276
557745989
270476351
567615570
51341604
446532422
386016065
240003820
365296804
436195447
424415669
383965745
425353851
391953159
380901168
401275207
253993761
275734368
153181375
395445307
343494644
406647199
212622231
116282132
129457875
302945608
393094813
276418568
220335341
116904657
332687443
247223270
333496529
232486056
549287511
506114394
297989110
191078746
250786465
311379453
250236688
446567570
288738018
287218351
334774369
302662924
59315158
159602496
155110475
237991151
286727258
216905545
435021831
318560773
264065745
250236618
294511356
385999925
452052249
448853108
298700650
216753328
368907247
269336388
391721237
250557493
348756661
454900341
374381986
245175135
380341567
349609644
333426943
312087181
249007398
496444230
396302979
552659047
296197185
388819128
464209172
159278571
397266709
388202958
261365160
172355000
451746727
69092156
359899998
398835712
331812343
31411092
411762237
116933236
203596299
397471151
480742954
345298344
325782792
454736633
347455940
419370271
202059695
113744298
412259276
340968659
322434260
323670707
172733841
281548456
244031870
125241256
266218513
81724725
303883334
286331294
534915890
325124255
488336533
358824193
160029808
223318678
324847267
281702410
236616012
227294085
276426846
279984201
233244781
274082436
289709583
181788487
332759001
237977998
307135775
390978132
358955344
85849873
374978616
311289831
278616847
335650230
443938587
192985562
372614324
416086667
429861890
276472886
290813235
634937023
277412197
362003484
304834097
530222287
247133593
127182116
171051474
398095098
761774314
84250759
320350161
244660631
281830143
282660884
376561402
373765504
394685548
263509515
60363134
701677212
296207533
508093170
244588936
314307208
286768264
260453703
304262248
132781925
257088073
462495465
565160840
344535155
387804400
271780059
421566965
321267562
615899179
315133428
105891888
317500123
225046360
16136005
131830378
268611266
199076573
156938886
666939134
172831528
123755783
167695332
108791164
69905705
7973779
369870500
210238214
82175402
25761079
84243350
310485792
216439703
31043793
216799416
302496686
82815660
99139785
153303545
30065998
129438032
200127773
152227895
169961034
186945768
178208783
163245868
77854682
148500221
88304622
129131718
134578373
133225918
122237037
104001734
107429865
101908868
25211902
82366893
32570609
48545087
55601743
61269618
63141884
15685957
55212145
35035138
28501166
30485300
30560150
40237622
3262250
37256330
20403971
6540819
42530692
35517221
37162086
19930802
41563907
139725699
104442310
113638829
89120711
101415057
173835531
213805331
208698652
218196988
291333708
316093107
192306611
300782485
256735813
438629453
340847482
396914649
339618864
73465092
176660128
422518787
486472113
149556068
459859906
273893128
349255409
488287196
371678413
329850158
565911519
364045814
385539002
176751743
579233252
425765065
502720901
228631597
27176295
268346150
427810725
208022593
245690354
234419454
253815850
515923508
442321465
327532249
426719305
254112333
168164430
346846031
377913807
261911699
285714665
417109706
229977331
3945981
295232042
289396867
410083962
331558020
265643320
14186954
517864057
345142639
541780437
121746469
404076597
374499527
75841156
227700422
506055166
484840447
154991377
385800584
445347491
298787676
328564431
325977893
