378831817
435389148
265234516
351227376
499149301
314217496
272593370
444020738
362325464
422458686
309196658
339685853
467248397
218219642
222853511
439700715
444925064
162396370
161633020
54783215
159918362
526772704
198426723
162678317
205758115
417617663
375133476
412249559
318385362
185602483
557260765
279917890
578771547
67333428
450448073
394760727
245105757
367628721
420501343
404436632
373441054
395170466
414912211
382967113
409550330
261054288
305755743
113396372
377306214
364127181
407289438
246315951
126254662
119784496
263208025
361766764
273351037
219950335
127279380
326723926
234290838
348854880
254493944
526379163
497127087
302058849
206247877
272395075
303449954
274816024
437902117
277981701
280640605
333347178
289029106
16577720
175039718
163153191
219320548
300430392
199927513
427072592
344499131
288311461
242094489
305799513
422407016
447999763
463899334
267583362
194555197
363705415
279041015
395591080
218932275
380899449
440986401
410556638
234747362
371951642
350912431
309176155
318540967
233911970
483902370
406425868
531317598
298150833
392284201
417624344
138815465
379395222
379874969
276854992
158178452
454719955
54524240
349009538
393444854
325604668
31340027
407697075
117251125
202001346
357812456
489735666
380568326
342727450
455449003
358453278
428315832
174424224
93172543
397069381
324163624
337067302
325727469
156618789
255814464
257050521
90154149
243000804
87925191
288003587
283070213
540453067
329098310
458484645
357290372
120713600
226551878
327436173
245469383
247654532
250398165
286398956
303853061
256615070
271595157
268133110
201420844
361906128
229981499
307954139
384343142
375855790
53407211
366542632
284606794
254752859
356458260
433337577
223492392
364172571
407068678
448878787
251663036
262264870
648906929
281225533
342117454
309699869
566988097
251135305
82820889
169478638
409212537
773681975
85344991
335384859
257588251
318810985
286290836
360300874
351608568
429827610
267906312
28365398
716801124
261898993
515588325
258598620
285426315
316477267
231047327
315604725
131976732
225258157
469283613
574654961
355284223
363602506
303677014
399443113
321006845
652200753
309383956
99739330
318881861
246420589
16939689
102168967
261129894
177763671
143035843
723478428
193904192
111447115
128675366
103352774
72994315
10125262
354617759
236304405
97504058
25475376
74934758
300301727
223137088
67158827
204739286
297332443
105395844
104424281
153755742
38148353
118283791
175964683
158647445
163510940
177381903
163240209
154674372
93918062
143735823
47353164
128826566
126068404
110120169
98069037
100125326
99014246
92501525
23520213
80437726
8022718
65392968
51102030
45646506
58852487
14049878
52000592
46586336
39976844
29912262
38599372
5666454
14114882
16100285
27672325
20844456
23816501
23284857
20968919
5102312
51282186
78484033
77992065
77105503
76073676
66161862
189690737
184654141
171095469
193229649
248319871
288264315
201497396
286816521
239436978
458231007
355673946
408729234
354213037
57379298
184931676
454789915
483500635
208367769
449419469
263112975
338011517
497001812
373913115
349471409
583926970
393652163
396973090
158010255
581731180
445799766
467048746
219009555
32143599
273894026
400561766
211244848
281513003
252875474
259826641
527119552
454176945
316669591
411958854
273196905
189486156
370817415
369898822
253354094
263604599
451417892
222642781
5079184
288686504
284922056
413664966
314620365
266557443
36525698
519983363
378805335
522247503
117767508
422315303
391975813
75651860
223367238
518074603
487851938
180081380
377696932
459242012
280815480
326871295
353865214
