379413587
437267854
266627110
344610122
499529937
317988324
272065288
439110070
365298173
421104528
315616552
338625350
464013862
222305103
223363729
444641172
448850045
166031827
163643199
55567103
164230480
531264963
200505728
159115094
205287977
419122279
370122340
412986865
320726873
187149481
558517942
276456547
582904910
63739582
447715195
396982409
242336825
367354129
417477257
405088995
374343103
390394053
410227843
380871808
406808933
260651135
306483340
114693661
376238481
366556200
405493424
240786474
124083791
121983888
268369767
363774026
271130759
219402012
125168486
326176256
233745092
348012757
253749957
525964841
501526084
304573899
206280652
273540395
305806676
273810297
442622086
278870337
283338440
336117702
290474686
15546933
172386241
167400785
221414613
302767021
199550769
431044326
343021417
285696250
240362769
303774703
424318241
449780752
465493960
267450208
198702955
359235852
278014677
396456964
224464427
378497377
444368833
407627179
237773716
374890900
352004073
311368940
319327263
233494330
487677041
403428986
536217602
293794659
398403123
423791700
142430148
381322354
383270941
276179420
161436643
459158741
53313299
347543284
392598213
323862518
30290995
412211865
115521404
203364909
359755187
489133502
381267487
342941663
453936131
360613313
428748926
175251732
94061274
403110466
323820338
335092359
331715693
152085289
259244387
261569000
88802229
246062703
86524209
289305082
285904863
546645880
324462765
456714938
356759981
120258506
230834380
325720926
244954083
248315225
248679289
288999469
305832670
255109239
274544385
270852464
202965016
362730410
230766838
312841188
388803109
374947545
55326878
368453101
286476633
252944318
357493379
435760638
222754565
363193532
405488138
447744250
251733823
263619065
650283676
277600374
343089717
309882502
563493977
251388921
81969102
167631612
407541036
764056924
86486440
330801464
258564657
316720984
283573261
365723464
352670190
427832239
268185482
27180048
705184148
263026051
516370274
258621425
287384277
315276059
232192334
318636159
136619745
231505010
469161773
571739747
354615683
365582423
302246124
402587461
321025624
636716704
310131161
102538986
319522503
248152864
18486909
102050480
261913349
174789559
145746576
699798212
194495565
106218983
127876795
101931721
72946815
11932519
354195857
235878377
96999450
22799047
72957174
307484544
223548193
68587402
202790319
301690022
106288510
106930878
151106080
38932127
115063161
173674324
157906825
166740314
182169677
168874114
160369773
95815434
147064004
47145274
128287914
125610343
112564399
96941568
102471935
97054516
90406882
20061663
75969813
7506890
67650708
48977580
50014202
57431034
8877427
54721125
49092003
39875769
32496968
36101150
3135419
11218478
18239583
25994536
17832693
31154781
27841997
29179484
2441339
59024447
89662992
91542400
82148910
88983455
65722879
199429761
200206799
165756445
198161673
249087837
289138925
203926106
291075330
239064840
463931805
354241354
407053960
351409105
58284919
185441617
455176972
483773393
207796144
447386058
264191778
336641816
501480861
367777437
345400478
584717008
395426718
395918518
153910227
580706668
446008271
466234977
219223358
38217299
272874764
404609084
213010763
284166529
255452218
258098090
527643925
454375437
317743652
410296464
277573213
184111341
371791103
368285147
254549238
266198678
454424249
223095877
3744926
291246656
284282153
410508916
314922382
266540793
40197642
521542598
375825369
523546382
119153755
422159094
390979913
73616695
225542645
519428272
487088622
182045808
377355773
459375650
280091954
329103534
350065499
