378550023
437539721
265360556
348460133
498149737
317103180
272971226
440499442
363682314
421447139
312133883
337316243
462499475
218437876
221386376
443933651
445426032
162752059
161639859
54439180
163773419
529408628
199599896
161483376
204297943
420436374
373648980
411491923
316791456
186859067
557480342
276245495
582319499
64521498
448768119
395860436
245929381
368595915
418082521
404208335
374282604
392288287
414266021
382368328
408251237
261195124
304649086
114189587
378762942
363498947
405565304
244037227
122512778
122348515
265080259
365828360
273347126
219644440
125063747
327601587
233157800
349944582
254961167
528682800
498600307
305546803
204732357
272987646
305252971
276324367
442189028
275797267
283063548
332370558
290219844
14231546
175499090
166198605
220892262
302557648
199216661
429730114
343205772
285977717
241843128
305392084
423421958
450971616
465928222
269838856
197996850
359839915
278359980
395610597
221380089
376430347
442653944
407115087
239169256
372427229
353901250
309390405
320856150
233128730
485659975
405588095
537293727
295872995
396731774
421866870
137803933
379895237
382234313
277686423
160255325
457311226
52125416
348035698
394094198
324170889
30382449
413591860
116942607
203748565
358225055
488373150
379055353
341609625
455678253
359088316
429843872
172449963
95901914
400976592
322141931
338234698
329131049
152521717
260377642
259326621
92144917
244851022
86908500
288234709
286434016
543522627
326683415
457283163
355332532
120658306
228444103
326640196
243209008
249901417
249350707
287763729
304963656
255198344
273575439
270394979
200120075
362720020
230967307
310744119
387533359
374989719
53421395
367536826
285958945
255328834
356157130
435664831
223832570
364029771
405562873
449464424
252412478
262195887
648280122
280156047
340512832
308720521
565892448
251286981
82915607
169984471
409946274
768050198
85983788
333295391
258740753
317811702
286166901
363990157
350852264
428217633
269085249
26945847
710495750
262460232
516900365
256811653
285595430
316156669
232960993
319039498
136016376
228478375
469695556
571269813
356098095
363744629
303218332
402582524
321119050
642346388
309326830
99471119
320981339
246519191
16610026
103577889
261594730
177782269
142474134
714820002
195382887
109385503
130012502
104516106
72744491
11468737
355716084
235671069
97282739
24570809
76892735
304393726
222222329
66397178
203312348
297074237
106301534
105699858
153064808
35342823
114504418
175897105
158104750
166102667
176988628
165903824
154383317
93653261
142697585
47914659
127441600
126532854
110952019
97781927
99535832
98394375
91603390
22147908
78399431
8073538
65219109
50744625
47405206
57020616
12164730
52228805
48451249
39432219
30707862
36918312
3352059
11960654
17149711
27518225
16012117
27255867
25788489
24899005
3363328
55869482
85420996
87608673
81338941
83544612
67984069
196634539
193867993
169495179
196917545
248074582
288897128
202165210
289075915
240258359
461155113
358082651
408231831
352709693
57026223
183874585
456309199
483471412
209758408
446171577
263610885
337989378
500748434
372146566
347419207
584131194
397308760
395324499
155305818
583417756
444899263
467117005
220029162
35144811
273557120
404684736
209539743
283403240
255063160
258892873
528869556
456191853
318014307
410952224
275169031
188656420
371390201
368665675
254205199
262978152
453670136
224075752
3068277
289182517
284148294
411424387
313508691
267146071
38618557
520336263
378097478
522686639
117424270
422286885
393449807
74581410
222050730
516021856
488977898
184420412
377694087
458293678
280812938
326765357
349658620
