379600002
436864774
266890353
347158074
499032170
316856710
272394728
440876102
365374155
421336899
313431649
338710720
463937914
220626629
223624384
443752863
448334602
165267005
162650503
54138152
164827917
529902635
199796750
159933891
204364461
419149642
371731675
412904061
319432810
186898225
558576523
276426787
581711375
62072582
448067179
397256112
244673332
369462720
417598253
404496633
374271412
392088200
410477273
380801355
407137268
260726818
305407107
115126084
379355390
364387672
405410131
242320566
122959883
121245232
266164423
365388258
272600498
220818433
124710839
328088059
232200693
351326940
255432459
526845492
500561025
304813797
205472558
271673039
306495780
276378944
439954424
277812910
283026815
336238979
290003408
15835372
172777855
166046933
220510370
301560547
198835820
428932562
343079943
285991494
240967164
305068802
424222312
449441079
465396983
270001059
201011116
359883951
278152686
394910009
224354694
378872010
443424094
406547540
239211535
374635915
352921683
310435066
320290753
233360797
485924114
403317254
535289160
294756588
397139764
422879204
141206873
380271030
384220581
276253558
161774465
458293223
52573311
348861154
392953552
322173418
31482349
412337898
115834928
203320541
358717247
488888782
380589120
342067804
453788522
360449559
428416308
174416385
96279118
401237399
323031750
335274112
331684251
152604899
260337955
261343554
89647215
244615812
86335003
288692483
286344090
544577590
325539358
455163803
355500882
120177664
229838519
326683839
244457994
248091090
247736566
288878171
305642789
254558649
272563834
269750259
201844784
362721336
231390417
312028794
388231137
376784441
53664997
368862726
286219768
253355604
357757800
436603811
223121104
363161565
406013950
448584462
251668303
261826559
648529568
277876100
341721584
310177046
563478630
250789909
83076793
168941129
407399074
766736297
87405456
332144355
258260089
317215284
284024252
362678737
350934880
429238766
267037538
25881066
707756574
261869690
515065378
258382705
288065383
315345767
232321231
318671449
137255702
229573237
468939856
573017693
355674797
365306043
301887449
401185706
320721328
639445733
309892117
101165092
320238614
246737215
18473775
103229720
261795903
177071841
145490454
706636710
195152156
108929798
127836681
102730421
73710592
10875304
354600502
236066256
97027034
24556055
74121572
307304301
222797104
65806191
203553786
301816793
105899425
105720894
151904739
36871960
115820158
175839422
157514698
165642730
179499844
168416186
158136843
94118010
144978616
47615593
129416413
125817471
111974833
96679784
102598259
98250091
91324163
22679736
76616367
6623618
66090545
50386573
47625271
58855866
9239766
53396330
49417729
39684547
33198181
36137688
5624626
12512880
17348929
25484405
16065773
28409019
27906031
28016880
1609845
57547407
89331231
90479719
81260490
87321836
67673361
196956433
199212919
167526452
196274424
247609473
288603350
203391379
290946891
238845104
463406549
352717629
406267859
352146351
57974160
184214820
455986373
484690532
208153021
446058219
265199523
337400885
500952485
368746927
345753333
584126320
396713568
397322716
154864724
581523685
445991422
467071811
219492046
37519311
273927837
403820674
210683382
283447259
254822687
257827828
528406879
454720974
318786466
410975305
276422555
184560984
371015269
368355983
253974057
263912401
453209085
222354826
2921185
291382275
285786417
410370715
313596150
266842299
39215070
519861919
377416366
523515118
117855394
423136711
392628416
74559897
223082287
517961153
488992532
183653121
376601045
458175617
281180494
327356920
349260645
