381361244
435109758
263302535
350417076
500264152
315178453
271461597
447486404
363496119
421698623
310363208
339674108
467324272
216603000
221666577
440601826
444924829
164623567
161772489
56181227
161532154
525648468
200080149
161381968
204372556
418650737
371892403
415087411
316827788
187924719
555250813
278194277
578584306
66577228
448911069
395913905
244094344
367352299
419782216
402388565
372611877
396134856
417346289
383917304
409422431
259384906
305252531
113291878
379702311
364448621
409030464
247873748
125799457
118037101
263984844
362939770
274162885
220784631
127861693
330345894
234958732
349360307
254125914
524877299
495289192
304456670
203310181
272287738
305269847
277162604
435453276
279082950
282091539
331269947
289321568
15237035
174075828
165744766
221409956
300077263
203574939
427596577
343715251
288649992
242840098
307989593
424500316
448321342
460233975
264820715
193012842
362884544
278861600
395748965
216580783
381141593
438885917
408570476
234637032
371267314
350696239
309656796
318173507
233574562
481115024
405949180
527358681
298881019
391335869
415892537
139399017
381086512
380538995
274268847
158777956
453011876
53081654
348574371
392540895
324659647
30557681
406029423
118784854
201393518
356889769
487638989
379544059
343036360
456196402
358004903
425648268
175040343
95124039
393418581
323360264
337651768
326150811
159332713
257633622
255052965
91301986
242500850
89515046
289942894
282975462
538319939
328985579
457171693
355625659
122178831
227945231
323681311
248049988
246590007
247677481
288545991
300961048
257903524
271573227
266494110
203819138
363769955
228990423
309536935
384217137
376605870
52404886
368282687
284564237
256322251
353873634
431083849
221417159
359738104
406441850
448735747
254056931
261912305
647799797
282883494
344118334
308811350
569431830
249551074
83946456
165483723
408689993
780188198
85428194
335729794
257370289
316964366
286890123
362240360
351959032
427500366
267524193
29577794
722340430
258519978
517032881
259872760
285136279
316027391
232437730
314910665
131883283
223733334
470363068
578670887
355008504
363024363
301172797
398873639
321871308
659126647
308740789
100440662
319251755
246687830
19266244
102313056
262132760
177309828
143446901
725960653
193065531
110931820
129248573
101896905
73057972
8700194
356391536
237622651
97486885
25159510
75643437
300284702
222236613
68010662
203028062
294925846
105961917
105486334
155797781
38276254
118066834
176702030
161566549
167285205
178037438
161509748
152227987
93209703
143915427
50701346
128311280
126044887
110992507
97491609
101919147
99339451
91143026
23738157
79321349
7835945
63862178
50882734
46319880
55870939
14596681
51287794
44973432
40123128
28732753
38439193
6343015
15636175
14931382
27282222
22517478
25471552
22666500
20142927
6347425
45976697
71720552
71994746
72221044
70082867
63640646
184442086
179664514
172326035
191446001
245528103
283313821
199482074
283380298
239172726
459076422
353466009
412555480
353639070
59244252
184808041
456795212
482577621
208148878
449508413
263986193
336392429
496093114
372189415
348598968
582975164
394670950
395901101
157823734
584678042
443765682
466921426
219642674
34991374
271390583
402306865
207927115
280535105
251695831
258687990
526520381
453800381
315082693
412474224
274846689
187771228
369098301
369630175
253691056
265035150
451111924
220638937
6032899
289439242
283490917
414319311
314725827
266529055
35619923
521346924
377966431
520002237
119329376
424827404
393805474
72794789
224212843
519956596
487737247
181688880
378232572
458647977
278454947
327496018
354794866
