379514144
436900921
264517628
348007694
497382263
317174195
272623330
440860185
364160704
422181162
312500941
338191227
463569983
219666615
222136489
443837816
447080289
163528137
161438208
54824034
163162790
530611829
200009946
160943506
204845423
418613937
372404345
412751606
318056399
187700972
558239632
277510840
582004684
62764082
449416894
396245115
245700967
368632644
417137936
405218430
374272498
392790739
412553226
382926142
407653744
260522793
305279495
114799041
378341731
363590107
405196797
242407484
122839908
122530226
266239029
365596365
272330097
220398169
124702853
327225940
232055516
350896705
254440399
527033482
499550974
306861960
204515382
272350951
304913347
276499802
441408931
276184429
282883850
333501064
289113652
15169334
174465333
165169272
221860275
301922157
198283923
429098327
344195892
287892667
242407986
305432313
424203004
450537993
465572973
269520830
198177456
360400498
278981776
394816216
222509421
377991842
443621139
407596576
239024322
372437368
352915953
309604064
319909600
233115408
486506739
405094633
537020247
295093498
396191434
422731547
138782245
380893675
382602377
277249028
160078999
457536280
52682991
349583253
393416500
323258462
31391002
413267048
117515025
204103503
359298008
488048517
379263322
341460389
455346162
360423437
428172548
172816202
96479892
401542909
322166053
336988562
329754498
153061004
261680176
260010701
90118433
244931286
86809495
288675995
286916308
543245737
326192398
456141088
355183583
119833220
229316693
327162337
243731628
247040070
248435107
287867134
305817847
254818468
272781541
270656897
201013916
364206184
230125393
311370055
388780469
376141821
53164479
369088508
286444762
255207202
356945953
436078535
224860031
362877796
405824991
449067275
251123982
262717599
648114109
279099103
340856432
308978365
564477539
251001857
83492892
169738710
409483272
768325535
86260475
333617717
259125300
317217803
285662523
364025650
350616879
428374468
268446015
26307538
708529361
261691131
516435799
256913448
286307340
315761874
232259468
319480336
137397832
228325752
469841993
570881342
355321431
363796728
302918638
403148672
321236749
640724908
308920091
99310952
321852296
246934079
17158559
103699193
261720002
176322749
143645100
712115823
194835662
109801011
128910467
103852638
73186895
11050309
355463876
236580221
97518566
24580550
76997011
305587973
223018615
65809742
203751351
298962582
106428367
106001911
151952279
36031707
114961140
175419522
157893228
165702972
177921496
166685791
156090676
94411301
143531970
48264791
127617769
126062427
111552207
97645042
101705512
97768461
91145041
21552324
78573869
8235434
65637913
50376054
47499478
56915679
10981696
53130491
49596736
39510972
31806718
36347474
3022164
11948207
17251404
25987626
15994835
28397479
26447384
26114430
1692520
56720152
87688780
87707836
81098857
84968284
69309947
196737080
195422745
169134635
195591508
248629408
289448837
202421015
290392333
239596891
461318674
355767749
408244876
352509093
57821706
184961346
455014785
483107055
210044654
445639889
264071276
338340309
500984080
370910338
346894766
584548269
396840151
395084072
154575816
583124157
447032428
465924399
219892355
35779183
272711230
403399196
210647418
283284364
254623228
259007557
529309638
454702040
319244974
410802591
275977478
187428964
372167674
369333196
253697327
261733920
454343133
223358590
3126798
290731126
286219591
409991870
312742294
269422601
37863856
520143235
377239028
524200160
117624636
422299730
393377283
73426991
221429523
516190314
488734172
184054110
377807107
457523092
280587383
327579147
350595481
