379676687
435795683
263799694
348835045
500823822
316522039
270089784
449906726
363625083
419953115
309288819
339890361
468860471
216582997
221996682
443114065
450684571
166457322
162877431
57011427
157670224
524094474
194304689
160676281
204601671
417457066
371630313
414836517
313147580
186311923
552879067
274453683
577889414
65688049
452438049
394580747
243695589
370634164
422125010
402593981
374221098
397449522
418923821
384053352
411441265
259788536
308092780
111046380
378907626
364028923
411020116
248759202
124256796
119027374
261311651
362248828
272857732
221806965
127760900
329428586
237286430
346846848
252637278
524961193
494002573
305718878
206048957
272423541
304195061
274508775
431742587
277278485
282002645
333725988
290361883
17406702
177054412
167761907
216432529
299378381
205238902
426063478
342586821
289310593
238926903
309071986
425111809
447835913
453539791
266906242
190908806
365381528
278455249
396332861
214740370
380291717
438275522
407462948
234137128
370120383
349313406
310258461
320260706
234946999
479235638
406318245
523054653
298503941
390505452
418525819
139080999
380346454
380135180
272038469
155406177
451640020
51158979
348745663
389392399
323107530
31597288
404350450
121528882
200786741
357633787
486775987
380503228
344510355
458165840
357356336
425795552
176025167
91160946
391287997
327637529
338394359
323225977
158065593
257282661
258399367
89349512
243964146
92228399
288177097
280443779
529516871
330588212
457220620
357294705
123955104
228383645
324552606
245901538
246527616
245644919
284317640
298565683
258247731
272482437
269333649
204461745
360533812
226651189
309934693
385044093
375829458
50741893
368255283
284590501
254660366
357335923
430634285
222803069
358102100
406165770
448965377
254455920
259421318
646735878
282206671
344525124
309498725
574916279
248367772
86311931
169066540
406390703
790218388
86964783
338002917
257087989
317798602
285789832
364592582
355102341
424564587
267391859
31018316
736659820
258749110
519359016
259778097
283807399
312053051
231636979
315549637
133562082
223939715
474537032
585075774
356028968
365395010
303397177
396679279
321973378
671555832
307748069
100566618
320274768
247332456
21506475
102005139
260405224
180924981
145679863
728716167
192679093
113981873
129947133
104793291
70312091
4622721
356626327
235806168
95465569
27702752
74941323
298745584
222403502
68474528
206354906
292561958
104768777
104620630
156585713
40268514
116513046
179193485
160159491
166326786
179478882
159946468
151575344
94108719
144754396
52571271
129052983
123608865
111652486
99300491
101238374
101623224
92048934
26024910
78722613
8772589
63198774
51900854
46056165
55046111
15410087
50397353
43938205
36933794
26145481
39259419
6339835
12586083
14513750
27532962
20512921
24325079
22255056
20714535
6653344
36942186
65549971
65594660
63272788
62767022
62147407
178251162
174707017
170740160
189638384
240094519
278970235
199175672
281467561
238467979
460276983
352812387
410313683
355145718
61217630
185818155
456453399
484138436
209486898
448717760
263898449
339356603
496680632
371042052
347384468
583998244
394478219
394888753
154850804
583276404
446057516
467070312
221772682
31627484
271300444
405268762
206844243
278999189
252296003
258179817
528021797
452560116
311402345
417367566
275485239
186509968
369508713
370007569
255221760
265334531
449212261
220238692
1581977
285525389
285504024
411435745
316149305
264685629
36405381
521345276
377649776
517026492
120149686
423675416
392455626
71114245
222788638
519991760
489285782
180344071
376760788
456157557
277581608
328998817
353543439
