380314298
433422340
263194742
349344848
500005265
314942139
271268384
446750899
363095385
421093144
310744359
342101031
469316712
215194517
221371959
443888267
447931651
165657222
163778497
55808887
159289783
525509393
196694101
161585660
203246907
417815976
371224677
414725828
316060495
186909161
553001150
277416107
576754487
65307786
449049701
395539109
244308962
368764121
420200788
403324685
372192591
396497027
418217057
384363725
409174900
258850025
307059140
113205297
379570463
365064014
410218895
248316422
122706176
118014486
265252455
362104319
271686677
220746198
128418122
329278992
236354593
347985906
252734434
524256880
495770229
303381976
203222811
270976260
305980214
276552481
433931215
277488892
281153814
332471722
288298041
15940628
174728584
167202025
218787985
299449019
204473636
426898969
344717175
288227411
242148991
308646009
423454541
448774323
457533034
265598548
194285935
362610534
277659232
396740586
215888410
380433845
438063809
407920942
234273884
370929547
350661772
307782226
317802141
233174622
482068138
408043604
525264852
299366070
390980221
416866915
138469471
381355232
378842959
273814442
157452370
451391484
53189167
347700832
389481082
322860284
32626580
405233972
120437597
200489147
357213577
487541488
380364280
341424787
456832625
356618090
425482042
175249715
93559039
393476107
324581321
337246920
324568554
158088786
255890586
254935709
89202556
242189159
90581840
289130162
282651798
534522174
329816531
458870653
357774171
124334750
228884952
322720640
247670876
245947638
246316599
287404607
300753064
257104363
272844344
268794289
203270393
362647523
228237635
310399121
383382362
375852907
50025079
366136254
284460887
255570270
355055494
431689589
223537162
360211981
404692401
448809741
255406564
261519706
647394373
281928882
345200176
309776066
569923310
249153850
85159319
166085137
409081377
784818862
85779872
336156026
258454145
317043427
286331427
361889096
353438826
425760854
265859977
30291879
727111134
257859562
519301821
259661779
285849843
314229037
231138950
315666677
132678071
224896188
471243408
580193576
354645421
363239050
302229931
398179107
320295985
662973079
308392910
102111164
319475716
247146624
21365918
101227103
262799584
178848587
142824771
728102532
192476425
111971952
129498657
102405656
72269198
8938285
355733890
238035017
96703051
24852101
74842637
299733131
223298360
67371939
204915317
293834970
104665757
105007062
156198530
39959383
118479293
177506889
160900122
166582571
178979528
159664721
151060185
94667851
143528954
51926281
129331909
126379005
110444979
98448098
101938363
101014381
89820741
24214101
79528351
9653402
63178173
51818920
45076783
57738002
14616180
50178683
43960815
38670145
29471411
39976234
6212485
14511651
14993420
27516977
20861256
25019489
24500088
19244738
6100975
44477712
69830936
69076641
68764816
65813951
62936815
182331129
179308494
171771259
191088028
243937123
280160186
199272769
284515224
240451901
460439303
352150277
410813608
354072501
59192244
186107698
457109981
482987356
208616571
450140007
263731973
336983705
496917589
371187673
349359064
581757705
394409019
397190751
157187904
584576293
445943423
466921043
219776535
33698376
272479713
403512528
208626058
280507149
251199687
258944439
525900209
452524019
311747074
413632289
273987635
188221086
368775816
370355917
253454513
265502681
450453275
218827144
4746212
287985598
284571571
414903520
314758384
263563960
36021828
521614915
377271395
518581647
120089967
424740989
393785570
73746201
223295700
520557484
488229680
181778244
377622467
458306270
277733816
328270313
356024862
