492179784
427412483
273243479
340806304
416153493
329941727
227575004
499357129
322285174
380480911
314601321
309864180
463981529
242541486
271908986
365818954
386431027
361112010
246142083
96445437
185109773
453267346
178812631
161350435
251885693
441269691
328842917
430702863
317566910
117442346
569426560
260949154
576819380
79210724
443920943
348457052
217543430
365804201
394626241
505617002
458476777
329139725
425004480
361550940
452721986
218223179
279935266
252039158
363513468
327478039
431232021
131695976
82171354
165723224
368954263
313655251
176298438
306750058
202026437
277734976
193086485
309906522
271717487
528112625
507604937
218070015
218883410
281503312
373548699
260686778
494055642
309781973
384835786
286071242
440174621
132619332
177066922
228992189
302931212
247795590
270114397
416416999
410312734
288686787
297669444
362406914
345615297
514984353
401529226
345967457
277655741
406271656
314285702
355375622
230892527
409008482
470866311
421752051
293590126
456292574
380944776
432472270
364719805
217475385
562381284
487943401
552416304
264388156
407380557
486129873
272608268
324792240
398702056
281659855
244821834
397923913
132755806
275619944
360285761
326145355
142002021
433125025
143652059
227482572
419498101
475365851
375691984
260813246
387127825
224614464
435754304
119608458
229850359
389573160
398247927
349734117
254045414
226892882
315682065
258511831
166753685
265679155
106137232
235025956
181387674
596355507
312965263
481868457
383770581
209122836
156197768
289434961
225802472
194781528
165749067
299695010
230652651
213448107
166620021
257827044
229499967
311654137
208722051
307109241
402416706
296960309
123506727
336218656
301019126
278727544
351712238
334063410
226279989
361683509
438325276
286531684
349798504
299625748
579282590
321110558
262584524
283952037
517961134
167304127
150335598
83656190
358994355
709765224
140625761
356256325
209847768
292511339
178305770
382978664
380470995
395493872
239304171
63190991
634421428
227458052
448978231
267732930
321030322
367098121
228805342
393559458
102842429
284658586
432642893
533205752
317088808
320620563
267184667
338801648
314608157
493110502
341416734
239928837
214277731
163758431
3798356
159192690
209161935
200500313
194831230
499307117
175396214
178861993
141195087
96980595
169579057
87029485
326912820
129623616
36648045
115858561
47969330
199497567
267376989
86578183
209158340
262958907
139651223
191177719
103964736
9411600
201080062
187805614
169875179
139792126
250640773
242288440
264891750
112007316
130549877
217383905
178287750
132190773
188396796
104662492
160645692
143153972
123607113
68601178
41796354
58638033
53120824
107087773
82342337
102826437
86034400
86963725
81816553
72956265
79303361
61797062
71180148
75481129
70035179
36744954
87483853
35864302
97263508
92021269
114413779
77620879
175819602
125136649
142306361
175720259
122358966
278140270
263318930
231212724
213319319
293733296
339942473
238269079
324112948
273587941
392873141
350785204
407715080
305057345
127194156
256651832
440215915
521967646
218855151
476021225
309729966
341301568
477298139
200762339
314319668
623642942
371188818
405432692
246333277
446513424
384447505
406156612
326372522
82460721
282962476
431506274
194822703
154472347
277962122
286553108
470080100
461192248
391645100
443769277
296085350
175412230
274980073
296571252
211834121
320916853
409625102
292243579
68072451
273886945
249131273
451231094
443813024
237444906
39335950
427356309
380765737
516549501
141381760
452563958
451736232
98346799
176680903
493271763
405009155
197529794
446941088
361910664
275586429
325136928
264881144
