380278287
435686427
265160657
351587859
500385362
315622926
272507581
446925175
363355997
422658650
309323099
340293511
466726022
217634574
221194262
439641061
444579513
162327515
162149829
55460223
161612013
525663085
200133642
161442220
205760408
418857277
372719858
413548823
317735960
187157728
555922925
279423679
579148784
66359801
449396470
394777894
244822746
369726648
417760615
402340794
374105713
395543631
416062997
384365984
409411009
260059794
306052674
115006076
378228725
364308598
408646972
247022978
124536462
118839024
263583860
362949060
273870608
219427246
127617619
329379710
235133279
349016193
253735011
523904403
496328556
303833066
204298971
271755830
305166983
277082582
435375827
278992896
281287468
331416032
289503335
14959357
174669906
164180143
219719384
301227653
202537428
427102013
344397175
289393337
242564684
307937232
423362700
446483884
461218620
265509146
192151117
363397301
279020464
395404645
217228968
381047202
439835769
409893646
235409952
371876225
352211980
308974123
317571567
232735994
482249993
405626485
528407124
298682351
392073102
416226895
139637445
380519819
379595285
274978209
159015735
453487194
54313463
349542702
392519038
325870993
31466218
406823746
118198390
201291830
356615046
488873397
379147090
342943261
455791890
358415784
426671861
174779058
93223696
393393378
324177645
337421250
326530185
157326568
256456032
256199374
91895112
242497830
89446421
289239332
284161604
539137516
329265445
457708158
355791363
121429991
226910408
325775394
246821123
246861872
249201619
288593658
300841980
257531600
271033268
267366661
203351700
362634491
228330217
308272164
384345831
377453185
51723613
367439800
285828763
255507300
356019898
431743753
223127675
360940786
407127155
449405326
252445469
262947240
646845151
282652706
343027587
310095043
569520025
251052925
83226749
166731794
410542378
778015756
85059105
337134905
256529348
316471498
286120360
360751612
352229100
427710493
268620455
29137667
720972240
260558293
516245794
260122160
285216129
315493577
231586362
315221410
131869608
224152868
468715674
576773387
354222436
363058641
302328852
398890994
320900259
657101734
309326790
100286940
320709310
246889102
19112107
103432524
261777783
177020150
142993896
725284134
191899959
111799777
128169045
103555248
72846693
9614863
355809191
236000886
96308389
25401500
74973808
301236383
221848673
67658719
203765631
296486282
105797202
105051342
154380724
38616278
118179845
177042930
161840763
165751275
176880234
162169494
152483034
91663483
143368853
48893853
127962226
127477718
108558927
97726520
101921984
100371552
91943161
22545871
79906152
7924129
65356542
51121110
45609843
55386599
14706903
50740112
45419349
41830469
28663503
37662699
6104322
15321539
15751424
27918498
23084284
24968096
23080461
20771955
6313838
46906505
74080476
74832279
74285073
72590580
64884355
186961642
179662688
171442660
191229091
247887734
286967686
199664315
283303686
240179625
458659568
355280276
412049370
353876011
58456871
184328887
456183204
481256223
208710268
449586947
263500120
336508673
495762816
371923253
348201372
582247937
393645013
396430265
158172723
583822661
445359210
467448047
219970635
34477614
271931041
402270102
208852333
280306947
253759712
258601598
526997561
452847696
314309362
412578196
274355785
188980105
369767681
369184079
253797165
263654395
449709741
221821774
5339126
289329723
283815501
414023016
314461864
267280072
34125798
520757242
378529824
522041178
119479276
423074827
393944527
74754358
223620779
519037615
488530960
179632286
377764597
458148268
279481080
328278174
354609626
