378953265
435333392
264293210
349015442
501018420
315579936
270695213
449844239
364538437
419736274
308654715
340380970
468850117
217119815
222346381
442725485
450057813
165891334
164364133
55560732
157481299
523257703
193803319
160490465
205061489
417703782
370859446
413728740
312199402
185619712
552431364
275007396
577870448
66682163
452177613
393738943
242893028
369977196
421309009
403772843
375377233
397251600
418586393
384820022
411170400
258922533
308477810
110309571
378484230
363919275
410837974
248816130
123053238
119130534
261700914
363066646
272240233
221246542
127477632
329434454
236947466
348386493
251829621
525118038
493655182
306710168
205668172
272063785
304309640
275336578
431526507
278432388
282721469
333437159
289558865
17220239
178497870
167808185
216364178
298069133
204654039
426681520
342898247
289675304
239136948
307527551
424090100
446806241
452231299
266832458
191595752
364285426
278065789
395733998
214197922
379349537
438212304
407487447
234639470
370783953
349740077
311038669
320337294
233814294
478122946
406994162
522994950
297670900
392391580
418240490
139747636
380100385
381113323
272428756
155661810
451394867
49668706
349325720
388334216
322059446
31626517
403976500
121204802
202290671
356426549
487830077
380469747
344234022
458477733
356696224
426362626
175720151
91589420
390043557
326628770
339005959
322456011
159663956
257710140
257609302
88887799
243532854
91567643
289506071
280888984
528777298
330449405
456898522
356577927
124488294
227942085
323877813
245419347
247171679
245435985
283955996
298320680
258396976
273394284
267750057
205652302
360556442
226155661
310871020
384468376
376271011
51303636
368588264
283591531
254891399
357870268
430976772
222975715
358467930
406863250
448450517
255139468
260486285
646033590
282808093
343050483
309532407
573289307
248830692
87635608
168202540
405254403
793451618
87514237
338623471
257470260
316822109
284797617
364547056
355405564
424747519
267727321
31621507
738635468
258714769
520000714
258882826
285156481
312882509
230732652
314819981
134910493
224536039
473906402
586909132
356861008
367242073
304002958
395821778
321834434
673161922
309238931
101888757
320313089
248473288
21634846
101620527
261088053
179655233
143791896
728605044
193571737
113236078
129296388
104521160
70744866
5600246
356803490
236904807
94451101
28063670
75288026
298353136
222294233
67623666
207176480
291885677
105633342
104240212
156433494
39556544
117439135
179719488
159350931
166092921
179058385
160141868
150982610
95470062
144599356
52245751
130105317
123862323
111323870
98176110
102143644
101232996
92971544
26782015
78470361
9577998
62331630
51511395
44869623
54999184
15530839
51091897
43938292
37887971
25340342
39414370
7196925
12238501
14936318
26841733
20801828
24725065
23147587
21067707
8211223
35757818
63301298
64825217
63524211
62157534
62338313
178323104
172998708
170899909
188069152
239787552
278074774
198345912
281051234
238174544
460350662
352395318
410612535
355122004
61099254
185561984
456241577
483536180
207935480
448229416
263875299
338055279
496210697
371244404
346938642
583369130
395231585
395300297
154476740
583034572
447268032
467963717
221059722
31719785
270938772
406139363
207161717
279319137
251513645
256750107
528870695
452375767
313474200
416837951
275846328
187385375
368693195
370006417
256000895
264080631
447805368
219905685
1046300
285339898
286040204
411430769
315345850
265526243
37236353
520903348
377627956
517076557
119977039
423096491
391941107
70737563
222538534
519350964
489097479
180165405
377150368
456154000
274910148
329065877
353697732
