379090738
434331121
263908527
350748384
499920333
316424101
270783728
447929648
362998037
421679838
309453541
341335016
469155310
214882482
221867349
443417860
449384922
165940685
163903768
55772645
158883776
524802276
195169483
162502034
203444751
418292088
371284976
414733597
315336019
186730503
552308572
276868751
576562023
65552427
449240396
395164157
243750085
368303680
420511336
402895955
373630770
398079040
419097415
384526304
410884991
258920027
306641298
113248477
378655175
364473636
410637279
247994008
123457683
117287589
263891438
362840996
271339302
220561463
129559656
329612005
236539448
346801539
250994597
524578229
496214416
303387611
204188036
273111982
304522593
276425696
433586509
276952370
280894435
332343478
289251172
16649812
175392966
167963969
217687004
298201339
205401809
426730119
343746885
289031149
241382135
308677878
424513345
449718261
455449082
266325540
192216484
363926382
278890625
397427449
215794910
380256353
437527630
407812251
235025408
370165423
349841358
308642139
319268750
235295123
482806752
407628370
524449577
298783296
390064065
417456063
137110750
380856888
379982082
273512893
156021259
452360448
52535321
347842556
389579311
322330653
32710759
404928287
120717043
200655205
356769808
487502621
381154171
343059080
456858199
356536798
426537777
174712691
92310844
391815419
324795480
337079068
323157922
158117617
257463651
256656968
89816994
242639403
92414768
288870706
281165343
532675684
329716178
458201969
356392422
123586031
228475473
321962102
247768820
247392246
246319360
286866769
299484511
256474543
272220608
268158829
203883259
361649361
227505866
308416602
383711294
376901593
50227714
367608274
284679365
255641563
354424453
431724088
222690241
359421365
405391140
447624752
255733099
261020429
647262978
283060074
345620307
310037454
572256522
248867879
86789328
166400231
407553633
787402630
86378392
337124521
257620923
318203021
286554117
363339787
354946408
425903814
265711586
31611942
730905320
258551503
518448629
259333542
285936398
312349138
232018936
317653534
133375083
224686445
471428478
581547593
354567760
364173717
303272209
396878144
320443987
665637133
308132322
100873293
319641692
247121362
21643216
102879106
262031393
180304717
143676485
728129025
193210363
111789437
128798441
103859438
72087566
8043159
356207069
236216358
96574064
25240268
74185257
297887846
222109332
65857418
205278056
293201220
104011601
103822465
156400492
39436870
118997268
178628492
159867791
166443333
179296836
159834773
151195758
93950332
143316219
53002112
128862479
125312291
110701688
98221874
102145221
100648649
91362891
23655919
79517280
8638724
62179345
52510899
47249378
56487841
14849050
49822629
44672308
37817730
28228804
39882162
5859794
14250153
14620468
25799746
19874702
26084300
23101415
20226750
7075954
41847799
68867199
67815270
65083045
64164146
63930804
181214755
177584755
170341264
190090708
243085043
279862934
198461959
284844239
239127076
459580850
352477123
409942819
354588696
59346174
187290073
457650986
482711445
207638174
449172626
262385575
336334520
496499730
370765595
349303870
583104929
395962469
395629061
156148683
584413761
445991362
468121705
220935987
33054881
270389013
404064722
208371586
278723816
252174810
258858822
526136128
452269781
312332464
414711661
275010431
187517605
368850153
369677673
254701793
265442528
449645977
218585264
4893038
287830512
284869375
415259105
315212425
262386305
36089995
520277320
377293994
517334271
119934573
425859783
391427835
72829160
223133839
519870606
488822246
181803196
377405443
457356240
277471341
329025912
354985312
