379151501
435983079
264783268
351116160
500179111
316029927
271327718
449628799
363824140
420052603
309962080
339456703
469616218
215456465
221825114
442800043
449665969
166778824
163235153
56576142
158406403
524249337
194405479
161075586
202428679
417339853
371467089
415045332
314591132
186942655
551910630
274643627
577758894
65795093
451984033
394051918
243937913
371030180
422460466
402807532
373633092
398151449
418549819
384804335
410506191
259423553
308461259
110862059
379291320
364602909
411581116
248000586
123826463
117415343
262919675
363737731
271816228
220931020
128214600
329308108
236873085
346649304
252649693
524197379
494397291
304811428
205471792
272897434
304998955
273938024
432757731
277691975
281772132
332401523
289998325
17961135
175707069
167672722
217403369
298962545
204836869
425442049
343494910
289416751
240411281
309551256
425037334
447233841
454939495
267014232
191461853
365222721
278662057
396376397
215366520
381909751
439170658
406737607
234181909
370847848
348582559
310394027
318904648
236303984
480035560
407634650
522331707
298564429
390585494
417560139
139314339
380484231
381241344
272121665
155956005
451234541
49968091
346476172
389979352
322450247
31545308
404309320
121478095
200772469
357977381
486355287
380585699
344491135
457802804
357046229
424637293
175332407
91972293
390469071
327311470
338419328
323156836
159576413
257606406
258496550
90656637
243416833
92101941
288288195
281527560
530324336
330920741
457021627
357102908
124375965
228336590
323304659
245850568
247618625
245091180
285560698
298942214
257061813
271588727
267813696
204179310
360296158
226951350
308755362
384058216
375942706
50416606
367921026
284402305
256237295
355748193
432287071
222667610
358098089
405903972
447191029
255325386
260198716
646439302
282041877
344052394
310816278
573506092
248920055
86699558
167843643
406251080
790124632
86037517
337802734
256737434
318918438
285987479
363404588
354517429
425006746
267187053
30868280
734995525
259829539
519279435
260073297
283624640
312116857
230894757
315631108
134543227
224080820
474149072
583309838
354585840
364613040
303317546
396140568
320823206
669512154
306627556
100894539
320511169
248188532
21127707
102696982
260592187
180814682
145288517
728797816
193358182
112917996
129247616
104135201
70730089
5119644
357050179
236712135
95443253
26272550
74315465
298544752
223474606
67085067
206623914
292364110
104825089
104581971
155829312
40348179
116982617
179425681
160217417
167222047
178048551
159176703
152044844
94957337
144881743
51688909
129459895
124223208
111291155
97818340
102038098
100767503
92001582
24725128
79189152
7415350
62951877
53017969
46037513
55375779
15465430
49537015
44624716
35847181
26279805
39355069
6521403
13863582
14475311
27246569
20123509
25273661
23133980
20210452
7578955
38291431
66028772
66178952
64319671
63075820
62754647
179735662
176170820
171804644
189287755
240063843
279051976
198423334
282604963
239202378
458679141
352622774
410321482
355481692
60625130
186921758
456558740
482930915
208220964
449382829
263215835
339004075
497559888
371710937
347520344
582954565
395262486
394998219
155338179
583338501
446058509
466793561
220513422
32687844
270682235
404812125
207061585
277839459
253740535
258325990
527636310
452658526
312380694
416089833
274444285
187511166
370028793
370482059
254507978
264616317
448909356
219651541
3428141
287365408
285671964
412063522
315498411
263396745
35841218
521405346
378020329
516658217
119981427
423858421
392009239
71830159
220957706
520155953
488617153
180716862
377018273
457134290
277938620
329339551
353739346
