379182557
436024842
264977629
351078926
500332095
316006729
271215541
449725827
364063327
420069582
310168296
339424337
469579360
215488351
221783059
442852633
449570673
166960257
162999816
56942124
158419738
524503956
194203235
161159891
202355013
417562860
371257022
415081638
314548370
186860231
551675387
274567054
577679422
65578327
452094922
394081448
244067486
371085442
422396756
402800795
373747749
398026848
418630559
384494613
410667557
259384499
308377114
110790877
379014928
364690784
411514049
248101928
124134933
117462255
262851743
363482354
271882639
220981895
128282374
329227650
236748429
346486494
252538116
524146847
494384542
304949415
205449036
272899443
304814064
274011920
432733841
277577734
281696436
332343747
290298278
17629983
175967100
167774316
217435902
299114290
204908197
425599174
343005015
289550363
240156393
309670425
425115630
447335893
454851259
266910862
191283466
365310055
278627385
396470860
215308347
381947024
439057261
406531835
234111365
370827848
348530929
310464499
319110154
236434896
479947090
407618522
522509815
298483225
390415998
417680076
139304563
380477962
381086650
271908812
155716705
451433960
50019264
346573052
390251246
322580648
31553209
404208068
121322124
200811742
357989587
486354061
380722130
344628994
457659366
356946444
424520808
175447228
91871155
390687363
327185279
338454947
322913166
159555952
257658209
258723712
90600223
243572746
92207437
288438865
281430311
530097824
330816491
457098864
357389202
124525201
228231650
323317995
245966449
247701316
245093954
285497965
298790874
257317570
271641560
268132990
203995182
360342341
226789401
308641144
383916105
376308987
50594174
368020656
284384646
256233127
355592352
431988945
222487695
358269028
406105515
447328907
255114651
260108934
646408837
282058055
344259612
310757386
573425689
249099864
86653518
167863610
406274147
790079487
86304741
337849776
256927825
318937040
285787372
363303140
354648827
424782640
267294248
30848851
735132480
259832594
519342579
260144145
283766687
312088460
230840157
315609373
134382980
223916238
474119983
583529422
354672239
364515848
303178850
395978213
320805636
669326184
306580535
100840724
320497319
248130017
21134026
102813860
260643280
180635082
145462829
728949250
193111784
112962307
129092849
104101840
70702903
5335373
357094391
236685180
95397190
26446102
74336848
298702921
223494970
67247952
206575167
292306634
104819766
104307995
155851769
40295090
116763807
179568907
160099414
167172141
177996036
159144196
152229816
95055167
144723796
51740936
129500061
124245938
111124971
97671167
101845296
100639445
92122450
24780108
79303115
7283240
62570074
53010989
45997305
55315710
15332911
49625015
44653039
35891132
26319466
39251691
6602849
13752094
14290787
27360931
20194952
25124845
23169045
20402357
7561919
38377885
66113573
66098274
64376007
62989723
62566493
179849574
176314370
171555095
189433938
239872368
278848172
198585285
282450767
239050945
459034330
352679132
410396611
355363443
60569461
186904330
456691943
482800168
208240047
449494069
263093721
339047135
497481726
371965564
347387072
582992635
395141274
394990481
155246838
583387008
446092804
467046878
220635778
32488571
270801070
404650977
207003824
277913058
253774310
258319678
527866115
452591125
312510216
416124608
274358786
187548943
369761223
370447562
254579770
264709548
448937424
219604115
3383066
287115591
285740549
412302256
315423189
263490807
35795627
521468898
377886814
516535736
119978965
423981366
392024571
71899897
220966929
519968748
488674921
180787949
376834655
457046304
277829431
329168478
353597502
