378731993
437408690
264316131
347987730
497808756
317502351
273046239
441167183
363746534
422941529
312261908
338595666
462457654
219523647
221905743
443875154
445941618
163888761
161605351
54509459
163800520
530035294
200804683
160608083
204977748
419510807
373024910
411970584
317794273
188046631
557853688
276528284
581257877
63256649
448833069
396432031
245678631
368325869
416921787
405348880
374433420
392557086
413170917
383435325
407809768
260887972
305278992
114938777
377674067
362912689
405144421
242950229
123490385
122070655
265830790
366386934
272999390
220573723
124958661
327419100
233124289
350231597
254542544
526932365
499930612
306969939
204888549
272626532
304939325
276411095
441129329
275784792
283307213
333353285
289150748
14798516
174596383
166232890
222052640
302096739
198767359
430186787
343510470
286624788
242117748
306280989
424108962
451191659
466297461
269749119
198593017
360455044
278783190
395462578
222744187
377980561
443369453
407456736
238889814
372668143
353161609
309805974
320048554
233885625
485485550
405478738
537118174
294974221
396613254
422492934
138178992
380809371
382310297
276670288
160272199
457890108
52327183
349636526
394048404
323601020
31106412
413630045
117574582
203871536
358405132
487956066
379411202
341282221
455681639
360443239
428871467
172239972
96845036
401778481
322689998
337756834
329222108
152951181
260207930
259884377
90984911
244982171
87087952
288525596
286563305
542599905
326728042
456738690
355948284
119307968
229613729
327013609
243567294
248079393
248612777
287586558
305533208
254759545
273657923
271518739
200513524
363092127
230208078
311249397
388308667
375353565
53303930
368617685
286966445
255399923
356950616
435311057
223831113
363915382
405825197
448756252
251460984
262512615
648669190
279585908
341500149
309102461
564977737
251207801
82932277
170299262
409423085
768594016
86149399
334091122
259222803
317822086
285260498
363732347
350832545
428498903
268537358
26842825
710076568
261731310
516237614
257302700
286362243
316210243
232625861
318775398
137444479
228129526
469689424
571169496
354969749
363036193
302702573
403225349
320514820
640930690
309501797
99392818
321734613
246973451
16617020
103773029
261033344
177255795
143213799
712756106
195157115
109204885
130052115
104431922
72955339
11333745
355379934
235727699
98287285
25065378
77255142
304581856
222524921
65783508
203733632
298195207
106841723
106322415
153256332
35862567
115224876
175300357
158641430
165204538
177649024
166557197
155979375
94113339
143299317
47934397
127249207
126126557
111505243
97959846
100522885
97677243
91199824
21795471
79105271
8807662
65793274
50563398
47449036
56151970
11308854
53379785
49452811
39802722
31360835
37016016
3176792
12185565
17383254
27092943
16815799
27693469
26739906
25044350
1762206
56674018
86379005
87344303
80868263
84725150
68369359
197288754
194714351
169348798
195798798
248432675
289184204
202756291
289138120
239678484
461134762
357237339
408652911
352496699
57777812
184607784
455879823
484025808
210000921
445863366
264073100
337585940
500738801
371435480
346653515
584992769
397113373
394505966
154410728
582804319
446928048
466809206
219759181
35420340
273192677
403741749
210691010
283763466
254459454
259537566
529095785
454817614
318677319
410863442
276116787
188008856
371655706
369023271
254470498
261879587
453980101
223945121
2356894
290796682
286035593
410430222
313474334
268857117
38276935
520274310
377495396
524370136
117420992
422064973
392678604
73477706
222072628
515823131
488259524
184634979
377205958
458916711
280674444
327629453
350699533
