378679550
435627853
265289611
351277298
500246905
315152228
273090085
444637511
362758470
421750895
309324763
340464443
467018954
217551636
221681797
441071896
443678928
162140964
162194045
54822229
159945317
526183286
199319349
162337528
205927617
417942669
374760555
413031777
318327232
186273231
556842533
279396633
579235562
67711649
449413245
395196700
245146402
368409111
419364958
404102707
373715199
395509957
415804396
384328061
409556487
260862547
305257118
113385932
377188733
364362871
406981158
246610425
126510284
119761001
262840370
361748254
273058323
219308403
127955555
327018693
234687525
348618678
254600415
524747762
496737953
303523575
205213573
271461923
303994476
276444394
435872396
279475029
281329702
332073694
289951031
15821127
174585050
162686147
219242320
300552593
201957476
426705704
344326437
288814713
241862093
306189067
421789333
447703440
462237313
266815344
195080251
363316357
279480421
395988917
219136540
380012295
440047378
410247472
236438676
372008976
351348228
309233420
318535597
233439693
483558667
407327850
529649620
297989308
393566090
418054373
138861527
379468773
379322287
276118628
158619859
453688254
55150899
348447684
393123569
325663819
31212308
407674780
117242826
202179296
357303425
489370939
379896866
343899331
456032603
358833485
428399755
174786176
93765502
395645494
323354616
337242634
326122857
155629493
255460454
256428322
92129542
241790511
89283136
287887524
283830768
540404799
328590668
459419222
355953841
121188055
225627881
325922140
245852681
247600455
249282022
287130191
301582460
258183370
270702005
269476160
202671275
362155154
229127929
309052314
383598488
377428492
53136875
367904647
285610888
255170110
357388409
432800163
223291015
363172181
408309735
449574958
253202905
261826757
648218955
281149662
344028159
310713456
568268810
251322864
82136004
168690742
410245981
775219262
84213205
336349311
257422864
317703265
286501456
361043453
352097107
428711464
268451190
29697202
719587690
261026892
516563308
259632864
286181849
315836286
231954308
314906288
133495162
224690892
468822713
574153594
354952753
362319034
302948691
399677945
321331400
654801581
309074825
99643052
319792054
245507464
18352712
102923810
260949239
176703673
142208724
724467571
193825540
111316936
128534846
102987942
72596269
9922209
355242124
235891496
96626759
25776624
74536425
300419765
223400300
67668858
204399859
297903313
105450799
103580641
154861129
38500496
118172367
176131228
160516178
164693979
176521370
162206329
153884466
91432301
142994219
48008173
129488409
126416590
109326939
98413610
100417496
100216208
91585613
22744929
80701285
8041911
65957840
50366615
46251532
57680255
14732149
51899018
46169299
41383640
28697235
38439995
5158741
14336014
15902699
27073610
20837614
23801824
23184269
21463462
5248743
49224689
76212863
76380216
76499436
75826264
65537144
188507511
183567440
172220474
191630621
247264070
286776035
202332842
284703590
238805440
457203772
355000285
411503601
354084216
57369563
184230052
454750532
482204407
207623285
448471447
263510027
337016945
495085595
373529902
349132400
582193739
393718666
396404160
158160224
582326407
445558428
467463334
218694616
32931075
272605115
402441395
210329472
281538388
252912216
259647268
526132362
451874797
316012113
411960760
273254520
190184490
371087918
369337151
254909024
264428362
450021032
223222162
5792138
289657092
285442229
415183365
315154888
266279668
35890418
518164910
379547862
522716873
117472461
423182963
393001091
75333034
223131662
519305030
488311123
179602177
377749530
458921429
281181202
327930854
353445394
