425261958
426131815
296951985
352117298
459240029
318228691
293416558
467715975
369845059
408410078
311838495
342566786
434976310
192355286
209996479
401869747
463580892
208489472
182247727
50967957
217599081
513021425
190383892
156383847
259473045
429706210
338766263
434333148
358988746
148839468
580366947
280239192
566233323
67086555
455769226
351090283
226956422
344016529
431890038
459475779
362297693
409543126
401654306
396841791
401113939
241394066
266548817
161262848
376681138
319409839
405887787
247407506
128284684
140087366
306844050
375381001
275097831
242883433
141418442
331650571
212030910
298382404
237725894
565002256
499909801
301121445
203053536
279971481
312427455
249498601
455981591
309257690
284179901
348369319
316570267
80709341
175442606
173134625
239599334
306144564
207002552
419938082
326885856
277058031
258148180
295007091
375115393
466350057
455867576
257400006
232755476
367064869
252175837
370888949
252063643
350438794
454791844
395587517
272655140
345064333
333922708
350913854
328686258
241604783
511050796
385362041
533071910
302975331
393086182
470582118
200569019
373993311
401047022
301716079
173501648
451017463
62649082
379506200
406321802
342173057
31945840
402395651
133526319
203205641
422374281
457285971
321977612
328123469
435558285
324500345
401445323
189006740
112065949
403891543
332531763
316845195
311382499
171776918
297477893
264370681
134158064
268412542
102758600
277837705
263504581
536577358
296562335
509659141
374603532
174984413
200959191
325548356
250231028
225183018
244053622
235759557
244843977
212708045
259688993
289271875
209377345
316821607
264571530
311646993
370002683
357870627
88844689
363701756
307354231
312193725
328654170
402708486
193876714
362685401
413526555
416517214
241082760
266260777
645398964
306102228
337657692
312576826
523916837
220925846
104876583
133969019
382931663
775805441
101930585
313918450
264706332
297088264
270744420
376764643
379266349
389843799
263993288
50458994
672016084
260185064
492824936
228871668
314226866
258163601
265586283
318031251
117240695
263842980
471915281
567449144
334692182
368863512
267670927
430375535
321229457
618177250
311330528
120654521
286047334
223953164
27205201
109359370
266561184
214829378
157274865
627950419
173981632
127757059
151095715
119360744
88672389
9125556
367117298
185401624
81469457
48040557
77869886
305097605
224825060
37358302
236759134
292226203
101941002
108416880
134954741
39844961
159705806
215439900
170284353
181416401
211114664
194768829
191184708
121973064
159720571
114814753
162996176
138579683
139150101
118608226
85644246
122435525
86526263
25940597
104195239
26632101
60954684
83470875
32572377
37209974
36614892
51602218
44447099
58897869
29116235
37526421
38857494
19757682
41030813
15136413
36134644
42435948
62612786
65612793
45140949
44090777
146030461
95052084
129924885
121096089
110305452
170003455
216355846
198765375
240139552
286672251
317845002
187869823
321592897
244206579
454283121
311680107
384366269
315552266
61301609
188517590
418421183
496210148
154195777
485515006
265984493
363838639
469380875
370257751
313287249
593819845
359103560
406163681
185916977
552818688
423552696
469730937
243986966
49908343
273854005
420154576
210924072
228826238
214471181
256619206
524003539
459216918
301451261
435771493
266740408
176800022
362874223
345088902
237504682
281703363
401785918
248726040
6187709
272437786
291272925
386959705
340577013
247647467
31298912
513206340
331806428
525264671
143150340
428418116
361496667
78888212
233114989
498799133
458335393
158218742
389375513
455715970
297236110
336581353
296983397
