378722436
434141855
263890187
350428053
500004775
316311079
270804349
448191949
362970511
421783300
309100121
341237427
469394128
214761696
221868794
443309637
449393363
165993019
163909302
55302927
159134951
524920732
195024531
162459092
203752624
418329946
371213936
414845169
315656684
187018573
551796007
277250454
576338228
65307863
449545483
395432510
243855452
367935969
420247120
402798524
373653724
397565135
418945049
384533020
410885517
259069178
306791572
113309482
378647585
364521377
410640699
248142203
123791211
117056901
263917097
362813679
270962593
220333771
129237309
329604550
236376254
347059371
251343560
524755883
496563811
303363820
204415095
272964989
304368572
276105201
433681269
276912058
280928145
332610054
289141821
16690546
175682911
167621682
217671483
298327320
205669669
426627700
343846931
289213110
241836870
308899242
424527173
449401783
455579791
266773915
192513170
363510850
279035404
397314909
215717549
380289532
437563275
408065107
235154943
370182966
350278084
308822265
319317465
235338177
482677518
407760697
524671146
298338698
390255709
417508219
137062226
380608126
379765898
273211691
156842682
452274656
52798618
348016850
389485644
322170861
32834160
405188372
120758416
200547641
357012877
487469656
381300909
342987266
456980758
356088000
426399023
174510032
92368063
391703650
324704227
337030932
323409428
157979453
257405080
256240537
89686956
242509232
92497383
288848029
281277160
532657853
329935379
458344103
356399955
123586905
228722883
322463532
247529392
247472403
246138584
287190246
299103795
256272620
272264181
267566952
204064154
361191839
227537110
308302539
383570649
376714579
50433033
367481132
284571722
255787202
354943490
431896546
222675213
359653384
405187001
447766663
255613047
261460625
647139247
283295675
345560474
310155552
571907021
249188149
86546503
166369969
407520362
787299883
86416177
337036247
257948729
318092320
286880010
363610251
354907842
425487697
265794734
31490880
730577648
258320786
518877933
259542246
286440473
311961831
232294748
317773864
133014290
224160896
471690925
581111429
354873364
364397144
303175022
397223821
320536638
665623185
308390288
101029327
319738684
247081334
21340249
102572147
262249285
179953416
143688758
728265422
193358207
112051652
128819575
103727724
72098399
8010788
356105154
236219163
96637661
25094387
74292974
298114947
222157957
66048039
205502686
293208822
103799861
103957577
156462604
39226375
118520789
178192891
160011118
166338635
179039481
159781009
151626628
94024790
143430328
52853551
128864293
125147594
110739850
98218337
102454992
101101933
90869326
23917868
79636656
8791746
62419473
52741882
46947045
56330757
15031827
49505047
44548695
38199452
28538211
39900451
5839006
14051086
14783659
25746909
19822267
25921585
23396507
20321926
6708742
42091495
68652197
68174533
65129737
64152456
64181830
181241653
177810238
170353833
190245722
243408911
280092877
198651459
284070475
239198454
459720944
351735557
409818912
354835212
59524040
187018160
457677232
483505473
208170517
449219457
262564562
336404615
496711725
370809670
349698738
583491034
395564852
395889429
156127783
584340131
445489228
468129634
220432406
33219516
270364474
404177584
207971578
278842424
252324374
259073258
526373218
452329019
312317611
414461858
274724696
187596664
368757226
369928594
254233835
265315420
449536570
218572733
5281175
288241588
284690250
415271118
315152438
262292017
36290676
520645762
377366736
517908581
119667267
425794165
391664230
72564186
223197832
520168774
488716716
181952711
377502271
457063122
278139743
328881114
355252819
