11674468626
6733579895
11641981186
10049882321
6361929209
8463351485
11402200255
12887872428
14762265002
12483667111
9796948710
7373061741
10549464746
7652380497
6794548317
7392878445
11916829262
7000748246
7071386597
14292722401
10920908044
13291348022
5630930547
14154108220
9322266831
2318013910
9452852399
7560420386
10845780060
14056175919
8298690364
10854270950
9685718446
5914893428
8560568022
11144273073
6339457987
7942019859
10002998223
9229507368
12633399509
5042491452
11489022966
11110664669
10908137610
11341019648
11033978493
7522495099
8063391519
6393686184
8925035723
13280806225
10717042958
12195450085
12116826962
8401488585
7623475803
9009029981
10873101649
10275381180
10725903561
6740223721
10256896867
5696707453
12715082906
7503272771
11076056022
9777370187
6747004079
5046066316
12614318849
7914165575
14515311508
10940917861
9642652483
6844325024
8276233663
12285119890
11181656053
11620008912
9045473977
6816902089
5448363606
6961012547
13213276447
7762088451
6587564151
8285193885
7794432964
6414556476
11768178814
7698241675
9511259261
8225488013
5081836772
6589920758
4090707204
6932938173
5988215971
5929954666
6351737874
5168717991
10053813696
9416668566
2606797878
9454305571
9029550764
8801665889
6775806915
6990033718
7754748825
5728238513
7251690577
5230678504
6422633984
6864515138
6531533354
5755505829
5298391662
4180757083
4355333489
3897051120
3794462574
4345479263
2248927004
5240704274
1884229336
4759825751
4402476634
3904334871
4171392876
569034892
3806580359
5151788262
6237888064
6457734236
6117766000
5805957117
5476680271
5087314738
4670286180
5174377297
4486813157
4696668339
4579485274
5111671056
4498688055
3307015351
2506664105
1999476198
4063464130
3363648297
2728110816
5076056688
5657286212
6127238080
5898656585
5121746119
6394873933
5296044394
4693886473
6183353557
6035631611
6555927377
6642938916
6397035706
4295107358
6059820188
3668438138
5929597794
5219906413
4302896677
5100714191
4706892863
3899735170
4239846086
3912515042
3406306846
3585046842
4008438110
4221209597
3397652833
5449576488
5766109163
3957500549
68787922
4726075191
2720855520
5148194998
5036643200
4552309803
4845023085
5944155275
7587310814
3372747549
3914230207
7116427349
10338347194
6649628974
9095919598
6341685301
8133635638
7323147020
10375841584
12724750473
4564563411
6595524137
9368680794
11234652430
11688984613
6838572695
10953203197
15251547569
4094253903
8645672756
11217679315
14361298845
11992110123
12433073445
9778959843
7761459152
11381049173
13462634654
4580329732
9490443962
6717930350
19480094700
10919823277
11171659973
6659127756
28978612775
5080763367
8696322684
5997142460
7602104033
14559445384
13843263687
18677395151
12000302141
9458096532
23178006648
9029617416
12193271113
19365895763
12417818366
27405367498
11564984329
14299062649
25462277836
7233457868
34339194520
12448859103
6892476142
9767406457
8794425931
19983351188
4679571702
9492634646
22268292163
9277337569
1311719738
9640472824
21924620477
8561878430
10147227770
10152175113
8555035516
11571473279
9372878432
6841728532
18366225152
10858959755
8669591023
13313739158
18428305827
9205047403
8198792545
11827033883
6491400125
7636157347
10508893616
16309834078
8319884296
11740963875
8358227499
16213695694
8547235774
17139138272
5804289323
10322385880
3985309920
6841067767
6630046075
7739715158
11043944357
12701121071
4932366929
5158539432
6069323334
9929688414
9117075265
12679233973
9340815338
9560176655
8661895064
14062962281
7507519217
13752109360
11174909464
9594500768
10550937279
10251999066
9726522664
7581406571
8532014611
7875002176
9989032648
6939158069
8243876488
12840081557
11674861768
9884843162
7147921633
8924372239
6298723692
8608394564
6283048599
6036480509
12329604885
11320743689
9958650044
11161648907
5493639265
7935703035
10843321092
9310788268
5378852630
5540475672
9726866653
13089619923
10093765411
10853309365
6857110119
10018374303
12591916186
10453621143
4846995933
8218657662
10298408692
8144606814
9790968039
8428119872
5338935876
11054837388
11598542793
8640643304
5403321835
9789859561
11657966812
5942108914
10028043829
8214013243
6807738234
11193439355
6416939686
