11669311560
6788458323
11624432887
10018105641
6349913722
8457323498
11454067564
12890231366
14811383492
12465511036
9822930134
7361308713
10557247808
7643432761
6782842651
7390901980
11908487424
6953307276
7039541264
14312182304
10911891922
13317809445
5600647607
14111468298
9287627820
2304654104
9416324615
7548003451
10855613717
14090754395
8280392689
10871988857
9646132888
5900050966
8537520635
11104522264
6372411577
7953186009
10018952313
9228548402
12677796910
5120776422
11491365707
11124959126
10955363496
11374436646
10992713911
7547404261
8048666034
6420065759
8992820959
13249203921
10704511621
12165448456
12144136446
8362273512
7657278251
8991022311
10834606601
10308087373
10687862214
6745811188
10257345340
5724021452
12740492149
7501549223
11042443552
9805667517
6738776407
5034425606
12591110828
7971596790
14508725178
10946668842
9680928130
6868613675
8221530539
12331831789
11197258375
11648019480
9097395149
6762814718
5411057924
6971981048
13198997409
7764598286
6587021708
8260799634
7730924132
6415078945
11792416783
7673020851
9519197560
8160753780
5077350245
6591867283
4079382932
6918039595
5995969438
5922317525
6415340148
5133046804
9994744908
9403052028
2590228088
9316234398
9056989880
8847023288
6854706445
6967442993
7734855716
5683018745
7223179350
5237270632
6409027265
6751142563
6468749432
5724987014
5293650052
4129076276
4318464355
3890082881
3826971949
4319369845
2291896480
5147380189
1914034093
4761818791
4468267176
3902235200
4226513816
613633768
3762465185
5153021277
6224221935
6320430931
6074882351
5761888912
5483469955
5064312178
4704343408
5149494993
4442123096
4712964062
4621528412
4963448934
4515200836
3250782044
2489842978
2034807427
3975977396
3342722191
2731110680
5092790200
5621671465
6068339466
5870511609
5150589281
6360114349
5321831647
4655475215
6162320159
6021435618
6543662494
6580517204
6373028828
4252056600
6036629746
3605166058
5826824514
5212330873
4298092625
4952015455
4687094215
3855664621
4208351284
3905304114
3389193276
3590139732
4007468966
4137860532
3427491426
5480096263
5694077490
3983654359
107196208
4718275829
2778193104
5173526958
5034500029
4524896577
4857163061
5917238491
7582232053
3368374679
3914185629
7102690781
10398786324
6598027072
9071722472
6383961634
8167720273
7358505908
10373419070
12781452786
4529954210
6588524934
9376887737
11238985124
11761970687
6842618702
10990507214
15319128369
4052458896
8660429121
11249826903
14524274127
11992232988
12382856665
9705998112
7789210930
11373337932
13595589160
4634313140
9509852708
6728847223
19707369599
10890991222
11126940504
6690510591
29351861966
5052596149
8731502057
6003769313
7561259428
14569784197
13786002039
18886756722
11963321450
9429769711
23431753994
8981775116
12214625559
19502984433
12422029637
27614783258
11537616333
14292576359
25590304536
7244654525
34820533320
12414285958
6928385864
9759090261
8824679274
20043505280
4665369643
9507790941
22416688847
9310515228
1300490875
9602569682
22154643395
8548450098
10130653777
10144246365
8561272056
11578375578
9336453892
6782240929
18500165675
10878099020
8708841761
13306801495
18542909937
9217312948
8210714721
11830434185
6527930869
7616729099
10538196050
16388806034
8330402827
11742095457
8309000600
16195446033
8525318250
17141809791
5824078205
10321469334
4005101659
6886486464
6652262476
7732367022
11023588772
12698074913
4931343886
5169699053
6058294496
9943191588
9118192587
12686811371
9301281739
9538124165
8655719402
14060923445
7530341639
13765911829
11183683571
9578389488
10586246431
10265036663
9709988347
7595031647
8536438700
7835288851
9986856826
6964602515
8220402091
12841604530
11681986851
9865653958
7101831444
8910806691
6269928363
8581166888
6200668210
6046232707
12271964495
11295383259
9979924118
11202777467
5532841126
7985313065
10834621497
9344440080
5326160837
5632106291
9680574696
13106842319
10104342551
10849837259
6884537488
10051456998
12604387927
10451700855
4839764712
8202352558
10357504497
8131275524
9744078720
8437793663
5362101017
11028147337
11577682244
8622860609
5395852234
9773782244
11698785343
5919083808
10019853939
8213631180
6784606631
11227114416
6391259655
