11690757863
6775984540
11653139020
10015068931
6339447127
8451762577
11411796036
12904819389
14798159563
12498925413
9811380646
7375384619
10540221040
7661126313
6804135696
7411065268
11925646522
6973732216
7048356246
14287670302
10905892956
13316347760
5613540980
14145638267
9305719155
2295437340
9429371943
7572025903
10847158104
14071038005
8306716940
10858618194
9644454390
5909585642
8520352674
11094213836
6355546639
7961970633
10012274678
9244009660
12659506966
5068937325
11513291820
11120620043
10931933366
11356095842
11021393027
7531496374
8068260187
6387753448
8957288762
13253430884
10663016068
12182757790
12122942358
8392360815
7618560585
8976330492
10850429723
10312329838
10715740359
6712859240
10254654945
5708598850
12748899352
7503962826
11065968504
9793882804
6752548767
5053574787
12603163582
7955814954
14515279741
10921623912
9637534738
6862201270
8258508205
12297232805
11182224675
11642033532
9073568182
6812844377
5418042342
7006898117
13185826625
7743844497
6580879811
8278230989
7776751643
6432745137
11766884059
7677857752
9512926505
8182615150
5065732759
6595186096
4066100043
6935446395
5981651003
5929981202
6400500312
5163040787
10000239560
9404041463
2598711988
9347172855
9037959388
8811637056
6823308575
6989421253
7730275339
5689496819
7246173714
5217967347
6384414219
6789158516
6474456479
5726619935
5288094580
4163951870
4342576293
3886381853
3803361459
4308124450
2277917183
5151388664
1900609889
4725108783
4428115222
3930699010
4190062021
561132325
3783636175
5164176708
6218871487
6379147668
6081863770
5780936996
5467801431
5097235252
4674326290
5146666006
4471242831
4708149759
4613883549
5034964127
4519348295
3292317467
2496335593
2032536816
4018442118
3349814452
2750760640
5093850549
5648239073
6074857849
5885966906
5113509126
6364738241
5298729407
4667011800
6166176653
6028830821
6551581138
6604631323
6352414744
4271587431
6063590459
3603682959
5867314458
5232017004
4293646171
5019854297
4668757598
3900576570
4213846690
3928863614
3374817959
3613958183
3980008058
4195439930
3436540235
5462877748
5762805672
3963375206
74453421
4714531495
2763447614
5155997182
5067665970
4545297079
4847726830
5952280918
7563052783
3381875240
3922542440
7105351979
10362125708
6623545931
9082731224
6345174991
8173001100
7358007620
10368675749
12779776285
4538666887
6591560577
9364558931
11232841542
11720027514
6845485055
10994162427
15294314460
4058710984
8673667148
11241621872
14429773057
11964912035
12411698370
9741226843
7775400467
11395990402
13535753943
4603250781
9519155817
6728348992
19599322499
10899098949
11133454447
6673535849
29212833242
5048329522
8721774653
6023804219
7575373837
14564111821
13843236217
18795065638
11992615346
9400917982
23325388909
8979625534
12217042890
19468474248
12400666331
27551110345
11549129556
14302947769
25559550453
7252112818
34608256131
12408882738
6917635788
9781149760
8782486751
20006008324
4659393303
9469171450
22339412014
9304825113
1295436349
9615236509
22084187288
8567288891
10149026878
10150795396
8565559469
11565736002
9344786870
6812611982
18456523688
10854837775
8694085426
13335332969
18523979779
9206916022
8189633927
11824062936
6481116371
7630659007
10534458550
16354899747
8331895525
11726104280
8297297240
16198963360
8532500766
17165284990
5849221733
10345158348
3987615840
6854998900
6622240913
7736412788
11029851043
12694012359
4916167059
5142491707
6095974373
9912806341
9132591092
12686588873
9291434481
9569639602
8668650821
14061789301
7501337001
13777607137
11189468002
9606189355
10581951071
10265674616
9722244303
7587642914
8540618238
7861964990
9990497234
6976559801
8227187461
12815057652
11654224209
9839777097
7137577728
8924059822
6281881910
8593375643
6246646284
6036410400
12282514162
11300666962
9934951149
11168149617
5517652756
7971145847
10844604168
9333058088
5379569761
5607062633
9695117026
13095671764
10100499663
10869571601
6878257970
10038056790
12592085772
10446231173
4840278088
8189008920
10332363570
8116757719
9781085769
8469659901
5382643761
11043395129
11584166167
8637955741
5424151148
9778154028
11687586588
5886852836
10019058712
8208394581
6794233569
11216076120
6387246788
