11673097972
6735590108
11644439733
10045515967
6356144647
8461691513
11399518045
12887169477
14763701464
12484538143
9798867283
7373028117
10547147613
7647577696
6796376179
7396604085
11912628624
7002984593
7067301937
14296494910
10918451806
13292859728
5633128940
14151467907
9317450806
2317189212
9448253148
7553925412
10844717846
14051198330
8296862215
10856261773
9687483337
5913631092
8553879086
11144806866
6341257179
7941612679
9998699224
9231259989
12635519000
5039578465
11490516254
11115623587
10903756094
11346802330
11035830518
7521124512
8058398440
6386294386
8926285204
13278163669
10719941295
12201443056
12124378386
8401178369
7618824761
9016784484
10865172121
10274575923
10724860074
6732695322
10250630123
5694750176
12711102971
7506303997
11084544453
9779636486
6751646872
5048445899
12611742703
7916576377
14514331354
10943127361
9638817860
6845044236
8274995640
12285143857
11179867798
11620463334
9048428526
6810070482
5447286362
6963499605
13217516606
7761766569
6580071040
8280522343
7791281616
6412197146
11768209778
7690826744
9509957025
8220028281
5075944136
6591315428
4088125611
6939746729
5984517297
5932223599
6358818531
5164049328
10040610005
9417433476
2609742758
9434416334
9023826993
8800169312
6775252339
6986459964
7749437002
5729009820
7248088217
5227889914
6426435420
6843477742
6516739785
5753089079
5298563296
4180061312
4354649942
3895231973
3796373512
4344470057
2244925716
5217762551
1886330024
4758952233
4401852407
3907085205
4178973068
564310685
3805103558
5145324178
6239679124
6441214409
6119007154
5810082450
5483443901
5088941112
4671469773
5163440773
4485640077
4697316143
4583631885
5093140245
4500499712
3313152310
2506987363
2000344020
4051332547
3369669212
2729458140
5076976849
5658081696
6124304243
5900535863
5120088708
6391544210
5301259682
4695572209
6190334019
6035445253
6558407248
6641864545
6391167424
4294938003
6054189291
3667519780
5915963613
5224753129
4303409782
5081009753
4711895957
3896020942
4237983948
3901657773
3401366281
3585040122
4007972666
4211150821
3400605002
5446116071
5759965499
3955897717
69182803
4727241156
2719530035
5154570304
5038571860
4546762103
4844127214
5950213958
7592993705
3377304086
3917001003
7114972771
10341821132
6647121451
9095954176
6348530028
8137360118
7327467945
10380302789
12738028921
4554736419
6593079167
9368622522
11237120277
11697692572
6835413862
10958814631
15267682807
4092641193
8643209634
11219753956
14385577555
11991824229
12434020778
9775523491
7760868068
11383610627
13489647018
4579780238
9489774594
6720048801
19503969960
10917065300
11171417831
6651356306
29026083346
5079301696
8695656458
5999294551
7601173622
14560244209
13843995841
18705802120
12002085767
9457598897
23215285048
9024672783
12196554066
19388285029
12412537499
27435531381
11561443476
14298002315
25493646929
7225182145
34407383081
12447520291
6895158088
9768289193
8791385789
19986829402
4684617930
9492095431
22292534195
9276401488
1314841209
9637225809
21957601531
8559569523
10148819450
10151861810
8557780968
11569587183
9374815612
6840566067
18385030407
10857343319
8674739343
13317216068
18439580973
9202968983
8198887988
11826474668
6493655750
7627333655
10511163121
16320876224
8323872145
11743036745
8355554212
16214117281
8548340661
17157452841
5808089526
10324589133
3981519916
6843729738
6633134562
7733980166
11040392627
12705645664
4935134461
5161596089
6061876981
9931890334
9116412655
12680729898
9330628824
9567351840
8661718787
14066642427
7505865240
13755159946
11179908965
9604900070
10550572379
10256132802
9729033895
7582771264
8532308796
7878208151
9988452394
6934509312
8240217143
12838595789
11673340149
9883038553
7151223076
8919471030
6300602583
8608970802
6285418303
6032668017
12323196953
11317183028
9956243573
11157648987
5499794874
7934821266
10840844573
9309724097
5373897742
5542309272
9724262326
13088563555
10088506814
10853766334
6853919031
10021370278
12592419452
10453465598
4848097427
8217502993
10299522921
8140940499
9789455153
8427170296
5343381229
11057253840
11598555545
8645982658
5400937795
9786749154
11652915465
5939600701
10020343249
8221920250
6800831912
11197955345
6409069952
