11674591006
6732182685
11642291367
10050662711
6361410681
8464603864
11403660947
12888937866
14762917197
12483572281
9797879153
7373315616
10551675090
7653793415
6794532161
7392708323
11916388389
7000704806
7070459213
14293721840
10920092744
13291401155
5630818170
14154513514
9322112213
2318700782
9452275453
7561361486
10846170090
14055022172
8297863299
10855117015
9685575783
5913676041
8561595774
11143638253
6337567558
7942379413
10003520773
9228183331
12633958587
5042723582
11489525422
11110539072
10907992762
11341683134
11034581120
7522958093
8064910112
6391462098
8924199222
13279252955
10715592869
12193868878
12118584500
8400997760
7623358786
9008018840
10872553519
10274591665
10725529803
6741530435
10256867018
5696443189
12715509889
7502333348
11076844006
9776178922
6746919995
5046856136
12617124534
7915023641
14515195827
10940858126
9642804048
6843930133
8276565351
12285524519
11181536506
11620863599
9046053750
6817001488
5449666439
6961024520
13213945503
7762773689
6587465455
8282816126
7794303396
6416649690
11767617111
7697967166
9508520094
8225039486
5081756787
6590270676
4091296798
6934477167
5988823989
5929624996
6352658862
5167531140
10053381931
9416023654
2606555309
9455747582
9028651380
8802122129
6777225721
6989458467
7754209650
5728128983
7251268621
5229152186
6423367616
6864870912
6533722514
5754634483
5297379585
4180390087
4357047209
3896481833
3797306026
4345478978
2248107789
5241738501
1884169658
4759782295
4402820128
3904044266
4172522057
569236545
3807193887
5151081475
6239511822
6457240185
6119103498
5806217970
5475440352
5087131596
4671418449
5174669256
4489234229
4696696708
4578374460
5113760557
4498818337
3307652141
2506511151
1999308413
4064233902
3361957488
2727709655
5076176432
5659810193
6128145885
5898214406
5120774641
6394524008
5294906595
4694286270
6183636141
6035656685
6556298012
6643614683
6396651486
4295095174
6060477461
3669475517
5928117942
5220473363
4303811580
5101727327
4707567518
3898685242
4240139867
3911476979
3404459823
3584843132
4009516053
4221809489
3398186534
5450345594
5764654515
3958076238
70408775
4726760780
2721563227
5147504429
5036303046
4551943835
4845596137
5944860321
7585959323
3371469864
3913382653
7116222583
10337789150
6648597456
9097304508
6341357110
8132805545
7322644032
10376919095
12722727779
4565005380
6597388887
9367892799
11233253885
11689079034
6840401031
10953547092
15251109384
4094162126
8645227722
11218120246
14360443035
11991504737
12433980300
9779371034
7761671666
11380497237
13462151595
4581337172
9490518198
6717984528
19478520026
10920145312
11171069416
6658849779
28976492097
5080247975
8695332257
5996138745
7602458529
14560871786
13843917719
18677842869
11999365209
9457996348
23175321771
9030821879
12191605346
19363914054
12418727890
27403175557
11565387583
14298693614
25460502476
7233015467
34335231977
12447479315
6893254875
9768027571
8793236495
19983327248
4680390750
9492294542
22266773386
9276322273
1311619186
9640575336
21921538656
8560647654
10146330726
10153785291
8555917653
11571433090
9373787520
6841309182
18365351229
10859767632
8666747806
13313648938
18426234092
9206365797
8200052471
11827004418
6492280486
7635968096
10510366468
16309943406
8322376515
11740961482
8359866458
16211840433
8546793913
17139255802
5804099246
10320747456
3985441557
6839990352
6629066463
7738749355
11044245964
12701615112
4934165375
5159168161
6068922926
9928431819
9116622568
12677924724
9340838095
9560461025
8661755202
14062897940
7509432721
13753620275
11175397217
9595266564
10549632853
10251462905
9725553268
7580716142
8530995564
7877256054
9988454417
6939923685
8243796621
12838767654
11674899518
9886228011
7146630813
8925574128
6299701620
8610125127
6281589284
6035219586
12329752979
11320873391
9959211513
11162055722
5492624046
7934409096
10842940929
9310468495
5376828750
5541003348
9727784282
13088954730
10093453623
10852877430
6856714344
10017132264
12592254972
10452968919
4849107371
8216871739
10297416355
8144457480
9791473294
8429930874
5339086746
11054113730
11599373915
8640089368
5402676254
9791153083
11658326645
5942934637
10028257439
8213587967
6807021342
11193433696
6416898650
