11676637522
6732588400
11639272364
10049661984
6360104467
8462119871
11401835074
12887324464
14761771357
12485364806
9797634757
7372277888
10548633940
7652982997
6794133431
7392517613
11916051385
7002487780
7070989744
14292365119
10921420841
13293114819
5631076831
14151272277
9322558529
2317235751
9452400854
7561673761
10846834226
14057139126
8298777354
10853355568
9687259091
5915781866
8561220090
11144692525
6338604017
7942534174
10004508538
9229245784
12633891106
5042526397
11489234972
11111765608
10906165852
11341261350
11035459605
7521051167
8063261509
6392624313
8924876575
13280545242
10718546990
12195417619
12119226690
8401745010
7620313172
9008654614
10872550819
10275307484
10726399562
6739085874
10255783194
5696863341
12716269075
7502329946
11075027663
9777904224
6748538333
5045000652
12614125199
7913138637
14515303393
10940924871
9639626685
6844143376
8275051110
12286648955
11181290601
11619325930
9045119801
6817194178
5449880660
6960940413
13213053905
7762956476
6587917983
8285593048
7794604685
6413507211
11767921464
7696699093
9512760978
8224303226
5082908442
6589966828
4092086956
6934589635
5987498450
5928381710
6354908716
5167972189
10054334706
9418365053
2606493749
9452242607
9030145841
8799827364
6776688799
6990874765
7752785520
5726662505
7251077826
5229506860
6422297848
6862020043
6530274832
5756586399
5299250877
4180560050
4355583407
3896618259
3793796547
4347381710
2247883058
5237972517
1884890500
4758402592
4400963655
3902266214
4172290644
568528144
3808339716
5150043283
6238388831
6459103916
6116566485
5808936935
5477726003
5086487881
4671161510
5174187003
4487811185
4695479263
4577866979
5110164062
4499121438
3308201287
2506427982
2001684136
4061615891
3366406396
2727471676
5077406925
5657942522
6128028133
5901640209
5122127678
6395014419
5296950082
4691678224
6185859580
6034262734
6557309445
6643142380
6397570198
4295706799
6057285819
3668933202
5929154670
5221826825
4301760417
5099722970
4707459161
3899502290
4241002597
3913205034
3404752595
3582025864
4008430950
4220624414
3398223750
5448559969
5764230611
3957229068
67505514
4728234983
2719401323
5148469462
5038198245
4552386073
4845239285
5944249562
7587781120
3373417226
3914003321
7114808504
10338078962
6649084647
9096292234
6342749550
8132970118
7322664827
10375292862
12726108005
4563915635
6596137758
9368038765
11236464608
11691148115
6838642120
10952997305
15253214341
4096530825
8646461758
11218020934
14364420591
11992426144
12434750186
9779043722
7760279015
11380973136
13464116848
4581833475
9490273809
6719736041
19481943611
10920814575
11172884414
6656993449
28983175766
5077978517
8696051044
6000388229
7602990551
14558233271
13841337931
18680308707
11998480689
9459632348
23181751775
9027964387
12194895625
19369000703
12418082656
27407451072
11564112278
14298169195
25464950763
7232270596
34344589145
12449172211
6894704680
9768482177
8793508099
19985377378
4680991154
9493818796
22270029548
9277548595
1310486530
9638291769
21927953839
8562448526
10146812532
10153961341
8556599301
11571354759
9373540239
6842175922
18367571091
10858021839
8670981255
13315139305
18428742876
9206294098
8199245979
11827957755
6489229630
7635045688
10508360865
16310119058
8321024040
11739891090
8357622572
16213334464
8547067775
17140282437
5804616222
10322140087
3986398993
6841577658
6629984647
7739140794
11043557564
12700992320
4931842259
5159568582
6067400694
9930394540
9115788115
12677957735
9339672338
9559900637
8661981154
14064556384
7506996389
13750413749
11176195145
9593624278
10551161977
10253289538
9724779060
7582805370
8532839737
7876805030
9991077281
6940161414
8245008309
12840856064
11676426709
9884316773
7149962210
8921701476
6297478143
8609977299
6284396008
6035517877
12327984220
11319259576
9957332343
11159978407
5491860434
7934541736
10844476358
9312123014
5378997813
5540001587
9726450103
13091163075
10092175219
10853219196
6855484529
10019920582
12593634329
10453670747
4846831629
8216872626
10297443487
8142734617
9792502047
8429667216
5341458998
11054061239
11598095657
8641211370
5402652705
9789822830
11656619448
5940915130
10027318528
8214068815
6808728648
11194150187
6415510958
