11674415232
6731070803
11640402743
10049160497
6360647431
8465522428
11401869001
12890117542
14765283726
12481978042
9801970209
7373326605
10550733745
7653912334
6794643468
7396457304
11914459315
7004074164
7067265574
14288663578
10913011057
13292315334
5635317421
14154535537
9328342774
2322135174
9452028548
7558876997
10845627631
14055181828
8303144894
10857147596
9680491475
5916472491
8560650213
11142053757
6334377768
7941293746
10004717552
9220249093
12629299627
5038077300
11485041260
11108070332
10902029164
11343668988
11031007111
7520650066
8065251152
6389637523
8924173723
13281708299
10721658348
12189535655
12117172737
8400026648
7622091384
9006613540
10879651763
10274687810
10731580419
6739431112
10253120215
5697722222
12716604181
7503680011
11085065072
9776694964
6749640928
5046896361
12620389552
7915230536
14512591244
10941079934
9646314902
6839335791
8281582766
12283267252
11178768249
11619882497
9045532447
6818366228
5450190522
6958159605
13215145264
7755016085
6590092425
8282507674
7790911774
6419432580
11770209658
7693539301
9512516291
8227469016
5084343988
6586229316
4088590977
6940810076
5989442223
5924389129
6347784432
5167468488
10054341086
9412146116
2608454958
9456287112
9023634890
8805626953
6771227979
6990159245
7754992724
5726606446
7247620393
5229000186
6428514664
6872012788
6538404698
5755371516
5293025525
4184170036
4354807245
3896593151
3802532993
4339607265
2246154412
5246817078
1887908534
4760824072
4397251908
3899552389
4171566581
569118958
3809144548
5146349352
6243414419
6462585430
6122039901
5806930802
5472344162
5092232105
4670292229
5174706158
4492283492
4691324936
4580847314
5114983065
4506162345
3307751770
2506754664
1998928290
4064999343
3362642662
2730642686
5075772902
5662033398
6128415270
5900202412
5118511108
6397377759
5301552947
4697263630
6184603596
6036766093
6558486804
6646961010
6391601139
4292812691
6057011443
3672458839
5930546640
5221711588
4306600061
5104658073
4710061941
3898604679
4242268082
3907134525
3410218476
3586751284
4013474774
4215350635
3399692265
5451627822
5761655611
3957117181
69616428
4729469844
2723412559
5149084308
5034652563
4550950745
4845540918
5941976576
7581988665
3379144944
3913310363
7115040524
10331271138
6641199549
9094248416
6341549860
8127869712
7317611582
10369253763
12712035318
4566561131
6601103260
9365796598
11231561692
11676758081
6840270677
10949040077
15241610474
4100100314
8645606461
11216502763
14344877085
11991343446
12436007163
9777072329
7766048340
11379236208
13443810677
4580716813
9490210291
6717653683
19460963522
10916045985
11173906166
6655944644
28947632617
5082587995
8694423892
5998141672
7604356708
14561063246
13844963327
18662341671
12001229317
9458153346
23152572523
9027902819
12192935261
19353511875
12419579224
27388410903
11567670191
14301625984
25443201502
7235621984
34297546780
12450457107
6896123156
9763614890
8799385185
19984580575
4678253293
9487738467
22252945762
9271302277
1311855233
9641397634
21897879120
8557575527
10140624004
10148801304
8558615040
11566729477
9377926171
6841835941
18358530173
10853827492
8670226151
13316205842
18423636653
9203143880
8197956472
11826697818
6493255500
7628332207
10507166115
16304961652
8329297409
11744300203
8357817125
16206792263
8542657035
17136801354
5800885576
10322209129
3988037091
6837097898
6628054909
7733130087
11045442714
12704190805
4936978754
5151560380
6068579641
9925662671
9115227586
12674050309
9337721252
9557589497
8659328813
14060614548
7508572688
13750237751
11174550568
9595214424
10549106201
10253435080
9721456843
7582043051
8531734857
7876209515
9989133117
6935721499
8245231240
12832813014
11672579374
9886699447
7147680142
8929106551
6293060594
8608872389
6284796945
6037838016
12327967505
11323084754
9952362358
11159452730
5493175927
7936593394
10846076023
9310724077
5378692068
5540039661
9727542500
13083292113
10095589748
10848747373
6855484078
10009911019
12585809690
10453446273
4849219180
8213874082
10301586951
8141272897
9799607184
8426796276
5339199064
11054894270
11600668783
8642381750
5402255647
9795605097
11659435383
5934106937
10027943360
8208256469
6811245092
11195464282
6419297865
