11101965034
7123157193
11196874756
10205142433
6453123289
9401726640
9116387260
12867312771
13602347367
13428275365
8471691394
10115828876
10729407277
8054539485
7231513188
7590104132
12477611574
6263561464
5664530522
14596946999
11513633307
13002093451
5278082657
14464979844
8395626426
4302084544
9586145772
6808557191
10185660358
12182461713
7523585422
9917285624
9201673014
6839250169
8823965685
11073634741
6676315169
7479439372
10341713822
8795766765
12224237692
5319878255
11295069502
10004466507
9453671618
10447635278
11392076428
7581810433
7959093201
5672801396
9378624466
12571514026
10263721482
11398615057
11765636246
8346047149
7637631043
7748186041
10308714197
9904304152
10118249889
6087783747
11213683169
6993916179
11918423216
8241177175
9697209519
9693991665
6708661128
4440498808
11548013076
8216075403
13305040587
10522913319
9512136410
7773522273
9190989411
11848031853
11946486235
11851492963
9287417777
7505290237
6588479724
8111122255
12825681243
8816897661
6237725689
7914350579
7720085926
7125840708
10488669189
8874351968
7512807540
7635582298
7312833526
8551711106
4207339078
6548504903
7628455445
6105682265
6821474166
4712819689
10238124270
9159523857
3538077887
9151630140
8949156284
8338167991
8899148210
8562918512
8205297437
6552185603
6756614611
5678582281
6917638657
6081626629
6864456499
6447633638
5475008898
4057040011
4914485703
3396873949
4674974045
5178566744
4113598887
5071816480
2539137303
4041549274
4893213405
4568007131
3487038844
1935579297
3319988466
4507397099
4754066119
6032993141
6191856626
6979712786
6653506142
5758001949
6521052343
5448520129
6109600002
5365142602
5128521922
5302442333
3699544435
3307420963
2388072946
4453615302
3971013770
2980123057
4358731835
5861879085
6032984995
6172005827
5428467711
5435047882
6068257327
4680223874
5683395470
6070245461
7531715801
6175276795
5024636492
6791794381
5503312717
5527414398
3434258265
5715755696
5568354069
5163785895
4894621020
4914253613
4495671863
4626804774
3812292124
3079156294
3680645410
4428672622
3328661127
5081234238
5667803254
5139191655
5428120741
1747859531
5088714722
4267875126
3328965530
5649129574
6182208964
4105287849
5350121783
6136656458
4390542252
7011161158
7130483462
9717079140
6756158539
9921178127
7900391981
10046009944
8962592411
9707805910
13111135870
6606858820
6837327026
9748124983
11728484814
11651959953
7453883289
11696932875
14030158875
3065044687
8005109210
10401350032
15128998687
12742745477
11287189595
9522182662
8713799049
10878213593
13334427260
5046966766
9048004050
5532986512
18578011387
10657255286
11438291591
6936181482
28068033637
6866629589
9942263397
6245018672
7290791446
14262897586
12779073192
18938458583
13937921572
9471033888
20566317162
7826200400
12770209689
16937142960
12326450627
27250900288
9218680333
13585375629
24150253067
8663387260
30177026381
11762008296
7637341008
9175347226
9686870241
18778871022
3857666203
10442493760
19686202858
10630605432
2725338301
10195445730
19471462500
8716805764
9778012943
9281315227
7988789968
10408156968
7789190567
7039813870
15205328235
11123502982
9948360910
13583533931
16447417238
8763474715
8683545943
11017216256
8080941791
7282456734
10960997140
16550408278
7504697429
12711740203
8571056276
14176829679
8710117297
16745731108
7204189489
9472363793
4415677937
8123417259
6105747843
8441867412
9708292570
12921895191
6478255203
6282970424
7081912827
10099958543
9919551350
11841366265
10192401092
10127116599
8880677058
13495316350
8089539664
12388100142
10965197397
10561738588
10929075172
10019307236
9025770004
7808042261
9307506100
9314803980
10723089723
6322529334
8235879806
11368757035
11757311278
9663210744
9051130769
8923568836
6254206105
9342290759
6579713283
5966091220
10835394425
10587123552
10226030380
11095051583
5395192874
8413439241
12347664989
10029375130
5193978552
5658736753
10441951657
12886077269
10652891981
9272449630
6788667121
9688534405
12480605679
10326038176
7777090114
8548450677
8333639904
9534168494
9212400220
9673425733
5962889710
11449766125
12291555080
8332043825
7389173265
9569526663
10870421439
6276634913
10742112510
7476893480
7272361994
10682871286
6557244414
