11673873432
6728217887
11639781115
10047626287
6358034970
8468178287
11403049149
12892080359
14764013328
12483291118
9800375399
7371297876
10548581770
7648491887
6794277776
7397871081
11917876059
7002237128
7064124320
14291489433
10914053034
13292708296
5632992785
14155408747
9329572299
2322827503
9449308998
7560861592
10846280465
14057171078
8299953408
10857507259
9679340643
5916681939
8557367064
11143561515
6334453053
7940430929
10004586243
9217487032
12631576554
5036956624
11485024761
11108267192
10903082300
11343340984
11031880535
7519000196
8066158713
6389082455
8927180599
13283082171
10720763071
12189405720
12117188574
8398107420
7623773712
9006803628
10879683697
10272496480
10730322335
6735971049
10251400306
5699170953
12714713506
7504407202
11083333525
9777181923
6750799136
5047636885
12623220466
7912369234
14512594456
10939599399
9645484380
6837061094
8282297122
12282134566
11181344277
11620058855
9046463090
6820063428
5451785571
6956538930
13212530968
7756155675
6590847352
8286492461
7791156636
6419348052
11770726123
7694039222
9511996572
8228010825
5083961904
6585733585
4089072187
6940229693
5992151146
5925789966
6345435379
5165484644
10054884365
9413925531
2610879773
9452427931
9023033347
8805807000
6771451934
6988461986
7755931644
5730185547
7245747211
5225921451
6428038869
6872699559
6538154948
5753883628
5296515895
4184956885
4354469610
3897985604
3800675144
4339614731
2248248875
5242667375
1888168071
4761184736
4397050510
3897625842
4170813141
568754942
3807856523
5148236756
6245266889
6462663255
6122383063
5808737163
5469726419
5093635875
4667858014
5173652533
4492066986
4690044662
4580227766
5112059393
4504124739
3309369797
2510156612
1999938523
4064736372
3362254109
2731452557
5075596007
5662707546
6124964002
5896166766
5118784137
6395811993
5301332259
4697172205
6186490834
6037351045
6558971939
6645868478
6391587352
4293410758
6054332805
3672567227
5927019659
5217586940
4307689501
5099633045
4711446001
3898806534
4241535194
3907838553
3410846363
3590152017
4011132131
4211235194
3395534281
5450566143
5754140569
3957734915
68518708
4732166536
2720908826
5144057669
5034064659
4550685104
4847991227
5936652810
7579499383
3378749907
3913352450
7117243128
10324937879
6643829816
9087549718
6343683419
8126600902
7320471555
10365113116
12706069393
4566951607
6601995053
9364835904
11231525699
11673865599
6841965676
10945571029
15241530219
4102511213
8645867768
11216227746
14338445728
11989515518
12438764485
9779736846
7766308830
11379434415
13434710823
4581987179
9489515862
6718559447
19455447895
10914393932
11175607242
6657529572
28934953971
5082714340
8696622330
5995999127
7603649228
14560201835
13843996722
18655215598
12003622949
9457388424
23143943415
9030526002
12195212867
19351245336
12419533535
27382823251
11566309576
14303549216
25438182208
7234776710
34289095224
12451012840
6893393067
9764032120
8799123587
19984398466
4677521565
9486624240
22251316113
9271433634
1315456051
9638753312
21893022077
8556263067
10142926847
10149984693
8558503892
11567693802
9380905119
6841926188
18356297701
10854952530
8669815378
13317800932
18422191357
9201990226
8195743046
11824931166
6493932418
7628116313
10506755655
16303287669
8325491908
11742976274
8356428116
16204235198
8540668057
17137272902
5799439430
10322148993
3987068521
6839061142
6629259350
7735469223
11044130903
12705753169
4938518915
5150943922
6071562836
9923996968
9117287757
12677159377
9336636582
9558940264
8657282331
14061901065
7508552576
13750658633
11180789911
9595551557
10546001135
10254450081
9722248197
7578400826
8532926918
7877470336
9989159462
6936720489
8244205518
12836398941
11672315586
9887899106
7148739753
8928802414
6293463288
8609591624
6285758253
6039644206
12327787549
11319835234
9951287434
11159151719
5492750691
7936882077
10849378030
9312498214
5376175615
5535047159
9728399567
13083579988
10091202037
10848614751
6855881281
10008153627
12587954838
10449206000
4850749180
8214974096
10302059325
8140992316
9800497566
8426792676
5338377957
11058386696
11602019846
8641554340
5406200912
9797979547
11659628952
5931407860
10029810776
8208593109
6812078918
11198553081
6417282342
