11675541145
6734515349
11640548350
10049595006
6357796618
8458459245
11401978636
12883301432
14763016566
12481563465
9798670538
7373844165
10547557438
7651809412
6797224501
7392162462
11914810211
7000541290
7067909929
14290360232
10917998821
13292050888
5631843393
14150433204
9321942245
2315802501
9452082097
7558996969
10845987631
14054288899
8298552410
10854068473
9690739572
5911578721
8562040707
11147961489
6339930709
7945102944
10003848672
9231768242
12636494833
5041621823
11487347165
11117406874
10906665114
11342460098
11033666195
7520758137
8063927275
6394235661
8923740304
13278654273
10716924070
12195663427
12116940932
8399807514
7615180128
9009204541
10868814981
10277325449
10727815602
6739275441
10251785544
5693608553
12716991153
7503318783
11078074194
9779487603
6749803168
5043345665
12613012944
7918423637
14517446601
10942647640
9636914977
6848305058
8272446744
12284786253
11178821835
11621712946
9046712661
6813206785
5448811149
6959369300
13211112469
7760330113
6584700921
8284319324
7791099329
6412409706
11771149669
7693412762
9509921620
8222874050
5078507030
6588799287
4090211000
6937002723
5983380519
5931983952
6357660051
5167694350
10048916718
9419722427
2607453492
9446791485
9032152757
8799249986
6777701119
6987699209
7753066588
5728241389
7250213129
5226248565
6423530053
6856806061
6532068137
5754328578
5298404386
4181479745
4351170246
3895352506
3796565641
4345113940
2248368527
5232296967
1884304218
4759647600
4398081899
3901566394
4174995558
570252337
3804725624
5149372134
6239945148
6455816315
6117915930
5808850989
5480016534
5085873425
4671150969
5170564517
4487677318
4695970354
4578513964
5105583265
4496608733
3309773587
2508575675
2003542908
4059078681
3362163266
2729640410
5075345959
5658935455
6132438427
5899911021
5122171542
6392869122
5297524612
4692536335
6187559120
6036277533
6559130723
6643126271
6396654195
4299032524
6060125600
3668717965
5926964937
5223622709
4304226823
5095576933
4710229950
3901746078
4242031365
3910708536
3405024485
3584643354
4005773351
4216307557
3398572185
5446246582
5766334030
3954951899
67728823
4726472627
2718215272
5149440950
5038943168
4554524641
4845925783
5945596683
7588463376
3376496779
3917571796
7117540518
10339424326
6644803914
9094346635
6342586812
8134945034
7325414753
10377371912
12729788657
4563006403
6591541541
9364020925
11239679689
11693499289
6836773457
10952460647
15255953120
4097441889
8646662316
11218454225
14367811570
11990959959
12433611200
9777989761
7761842044
11384204253
13471126011
4586115201
9491309180
6717794041
19488356293
10919649917
11175104357
6656159963
28994944722
5079300455
8691916384
5999991623
7603453571
14556421747
13842027371
18685765111
11998523219
9459580780
23192919015
9031042801
12196125099
19375950257
12417358860
27414244284
11560934405
14296860593
25476378786
7230638191
34359146008
12451396317
6896282720
9770465649
8789710996
19987791877
4683292714
9492314532
22277293990
9276107352
1317635031
9640933622
21940226840
8560386699
10146222208
10152235720
8559073711
11571116276
9371942810
6840817465
18371737230
10857536899
8672379678
13315748931
18429973927
9208279429
8199018307
11827368010
6489267276
7632636441
10508380686
16310514289
8319921301
11740951670
8357647297
16212235027
8547107235
17144613835
5803957945
10320582599
3985141997
6842133855
6631179714
7736060265
11044326535
12700881989
4930049373
5163575426
6064136095
9927962465
9113775263
12678651050
9335774889
9562232930
8661834180
14065969404
7508227875
13751881163
11180243822
9596896884
10550507299
10255922517
9725472727
7579220094
8533405935
7876443535
9991624903
6936668349
8243811065
12839868656
11675467014
9883253294
7150042043
8919537015
6301881566
8608734901
6289707656
6034803896
12327962831
11315722817
9957378445
11160466218
5491261043
7935380941
10845729904
9313810616
5375392888
5542089436
9725643928
13091593237
10092686518
10852379856
6858879176
10024933380
12593774852
10454686631
4848764720
8218989076
10300300964
8140943421
9791950228
8427463192
5342218003
11056128911
11599691332
8643571461
5403093403
9787534817
11655298984
5938277247
10026042426
8218693621
6805933108
11197593774
6412000215
