8395765503
10168899752
8727530837
10897528193
6926215341
9907237561
8480331395
11577164312
12389718637
10330853035
10473838712
10720161302
10131053747
7771512245
6656565727
9238377803
9426871452
6433647978
9964481152
13099419241
11663561255
10777502376
8801069715
11856261140
10570257091
6636215224
11421301022
6807102851
9601619994
10209620387
9363897822
9526333680
7395783121
8829025875
9419050605
9667824937
8621242591
9363086377
10812656062
8622411801
10359931302
7612381429
12584661920
11267388114
7718097649
9528144004
9036121147
8808043656
8263452979
6334198324
11366732838
10676579918
8119238843
10048724053
10636104659
9005720734
6648468899
9550136860
10517351147
8564015388
8248557250
7357966826
12208556293
7664660599
9065768337
6035530373
8280665098
8171690770
9085380178
6114576184
11989290962
8062141194
9998364090
9023634311
7321637244
9871105848
8679731644
9212403213
11367697990
11826160450
10337187976
8125694103
7973578504
9180426888
11113208240
9672076574
8544689733
7893144495
7940243464
7620499011
11070299710
10053982306
9030602495
9675180948
6260974183
9124913857
6119457584
8375146347
7004038409
7628890388
8204487787
7876984038
10163924241
9185604364
6454375151
10231450237
8540929962
9535151188
8968052153
8583598928
8423003292
8044846344
6615632701
8928313633
6708895512
7940881809
8088401823
7039393085
8232140416
7599678743
7471062757
7206550653
6835373648
7715583027
6762774066
5672925355
7262453985
7023667070
6486591807
6782405560
6250426838
5659757493
6306340557
7411420251
8411847782
7647113036
8269747524
7053237110
8479616982
6947891040
6656621314
6760742432
7220766400
8092163888
7852054593
6293891825
6745330029
6984676195
6366053666
6171602962
6198322378
6192289519
7842064081
7485278468
7731846691
7566780523
7153798883
6266393975
5274261409
8193835901
7638895753
6321263519
7077928851
7985665557
7272536656
6669932427
6874545910
5355233759
6879930898
6689039521
6912807497
6568947123
6678442433
6503850636
6781166959
7576416654
7081056143
7992530606
6235321327
8411271446
8093033305
7516414331
6830155153
6357408700
6379306488
5920359003
6404092899
5881384256
6576007644
6590154761
7075360621
5293313916
7213053747
7725066731
9799890705
7367272846
5948660455
8043406877
8270853533
7491609234
8204467962
11954940781
6404814928
9089694329
12646743953
7566839210
7334521140
9327433672
13458414970
7716629526
9835338299
9802737702
10975794654
6438672906
10061660618
12310345301
10634273573
11813772577
9850373929
6676961328
7234430873
9893408053
14029871557
8217239138
8499610379
5838272546
11514924346
9711324988
9853692921
9577061437
15423268616
6898884893
9661822802
7761769201
8608856313
8123472028
11293750145
12208539158
13449490412
8725453089
12380669131
9282142217
11645445597
14611602010
11476494760
15453612854
10575541870
9936528115
13638289675
4555674262
16220258444
9966040865
7159366060
10410408050
9529167943
15250175797
5550663205
10599689325
14056482183
13375761034
5106305818
8470478640
13519020884
8532207062
8078040419
8835919704
9466311097
9622918713
9749327684
10011566294
11429114214
11867819299
10654624425
10919515496
15139536252
7743977632
8118896715
11666498532
7967431854
8765679426
9071670104
14782685903
8511424410
9600862446
9342977900
12271636984
7935086827
11378240247
10294295484
10223559881
8239243791
8245204030
8854276833
9642380524
9030355868
9754132867
7145456411
9436006440
10261063131
9021142297
11433782166
10374071193
11190881670
9905775390
10252417780
12177621092
7486954758
11707965239
9122279774
10109905354
12383295306
11238898843
11700231959
6577480827
10954516902
10192909293
10296998731
8458516201
5003379911
11146079426
9407631199
10850430748
9271622363
9260591169
6204743253
9486803904
8393260860
9280215893
11226029977
9946664139
6206447411
9190096616
6041620309
8709910322
8798240140
8726727521
7534446703
6521860793
11303329249
10321596513
12484656843
9348663981
8241407975
10181540662
12039223478
13306996254
9806439497
8757329620
9198171702
8658793883
10390495224
7742465742
5964072876
10482071281
11735013568
9017487691
6962683013
10778088280
10059144106
8577484831
6174722667
10233220717
10522803377
8401918858
9876877904
