300625544
149513752
346867183
387379029
315493272
244937553
347578711
143254717
280231201
392486202
357608316
284332564
344505935
362345327
409431016
254323704
476885951
503956109
293875427
185570413
203337906
332539920
408603003
555060097
391831051
253190262
431072671
285461937
530479721
318394324
298000967
279506077
248059941
139254949
313439744
148808309
322581682
310093427
365774896
160117249
460129532
416472274
66973606
242612459
404264522
308328155
393436846
332040840
175369667
281509648
352414636
561760177
519649681
395765389
237465150
263212761
251540716
204083494
253026655
352113756
261976369
309326658
419681495
331163083
472287003
512770252
277472460
342839637
345951743
334311706
459335150
297949431
258331894
236620720
260782260
377057503
369239749
414102953
153420814
380262681
302979035
540684213
228272431
375385688
361761263
364219218
386328761
612351410
373422283
350509064
273104872
389534484
378904121
187346857
326124318
430974999
352157268
445600375
521840357
344171427
500158727
391253159
459407902
566257830
331451855
411995468
198853066
305670658
444870725
345851449
349825311
350458160
273312328
439081786
278438675
329672453
379140611
444795919
348836391
440932992
551855892
340740164
430794963
470257209
368816198
248630273
391154748
109340348
478252270
381591750
370723771
392763851
421204700
161552767
197898562
369871415
387669785
463235490
160957818
273067297
609500788
524586155
281168040
134660709
204782697
338792386
311690512
130581945
484852368
461193237
430523279
407143700
183808391
245533866
331037686
221195200
182722985
350331866
558414530
421706979
173389079
451315722
503251556
331444079
155669274
474157634
243630533
160664940
377859013
333890017
409384432
451807171
454308850
483514056
266142594
319028529
384347649
269976294
351469536
262695496
373844860
365807297
303971293
472848264
463043902
380431018
449430842
514248830
280528196
304028803
203692540
357807579
202386258
342749793
698482961
260636763
277676996
364806361
303578569
331955108
284272938
296191132
145655439
294938887
265066032
364268415
579692837
215114050
253963145
301874634
77473451
373698792
711645262
386041026
382153509
308156766
687049305
232450265
290808927
325517985
198507069
218649041
237323902
431983681
235432694
222474097
263259111
283997164
172048609
193832655
456181536
234577777
100642364
189007100
294882621
284893249
332083748
254165558
235201218
83365829
233730314
94028409
244518325
174610649
130852673
129868373
206061079
59820344
189931293
136151349
154644894
74233204
122362482
104601821
121718485
68941689
28857746
82441148
103078351
54874126
12960687
56781573
60178615
28756394
69458558
55180788
49184649
3430717
6872445
37830239
40035878
315900
15614049
19276335
33634121
16948585
29404015
18938768
20199065
20139347
25169911
19995067
42630622
60442811
161271288
158599636
153994880
146777826
138053550
129667432
126723438
213075991
206793671
196739052
114577908
178005771
330968554
263516171
376814229
347074822
358266042
245120379
369931383
378768149
339765098
357828757
109777613
182291884
247095513
326982136
319760383
275333148
414591695
390850554
384715044
399075246
379904815
331704437
140856791
466623369
353633837
344650467
509151264
498028531
324536616
316462388
434159337
344959477
349213367
462133440
284494059
159687879
293711339
382383063
238011340
247467532
332363449
220686692
395726906
378696301
202671838
269027481
381364142
425433639
240659904
479986809
305364962
275839475
326897984
416093805
391473982
254311212
319407888
373946019
426509780
296733197
329216429
334869943
346924807
507782367
520826278
349964609
352648996
442681573
349626239
