296599404
159631297
344170029
386653798
313431881
247834230
348329347
150059429
273034035
389460907
356797644
290618713
357333366
363301465
399022551
250233396
489322459
504708505
299328820
179436402
200942423
331234332
402050051
556280053
388946278
250917292
423279196
287046942
533859163
315331986
285744828
273542488
258850399
144549726
316459150
135846416
315102404
317298716
364438452
160484817
466617611
418677625
77753482
241789384
410680851
315746465
392928186
334004919
175460439
286303032
345618526
571009780
514016891
392149049
239158900
262933954
242765708
210590718
264367836
353021922
265616991
303359345
423069446
342305140
474277234
522759824
278152008
341192313
343230723
333295491
469041262
295118669
259217627
240586459
258819235
372268003
367949611
402422335
155584918
374355457
300794321
552053222
230863219
375018381
367834419
360941735
385278166
622515295
369135674
364765187
278931204
394587892
384190444
189910064
328055296
437556696
348408319
439832018
539511922
344232881
507651138
398291455
466052135
604359913
330388865
410758938
203065994
306435906
437047398
340957383
357040846
343052306
270774684
445340472
275225249
324525056
383457248
449924974
351464497
448518876
551608884
323311518
431685370
478771874
369108059
239292997
391229891
107561785
493831608
381752094
366333769
394843549
424220080
170210458
201145591
373927398
383500450
478979923
152743658
274721862
622266283
523261096
280819615
128731891
208948167
346759487
324925906
134878286
485676069
466039961
444008338
406761475
182036168
236984653
322032878
213123322
181852302
356721480
569709361
430145515
168583875
448713246
508724096
322165183
159308611
479300941
234810104
173573595
380801697
331145758
397607208
452507471
452251565
479553693
259338211
316986829
383635706
266885322
349578192
267584755
371347158
363999850
294229347
471462140
451037860
383634075
444941979
497227522
287910207
290816634
198590475
353200736
193842012
334032194
625666177
274163901
277159399
373363032
314893610
326659665
285764294
302592198
139140033
288457956
260279563
371253759
461315930
215183840
253643310
295286488
78010170
367711148
617896819
390672718
375606522
300824335
640401280
232845947
292479293
320438028
198238005
219356212
235093920
425573607
241220829
220705663
266377051
276544068
171350916
177142526
458713124
235927260
97654484
193902364
292612714
293630464
340025775
248879714
239534273
84024830
229167914
87409032
232807757
173471151
130370776
135050609
201487416
63217379
189537955
135435446
162401284
85685137
122556546
108382576
125009048
62173246
30844394
83935705
104966543
51946453
15873737
53500287
59334428
38957334
68682698
53459133
53049177
10484195
5405975
27564424
40127655
1182779
20344477
20572599
31611993
14559041
34919500
30836511
30867047
41060837
50795209
70501869
122836930
136085568
207730043
208079253
214522246
215406455
203021559
190823230
128585934
261656783
261017503
245145331
115226801
178302031
341046930
279778979
402968066
350661176
375955874
232825606
372925298
390422620
339216907
368414476
106418373
187581027
241805648
335373872
316298486
279154930
407995010
386376087
381295730
403869566
389857202
335330359
145063786
456102892
341380346
340745843
506616268
502674909
323850540
317761938
433171397
328550846
340035226
473855818
290291078
162389089
295058780
372779539
233738672
243503486
329669619
225401089
399449570
376800955
206664662
268682154
392425757
419219498
246846311
475124074
311848854
278774596
328886363
418014864
393679590
257641434
324376542
362800589
424908999
292357766
330561963
346451061
353799179
510779864
520694764
345123893
353020045
454057978
345981807
