305304028
154512996
345675650
384410079
312712526
242283275
355400161
146702577
283281463
396745986
358146931
274363515
345580567
366120863
409085594
250847245
464096193
509378914
291722293
184874280
209888681
328246379
417565289
550279860
388620500
246100321
427263002
289804786
524522902
317310289
297420187
282306567
242730398
139109000
320801409
144573836
333946583
307730923
374338198
169316848
449049271
406345530
59559676
231433661
410104233
304405306
396584381
332110467
169241207
286968248
356815699
557342271
518661315
393362195
232611142
262226848
250395440
197782476
252947077
348864751
263936358
306076698
418275207
325595100
476420973
506798872
281219080
344024032
347058203
334055338
458439682
294525172
252039086
239333481
252205194
386997347
375073812
425257609
156212463
390985561
300441981
531210385
230944932
382614992
366249248
368253431
385859410
593518561
372498073
352005714
279316976
387267312
371691434
196570478
328188592
421661409
346916448
433762735
512949777
342363633
501344451
398547604
453250770
546564323
319765593
403313455
200283127
301258792
433781535
343184192
352494885
349498381
268948524
425903267
275389291
332544625
371719110
435189739
349876215
435089932
534662397
349485914
441227970
464144116
367823243
238140098
387769008
103882412
465432122
376242195
373609685
383402261
403488128
162204001
192339650
366380494
393515017
457628793
160871302
268484532
593355408
512592476
290303545
135512597
205918164
333446224
316891542
118528673
469736824
459990037
427241714
403556855
188884271
239380742
336704169
217927386
180458519
338467362
552199016
419268898
177749514
444192014
496787527
335999246
160061159
463023000
248767678
162874307
377816154
328142949
407097311
446295467
443710645
480401539
266981971
318922702
391594532
266499179
347119528
251659841
373848965
366999920
314254144
481389398
470363093
387833472
456402604
540762595
281628383
304579760
199700852
350634713
191481381
348806327
785762305
262696783
278788270
367866936
297732774
331088471
290579169
301527835
151793244
288873197
265155636
357128834
714760842
207284393
266148153
306889828
85468839
367570195
809402935
382454593
383379963
301249296
683191030
224772692
290635852
328872563
206976711
217031548
236952679
427901799
240498521
217549300
253959142
288270359
173830859
196576061
448313318
222104390
100075521
192408883
292524772
283659860
336031860
245416762
243590291
82628345
242314963
91085333
250528173
173503679
139940188
126503731
209085608
49797125
182686134
128472870
153603075
70876416
131740075
108697815
123755268
66954522
29923984
90450917
100179320
55368103
5827103
56628699
50344419
23302289
69821416
53302718
48301328
6804980
10194696
38045537
38991763
5487598
11163374
14864286
33613051
23269086
24425087
29971741
13943454
21126163
21880709
21519600
19698940
16697923
81348075
81339454
78301984
76200357
72709962
71360343
70156251
153800302
155708777
159803673
121085458
158202861
306861871
269641537
346701333
338314082
320345027
242379721
349396615
367148325
327988002
339794008
109850502
180675626
260035552
323146789
325138827
285491294
412675577
397147482
390980521
390187224
376831082
336593178
139259092
466354467
347389490
347672024
504135561
498322748
323607482
306995334
443286567
335262564
336376545
470879864
289410616
153872677
287241614
368474217
238422786
242452875
339174470
228324496
391712255
382318516
200472447
261676251
384622636
430437590
249470309
480274589
302560562
274311703
325588504
421316690
386939387
253318652
323868787
364733096
433596114
292200860
322049570
334311797
347160428
493739069
517026322
358707859
359064264
439414277
358443392
