293958529
156850383
369078226
400610388
329758557
231842316
380873456
160956784
291877317
393565924
337540319
324803871
376518413
347855785
386908928
269524856
442239589
531706528
256996672
221786352
195435132
380247122
383931549
572057178
329286907
218315253
411099578
262741774
500296880
303636592
278298478
310242415
302039720
138505262
338286914
113624772
301988136
313306346
429309080
162511590
463074221
407665598
78016419
227848215
390933691
318979103
374741396
313845779
187623448
266369988
407474687
552629022
507851954
413730019
246163132
246519982
217912150
138122185
300447346
354551911
286377893
308308784
382492566
343190365
478039455
589348661
285098433
327778978
379279544
326223002
468093284
272836605
235923321
269470281
228611138
403349807
377701476
363428875
199771071
379094030
364130861
523622975
191215494
415320331
372273587
323670164
380027389
578199895
344440364
384592266
268703363
399860696
390393451
211369078
349101173
423748651
338404749
416718876
586538369
333951186
485091804
425402706
494526846
605811939
316796066
431531696
156680344
363378123
399883696
335216186
367029708
295151708
259374837
452472016
319100373
345534036
401401386
421813927
367122398
428763270
644765383
334634943
421734489
489044350
312499412
210438622
372106248
182333856
491941862
408841759
374313471
343532066
462985972
160846329
232298862
386235599
395816454
485298959
212817613
270053081
621113370
473283285
271749059
193710422
179449418
325368539
351925200
226907040
477340677
479731185
427656726
375925604
196791818
243745328
311002458
227898742
186564308
317063354
529561920
417561783
164306356
476556467
451573962
296254900
110546360
522689722
313611560
167285001
383323971
369334566
378619285
441534800
433216135
463287969
271141389
337813634
370221992
197408558
379471504
260758233
378533837
375898698
340854099
421181653
449630534
386897502
400111917
478828231
229353755
300740689
204955156
328448035
194740680
322891112
594857547
292281877
235046890
391878476
333950683
313056636
319481443
287871982
144078139
254512383
196526675
371492341
379170883
211019297
268993144
283798227
104273831
333652520
513631300
418790692
415674722
264565611
532928943
224660926
343082395
385331977
214680336
191061077
309639297
410566684
256575014
200491412
266674063
321863583
241622928
203279121
436831361
220946470
136262610
210643511
256349696
267021764
353851092
177874268
217887715
112896569
207362509
67215701
217137971
192077311
91517442
198146193
210673070
31903964
161726371
189276186
172169135
126643509
155372821
108785606
135997655
109079547
113979353
85748468
84277870
88706529
62522686
70694974
55034420
61425959
71418239
57073526
58703317
63198404
59064210
55090803
16587859
35494723
32288794
40615932
32041298
23379351
34744115
100640274
89311113
109326813
63655143
102557306
192362424
190296491
261424548
246159577
235773065
228411064
203622365
204907874
179367515
249488797
279503132
296427225
164631053
223253995
329285662
327386526
387979226
326736150
379655394
180517227
411857186
402543222
385629955
373422125
116999990
188746427
234328785
391200445
296926445
348547789
384927333
428817361
361794125
382307778
377540053
300211982
112216996
440323680
363797551
350128975
487297608
490503264
294436763
348019379
419620418
291371891
368747246
454115098
305605794
119488253
297419832
372030638
257796778
236642039
287658051
230283755
396739015
444023878
227304303
289064677
362305287
445413914
192774515
487417863
304250004
254545644
255707524
433952510
396302971
229809132
406986731
358234349
418242493
309705774
345366956
352438929
351384519
471426435
454036279
340791788
361279250
456261731
327678782
