295094263
185403948
354723299
406693080
348534474
220657713
403128198
158040691
309978596
387331697
361991431
328255676
369455231
342614414
383933821
275064968
458238801
527551356
237729830
233206125
200135531
382914030
399164444
536623811
331868754
222429990
419135818
258159405
521517908
306532828
277942042
357994729
332607747
145870292
342523259
157906954
303539940
293264065
435754611
164467527
483915720
413276204
52984256
236359786
404285937
301789555
348827025
319240280
190977420
270733410
372801186
534124010
493572468
429336546
244034008
230116511
222085604
166654256
296830863
400454735
306335253
308399230
367634103
346829001
513064780
591666852
315469475
377269326
365428164
317219067
436128318
261555698
249682364
260965138
216822969
365839894
376731685
361785754
237631278
406606990
377081884
501354327
187792504
409369389
384171715
331005650
356837392
578675104
355699762
391690665
279198995
398813713
392850657
201882710
382656894
397463749
339101375
387621973
587002899
370669190
460849165
404300184
493861198
602451087
346115849
393407540
196852282
341198470
395631385
344662805
390085009
342080387
262031741
468309787
328216804
327092949
402479933
433185903
343139361
425947968
623878081
341750192
415791438
474666093
321950721
215699940
366175103
163211810
526288169
408050515
396636603
360958902
476666417
160601227
227854375
363269101
425520232
502974872
225970439
281466295
602564378
450072939
293739412
185377850
169861149
354765041
348140195
249709637
449342516
476659184
465645926
409091302
207578858
277819514
334200808
214956607
239509433
343869909
556061681
413748708
158451960
467145129
430618746
278536081
103147090
522388953
278736428
163319444
369374540
361232065
392625991
465422342
431905344
457531363
248408291
324237473
357187894
215949143
416255447
237251035
388314459
367715499
318856185
454047372
453109699
366214122
385081372
480340210
245370392
282243887
199561562
310222118
240421525
325888533
573231973
320469042
230062711
385571280
367735791
309759894
312732745
292369320
137773366
230952575
216010853
376454309
395821173
215289084
255245227
265054789
75727209
358196848
493764380
437084091
418203340
281370879
490661504
245941346
321943733
350484174
203022188
229174713
334190208
400329402
264951673
213587441
249509646
277264223
269784218
195349410
403152077
191950672
158271218
235053670
239941410
260970752
325388962
176923354
211488812
107700179
212149718
74139567
238275590
185353513
76699087
185174449
218575586
42742332
193907487
186877722
159297295
161913735
143208754
102383827
142764571
122153090
110244460
105963284
73943842
79757313
61815259
57430036
52238705
88309852
83206082
77957786
78800972
49521459
56451129
65562439
45264432
56747132
37397630
37541156
52304251
35003589
52647343
120211778
107594654
119723533
66481377
130100964
204949354
186014375
254211750
263965157
226165457
254444826
228137782
230119133
159790053
268327233
250500307
270072951
186937112
220811769
310354869
333201964
422366368
332168537
404106350
210990909
379543566
387768121
378531912
360885647
143776339
207743301
216445446
384475880
298442088
367499553
390710892
439188999
381655098
360594970
348825271
306017540
106244549
441374930
358984115
345359927
517464702
505887533
291131309
341354848
412922281
290617525
345273277
463005159
312750853
144878970
337894008
422054438
296500297
228133706
253094576
215960436
402669253
385062351
239382886
269786521
378572176
428123395
177206418
482212752
294656019
243482576
246397061
438105333
396159835
274261911
408824877
362749427
408368865
301358775
324802750
348420081
374578291
498191483
464240167
353060048
327162568
428726278
334186422
