296476176
157810817
343792190
386005807
312948144
244837707
346977416
149434658
272806578
386615784
355367132
291068515
356111687
359583560
400827915
251022808
486789040
504819072
297192648
180116749
200298746
334587198
401730394
554773898
389785166
251536321
426364624
288316159
535217789
316684881
287880317
275491614
256999348
146323015
319259981
138701376
312319082
318218384
364989683
158394766
467520977
420503287
76618985
242798751
407183720
311838552
397358361
336719740
172852463
284063059
345512663
571839328
516151705
391572926
238023713
266925275
242467448
209985910
260800529
352398778
265890890
302436517
423228151
340274778
470770652
519920811
280467744
338505536
344521975
332700327
469718316
297759375
260506749
241000870
257786998
373439689
364926923
405198428
153807448
376275516
299015640
549801791
232074741
372767023
363926462
364841803
387530515
621680147
366985589
365481346
277040067
392158439
386527426
188565107
329351051
436787896
347230306
438556543
536101752
344387409
510671069
400058431
467767510
602505413
330752782
407654804
203492162
304344164
441249544
340382151
356716534
343389635
271210015
446237510
275963094
321585736
384979999
451088004
352584207
452509808
551583263
324687681
430685012
476094437
367036753
241163470
392991785
108308450
489220099
380480026
367933648
395091186
423197490
171809808
201244122
375067735
383133969
480826905
155163616
273494697
621009883
523061364
283898733
127508813
207290677
346211262
324462305
134263561
486646030
464112373
442036747
408733411
186812125
238558517
323129075
216446586
184851115
356469880
564979560
432034293
167543314
448795807
503763899
326148952
156302240
478883927
235689681
172022081
376935787
331248075
398361419
452864935
449679173
479388380
261703459
317126798
384210407
265551474
346792382
265934510
370079755
362858079
296547452
476934651
449324852
377046561
443807661
499510904
286400824
295346426
198616923
354875460
195842134
335911372
634737178
274995528
274647813
369040117
311759547
327872499
284382099
302373449
140560805
293196124
260765315
369337569
473029815
217516363
252386472
295076666
78009012
369651497
629523038
389138081
374253733
300074834
651754332
232439559
293078884
322758831
196094651
220525944
233267701
425783681
242072731
221395629
266954990
279405424
172684571
177492387
459419183
238542770
100448497
192330045
295174045
294302685
340212384
246908250
241948701
82976637
229958397
89788085
235443917
171734750
131278758
135553496
202618569
62330588
190309247
134777016
166925216
86962242
124779255
107191665
126463292
65198560
31168206
77683220
105863066
46806597
13978891
55286407
58526385
37004042
69808414
52729276
50826774
8703067
4141039
30151885
39967965
757459
18145080
24073409
28053316
14074791
31204321
28117535
30432871
29591761
40983294
58260661
117277092
126615980
201510484
203337545
208377100
204407244
198870135
185528924
127240052
257199055
254537114
240316814
113389024
175807716
337409141
276232265
398017452
351108514
375540051
236234792
372658135
387383444
335733342
368356741
104716671
184836460
241405936
335396575
317197233
280203911
408240393
388951959
380301153
403712417
386868035
331694282
142434892
460181343
345057018
340976718
508323613
499265904
324915102
316623877
436912796
329437832
342926203
475288985
286993881
161212323
294817334
370558675
233468794
244871803
329317728
226391719
400451990
381560014
208833331
270768539
388167541
419415003
243453228
476007815
309125636
272433120
332574483
416137216
392442574
256706042
319604354
364724921
427452965
293464474
329126978
342821504
351254031
508172081
524448153
340747941
354101014
453543355
349224797
