304976812
154756539
346663342
390506476
313576267
244036245
354232541
145390341
284180934
394676765
356548065
276948479
345502201
363713834
405952545
251242964
464959371
504081853
291308288
187070626
211321817
330475154
416844156
551898297
389442980
246641773
428325567
289959574
525851151
317318430
298842419
280438182
240806081
139049306
320814633
145668440
333461596
309397614
372157862
168373013
450834487
407201316
60201319
232065351
410577573
307252460
394991594
330958400
166305557
288712967
356199317
555661087
519307913
391051604
235839528
259728710
250613243
197755464
253228018
350410379
263140176
307626826
415700756
327392304
472753185
507609016
281055964
344328794
347157319
334256645
458389781
292563433
256708416
242793988
254439724
386801243
374712923
424076954
154716274
391930158
299594368
533776642
231212258
380234229
367212317
369450239
384207130
593967860
369759682
350376215
279653951
386191830
371467657
196205291
328138663
425797016
348319788
434484909
512258460
343194864
498503052
396945169
455386760
545915652
319738709
404326874
199723197
302548107
433808211
342659065
352556814
350030035
268554708
425746875
277035560
333207188
373129996
434483634
350618265
436761751
535255101
349476582
441857065
463717381
369937119
239876697
390289228
105356322
465514916
377446890
371969018
381329568
405397925
163568484
192866969
365754844
393754515
459289440
157900047
267033624
596141492
515567775
287630524
135844030
205837650
332220318
315317834
116138552
473515550
461123357
427953540
405975696
187459574
240340958
337778884
219397819
179848841
339666030
554727301
420498157
176453810
444940350
494735568
335197794
161100922
464897359
251702286
162982281
377728572
330917772
406188945
445579835
444030235
482240973
268541826
319986328
392079701
266353761
347522215
252244428
375879052
366643796
315116611
478818177
469656438
389063437
455343037
538744542
281925857
305609241
200575432
352458624
191231392
348190037
778089709
264600562
277234144
366829643
294457241
329827386
289506711
300802438
149406856
289168515
262725507
359056480
704937507
205174082
265941996
305702117
85405366
366059462
798209302
384309922
382214094
301009941
683984331
226251983
288122538
330718627
205201038
218345846
238883160
427202744
240280225
217968311
258388981
287193269
172656471
195559719
449183933
223872680
98532558
193187742
288894086
281827715
333823006
242101879
245036230
83641918
242112701
92897089
252671159
172561106
139220534
128011790
206029146
49413268
182930825
127021359
154837161
70412548
134317449
109712341
121962122
67758319
31172957
89947041
100004045
54506203
7169083
56565299
49853675
22351881
71417504
55770500
47787414
6964407
9452963
36101798
42499362
3751876
12150847
19165798
32017839
22261029
24278235
27235310
12090816
23706318
20540701
23706600
22203696
19541248
88030309
86594157
84396715
80929393
76748022
75757573
73670275
157924761
159726086
165159010
122594211
160537887
309297745
270326419
351567724
339581384
323045692
244076355
351732834
367009509
329656198
340473185
110342399
180298336
258179150
323107564
323722323
283605104
415822819
395034524
389852310
391075992
379467015
333507510
142347856
467039693
346254639
347087388
502525700
498137839
323731261
304968677
442212747
335955543
338831608
471841893
288334812
154514014
288211485
370682631
237786854
241737105
339049892
228663043
393283624
382532357
199966462
259855425
385851163
429346528
248885341
482016474
305138275
274657128
322956223
419797347
386667613
253375905
325380564
369342521
434901303
292759425
322009506
336570476
346959033
493191320
516407984
357244039
359830206
442375685
359293462
