299246538
154005118
346089153
386383496
310466125
247724525
346343758
151119527
272837979
389292358
355231247
292222106
350010776
358341501
401672164
255164146
486316504
504169707
295641355
179254540
199004125
333785214
405428484
549673759
390710311
253815710
426447544
289082918
534633954
319249844
285425235
276955101
257579045
145815522
318291020
144766934
312863429
313236014
363425530
155074374
469018238
420831599
76230240
241832959
404503120
308242978
393863840
338454286
171594891
283097035
344252321
570288079
516094712
390597603
236616495
264431688
243153337
207837227
264164574
348212495
267096028
303240588
423366994
340585670
468224899
518103909
281251026
339076975
342845614
336962295
471048338
295837549
257885483
235383937
257992213
375800631
365257059
407321622
154715741
379834557
302745478
546109845
231612925
375723112
364466776
366554422
384851030
624882874
369009311
364742198
279509272
393136340
383685818
190907609
334203754
430615423
347750769
436325619
532879592
341171705
507348691
399042944
466568266
595908833
331327504
412579675
202748494
306722452
440003303
341299149
355092870
344471622
273146363
446469910
275209527
326390207
386804047
451269157
351856149
450926143
551254175
326130208
430680866
475746835
365430707
244483668
393800535
110619383
489298404
382321127
370082767
392144118
420265685
168222988
199421327
376501097
384216929
477570478
155923255
271078875
618393170
526934473
281117632
128542006
208763862
345063614
321999350
136490053
486870821
464454430
438966771
408661423
183560869
240201044
325514336
214059701
184108976
355708442
562607994
427292151
173370851
446633019
501167228
331804003
154801705
477635694
236544810
169602451
375132183
331217088
397074955
450538749
449200526
481630108
264145235
319283502
385050489
266783537
344499711
266414009
369183836
364772875
296293157
473572448
453588732
374233548
445475735
501280571
287309366
298659571
199583809
358533632
198012808
334120813
648601016
272744714
277156744
370785705
314621188
329539739
286810427
299754995
143638291
290574529
259603565
373231809
486514451
217918458
252814291
294774197
82989334
372108423
642304455
388170673
379679582
302869729
668277296
232633457
296143681
325031191
196324572
219803565
233233716
428335117
238270791
224096709
267250784
283910786
169857676
177905410
459074309
236742246
98644233
190915441
291986800
291513621
339514475
250031096
240859371
83635521
230468514
92128566
239218716
173533121
134218037
136521479
201905669
62354041
187012287
136502275
161674679
80675657
119221744
107867541
125124619
66728783
30591351
77243751
104982818
47088921
16753443
59027306
60680184
37852169
72401961
53532742
51488217
6630684
7850148
26599040
38727326
737064
21607734
19557883
27370040
14549291
28794979
28849678
27822347
27947849
27610639
47612561
106011507
116005713
197358043
196551714
199945420
193923304
186837700
175753438
127053069
250955316
244289893
233500888
114551328
175612974
336656594
274869433
394521506
349453169
373752484
238336626
373365520
388061124
340363030
365772329
107931676
182731947
239153453
332751882
321371776
277916432
407530104
388387838
379997461
400168417
385521554
333462937
143911718
466409883
350783688
341326739
508830665
500150155
323556427
315743246
431452384
329751731
347707899
472316668
285845073
160586080
291749353
371219378
236363031
246515098
329986848
225614542
397547593
381506861
207261991
269777467
389688363
422090761
238213548
479776411
304455225
270807842
328278355
416859567
385830995
259602163
321843941
367354550
426691739
293753325
327513079
340108307
347527752
511700446
523300935
340958771
355659182
453028187
346522034
