298375126
152757320
345310457
390175739
317914472
243690885
356431849
142094541
279883000
391492968
357011330
283468043
342102292
363094651
408940228
251921346
476385663
501935468
289268273
181828787
204733499
334128126
410945472
552614762
390611708
253646936
429410529
286719369
532967942
317954492
303322306
277372813
244896875
140010846
314369106
148134917
324760974
308087449
365872523
161237668
457134081
414710974
65650478
240571056
406046926
306601243
394162258
328208752
173931825
283886040
351469764
560747076
522187904
395298354
239633302
258933383
250871205
199664866
257084953
356351495
262610312
307234451
415257024
328779053
475066774
512360336
279605740
338996322
349881200
335463738
460374140
296686597
259358457
236655569
259702135
378786130
364556499
417233125
155681164
382525633
299921166
537973832
229906527
377157531
357305706
367096207
389646782
609693154
371803135
352567472
276312638
388844705
379066112
189346704
324849221
428508038
350311949
446517958
519644494
345112666
498027112
388027369
457863743
561674623
327961168
408741155
196949239
300533803
449084581
349175914
347921866
351404023
270439898
435692487
278566850
330421389
377849445
443192296
349867763
442373499
547062084
340298456
432797833
469038674
366509161
247529401
393634100
111022792
475814058
378283070
370930502
388685115
419891800
162745267
192330279
370848051
386694366
465979898
163658504
273448542
607308252
522047067
284119026
135818283
202033326
339427555
313511422
128448483
480591309
459435982
428396756
406847970
184915089
243452717
330862086
218752150
182673383
352040226
557206880
425391626
171442016
451030854
501804011
333284014
158975668
475550213
245612215
160559017
374665725
332523553
410843209
446609570
453073652
483826317
261603513
320781066
385515622
272332835
352847639
263322845
374673269
363761981
309945479
472894225
461980333
382226792
448561927
522575111
281457439
305788169
196070922
358033632
196773655
344663677
712688085
258439501
274601582
363376736
300424069
330210877
287259166
295124904
149201138
291555252
264759018
365263941
597639276
213192035
257810324
300732956
74773149
369770663
724042597
386176085
383490636
308218232
686121456
233042764
290950287
323778013
200901085
217820913
234853275
431402002
237702230
222722325
262103359
285486916
171630676
194153286
458406287
231890392
99484672
190053804
294435312
280763863
331271594
253978793
234798023
82355510
234856606
91192572
244589756
175506357
131245531
130542512
205202442
57561269
187581984
134771696
156605431
72583820
124769203
102140700
123835103
70332546
27871707
83721583
104948742
53455217
9027487
55374415
56420479
30316107
69473430
54696657
46852713
3465276
7704352
36961180
37433167
961805
15490838
19901441
32985628
13123271
30837334
19250553
18860902
22450649
25579962
21411852
28446766
45655111
153223021
149156191
142970773
135298393
130125701
121698499
120234923
205012821
199003383
193761468
118321039
180225393
325317861
264868225
372146307
344042592
351573106
243669925
371208826
379380911
337048542
356536339
108215735
183683209
249486382
324676690
321014324
274956939
414105940
390140601
386482405
399405193
379380890
332361928
144309414
466213533
348846128
345774567
509727291
497463539
327867963
309712366
435021788
342529067
342119177
467581664
285199798
161694761
294407315
376645847
236395979
246409786
335617970
218080286
393599860
378767404
202348723
261677194
383489448
423211128
241759522
478032412
302837023
276678364
325007576
418390656
391260917
252866778
317444020
377871778
429658485
295117267
327162629
333726951
350034605
506993159
521120386
350202378
353585740
443076407
349475926
