298646355
153047161
346341190
390429524
317664635
243583726
356007717
142196779
278629167
390804835
357597274
284941776
342449044
363274880
408974457
251793224
476048950
502216112
290058854
181990475
205376523
334357472
410769506
552858033
391231918
254033919
429462566
286020244
532444055
318368469
303529375
277019038
244923215
140500768
314279592
148572928
323987957
309446778
365500710
161671556
456740510
414424306
64819120
240817950
406739010
305820557
393162461
328864561
174002154
283819243
351898858
560445628
521027551
393815617
239815173
259266841
251414776
199437340
257728476
356795635
262312974
307419990
415201735
327613304
474286889
512810428
277571850
338708578
350516105
335362994
460236527
295704679
257398564
236305291
259577755
377615949
364966960
416480329
155219251
382143530
299557634
537736264
230461331
378587902
357570693
367319579
388990999
609304202
370401223
351921661
275775121
388297062
378824967
190013637
325555437
429347320
349411278
446542464
520574677
344102402
499766857
389044178
458388081
561419832
327950324
408760998
197056870
301409279
449427858
349597318
348829674
352242109
272206483
435070908
277429982
330043350
377877912
444474578
350010639
442787104
546568108
339569067
433299748
468991722
367873120
249788527
393589154
110036601
475882434
378687032
372099632
389295986
419954345
162225256
192845068
369546315
386863463
465529941
164220456
273505779
609184033
522069363
284767552
135473401
202740177
339787294
314537035
128195474
479099139
458840271
428624265
405854481
184859357
242389714
330259343
218670647
184123563
351691938
557692273
424021526
172727815
451298888
500447712
332727505
158827382
475865125
246263607
160429206
375118700
334198239
409837874
447582421
453024309
483350181
261724789
321320609
386226474
271563465
353485669
263271061
375146448
363265059
309880488
472209175
463217344
381915316
448720736
522375633
282488321
305899381
197165885
357678113
197458328
343755234
712938804
257380154
274424492
364332786
298708579
330281641
288351198
295300643
148275683
290814455
263866390
366687476
600349629
211865240
258000343
302271442
74978824
368774722
725474884
386080905
385293275
308122863
685787505
232904782
291479463
323214461
200807594
217519022
235545242
430897421
238661671
221610848
261321070
284964156
171566678
194126351
457758500
230947134
99384040
189967727
294168369
282546523
330571328
254214059
234732154
82768083
235331535
90459422
245219455
175937757
130816067
130598737
204192087
56179225
187619083
135333171
156705569
71765670
124035184
103357055
123472785
69449864
27662477
82170727
104928040
55036036
10923967
55839469
56037541
30191206
69110058
54154041
46294820
3105921
9358842
36942926
37074804
1713518
16502701
20225728
33828020
12231535
30375735
19803083
17739048
23005966
26240164
21917278
26875230
44369737
151604913
148027695
143658018
133532808
128037496
120090957
119127206
204078545
198339695
192828540
118088426
180156193
325009273
266196094
370418640
344102556
350390686
244349184
370466008
379585097
338058583
356236863
108506356
182780575
249969673
323420223
322050441
275582161
413592807
390404419
386206556
399390609
379295671
331465361
144619730
466158708
348401198
345304566
508334315
497932205
328049268
309075480
435110140
342153371
341523832
467677086
285195797
161274815
293943628
376246794
236927153
245516233
335348764
219312182
394638709
378754087
203026469
261210060
384475425
424460346
243554385
478820387
301812938
275934661
324610541
418505252
391371266
253047208
318122035
377260771
428234403
294615286
327506171
332476252
348777814
505650153
520174102
350654948
353425916
442894758
349441967
