11392601892
13628278439
13173670317
10870671180
12473244312
10504832086
7902299092
10760117340
13989709162
12732126352
5480067998
11503495177
10792314703
14270801065
7528897073
18451734896
12785569795
10284190699
12226579568
10538414976
13882245130
8171978887
15391595010
8052237960
13462084590
9537155031
14006246905
10653939318
10227004922
9225466411
13886097618
11927386575
10173006254
9153203051
8622903350
11432614677
13357099766
7417370719
11023247033
12374900944
11936386478
10856947140
12944531751
12080577956
18304751973
12362031186
12718542431
9067187074
8607743451
10902082295
12174883105
9113771818
12162650643
14852762636
7596753471
16330371142
13020250145
15511935498
13263947250
13076499582
13519162886
9330430566
12345223977
14578964636
13200688193
10496762688
15094054291
14499197794
11717607269
13769702947
12697395791
10641283450
11605168015
14322633457
15899271831
18065017535
16275640232
15197247183
13570977710
10136381257
15642250098
12842910452
3446330810
8573466343
11027726143
14049487788
16376149209
9302124722
14529177309
12572409231
10706719317
14560929164
10179229089
11912306154
17562344928
13050139900
12939340143
15694762934
13489933124
15133769079
15348405671
11199270974
9981531511
12371009205
14459184520
19183996855
4233712814
7940886113
7923136068
14500808548
11449075218
12908684075
11891729303
19016115329
15005126072
5152445551
6817471745
20226733505
9303044130
11577060828
12648814413
10487530808
16714486718
14126882005
12388155696
26078070952
11971981811
9805152857
18041017516
14359824853
12399258970
11458607824
14450182566
9052007391
7802310366
40977668755
13669192397
10103447911
12478192164
9426119557
12118544488
12498833588
14967870333
12680378621
10852171614
7438484655
8942399098
11238796734
8380497156
27494518300
5918245263
6428848715
17189308443
12577883622
14805346413
15784986384
32698185072
7749719925
10040134254
10609124517
13603389895
11866297381
10244905359
13260789444
11419864943
23159711251
12389027662
10115287263
23049265442
12853587653
12132003586
17863653279
20468304574
11823223280
23538274907
15744424191
12777307249
13155026940
10499173449
11664038373
14005034431
15529300020
16938093678
18093420554
8698003926
12271397170
16884178602
11611617145
11630397851
9578989814
13654071268
12731222985
6903742085
10263283009
9531034193
9872797093
6959391409
9995567406
10345970189
9274115434
9798312915
9828176645
9375837957
8808021564
8111872968
7796815900
7213460687
6699001675
6544487532
5932781708
5848198168
5508277590
3970075124
5144454927
4846507741
4521437858
4194576043
3912880141
3640740601
3387311221
3156339280
2949155713
2750567433
2577619883
2414591384
2194441573
2078994566
1950079795
1745709380
1705271735
1599650239
1502777284
1414360037
1328924066
1113780382
1149561908
1030659187
968403301
942560894
795504469
793757538
548866397
628417186
40062827
560785486
575785643
459361651
400758909
265150969
396604350
52818631
246765479
35814408
10112119
52021906
69861924
153390345
213620032
201721064
107769519
40785444
73358003
24312619
79452753
115891525
29939296
91742192
118140566
99539702
80313349
121763581
441590587
695751172
960241096
1643287337
2329286571
4863147455
4749679291
4706575946
4518351293
4504720491
6073515936
6128536572
8884848605
8757161070
8533627266
8386987952
7996458535
6290504498
7226386847
7002748768
8276274665
8731703737
8379940994
7588917149
5788072710
7295758264
8746564560
8798042142
9998322325
11215029388
8507479636
9999597405
9750387413
14810400332
13662517755
13356038920
13342237679
12187829184
11849104845
4609348439
13449093624
7092792361
8933355740
7002474808
12690146579
5631711287
8041795727
8149063406
11648323826
11038951528
16133670942
14297179891
11705482995
13779433030
15653923644
12626008193
17269840138
14460339428
11094858416
9428249763
8154302486
9454433530
12286553719
17696461370
11446642264
17060473673
15622589655
15958216980
14767781639
12106085575
11897499858
15338981179
18184624102
10921326367
12105942636
10853835338
9632389198
10890399195
6038770843
14497030740
10368550201
8289052569
13884008673
9557196630
13851955552
12391389720
12079482397
10776831380
10549589429
14087389209
13085147373
9465282553
11004594674
5357452780
