10970457453
10606342802
9565410584
12974433244
11438738656
12453228584
14452902190
10855895881
10348134130
10501343841
15050058300
12855569358
12590322027
8454200653
13434206476
17188042592
13244436444
10981657643
13821039983
12553065989
11087772891
5182749370
5854535058
12241403740
10639402891
19833265079
10016822156
11809908946
9275837500
8316511637
12630283965
9988984795
18877705654
21254520599
12994667816
8517518781
12804026743
14318512359
11348885822
13162196383
14573395517
15520945999
9973564958
13734373255
7767891927
10680811981
12551264597
10737386554
14214737834
12743049949
12050493937
12053750649
7332905530
9039874261
6283593450
8451832920
14163247561
8389279544
10140422127
14558838850
9714906469
13963948916
10367671203
15354671023
16637490896
11669885822
13729673841
7563634423
8420119738
10963777289
11344191177
7943400181
10996372474
15906083987
9791081694
11747561832
14432777133
13358372636
14369666645
8726099058
9350015505
18143138431
7767607807
12060326746
8710344798
17482173675
17674724099
10834460481
9537047675
10079730217
10973500097
13086581623
12765374075
10335235627
14738218794
8279814819
15005606350
9029283142
7931196826
14335374603
12977728143
14039226734
12013999635
15981045824
10096736533
14500543250
14339757820
19389783443
7696681280
11023531568
15066247800
12256550729
16201080186
19457107546
16968554656
12432717193
11074201498
19838296017
27524839230
11807980639
14914965778
9453780122
9957926616
7880361932
3820870923
13476344316
14513228403
10596230776
18009963531
13525330334
14094755999
15075360487
10425994156
10329906261
15438957422
22714892779
15999874392
12925945637
8958393211
33708811612
15956886215
12358503272
11754708305
12198388276
12335678896
9893240590
18394583164
8678686310
12943403974
16408666901
12567394466
29636652477
15460868382
11147514297
15865045893
17438515227
10032643188
17176795669
11178307923
23124566541
8880724961
13936354016
14436919677
15136982298
10364630968
18893357608
13746885014
19416789123
11813589360
23414642020
11391594798
12482552103
15435837480
12406539471
19895186787
16369591180
22453129193
9945115491
9056112272
15009733413
13743846666
10308583792
15584980295
6796762641
15281629911
11734730117
2371190231
9284443456
10164036313
12224253644
8782119062
12718716314
7528263045
9285552604
11313434227
11061349146
9616990044
11985035257
11049010775
8035662599
10061445188
7176287243
10201524075
10382787021
9837979076
8919580382
5997219388
6882946926
9349653879
9209882571
9460364836
8611436111
8413877776
7868245762
6088138824
6864993616
5712189655
5866130128
5385501647
5215741088
4160639137
4531523700
3848788991
3034083265
4211115875
4175032800
4404454933
4100773380
3840551983
3613890853
3345495662
3185827461
2941677006
2815168208
2635590738
2412191046
2176300903
2138983208
1830197707
1825610255
1621320130
1616718384
1108818210
1150887990
847538550
1192865129
1128320010
815585629
968934610
826863396
256685577
792650897
685707678
269362804
420714435
559182074
562480154
437081654
643574817
1391211229
1365873983
1490380583
1913517011
1797145164
1742263721
1730214811
1691163084
1647732107
1570412449
1501566338
130582505
3308141101
4534398788
4285358309
4904551687
6480830907
5291005884
6628672825
7308753064
6752958242
8523932325
8267909844
8500743664
11506587376
11221095080
8332900153
6440927474
10173052372
9979146816
9089772874
9153430312
8562569830
7415375656
5942983553
8330523967
9114032141
9888803851
8753604985
8597042711
9439305290
13169702806
8678979007
12361772417
10316085741
7286780614
15177738374
9477360443
11222218570
15077704843
12393429145
12319962726
13870136300
14614684440
8783954084
14562666873
9578035700
13638677936
8306818994
14993753716
8852138817
8249670011
11249712981
13288999101
8095029477
13893207165
6619760454
7335122734
14764206474
10177253778
13022665130
18441536603
8777961548
14028219784
14024925717
15316395658
16515668124
12224335194
14282867401
13255937870
7510281661
11687659694
10337773890
16375056287
7192732894
11868258574
8122126498
6602327481
17289362066
9470034549
16814612303
10708294247
11203262968
10870642498
10335781391
15120475509
15020011826
6973292716
11240883331
6446140290
16630759646
11933724553
8771955818
10991464029
6459422678
15651956112
