11176508293
11058975413
9465055173
12321443425
11467357513
13031665754
14507125624
11008475395
10256373446
10868988711
15385912075
13131016336
12845535580
8475615601
14099371086
17438965072
13161465928
10812665337
13514301170
12544512588
10518798739
5813835725
5524882727
12263650443
10938009565
19723121245
9605812912
12256675193
8918669302
8096411737
12751963410
10362574611
18959352516
20945190877
13210834066
8603371509
12680095838
14601330021
11494938655
13101167243
14923317234
14875462875
10637798865
13476239285
6796955119
10542512386
12482972396
10289283939
14601396548
12503899373
11471775640
12351227595
7833471051
9086994921
6362272947
7879775877
14315871080
8745310697
9509018415
14299640540
10120997887
13812441916
10164144989
15389136033
16150616929
11597561260
13724097320
7464496004
8988656480
10381355584
11165465800
7863383927
10833266667
15273670978
9734001731
11956630691
14190720850
13316911886
14218910376
9233911989
9141439930
17522351697
7844014739
11692121149
9021743188
17508825088
17189882300
11230018792
9841774446
10048682566
10977795131
13115766485
13163591600
10460851136
14943328584
8057571845
14839022298
8699251961
8002175992
14303479923
12645179487
14114165386
12034439307
16424482147
9915960791
14474113684
14445164960
20117379484
7686331429
10813132165
14564411541
12637421647
16818502938
20159896526
16520517538
12305174956
11129955639
20288066542
30148279463
11862579514
14588513243
8856456171
9633162021
7254039991
3728767366
13325137045
14700340076
10524248853
18197790058
14546170886
14148204579
14393056392
10616059161
9695871156
15406754009
24721488270
16119307977
11649542143
8975925907
35934500506
15396318363
12200334077
11551841898
11707231753
12628905060
10356885550
17555511088
8750110120
13220776465
16903187149
12394010176
31744270755
15794908304
11201628863
16250230033
17985104168
10501440937
16245275803
11307337938
25388552826
8786092978
14234927617
14516308971
15382232066
10757851738
19879178450
13958246234
20510304830
11926742930
25407152308
11879129814
12366458692
15745799450
12980051066
20385757286
16249684566
22435573398
10214967810
8967551790
14343443183
14057720162
10229828273
15808291084
6605522790
15126621843
11552643858
2244911464
9712507355
10084580882
11908248500
8681259143
11726347876
7500294016
9268868837
10898733997
10764444686
9921516981
11103649243
10716598532
8061106786
10199548544
7159193299
9968200361
9555081353
8951113141
8444431613
5902908856
6362847660
8516044384
8415491889
7984908658
7458051715
7002787311
6541205759
6043704090
5618260797
5309609127
4944829635
4586294862
4204692001
3988983215
3685819954
3416970528
2481698445
3024077221
2843587137
2607924989
2377273923
2103392868
2085733387
2023681260
1907018251
1671105716
1680431556
1465193342
1324364652
1324478637
1278917110
1115086140
971797697
614300462
652157356
860976916
772224304
538543700
624019960
438418638
475015927
545609806
423503551
198182589
466380055
431929360
344555610
343676883
334128988
152931354
198543484
306076770
117570627
212456445
254026541
224275933
77164785
42080290
17873877
59636088
167274771
116109224
153408676
27112723
1848294247
2920263689
3204726196
3830764071
5029953249
5314950969
6042231479
6692528605
6446401860
7515116056
7907506412
7807280826
11148374820
11026948187
8176453832
6861528770
10265268523
9429141621
8606673687
8901930028
8556045032
7190345384
5336402263
8040136714
8984266149
9401264371
8615081314
8726801528
9439353501
12994371732
9036901655
11825339149
10580838692
6988394042
14848797602
9715784166
10929076701
15266930593
12141388861
12490993282
14056131510
14784960630
9514366036
14474622917
8703057109
13820929425
8102212995
15058266163
8998317087
8675096144
11576491285
13645105114
8428433273
13820005267
6433898102
7458561001
14866834955
10133897867
12699699773
18234157458
8929921854
14167463671
14378640026
15285272437
16226466822
11359099655
14074904508
13143732969
7648804156
11819447432
10481427652
16255501505
7327687133
11795112576
7755448195
6602306883
17236491482
9096196474
17023764438
10327603544
11102719902
11069479758
10990542349
14988551062
15327291987
6937139992
11559861275
6662968385
17084740267
11700270642
9072656836
11323522850
5606620252
15713118802
