11004302490
10706405500
9524514754
12728949799
11495627956
12654756456
14672202703
10744260038
10200298907
10519561580
14902188717
13114601479
12734712567
8310939352
13822137868
17090411671
13093521009
10961569545
13857533836
12711245454
10793712626
5247313305
6121407638
12252209382
10536736262
19924071984
10036829766
11747314981
9173119463
8273121561
12611493477
9744999553
18721753931
20943388384
13162467060
8680266943
12947512837
14308338229
11260600746
13062678292
14658463126
15304929299
10011305710
13665515572
7301106834
10778627100
12377791665
10581314415
14506974441
12461446077
11692468869
11989999353
7356367262
8804353161
6171593846
8600922733
14319216523
8195290739
10035572345
14311682429
9646013279
13523881571
10387474562
14997229311
16381818588
11626628820
13647269632
7852511432
8579868869
10982026030
10994263562
8129382056
10874011945
15944673696
9800589870
11689190591
14529826377
13393379695
14589069778
8970829714
9444602430
17843805453
7848680032
12007311539
8708420670
17349724442
17550204042
10935881291
9694676249
10258991663
10826966220
12942270727
12893017145
10252364773
14664681947
8070876789
15143981030
8981350683
7785745119
14385935894
12860482539
13930741969
12097498379
15855540114
10311660791
14579063789
14265485127
19554294998
7697246458
10841426999
14937822120
12220149794
16404046568
19585744533
16567376811
12282776973
11052223188
19647166201
28013233566
11726387302
14958123524
9456170070
10042076119
7853333934
3813711005
13532394057
14625821938
10973391937
18065755515
13781619749
13912429108
14718955048
10314462725
10375902758
15271148498
22950742774
15864376695
12906253566
8986972969
34235255315
15911594259
12625576345
11625488872
12246619433
12444938589
10085281699
18397140978
8594791857
13044655080
16357266005
12412790938
30053897639
15807218541
11305384668
15838069939
17438518681
10208716011
16984305715
11140580732
23652332110
8600088220
13964106756
14458651807
15309197019
10291656842
19085979339
13789109274
19797949877
11831312002
23851653262
11637380541
12427178582
15731349655
12335082614
19824583051
16198499580
22363223200
10071228946
9192495513
15001737863
13423202965
10265509387
15595883436
6700621525
15378398342
11804266490
2103134547
9465306190
10055610306
12290322327
8506920715
12650796632
7730093287
9505876934
11138198596
11156470796
9670191023
11865664959
11095856314
7854046947
10200117657
7184071938
10221636173
10253391711
9764015334
8914165141
5915112550
6738128280
9297259281
9125385432
9275271317
8677315656
8203365410
7617658556
6052512194
6705823707
5924858290
5820761962
5417420991
4663830239
4136066283
4334297988
4051382068
2851817355
3651972973
3617883700
3798674932
3699192773
3463693802
3233461103
3031185869
2874711091
2691227599
2528366313
2354645485
2023890347
2023136473
1891509475
1752088361
1619498869
1535171413
1374107319
1195633343
1129331122
748997185
976205944
995340808
708334504
633154391
822453147
277293535
716538963
591326729
469400792
501715334
522775189
386032955
537327226
485449810
804961670
770247907
1143736725
1674972634
1624911751
1550115994
1484806506
1375234443
1265188073
1252125454
1203360391
29878123
3276500547
4124935806
4077582056
4508045341
6028247838
5496460175
6543081279
7126798807
6846002289
8210050789
8182504330
8455772221
11475905619
11162550907
8368465365
6354343724
10385689511
9974146452
8972211566
9034591469
8701771257
7251561357
5736331672
8402806519
9149053340
9963880987
8436483879
8805917375
9405199754
12884301200
8518665972
12466051013
10654636422
7161810987
15109861306
9488222625
11407249864
14964754710
12318097804
12463146547
14061487171
14704073180
8793238272
14459533905
9161409262
13685081409
8385010292
15005025551
8890495749
8228472303
11298424535
13384279944
8135064164
13713776070
6582169195
7203263468
14840143676
9942419913
13045577095
18463160611
9145669094
13826174942
14055709133
14989088737
16434727641
12109475029
14199185009
13201935550
7464281741
11772968062
10484262186
16185702874
7012162215
12197262368
8033891358
6630475534
17306770143
9239233643
16950544336
10703884849
11189604332
10942684609
10391107282
14933457674
15126990312
6939334373
11325678411
6702139362
16633900300
11865298726
8783936047
11162344257
6188180646
15620450831
