11125884954
11045752576
9352534236
12395586505
11564143304
13041222712
14531935808
10814778694
10302270361
10915766288
15339292055
13152415974
12806700874
8481449156
13978803987
17512900614
13226207516
10764605519
13614421803
12651717728
10445938287
5783584013
5424564227
12494979749
11039389094
19659290111
9772681430
12040820286
8772404486
8030285794
12598419498
10204943064
18755624451
20939554054
13335198504
8436134711
12563905947
14623622638
11427182723
13126860047
14940526322
14838791701
10493588350
13490233713
6909645120
10616035589
12478017627
10377463138
14564912447
12520147533
11551896156
12264215097
7659063992
9040411724
6277290728
7883508079
14363078208
8651940010
9440334427
14285343138
10104344142
13911383625
10158155185
15343051009
16112964221
11625011527
13730294142
7566608574
9020842399
10293089642
11273751523
7942287265
10795196992
15346192164
9654738892
11978511933
14158005642
13193219229
14217863785
9161666587
9173257965
17513759781
7973801868
11770751968
8964030802
17576843050
17171182148
11264052662
9872875681
10065822321
10983870088
13206955776
13042233517
10491777731
15056215578
7963906951
14852653668
8634706666
7957214492
14240682183
12644527388
14042503171
11970300643
16337275635
9921984291
14501403103
14255816960
19981150867
7512692482
10805636442
14614323171
12550273012
16852533854
20327419028
16382051645
12365480468
11227407980
20307237701
29866386540
11723566677
14640955540
9022126817
9570557295
7391575876
3647581341
13546048378
14856515436
10692102805
18055905129
14477055987
14279870028
14451935188
10418217902
9657041832
15474589009
24515616826
16187317292
11653821692
8738145238
35768132734
15376488871
12151397257
11558528216
11644032604
12616044152
10375257879
17644477026
8622620875
13068397394
16843163781
12425363004
31557743106
15737989068
11329495656
16235382318
17964624081
10407496275
16354113077
11241161861
25239584348
8903730307
14078554915
14412643565
15465025977
10614961500
19742220282
13997487091
20681478981
11914381350
25260655778
11831632784
12401952103
15709321110
12885563215
20361447558
16359809771
22436674498
10173581747
8986640948
14388991807
14184671121
10206172377
15784733047
6585692872
15308868354
11489639676
2378906902
9832494570
10018511036
11715217644
8669600218
11864261558
7516764289
9217792670
11125543157
10884921537
9988651026
11066179461
10937246703
7900046896
10241282541
7266218548
10223593201
9685105821
8880458138
8552461290
6038063610
6363469008
8428981538
8693123405
8181399347
7679585488
7159965047
6730885833
6272740071
5851799404
5441507679
5071795090
4716413403
4340631186
4017898471
3783911507
3537480848
2480999160
3079686914
2888103972
2693455221
2507994791
2331008784
2033076018
2016469058
1920580344
1776548297
1611766326
1565350158
1448450582
1393140671
1256643002
1132272214
928196533
486644399
753708988
910386679
858903083
592674284
427716587
454082605
553944499
597658643
468492659
274412970
370051521
427351605
364202704
390662751
315765819
155361429
337362239
113677926
224817734
263825195
267306031
221802552
73815570
93709136
166813898
128898746
196697444
196698114
154606759
249681366
1980730671
2889065563
3187346548
3896765414
4927023136
5374472225
6095293678
6582982705
6422962259
7425669032
7948362621
7766901219
11277865916
11015392679
8151857016
6950340416
10290468167
9465242016
8741130412
8784453993
8495241427
7194001572
5452488588
7934745585
9079207827
9550907175
8693137495
8754145776
9307524441
12969776084
8922142710
11993817808
10723564745
7014310267
14776568704
9763914183
11079103131
15303949789
12059625740
12305386995
14091194133
14648829100
9525212970
14496297099
8881042490
13665756715
7989588881
15096534780
9003445237
8681377174
11536211283
13764530576
8379167245
13802492595
6428260680
7593787868
14731233920
10339508909
12824612847
18335822324
9048912651
14393713762
14193658058
15206484796
16159902022
11342544953
14065809756
13176145150
7603468520
11851638544
10441994491
16220145751
7272743825
12024215724
7899197246
6760431359
17334092970
9072826940
16968484261
10667809180
11056718185
11054607770
10813375639
15141908627
15310890486
6935052165
11491673026
6539946897
17041987289
11612333371
9005260950
11233914879
5470371176
15829610964
