11110933339
10818722602
9632785814
12574244945
11743021521
12971132057
14473333193
10985935822
10241085807
10824373767
15171702300
13508482852
12718178989
8493154734
13966731304
17094689474
13179746799
11054369645
14009228319
12758278663
10563255862
5644151721
5925886048
12586180716
10902465963
19537897351
9757368207
11915157998
9021000519
8031547305
12224216978
9896801764
18769088219
21045914040
13081935679
8542160498
12538245759
14524938901
11416239038
12761877495
14917448784
14884655600
10189262600
13484379494
7310503628
10789332976
12485309416
10369098352
14668687250
12402190414
11730123183
12173356630
7230617994
8769943080
6399097719
8324839062
14263990986
8369911393
9861046339
14460336564
9950427952
13511635414
10318043949
15226027443
16377674224
11563182331
13462128234
7876232100
9003758862
10589583189
11364664030
8103747749
10719979328
15515716310
9767428048
11703392684
14097884149
13214247539
14682358977
9289553829
8997795997
17694605445
8100609459
11827519305
8890332388
17411051742
17187383769
11114945263
9682752144
10293384393
10863873452
12984266402
12723400032
10518273733
15092944310
7898403396
15216359785
8743162271
7864446474
14414055499
12685163086
13879468923
12073626857
16124249712
10229566036
14546786330
13996828669
19580118406
7552465417
10883503858
14853794545
12396927595
16426207142
20375868646
16363075510
12426106923
11102365298
20014771980
28996220049
11848409383
14929044859
9270148213
9766310359
7342393481
3725726745
13463673921
14693397987
10991829455
18070349421
13884688000
14161119848
14571772202
10357185922
9846321323
15360871577
23790776138
16132052858
12253484617
8804812842
34847556117
15604041262
12511151057
11799094346
11887462794
12370601721
10260016604
18113889939
8670836813
13063481293
16775884673
12357353081
30778690822
15623945895
11306776466
16236139202
17473069670
10423190894
16842313651
11175575353
24274830583
8735554357
13807302299
14345949977
15430475330
10475745843
19541967129
13898556424
20263621983
12093519030
24700256638
11658877985
12618811941
15442995312
12472095504
20171786499
16480553822
22344214224
10251693456
9133789647
14660107933
13926142477
10150916298
15398000409
6466095963
15186489557
11637202831
2217706876
9671876247
9896635722
12085537447
8727949586
12515897615
7659436617
9458790622
10966256916
11328372731
10204453492
11438390662
11291145344
7563787606
10176934263
7297169090
10288797954
9820517807
9264506185
8613907485
6082923527
6527588781
9241668775
9033148661
8759409037
8477276777
7981474898
7396858801
6315792066
6455934637
6058667084
5602567998
5117262878
4691812278
4200831310
4210783777
3955733741
2466548318
3514968242
3244937089
3041304317
2838256904
2630111302
2378486806
2336341915
2189990295
2000452692
1938430738
1795678532
1700715206
1561556537
1442537573
1369901097
1196292192
1192413834
1011666689
989085587
931546317
840244924
494781141
784062521
657015404
556214441
650503156
361521076
303766434
514048619
493852224
404381064
462446008
432407173
409644861
352554230
226009243
387430064
563265545
903093685
977206928
927579486
876497452
828755626
724035907
635231102
722606251
296470648
2475727375
3405427537
3666929996
4221521062
5552870522
5407059932
6123138176
7057713711
6921917757
7622998055
7854895873
8024168812
11167339539
11365804308
8089451421
6626052043
10226567956
9856018956
9035693650
8828113734
8460160288
6981666611
5491605528
8069920838
8872449622
9904466290
8745627396
8816951694
9578104627
12964298720
8638687410
12228215350
10975142493
7118742891
15155871446
9692685061
11083963050
15128318852
12280116780
12188781579
13876397698
14552886568
9309613514
14607834143
8681429362
13716106015
8290127928
15191856997
8777336509
8456153026
11369462263
13630234062
8407017655
13653383055
6509700281
7373805550
14681606338
10157259327
12826669172
18321343069
9077508584
14131783223
14151818576
14986426698
16386328392
11929035408
13908873962
13335785189
7403912748
11637749970
10480003555
16084577227
7029093040
11917087245
7995344957
6671470647
17557098924
9157550360
16867843548
10749610441
11233812159
10982429934
10565020908
15192632525
15203216343
6735203229
11207694296
6910187218
16599017033
11641797236
8760932242
11273848242
5718592275
15770390851
