11139619555
10845612380
9663946193
12669785402
11710249185
12911779101
14471056296
10996316814
10337961477
10727971093
15093009121
13382368273
12753886422
8511162648
13999202156
17104527622
13183288034
11179854742
14045577356
12744492987
10631682962
5519949777
5891113273
12585211414
10906639245
19551654417
9757448935
11828458250
9071226811
8063417821
12452799655
9990242246
18620843988
21051518313
12918758215
8661031092
12697316261
14337964838
11478740284
12837096417
14835700803
15140027592
10253159120
13500189134
7452936047
10771864572
12468309514
10473957563
14710588352
12279291130
11694803747
12014491698
7197685414
8729219584
6285888773
8392400717
14276457464
8380875815
9980355515
14343002540
9960245579
13632801893
10322565143
15173968662
16483185364
11600317616
13472833093
7740094236
8866901712
10780505885
11255616412
8000167044
10707658112
15671291665
9838207330
11783007393
14248329672
13080643980
14594901792
9205744379
9055317512
17604878322
7985918099
11894603831
8766625601
17444311965
17540205856
10971817873
9682521634
10248887658
10837729208
12930510024
12735685535
10523522834
15140994752
7890022947
15224585635
8769640692
7861484261
14541086316
12626255972
13949624330
12111623687
16158315644
10226059950
14523724867
14128229179
19582415254
7655359889
10789257745
14794961573
12318006592
16447391551
20024698913
16454871097
12412178458
10980512577
19856618950
28724180655
11777605164
14930854246
9213022513
9934080405
7432101166
4075924533
13504783593
14821012450
11097214985
18189742827
13925776777
14153550202
14512644275
10251656200
9938365190
15235242438
23503670117
15877673351
12451958330
8783441804
34854316416
15808938896
12395125735
11769564482
12021753389
12197713135
10176527028
18148191192
8768960754
12903314949
16769107472
12228671445
30473404035
15670306000
11272695641
16007140532
17554290234
10396849152
17004951559
11161395639
24192870702
8653421302
13909038368
14474910324
15385393595
10416772935
19505082993
13865494884
20033264229
12109865391
24650816920
11617455417
12726266841
15416004274
12462915254
19999062950
16498525080
22345653506
10201707592
9201166516
14702391253
13668147658
10278374040
15361181088
6756414478
15102001899
11767406947
2333494451
9637657769
9988230868
12104833617
8601271800
12531230881
7547834428
9524349373
11140473225
11356028962
9951100145
11554416360
11348670261
7627819268
10164032590
7254891977
10160655227
9842109998
9270562778
8827127228
6003829846
6699562550
9168015921
8982651422
9010108215
8531603640
8014063938
7486573601
6278543132
6522178905
6031529414
5630240978
5212390799
4574726198
4034609198
4267299196
3922590354
2650191079
3455394759
3384871134
3262875095
3095667540
2906356493
2724368523
2555421802
2396600113
2237812297
2129390670
1960633653
1647290919
1740662445
1615466097
1501452509
1333667770
1258004992
1070877390
1125368940
1031161023
1000671084
528456943
857786004
772572518
724634995
700712411
138776843
312257003
550526949
476571120
265964686
483499634
354384136
333575954
364984788
392262652
546266775
758162916
1026573322
1083589525
1106573044
1047558840
1008479381
952805935
890961516
853470809
99086436
2700751369
3466445826
3761099698
4258418842
5557671752
5498324553
6310838895
6893133223
7013757301
7876969177
7889296056
8108609861
11065974532
11330221244
8235810906
6630069931
10300070404
9775626570
8967678289
8867572275
8447155117
7123381878
5453246498
7958530494
8831259642
10083728168
8814997248
8779477448
9384894915
12862778364
8789828249
12345696229
10865335574
7175868818
15141337032
9672938607
11134314676
15021575794
12179389037
12256846952
13960412143
14579650406
9104567666
14352384729
8836079612
13796286814
8433056912
15077103155
8859085388
8420913878
11518247987
13508482591
8349654156
13737761733
6543328811
7347736447
14655104358
10130720923
12802422805
18301543055
9060156073
14015673146
14158375543
14965301049
16462261590
12070018808
14066921611
13276377378
7447489811
11549182273
10577685987
16116688630
7054741959
12338546879
8013519720
6813928435
17375653722
9036972091
16937009014
10787801539
11177780078
11188271526
10470124640
15091964655
15096359747
6673278292
11321542971
6850461241
16523885104
11736855604
8653079398
11125961506
5817831250
15738076816
