11555005932
10971698408
9573595089
12150028810
11194713344
12934557426
14748839759
10641108682
10357963378
11163717384
15266999231
13012416087
12536558718
8666283794
14052175914
17701536240
13005996654
11053307829
13594353103
12572264459
10216571939
5849319276
5617260809
11790056122
10737947475
19375438942
9675257938
12274154981
8773859310
7680252703
12809869782
10335795919
18962742612
20733757549
13026333582
8593937972
12786492243
14687069673
11763195870
13007971029
15194988287
15031502680
11057605326
13516646692
7103833610
10228040239
12579700679
10257548386
14419164729
12751623291
11528311485
12629993186
7705654408
9201560011
6589419034
7971045476
14250315745
8982490541
9351749109
14699405231
10312802010
14124224345
10080298819
15451050522
15790677075
11337359638
14266126001
7122080876
8948813794
10290521689
11265086892
7866069226
10768437738
15180846969
9809594152
11909474919
14207613148
13328247860
14182461192
9176198867
9281679944
17452425854
7805380584
11546912325
8943296212
17556943854
17283861397
11162912228
9930776359
10011967038
10900064933
13114509142
13161012252
10573923932
14844750234
7881068686
14631346212
8895531316
7760106376
14212690756
12350068277
14196480227
12017190090
16117550122
9976621920
14609312439
14927048158
20116931964
7767517939
10948961817
14391957012
12752751527
17243298635
20203700737
16694845950
11962008484
11173153431
20444410415
31099644197
12314853900
14782143772
8871289585
9782973079
7047460629
3690297629
13162042457
14517351926
10984641986
18359233571
14652054938
14039991346
14247428369
10460694852
9912500548
15795083495
25689463657
15923318265
11730409431
8799389958
36648940840
15310046832
12428985422
11783910865
11717396592
12682266823
10656425862
17598564180
8713591236
12871735767
16836555828
12670959048
32690675999
15875493962
10788141682
16361387095
17788746919
10895179305
16332121202
11214384302
26267605363
8966499688
14199644167
14511451280
15736757912
10686266706
20275855112
13988699532
21215023950
11983537212
25889614043
11730334595
12020881543
15637903262
13066652325
20549309033
16394168956
22743013058
10380932840
8979858805
13961850074
13761970021
10263277191
15485358828
6445881698
14929894454
11589154843
2266264025
9603276413
10084205431
11639513908
8486344005
11282024581
7380417453
9026130138
11063429281
10615263863
10159359337
10969023940
10301668914
8098429618
9892305696
7264458705
9229140684
8909203741
8387240218
7967008558
5768729131
6309957277
7917364085
7547132843
7122782511
6688966520
6272688969
5845436352
5472105144
5096446858
4729666448
4404079559
4111935844
3743302951
3510365444
3240873657
3021852162
2442797874
2612842631
2527439735
2276510899
2142771598
1900068101
1903067938
1792449891
1540512326
1180764360
1355615920
1323530962
1236646756
933002085
1131990771
1060224224
933660731
787127310
688835822
783180474
632067956
635683117
587490320
977182
482568995
308452487
361253225
460700686
396423107
287196175
81219492
310835597
328814071
82515589
194481609
235790729
213401453
120129960
237577428
224384928
107413322
30308554
169433398
167114553
145702549
118796572
20790373
143627489
805874101
2275823384
2793854741
3323813573
4479157812
4903852669
5667885399
6093776161
6427129494
7103257296
7340980169
7591667051
10989814522
10768556275
8093036531
6972677827
9881882191
9340834846
8400054975
8756109732
8250006128
6896671053
5325706899
7986326086
8843493160
9340452204
8677102049
9059383043
9359022986
12531105096
9093288816
11951560946
10670539955
7226852775
14727369317
9362610997
10217341874
15251112409
12170016954
12702968834
13933451515
14848288361
9842721481
14536533548
8344433031
13357105594
8406352534
15119952048
8979813559
8599321079
11804443656
13548080921
8357480070
13959271361
6463272489
7555882191
14782803852
10022697959
12766963674
18353761261
9174076686
14217327919
14266240412
15207896564
16276234199
11799119034
14091874811
12836903618
7713320839
11580220766
10364296519
16307886159
7350802051
12015169809
7804540051
6505766756
17355140084
9150558537
17086707653
9704740495
11191388660
11318492341
10985222900
15189027383
15303521194
6562533147
11872931911
6739654846
16942598797
11615357358
8821001729
10867965271
5782927369
15577992487
