10916325408
10567913755
9511345476
13147411312
11704855952
12292398163
14401765748
10710760545
10350618361
10466428090
15146574677
12904716997
12637381989
8288732411
13333973081
17241538233
13051667997
10822548581
13812338573
12569394715
11152351562
5276546878
5811403796
12213548913
10718543861
19735813328
10135172772
11616123188
9325134138
8240977035
12431347195
10016115978
18848674579
21286428221
13086048780
8697439285
12880147998
14202966669
11180725609
13153580804
14731278237
15522949195
10006473729
13702312872
7719192007
10733561047
12670634488
10813401072
14033635458
12666651399
12043971116
12007322964
7211650197
9158911632
6129991872
8494579664
14096564605
8417467725
10164518794
14418940246
9784161350
13815852073
10295191428
15517883999
16512484837
11753200480
13750090565
7601930210
8642638729
10866177511
11526051170
7975242752
11169025853
15803549827
9944889984
11703471615
14484941557
13394686884
14456556870
8558548417
9370886140
18328367920
7699797633
11947014359
8851936496
17620415763
17721717024
10875955192
9598315373
9914800090
10822176618
13040246349
12634084841
10436362794
14780235492
8365019429
14939723070
9057464305
7857038034
14340149920
12692420613
14241353703
11927289034
15832200292
9963078433
14474014661
14435035425
19482454304
7806207552
11137730989
14959563833
12181544014
16285302653
19392914189
16935114490
12383851708
10738032403
19770834541
27197026472
11928159509
14879142463
9481046637
9745973069
7901347131
3729937117
13502003422
14611932307
10560832661
18179093990
13760105214
14133239105
15037936477
10634733965
10406792264
15230867433
22396871099
15908903708
12930778643
9094896348
33662338367
15965786445
12603547970
11556429528
12166688574
12403055159
9955253651
18293031428
8626244758
12843818936
16404485122
12574267391
29422813720
15501771021
11121465197
15852813595
17300529948
9967252010
17242706420
11182871583
23019280457
8827738453
13722504319
14405970763
15042247392
10583196930
18769879801
13570751913
19092596474
11871734080
23231973525
11341150333
12764960769
15145527710
12438382417
19865837340
16245854267
22420004835
9629373053
9110150579
15019153197
13760678275
10482426238
15467780461
6640109794
15198284398
11664549109
2440378612
9183572446
10245403446
12034719153
8830537177
12743518619
7479622067
9271743977
11273945374
11149939149
9745899590
11911384501
11102489033
8193793241
9987160209
7109399047
10295233464
10369067151
9984405514
9058470954
5952089722
6959719076
9346295968
9416431419
9777635861
8453657246
8610628047
7924389677
6098274775
7008234038
5482278055
5921664610
5233057668
5043450610
4123328377
4676581846
3875996069
3040769674
4320416190
4322296793
4481265134
4340408442
4057201251
3825812843
3599064210
3365593427
2955890119
2968844548
2813000592
2633092274
2235709662
2085141139
1986751760
1957504629
1834933586
1713766358
1104005738
1071185495
968343692
1277291923
1093377869
909245568
826226496
858582491
243043076
827215078
811864822
202321723
670447883
665203523
568483072
508755858
869899121
1438305453
1384263352
1515469026
1911648106
1973739360
1962662600
1832906284
1783557287
1797874776
1662372784
1794672506
216400066
3393269924
4738896854
4202744554
4969952364
6512348475
5447125047
6458262596
7366952397
6695196642
8739550424
8453289995
8279869554
11463293333
11387537537
8436050504
6285871545
10300789069
10125281833
9245710192
9358054321
8660090408
7556406446
6074926930
8336570151
9226806872
9804990964
8542445462
8496132008
9388023181
13036764403
8744266276
12397594152
10308019140
7391416288
15269260896
9514329359
11204258482
15089639797
12583686270
12193588410
13891540661
14726245912
8898245014
14622825795
9619786913
13633352006
8364377534
14948741492
8962284522
8237523127
11114381861
13124247282
7837147624
13842571115
6655716505
7303317654
14797956033
10218536070
13004941943
18540714121
8559703549
14285344988
13966947715
15250648325
16519816972
12405640988
14362939870
13333228679
7430733087
11546447802
10104372245
16443917246
7105315177
11934865526
8078020415
6760348846
17065330379
9457409279
16824515552
10840135012
11242719675
10790412989
10095885652
15111537374
15221734184
7053653803
11290420814
6298783310
16660032097
11666891356
8822520360
10940056160
6457212193
15585356233
