11765336486
11041149609
9455343234
11933181191
10977609236
13229683007
14671851155
10746780949
10470474045
10767557928
15219683195
13306040170
12663396751
8479299430
14285924723
17959917450
13004667338
11020615412
13742298008
12739140853
10089906935
5804504151
5380524953
11888220295
10490675871
19232573678
9743836614
12654863933
8230242649
7436161814
13134402531
10147030261
18957206017
20747413213
12717785048
8466939755
12891744698
14906799453
11749590771
13118582082
15190310254
15265105129
11296926044
13315580176
7284798387
9952825414
12750583021
10623855012
14429827631
12723496996
11106744063
12782207719
7360294844
9213544923
6280773214
7995417682
14503769566
9212282686
9385142105
14447371556
10490288159
14259782108
9921572981
15475580139
15563581738
11390621319
14256484779
7112954076
9257042444
9952542674
11395279329
7311820581
11059093343
15344457347
9769094225
11593228361
14357986933
12960795891
14158672778
9358390699
9430523531
17206930507
7592252539
11554090367
8938277485
17473090034
17121928130
11221757367
9920645804
9779346165
10693933036
12957481672
13111672735
10212812523
14800358375
7778626897
14419702264
8762042522
7504324935
14122948207
12293610272
13959172162
12220460490
16156208674
10244811102
14468954836
15284165424
20450625854
8152506381
11227212987
14197155138
12857185913
17021317152
20027086205
16951841882
12024349357
11094489554
20443701713
32289638348
12093606643
14562987342
8938704812
9995218155
6753861392
3626396285
13078082064
14743151441
11252940764
18147922229
14891526806
14483919979
14433204669
10696137821
10081965671
15680480446
26226921684
16140472700
11879559820
8690941476
37641428252
15109558176
12448406203
11682352790
11927049578
12919227913
10836519119
17686651883
8315416770
12756198022
17003258212
12707350758
33631252585
15877486739
10417340517
16508908436
17890397479
10484638070
16679930456
11154781643
27167961140
8721956338
14112267076
14562032420
15654614734
10618559578
20922173238
13690619446
21490229634
12293842837
26654095149
11588771295
12404327041
15774598867
13131250597
20837551429
16362998181
23068285962
10707079871
8968741618
13936325842
14099667348
10130770111
15401528060
6510844763
14927588766
11362983640
2181604894
9138405631
10327533501
11214205876
8292019860
11091383615
7552828669
8971737243
10795156578
10398748537
10015370727
10483560835
9884229635
8028841948
9231160180
7206964171
8716005307
8512148901
8041786824
7554879116
5916001748
5877468308
6840414804
6481310100
6113647403
5736134229
5374739955
5026835924
4670528164
4372605924
4070879139
3787257630
3507481849
3269349982
3053577727
2835067484
2666415768
2494004370
2209441556
2175477876
2020653502
1786992935
1722758445
1654190248
1541855128
1442912245
1149088425
1250946240
1040036061
1125266228
1035799953
975911326
853077704
812543516
733295015
725791401
389583230
617719595
483070028
530159116
291390383
412771226
204962554
280506269
188856986
113981124
285261017
232661060
233741653
113955743
247192258
228347274
152398348
94348593
106762256
117297599
98216233
150852491
53501039
60901001
25572007
139158220
109360264
59710650
102805967
106497273
1610133081
1762732377
2985540515
3748657949
4575839525
5483161635
5580148960
5779606758
6839810127
7108440376
7157512241
10652710270
10482878970
8320028005
7410540971
9596688372
9064410772
8356764012
8368312176
8176791513
6816969225
5648221552
7507657717
8515517353
9038993237
8716005848
8769592541
8951096986
12325511670
9188302692
11846650202
11019363037
7322993967
14648874246
9570959635
10257402981
15129366153
11925428696
12306424631
14269709234
14709640888
9746787737
14299366166
8136195673
12950766823
7933598947
15220562691
9086764220
8659353187
11849365482
13273703073
8368863305
13730879858
6235095985
7848703879
14712706483
9538027898
12734485410
18413155047
9084176192
14407384366
14090812153
15251843034
16233895287
12024185881
13923560305
12599004223
7606508439
12043720101
10615680714
16293072881
7250746806
12112639173
8260449560
6580853121
17557645367
9615993786
17360850813
9727728875
11250271723
11583289262
11044318787
14900337962
15590487216
6382425778
11825134370
6901763582
16827492435
11757380601
8744865888
10661968207
5705561026
15773039659
