11386189499
13638971196
13163941909
10887365667
12506128551
10512954388
7908999176
10759535317
14012701680
12752848552
5483999051
11482578121
10768926833
14277831539
7517254623
18439350956
12789485236
10276683311
12220466701
10542567718
13865991847
8176455952
15374933518
8052809090
13477688189
9551934705
14003834789
10649742068
10218008441
9195855304
13918000665
11924722489
10158596491
9158819340
8636988432
11432346562
13352305103
7425626630
11039104655
12380367508
11932331087
10856334573
12939655135
12071003357
18299943013
12368210527
12718507796
9069574907
8605935577
10909553850
12185115199
9129762339
12167890496
14867240548
7581837704
16328936090
13028776166
15512137753
13250362069
13081899747
13511255380
9337850354
12344986331
14582195485
13218794585
10488223252
15093897467
14491270547
11718613666
13757166113
12678613695
10620108645
11633113501
14341400470
15889732831
18083096946
16265250989
15209059312
13589317136
10128172052
15629681958
12824922377
3447064529
8596959853
11030687283
14029145218
16381570701
9315242566
14557020581
12584140387
10677388866
14575504615
10183773744
11908618040
17571808047
13059382494
12945859009
15725215861
13478657936
15115081997
15364331870
11223457616
9983019779
12370417248
14460853360
19209066919
4205275217
7947061556
7930315196
14516017426
11460213185
12906950081
11878986606
19024563167
14991713151
5172741476
6820685037
20258114851
9318418609
11577614296
12665079761
10471174018
16742765909
14118264971
12382785429
26109164193
11970079627
9781898856
18047714186
14336435750
12388585487
11484525226
14462230125
9059643941
7799239481
41026869710
13655657667
10099927840
12485666801
9402805434
12125914093
12516132085
14922465032
12695653347
10849181889
7435621105
8948638506
11219716992
8390151007
27515362474
5915223277
6420510282
17200640058
12594096897
14797154625
15750880303
32754813698
7730242441
10039231584
10594315278
13576283488
11867164864
10246292078
13273206146
11428755337
23195006257
12406848994
10133132975
23086486087
12849217252
12125996750
17869761431
20465391748
11823241892
23557245610
15740655165
12774798953
13141019306
10521794819
11660657191
14017242235
15539745519
16941163229
18112864144
8668165025
12243345656
16863004060
11604952539
11648345231
9612711995
13652870071
12726738978
6915259588
10253688250
9548367225
9874653252
6960033930
9975608352
10349775635
9285557104
9813303114
9803078022
9349553011
8780236228
8108011215
7779075191
7229885799
6726631917
6512093746
5907873336
5846049262
5481820957
3981815994
5108156273
4788116092
4467156609
4155421913
3869063638
3598113655
3347615517
3119867578
2911576649
2723436510
2549982945
2383338574
2193339821
2054172760
1927946546
1754638080
1667054134
1580564648
1493648519
1398403403
1319171464
1119706457
1141671352
1039007970
953497353
911463490
829877042
783152502
567583699
616488749
39420117
550194504
564417171
502013769
395617163
268388077
402908222
53395834
260046968
37483925
9124629
58219923
82281000
156914345
190164896
196833651
104678329
37969130
78440908
17603716
76532248
139039190
54543671
100624237
88262703
108433450
103954065
123866009
425392061
696865296
942832356
1600202604
2289028177
4851413963
4726980848
4692292929
4543686951
4464159222
6045109998
6128757459
8847043144
8744807256
8559431089
8385899463
7977267137
6306089918
7224649271
7011351699
8256687040
8696891895
8359168993
7607824661
5774292296
7288051581
8750768231
8775383322
9989118773
11212812695
8507788233
9987991451
9757359172
14824617681
13656561047
13352034758
13343873688
12158145863
11841630803
4616045096
13468853334
7110026233
8914247165
7014542268
12678009501
5662771884
8028258460
8152360142
11642653639
11041057072
16135162502
14283787120
11687008202
13791768050
15642646250
12638303621
17274074982
14466061041
11102961714
9410740322
8164887000
9457661638
12307133645
17696474564
11460838093
17067186360
15616870775
15958304555
14776746646
12117441007
11905565660
15330767320
18186891100
10932784171
12120490135
10873328747
9637146072
10888206832
6054014691
14483508505
10374552171
8301133030
13864265895
9549144994
13865087452
12395293576
12087885301
10774374020
10549400038
14082995082
13072427971
9489455678
11011537735
5353600798
