11396910274
13632276116
13163393754
10886681571
12494348045
10510899587
7891166282
10759180716
13994091305
12746920392
5478920666
11502963668
10789687717
14274630192
7516122978
18452971947
12795551675
10283285885
12234432707
10534796358
13869920132
8172461464
15389116587
8056628268
13468447423
9535419897
13999414572
10651156535
10214777399
9229983841
13895044499
11921671284
10166423071
9159589861
8623737087
11426972983
13367318208
7413236278
11024982027
12383007742
11937457521
10850260737
12935262694
12080930497
18303877768
12362326759
12720187234
9081478452
8618340122
10911236233
12174386822
9121840852
12146571211
14862034886
7590536222
16326092063
13024671459
15496697605
13251569872
13083499176
13517670998
9332947415
12348722603
14583563976
13208483391
10512632071
15088866718
14491432477
11718161300
13767745735
12680207936
10642299485
11612256865
14333100590
15889707576
18067359463
16266088176
15211322727
13576920068
10143064103
15637518259
12838490946
3450731694
8582397771
11034893561
14043760082
16381271114
9315113041
14542428143
12570186337
10695260477
14552967178
10176614706
11897695169
17555628697
13052779170
12935797927
15702653819
13493372469
15127591695
15356759748
11199226465
9989583099
12364144654
14459169136
19207572690
4226818374
7943140863
7940647188
14494798842
11467450780
12913010324
11871006050
19025134483
15001496175
5169629286
6815922792
20232718737
9300677514
11580514645
12659406828
10493041928
16718259979
14120090270
12386019117
26086242165
11969053947
9792130129
18026105958
14362513131
12406447833
11479118692
14447027085
9046685910
7796611201
41002949966
13672076331
10113704957
12484129716
9409026201
12113742630
12496294911
14953531562
12682993279
10854271770
7441710433
8954506129
11230559728
8386507283
27498444201
5921300835
6422573510
17181592954
12587822379
14802082691
15771325534
32714026813
7740021358
10038450258
10603737098
13592553399
11869746252
10252250223
13259752124
11422205347
23159136720
12389470008
10136240729
23075184501
12861792374
12123922651
17864171350
20478132647
11826206553
23541717828
15753563601
12778509252
13143164676
10497940105
11664784616
14007035788
15519234669
16944745652
18088635230
8700040238
12267977887
16881258460
11606169549
11642465820
9583195417
13664328217
12733961943
6900493215
10256039022
9534767389
9868070051
6945918845
9990975106
10336789163
9275552550
9807253182
9824296255
9365648221
8805205512
8114994240
7792835452
7231164496
6713301864
6538795845
5931070964
5848254069
5505911946
3979316718
5123449635
4824464209
4499584599
4189607092
3892534118
3629388433
3373843321
3145062077
2930880271
2734836778
2569852258
2404559787
2197608451
2072674442
1938358034
1755872247
1693427834
1599023367
1498102057
1405752033
1320686618
1112107070
1153008873
1025504027
959913713
936519856
812502407
795753674
556429748
621687830
33235534
564507293
574108121
475940877
403797779
266711976
400712592
45836956
261141982
35598947
4754563
54905656
71574530
148670035
194831686
207192964
113966148
38508315
75465802
20034462
87835169
124340920
39287062
94048013
111391303
98983184
93701410
118330277
435184538
703741287
964080057
1621154108
2313753958
4849629447
4748183096
4703160310
4527287762
4481089878
6058989054
6131912847
8875264765
8765067621
8549900414
8390109460
7989786483
6299941049
7214212535
7017757329
8267696158
8717798894
8362304044
7609663849
5781297032
7288723825
8740259836
8787606614
10003825882
11219779712
8517765864
9992891353
9757757122
14824932680
13665325455
13363154053
13345984365
12175001460
11846107782
4610590680
13458110050
7099336338
8931519574
7002448008
12685108884
5643030015
8030668340
8144409024
11645715972
11040973177
16130837168
14288240919
11698442625
13781216816
15647781394
12637308726
17270267450
14472445855
11099254689
9427062481
8161050842
9458359597
12284977407
17695774998
11458749999
17052694349
15615834249
15965314568
14767718576
12112824809
11909964628
15334837902
18180950688
10929145177
12109018651
10856281295
9650411647
10889833548
6031317536
14486743384
10369520315
8293260099
13864329974
9550181167
13865921705
12387883999
12090122378
10765221971
10549369228
14087006357
13093253583
9484175917
11007144170
5355449252
