11461194285
13690748183
13180043502
10950211985
12540778030
10493061194
7781052196
10741000115
14023844250
12729101322
5520865381
11382544114
10817304605
14246263676
7527374988
18332256789
12762180538
10297321095
12116764815
10511846089
13912109907
8181010447
15414985252
8177050412
13517784577
9548293019
13853305563
10624684794
10319017231
9259350705
13807962667
12024683574
10167416261
9111080060
8746764320
11460983674
13462593099
7499228712
10963396370
12286632192
11888936684
10857941602
12984688551
12081114738
18250145798
12409231706
12762657819
8998493332
8637234463
10813657526
12329642714
9072842719
12119110524
14826802593
7633896771
16346828563
13055132354
15564381861
13189100508
12965409154
13396507230
9384644217
12313163869
14674356961
13215188180
10516466312
15119387989
14427510787
11755016818
13738989374
12760525621
10641097828
11664292369
14299750368
15760980447
18190230023
16222685532
15139022675
13484940671
10180414047
15596311242
12797918033
3568768034
8524625757
11041266158
13930446792
16493001742
9253382672
14557154172
12607757067
10738901794
14574934121
10181285541
11775826240
17592984720
13099852739
12895867399
15768599343
13512908734
15073986045
15352618243
11238522631
10014561383
12387778541
14353146477
19146170844
4225182200
8114089833
7870407594
14579721228
11483148148
12960987090
11842844516
19035724583
15003552033
5181002699
6793948276
20100379299
9383905383
11574603894
12612112581
10485684960
16708818901
14213481562
12455184816
25915428346
12096228035
9906314202
18073428047
14346015879
12358908754
11483691737
14400831908
9023742724
7838664612
40747637429
13550017949
10127491208
12469548339
9516485706
11993307839
12474114289
14844764526
12623125137
10848466137
7480515617
9008827382
11300150274
8381146944
27434943875
5843039566
6397115213
17240890134
12705876239
14713673769
15700049556
32353800683
7768295802
10027307859
10603399552
13615460596
11949451725
10229187974
13204628501
11493967721
22987385019
12320149705
10186005641
23025273194
12860631969
12069056125
17792734566
20390546493
11756743521
23520844052
15665026391
12879226590
13152224838
10531533500
11605268987
13899702228
15582702057
16947656493
18071804560
8701644912
12247851600
16927539516
11593030970
11562099759
9605230701
13641667507
12883396263
6880718191
10311452017
9607334954
9925068307
7002263281
10056610256
10337153261
9240247383
9843982827
9832170104
9356656073
8820393616
8029554041
7781993022
7276763107
6781573945
6504425839
5913312482
5859360051
5567864532
3935114735
5346453691
5044494530
4708264532
4354280331
4081439885
3768751123
3534471195
3294067933
3053703209
2867700444
2691271017
2484764581
2340612988
2178145992
2031662789
1837421972
1772590942
1596711515
1542574885
1443687397
1376761311
1163739107
1192738646
1108694062
1054848182
962133877
824635068
771889786
499203783
695276828
161001175
532559168
568617870
540176665
413048826
319095737
337268267
131603803
198059892
65060851
85175190
27759826
74626859
129912256
225177190
243047003
162373423
69748442
53873385
35621048
72481490
81983583
126523396
171305134
152794501
121193678
69392664
118975955
565188098
813154159
982344348
1777148436
2336715219
4891543894
4820516068
4753868301
4579337338
4587139212
6185009416
6206254905
8923894348
8765118385
8375787403
8401417944
7995764838
6319529582
7207449654
7024784567
8421044165
8874604614
8497170378
7464440794
5804725103
7429692144
8769990716
8869461316
9969227130
11215261930
8526083587
10060868869
9705371312
14919575268
13686341219
13425250240
13213152252
12115885997
11944631981
4635211968
13499857865
7176830968
8923311497
6912612803
12660647490
5734223750
8052225600
8176512802
11707724962
10921614445
16131474962
14250269020
11709915857
13871294596
15697547024
12686928849
17352095534
14393651663
11006177256
9505291651
8125511098
9381044165
12279201187
17569205317
11500541003
17158540533
15588828055
15990080513
14719151236
12201968799
11808487768
15415853449
18226325909
10923251157
12101579551
10775974899
9636381237
10948715794
6004774830
14554775737
10412422796
8294688629
13831264022
9494254148
13828832791
12343057165
11975882957
10703491213
10560411658
14095308180
12988928398
9503811579
10940816294
5330935769
