12183439366
13912758962
13464584497
10692429419
12065934860
10648372980
7646098841
11186655858
13712290581
12792925991
5951283777
11624605347
12145709502
14697202307
7563269286
18112427529
13160123915
8992331454
12779976403
10766446385
13026631565
8587526356
14534626155
8328556128
12999951371
9681225040
13578044088
10251322574
10317394594
8994181414
13053722819
11622220576
10988129095
10342545691
8061788912
11833560692
13564420721
7950025030
11346390484
12330578340
11633112123
11194848457
13738338880
12365150328
18175125446
12154534329
13122345270
8797354794
9657708426
10710130703
12084212547
9324480275
11668555266
14936945275
8153461048
17270742757
13446903446
15548081668
11846800361
12942197052
13131424576
9422678650
12006822741
14791285752
13733283389
11271672945
15210630469
14959137022
12183310118
13659128238
12311423349
10762179583
12591660182
13396869943
15950609144
18673859132
16197990459
14341846501
14194407162
11739434595
15962082253
13463697824
4390069041
8239405672
10718891945
13883743569
15549814137
9255989183
14374198410
12841988523
10494611082
14859011649
10207075694
11943423422
17114142559
12409066209
12659494693
15567494812
13761063638
14371155200
14304784590
11356592644
9950288335
11310969597
14322487672
18267982977
4061881591
8490222322
8694186781
13502084485
11523323714
13584498153
10895523476
17457995806
14404511456
5312704425
7002956467
17116979453
10186202136
11984389503
12561085893
11166753567
16221195139
14086378830
13096895257
21169942939
12195439335
10083029924
17626278370
15194431876
12720920459
11272382421
14334015099
9069041267
9536348176
34019425747
12750077229
10625723319
12974059346
10578195977
11588680267
12572621568
15163101036
13592776169
11685790664
8190566630
9376989257
11621348306
8627810239
24576393026
5721138157
5991039549
16478833777
11813384891
14321327923
15562506756
25298543259
7846695859
9800298973
10219169881
13746054160
12321905450
10959085969
13608850577
11333214105
20363359795
12762968180
10181569231
19447148312
12588265388
12828806764
17740279601
18666390278
12563453978
20601321748
15414983944
12804104290
13719425414
11097523887
12480248373
12913186452
14724366582
15649236638
17513618293
9765202510
12069759099
16818955209
12530033493
11848989248
9890308310
14705425052
13384809547
6742794747
10857893064
9844391020
9754101967
7302090969
10272908710
12303138594
9330057357
10436238000
11804952453
9905544033
10732987783
8133477475
9511217156
7055617614
8431037553
7857388293
6959858524
7865080131
7486654376
4659859165
7724094117
7448506526
7278389231
6772723713
6893147326
5976278279
6645499056
6872727742
6896706181
6664896668
6758459535
6529140344
6078016654
5752880509
5511549697
5057531290
3142228091
4873444176
4775730720
4430156261
3925632333
4178606539
3917502365
3644339299
3390711082
3170424740
2960526930
2754645475
2458503706
2323911800
2255658767
2080455546
1967245822
414912900
1691890243
630528988
774432479
731752357
1856879144
1877749367
2912650786
3005772110
2830362837
2742549615
2467687712
1716431242
2476028929
2393605653
2644874449
2567051101
2781507001
3542274832
2460005383
3272090538
3380226150
3913148744
4065590314
4622170477
4481441134
4731857243
4596794139
4527838316
4587083142
7943293731
7505986711
6017355888
5285665425
6589577156
6883323074
7773129248
10303320988
9588210212
10378688455
8382543982
9721269369
6923808270
8012664755
8233871298
10361848673
10085295818
9580475401
7861460888
7249631306
7940472676
8793319191
9630994841
10520365649
12856728496
9673298022
9812434582
10141245116
15945950004
13143640836
12695369539
13932262403
11479930370
11972839794
4889575138
13973034776
8149323841
8381745500
6864795748
12622215223
6084609788
7979844971
8007983078
10963301842
11259981935
15232289433
15729436577
10788860680
13785718788
15620881361
13124725562
17948157038
14237399804
10994449521
8763067641
8008637015
10003948561
13156292944
18456305362
10931341599
17354998279
16271010653
16162673349
13982511747
12138968539
12066650630
14636463151
17452399912
10288611969
13172210823
11313410053
9492807849
10146292113
5891071742
15240403585
11097482502
9217861513
13355037608
10420948976
13887974719
12128672073
12826238090
10531119367
10340062610
14156521798
13469130529
9693198633
10841229489
4783987447
