12457136775
10278579080
10987598697
12168127609
11554151145
13018930216
11261018191
11024693115
11001776810
12554239356
14170175872
11123797905
11860714051
7820282265
13667124240
12982001524
11102036359
10397800609
14727242006
14321850498
9768394245
9157624391
9223408391
9568399395
10965624980
13824755153
14262159044
10696673369
9263157212
11347557565
13232334305
10948762225
14169036767
14481883305
10699690299
12210535481
10337505036
13943726028
12207740751
12316007109
15356350185
12410234153
10074964433
13157200101
12497050833
9189710598
11851242803
12177568151
12492939213
11239886928
11860404817
9914337444
10491302923
13450311593
11491378469
14078592269
13657038959
12611431290
13467415813
13949645937
9494282420
11763128098
11354904073
12055038330
13732657822
12475925971
12918135903
12561727442
9687574935
11297134567
11992739390
10601425600
11090783587
12443905606
10294695864
8792169378
12087623370
14185974646
13445905514
11992369738
11987986174
13052562653
12046686540
11876488548
9826816262
16889964616
11650645852
11222878588
11741850696
9942779319
9481887470
14244108191
12259970064
9148222840
10882760022
12827623296
12462121061
10325655693
11784331638
13316246462
12137320280
12395945229
11172825764
12209987027
13385995950
12299199336
10812412501
13604706925
10586580275
11642671872
14179188582
10268113431
12989408450
16159831541
14880277919
12007230154
11234833069
12848261932
15073072654
13747594351
10537138131
9427530654
10343809535
13082900073
11587149298
10244244870
14305322036
10596891129
13389871652
12762381866
11636493122
13371701511
13725609751
10846392618
11659573720
13236114249
11901542697
15009655240
12083385431
14203096471
9918045832
11089333791
11225156564
12715770591
11671473114
12356126222
13877555571
11719704138
14438098162
13115263697
10813194964
15918045573
13073836230
10565046863
12593487549
12604853556
12743734905
12581933802
12148204090
13895835942
11111362788
15154746754
13519573905
13551535212
9767949544
14155255252
11967456244
13728254261
9859919529
13117337961
9987191199
13959103824
12614941491
14683771102
13056717624
12267611415
15702354190
10628244916
12209455488
12047502415
14632582666
12687363077
12344280685
11279057347
12907355378
12882830411
10751898407
12185576889
11906634016
13196674624
11860369047
11456088210
12579235874
12907621699
8933365370
11139534456
11960580480
11015071753
12010266646
10663532361
9004656641
11833400880
12597416821
12759326749
10595571359
7839605230
10551805460
9638489263
11783175277
11925918271
13749478169
12119087779
11923600831
10719243062
10618228889
10323710241
12298403120
9327599798
12295032141
11596943066
11317250170
10394678829
9778732996
12260429066
12070926998
11597970116
10693349719
10326658490
11903473245
12276852229
12106807660
10959884113
11013847352
10635806173
11527582589
10316418154
11622076929
11692225009
10659133048
11234060513
7913952344
10303468102
11229131991
10357860339
10832566263
10273009719
8945749741
9762570276
9112065078
8766363227
8649955726
8296225788
7811581710
10248090275
9950655213
11068798487
11200526680
10956983702
10589342857
10242242324
10121304720
11077039570
11564484492
11290159508
11075011104
10958998773
9951106008
9840304298
9027006750
8765121903
8613055076
9493753818
11351012047
11016478741
10540568647
9611678731
9720687451
10033023634
10292892213
11292881102
10923913349
12756541513
11772579634
11467639964
13003300201
11637349172
10665833211
11645621063
12794369919
12264008780
9818513515
10803009726
11032050641
11187693603
12822072328
11502523192
11889048663
12390476514
11659029410
9093303275
13602213315
10829363812
11349222718
12844616135
10340729379
12969352272
11574822744
10801351507
12818967537
11098833631
10861524638
11363274660
12926388128
11798790328
11688004865
10275144910
12286587503
11155673307
11682377513
10307952070
10153959785
12147275486
11985568726
9209654584
10230067650
11644405124
10642649560
12088318346
12485989169
12142758799
12056929303
10830357605
13615533880
12962235639
12715961767
10851410506
13157088029
13690654163
13382781866
9953317709
11889510231
9652364669
13275534215
10139726734
10756264463
10466873475
9260925324
12719737605
13104373455
14835086272
11784800987
9853909267
12315657021
12044357719
14208228129
11579437161
9117870171
12162490591
11336273070
12034496101
12646296739
11370456825
12386608842
10548805316
10739470967
