11541057441
11044531632
9484095231
12144390685
10970466094
13018444477
14495572165
10727876055
10366232062
10961522148
15195219711
13079282545
12667748977
8419801773
14152489925
17712677677
12912094775
11016711426
13838476498
12636704648
10278957835
5978295519
5505529173
11594685855
10703655858
19228432332
9612409862
12405196309
8494782131
7467278996
13102115248
10113337194
19156293813
20748377470
12830782847
8376733229
12789809168
14885860378
11975772277
12977942848
15289512328
15148892787
11087622223
13410561711
7148060811
10175107452
12633581923
10628728527
14475528485
12766616512
11413309030
12819286019
7516216027
9244281383
6332067660
7927345920
14618422831
9258057539
9575252937
14462820535
10465720505
14353782990
10071915402
15424327719
15788955047
11329052866
14462161582
7094784078
9027570340
10363400732
11263425878
7811784576
11006620990
15317309786
9823719762
11736834863
14352311923
13079145492
14132214378
9080323944
9312379220
17170430755
7681418339
11600254237
8824862726
17592154034
17299218183
11177542091
9881341208
9990334901
10868832418
12813779440
13041092274
10520611945
14953153209
7793765415
14653080857
8904245988
7715762058
14124158513
12498712106
14242152013
12134371737
16217493384
10146337740
14583726244
15188959754
20407709146
8096957941
11117296808
14197888942
12619299431
17154286337
20145603993
16829188466
12058782451
11180644748
20530268887
31618378595
12299632851
14710850025
8924312666
9788553204
7038592690
3691382987
12912083857
14687087086
10998224332
18453808494
14569786339
14359366876
14319969651
10415793748
10076929483
15712977358
25856734150
16117909973
11902455476
8732361351
37112488334
15060694136
12477799700
11795645578
11681063783
12824305272
10725212194
17807932892
8592085601
12856730187
16969771244
12691425649
32838959402
16127423210
10639929207
16390477449
17731967087
10511169185
16655240639
11249416073
26518856398
8735654602
14195921601
14379737012
15744101071
10687387888
20617160162
13966540431
21354116695
12171618347
25997323624
11602776125
12110579694
15758380869
13106211781
20691394500
16215513860
22817190356
10635179860
8878765008
13902546446
13711959818
10138897879
15503236839
6397141841
14924866483
11435414885
2304695725
9692974577
9917607283
11533970553
8331086079
11249923087
7400245674
9174990047
10838691972
10438221873
10090653063
10938293208
10248542458
8063873114
9597744165
7206485750
9047823471
8793168866
8235154766
7864090955
5861762755
6140465791
7604414889
7187905839
6762731559
6315692054
5930645153
5580771244
5127944439
4863058035
4505237724
4200572173
3862325318
3645235699
3339071508
3097152545
2944617115
2664815050
2564710927
2397783284
2232112624
2065941860
1965313477
1775563485
1627464629
1556234667
1136343596
1154886609
1161324920
1257083077
893097466
962716172
946020578
862543031
786268481
799238418
690336122
662379983
601232976
615246905
118994691
411790026
296090604
458812079
287897239
166425992
332699157
203123685
153842690
195820136
120259864
154994506
181331087
114049035
142632302
179336040
151911130
52047189
130605795
156311944
108084707
149269531
146790615
79898291
189590447
587182786
2064519659
2408085282
3197493406
4129060100
4931525360
5413286682
5893579127
6163788761
6956120072
7367605541
7650454102
10854109940
10790802055
8263766793
7172582849
9737927288
9429617727
8310850752
8696628570
8336158583
6811706587
5599402214
7701796686
8666942901
9162071666
8614317918
8847199680
9252132972
12426443670
9350402143
12083344079
10836587716
7399068559
14595898836
9613552631
10090399921
15210010438
12015912809
12612367391
14186502979
15001577124
9755979353
14553111470
8370878421
13091915933
7981693993
15300025502
8857849994
8551680312
11645783979
13475555509
8195263183
13823573684
6389851281
7593225514
14812506694
9802158018
12889519990
18416257866
9266553476
14230662112
14301146381
15027979648
16209125125
12087690497
13859755917
12726194654
7830157679
11720103112
10520589117
16332996965
7361728188
12188308915
7985175968
6495128277
17465303789
9451402860
17334884340
9682294404
11063282136
11420100585
10976824784
15098745572
15159434700
6664004305
11645744830
6943199296
16815371047
11731192376
8843342837
10786826273
5752512266
15689496959
