11506297614
11051399629
9456158039
12124640769
10945764262
13007248931
14562620991
10558831172
10460020882
11026377149
15164982638
13053168564
12577100578
8560231117
14195587740
17737805204
12924289339
11020948884
13881978663
12624020139
10265203969
5936922445
5539638583
11602979500
10666452751
19309242737
9585420712
12297847340
8577343472
7669139567
13034604448
10109108942
19162377257
20654566061
12723199667
8433402432
12831569731
14803587578
11921678961
12999991456
15177717201
15143666876
11050192257
13495679572
7194434546
10183530054
12648015774
10511354346
14411955810
12708021135
11382967674
12755323485
7536121023
9272991142
6344328763
7836059503
14543313272
9224501496
9528834066
14438637459
10359024715
14189957571
10059651377
15459303039
15857393500
11388986102
14342189378
7164855927
9057387578
10304525278
11239454470
7819537366
10908083598
15270344026
9679901477
11682125217
14219522742
13197747015
14197199186
9187753478
9240460514
17227057261
7699888815
11615840462
8895691111
17604251659
17303790136
11180605242
9847762828
10048095787
10786052675
12974101851
13051549032
10630633080
15006197155
7781712395
14696663349
8989565019
7749437498
14225182365
12440244022
14201236893
12107188613
16028027391
10076943851
14660999030
15173820692
20245224637
7985118948
11067510156
14374473998
12563118961
17158415723
20271227418
16700641489
12106308271
11086287523
20325693819
31404873794
12367326808
14729892906
8990415857
9888986870
7097268312
3700261238
12961851700
14670392918
11025155149
18540619817
14597157498
14317971741
14355359121
10469713495
9909150530
15760690801
25843108761
16032100645
11806763592
8774194390
36875149265
15061142388
12444416814
11837645209
11765146119
12800130404
10798861218
17712933507
8562273532
12965923275
16843544369
12707390946
32830905420
16003785997
10674676899
16479863652
17824119359
10600622649
16481826314
11231501449
26404277177
8757598295
14218172265
14449161590
15754334339
10668907159
20554184950
13984657386
21313975779
12176061013
25945650680
11668860387
12095368985
15690701984
13160157972
20739710694
16264116351
22908495889
10655132636
8940671514
13888403457
13740300341
10058029337
15508312191
6407459727
14958892309
11400460575
2253101409
9653736247
9971738422
11575241338
8411805009
11125090865
7310758259
9175274898
10866706375
10549981658
10042182217
10910555363
10295995540
8029328949
9638248566
7176707116
9216243923
8834765714
8289945150
7918454531
5868085212
6253538431
7731762463
7294313704
6894464180
6410230137
6064509580
5660462147
5291172254
4890822712
4520520724
4232116717
3862023193
3650078483
3367163101
3206551853
3001175659
2588121514
2584616934
2422710461
2155943024
2098180017
1868367355
1777321738
1633039240
1443662402
1147987638
1130436703
1221829142
1240337589
911661093
974028964
1012990514
954448648
700843411
787470641
762798419
721440840
655479951
579548516
96762027
470272670
274957290
472792302
268886781
246344841
379233499
157708117
163732890
174852424
99265100
149598676
149434211
218852951
74594531
81612543
75375935
43369717
34818134
176006926
171313066
53067593
117894723
78245411
109638373
682374848
2185464601
2589797228
3176009116
4272069116
4987693120
5495656276
5936437807
6247386865
6895347122
7299125349
7556732254
10805998754
10768839092
8307751810
7100697069
9676599764
9325532567
8305642570
8699270042
8379144930
6822794668
5520108812
7716053025
8734625066
9248708082
8627850830
8848325597
9350679849
12513573869
9195854378
12051776586
10900615806
7377056793
14599281264
9520461494
10177702690
15199524887
11873082908
12675007998
14083568203
14890579803
9835515776
14522799830
8441045796
13196184451
8083726317
15298576930
8888201046
8519125536
11757072428
13462744212
8200669344
13826016944
6413541424
7540645658
14818013883
9828587458
12819520573
18400494393
9227037072
14212864862
14292896377
14955781964
16315564348
11958978517
13860843689
12817536413
7734925828
11640083399
10477009221
16279399070
7338827025
12157323044
7964472591
6561253634
17494545757
9331605960
17255739163
9736567198
11097730439
11351750543
10960023889
15132383074
15168979059
6584759509
11717898946
6764391907
16797067432
11670382257
8851092483
10789358320
5759716370
15575521094
