11078061811
10544243304
9639611254
12658028404
11593903166
12384691773
14523538908
11111332818
9724673852
10440319669
14834240139
12504495029
11882484553
7772374704
13470643903
16515608999
12940110089
11570244009
14240686431
12658694964
10660633228
6643064135
5323054326
11553355873
11126046713
20837210228
11452052404
10737357364
9901752642
8075881980
12768251512
10473566310
18264324822
21286632049
12767888462
9212767416
12778276774
14125258937
11904309416
13561269988
14892849284
16502481463
10258673215
12436711321
7652419382
10226472149
13123918400
11677543045
12967725306
11636640789
11814309004
12900553018
8220039287
8651630157
5579766220
9875176768
14686769787
8705692135
10504164652
13885391304
9258665282
14527358449
10451488425
15848839513
15883600682
12724221806
13458127487
8393101876
8646971615
11109002847
11322641998
7297935456
11196995066
16396188587
9651811866
11642046786
15034324873
12641297322
14435178994
7859971069
10628762205
17766100481
7405321250
12069013603
8568481886
16025199775
18170454322
11006394659
9424568404
9693779766
11238280555
13110638254
13053735570
10017092859
14757829099
8255770490
15090639978
8692603715
8052416535
14008786950
12865863859
13866116298
11405205922
15908432687
11310582724
14319822691
14260194484
19339157619
8203552299
11662410118
15744637645
11650243371
16695919708
19142800790
16807246084
12553418422
10727019390
19005809551
25844549537
11268961771
13607825711
9473814167
9819655730
7792830013
4480174150
13732421945
14569636344
11117834086
18352204629
13749240998
13546904023
15715382721
10752439070
10836029665
14478334439
21512083252
15045605274
12480651631
9418194286
32207486155
15660636392
12646748274
11157029701
12244011292
11727008919
9966550647
17999031854
8216869662
12526335451
15338611802
12971976008
28798419064
15403414895
10738880435
16290786810
16908967092
10089732698
17593676828
11066004960
21735458876
9146724995
13932908293
13931890079
14770590545
11260192713
19172962173
13831569206
19553299934
11713127592
21934951708
11477846695
12562066329
14471026386
12601832875
20497467395
15673732396
21376920836
9882929300
10277365059
14274873775
14616677140
10300809011
15880350787
7153793901
13742414180
11674234486
2581363057
8258160795
11220273532
12008256597
8049172202
12384679832
7075173020
9391482287
11156991170
11532485570
10201585066
11819411810
10813615402
7762213149
10044683154
7489048663
11211713278
10383158679
10428232935
8397330836
6388609396
7455409062
10432097498
10290354118
9855595918
9588181852
8909676970
8432396320
6030662345
6837253010
6061898849
6305346316
5952675007
5130892072
5051867116
4433800816
4400159117
3040013364
4693563322
6539908283
6224140171
5707138646
5463652961
5147522476
4433191158
4508850176
3325239032
3950529451
3266015330
3303844888
3227699591
2835821229
2473987992
2137685852
2038669934
1443968542
1664962989
1684596382
1538711322
1452968383
1589311789
1363837652
1050949772
1043258612
1148420465
1314639996
514525965
1527397500
490709795
1351273302
1108084621
1373760564
1633736034
2066509138
2331596558
2936279613
3096691110
2678062132
2712185127
2510073790
2475317638
2180122803
2313995325
3347682682
238334793
3831845425
4948305786
4497066642
5627849137
6313711939
5930519551
7457272188
6318060568
6064018178
8923032670
8896517797
8411828477
11705032510
11908145367
8176952563
6612106533
10530705739
9539742924
9839573132
8891366872
8974495265
6862575930
5758154082
9800803354
9341041967
10140626318
9169009757
8292888661
9208027958
12507855762
9299283051
12747494741
10703963664
7537435375
16241137497
9090591617
10907701179
14713062186
12545937082
11818613664
13010216234
15595759415
8688885686
13901914302
9013659648
12981069757
8714382477
13899791172
9003574643
8347097923
11232617642
13800022775
9088106757
13721618570
7007020229
6543858871
15010276076
10107085114
13040710566
18332675323
9323214564
13597040803
13965474825
14504710930
15772612402
12798553604
14635863462
12934183005
7363269467
11243339783
9822976562
16247957913
7218305775
12072603201
7508814492
7274379755
17006991323
9857879838
16128414581
11731365748
11670383414
11062204566
10936926999
15291909600
14782759607
6590063706
10231297550
7132861361
16014448976
11597246002
8588359815
10619900156
6007825622
15082191011
