11622365818
13722720661
13153385597
10847229793
12467847920
10521987546
7743513886
10944518241
13972689117
13139399465
5104677692
11042687053
11141279004
14279080932
7109159203
18468281617
12753834939
9936509162
12162645022
10537423858
14034571145
8341542626
15232332600
8088184099
13378444945
9834597768
14046822720
10625920626
10063409399
8902945509
13364828882
12040052431
10681144940
9161528584
8486577678
11536909780
13491327376
7540467893
11158128351
12154132355
11991369590
10888287326
13190724574
11754578342
18356434478
12401464715
12904126645
9072543420
8519539151
10892654480
12258370531
9273841490
12364481636
14706760885
7516319588
16970221248
13093555202
15231224583
13063360536
12941810221
13199369017
9296039930
12295227955
14640230948
13323461363
10978352065
15431299778
14625053877
11998170619
13842669931
12375740093
10656377980
11857119412
14574986805
15721443118
18098459585
16153368715
14964227316
13863102305
10122826315
15814981052
12877984198
3688056395
8433118121
11032492036
13891245847
16282849723
8860990421
14686794664
12628864715
10555658398
14564547132
10172649952
11445041660
17628042331
13135793142
12891361413
15500762973
13569644566
15253641323
15414034873
11102291210
9971531440
11801411780
14399593083
18896879971
4400870378
8366554831
8177578637
14281491472
11304587876
12933752598
11890093709
18817760748
14388847418
4819132389
6492812108
19552393791
9672687409
11718788367
12639003646
10576781880
16904530440
14129079885
12788650486
24438041569
12443781677
9599085231
18236908520
14431935431
12149430685
11347705326
14006723617
9092331232
8186016049
38904791612
13226411222
10321001554
12754592888
9937426548
11810794912
12360036233
14990829934
12641746103
10951732132
7601479149
9206885895
11184137494
8254022853
26354207307
5880451557
6364699843
17000456577
12759185931
14478275407
15680676047
30381100634
8104070980
10083043754
10612375874
13492068820
12152232417
10555702224
13164215907
11202401579
22053920644
12128381048
9977302842
22078689783
12710769167
12116810233
17916648061
19888419486
12106718088
23009565137
15818189469
13009887188
13133686448
10426730831
11665117900
13944847089
15225086339
16705997734
18253980114
9156390731
12174103647
16977654693
11862211510
11490183971
9748869401
14141912113
13178385772
6686344733
10386764765
9749787501
10027585767
7363978753
10282171958
10618603518
9157694810
10352282224
10494225499
10031320420
9481159519
8002624645
8414603513
7284529297
7311918349
6881741897
6432104217
6752126371
6476035514
4107070965
6472632023
6267838213
5839444421
5588137406
5340422054
5058905846
4723603105
4372617794
4104669092
3828115090
3566571564
3385542073
3144317128
2917150313
2733735867
2539473408
2389318505
2167894359
2112929336
1976317251
1852269696
1617664218
1576407795
1459648347
1251438478
1164612393
1177154860
1054209441
942179327
692483772
359202882
852801062
769205569
403965499
691936779
602281535
564816216
534937457
108305514
165647791
278775433
415353440
375227860
210967966
24529361
392278278
310051602
337783723
124911014
310621582
489088880
571635007
652366312
625096380
952858921
838298530
1293685193
1312445895
1735110648
1807580854
2010640572
2789576460
2789707374
5386299536
5410864015
5009157043
5293169596
5215648958
6138580196
6451983657
9512201252
9430848859
8186439268
8482794050
8324573828
6365284070
7399289511
7398584766
9191315774
9218186756
9085719357
7563518137
6206698369
7589014955
8594803547
8738027483
10122373136
11470699846
8625477347
9952140425
9704497779
15045525891
13706676588
13341880839
13519861131
11985713467
11657816490
4970755955
13429836397
7310547398
8896620768
6940583349
13113498583
5849641652
8241503793
8145591833
11430161506
11163316777
16150940710
14394253523
11592676677
14063831940
16010012863
12566061151
17728253339
14331793670
10898348068
9671663636
8106649155
9573413635
12281042948
17899798672
11461470375
17172042324
16021730784
15908393390
14571774824
12032765607
11989752852
15345523573
18218084939
10840684506
12505394122
10639100167
9731548621
11109025592
6248835409
14720500874
10442055823
8371158425
13747277451
9359591954
14027603212
12220454994
12305063300
10898189439
10681813168
14081829642
13136293581
9567523449
11120760744
5072372368
