11513482990
10927023829
9504799142
12205104882
11245341108
12891286156
14787990512
10716184251
10305162540
11187460239
15288074162
12967345171
12515582072
8623388881
14055701680
17618745626
13102759255
11029418438
13646176299
12627887266
10183808094
5776243987
5639489514
11770462194
10766974974
19407633948
9646476825
12284714341
8847095757
7702363806
12687897876
10301245680
18957490601
20786926209
13098715848
8585724276
12845952571
14648204965
11880991581
13004367112
15177082622
14949063408
11000729213
13567879493
7037913210
10234504209
12579162793
10320678411
14441411204
12698176401
11530593348
12635393669
7745402345
9266367245
6566617207
8003321345
14387316427
8968680283
9421968391
14672241176
10292536910
14064360658
10156715406
15516316221
15909404436
11294110493
14159759435
7254337330
9034680301
10308868604
11220057593
7870752571
10704116303
15147747974
9727904882
11807379991
14265064771
13336783699
14051018872
9221500809
9306607735
17426522980
7762881485
11558766621
8892395962
17567069953
17301047537
11192554193
9941548382
10077587300
10895478539
12997539828
13125276555
10630955533
14892943209
7893940589
14582269584
8916841529
7696035459
14207445480
12330334548
14204887946
12015115093
16188693515
9974226254
14585843443
14932414214
20099897508
7716673891
11007985201
14383259267
12852397158
17242793691
20184574608
16694499188
11995139267
11154849511
20441305761
30974746016
12259703024
14686194479
8854478732
9788267022
7132428827
3709820644
13190251353
14575273836
10882848056
18373561336
14644192907
14009205157
14210312866
10388558655
9951968663
15768921945
25617060709
15988312241
11707573902
8829035660
36623352792
15221274118
12455450896
11700518325
11744512604
12685742068
10608572718
17574153282
8712914521
12917437064
16901950443
12640540807
32689191650
15801179210
10779898420
16372014904
17696924341
10880757610
16381789747
11229711249
26142015521
8999303617
14158612430
14637138944
15683861645
10730568329
20247413906
14031292696
21166527559
11999591418
25887539221
11779172459
12103550489
15625927609
12996629551
20574821600
16430133154
22684938665
10316586397
8897152345
13974310740
13778922523
10272238708
15472993573
6442249151
14863805702
11615254835
2249033428
9643289074
10067094025
11670183978
8539017956
11343021578
7423626485
8976089411
11111725017
10608184766
10172413815
11112825570
10350308907
8117633901
9922654900
7247495637
9283533287
8938030721
8370623258
8038050838
5699184274
6274669640
8031203102
7635475158
7193290995
6718608121
6312261584
5910808114
5480369752
5139985556
4727149147
4350696970
4143294449
3837044120
3559861629
3325983832
3097170084
2429452623
2647098673
2532085122
2292168400
2087808438
1950727566
1887100828
1810238910
1593114655
1182252250
1424129946
1363660793
1329917791
966546791
1149402912
995424001
978702417
699603845
747125930
754223733
579722012
605883878
574472548
20173202
536212743
348643079
428091814
439839463
390981710
267111326
210433692
239938135
340674699
138283005
240247347
264697181
247065415
238702776
203995566
216128429
128826029
93254920
182396663
169427389
160312005
85815872
54759342
50447530
890546081
2340744403
2910020648
3387828147
4488067144
4939174660
5649043686
6161869038
6427456206
7146899363
7467087413
7550296754
11039406877
10669844892
8076500254
7030104828
9983524755
9366065977
8335506133
8721905586
8254700427
6835953635
5311161702
7961522863
8862849889
9351229379
8638099232
8977761105
9313667556
12531557647
9079881188
11847036551
10707124207
7146866566
14711267832
9378444334
10301288348
15200665716
12117175099
12638627301
13838572109
14766509534
9751093211
14470565628
8396875661
13279907374
8370251346
15178911609
8952125160
8588877323
11848407701
13586981748
8408873558
13943886818
6456904511
7583680199
14715076079
10074246889
12758968300
18408608660
9112589168
14169644756
14340634029
15212463121
16302410515
11812665914
14065862499
12807916336
7650601027
11544194935
10313956737
16307003237
7305959103
11987968581
7814749421
6498640807
17311193772
9201832237
17071071900
9716819945
11194891900
11246875091
10939161791
15215560447
15325835513
6549214987
11750090454
6638645178
17082627881
11534011070
8899957276
10893511689
5759182955
15588500406
