12261680730
10727853357
10673541603
12392432965
11984734617
13019049353
10665152201
10542817307
11286705524
12301736342
14116490935
10370327125
11944690948
7438524436
13782276130
12923227191
11056477765
10510833411
15328052682
13694696441
9984403357
9602230832
9893569158
9723925730
11014201146
14119751934
13652526086
11219425138
9512648193
11954152709
13874736218
10279775558
15216937781
14987617163
11074164534
12316568176
10407654596
13328464008
11739418291
12948931977
14723002779
12578938276
10825999720
13783040049
12413581284
9521894142
11578542696
11988095999
11935496650
11447026492
11666513112
9251850549
10217846225
14244545719
11454665216
14104249233
13848126709
12415371573
12932615425
13840187466
9937754699
12698658123
11723099967
12079475974
14516104229
11956950518
13545125773
13197228132
9783628856
12456685346
11739469610
10400519467
11592529965
13302629128
11080930130
8428182983
11696402332
13444502417
13396300207
11820153955
12088734603
13533885151
11582119929
12204636283
9923762519
16920689571
10911238905
10998893912
11537790158
10619544197
10061333739
14705300202
11914815954
8838563709
11688375193
12676801904
13690759223
10376703038
11131406122
12853244977
12904013365
13057372264
11486324022
12877984210
13425326169
13057669076
10957224330
13039721618
10927496650
11596197384
13783848923
9810209711
12740582175
16084206124
15556769149
12237399864
11375803551
13167732576
14876895373
14265626073
10707133919
10163221316
9816934000
12534653412
10920956310
10447783301
14537790076
11061952609
14301733895
12276686205
11744508737
13813333882
13325956766
11695784103
11796941770
13202832209
11901099742
15032920223
12363955911
14959720457
9963296795
11283069885
11735664025
13131712834
11326440068
12753353786
14030217065
10523925428
14825096112
13381211302
10356648864
15412320946
13047612833
10679772921
12576699047
12446591493
12934272264
13105670201
11932204277
14073271689
11432050458
14950066348
13541688142
13616368430
9372652845
14620440760
12287527967
14207751459
10472967660
14026504912
10305884121
13640085021
12042531462
14102137751
13803007587
12280175535
15568664579
10487321016
11799237847
12178708440
15575340831
12396843467
12843564341
10460556584
12646647681
13377674717
10705369221
12644943468
11800069527
12240853730
11472363274
11414807664
13298201970
13283729321
9446176306
11135668422
11645549703
11030926449
11916862782
10171615830
8909803783
11688804740
11826283942
12283625223
9886098711
7606228906
10563520061
9484340449
11780243366
12632716684
13385654376
12099155882
11492382307
10816143357
10329568070
10890172114
12572686021
9267195022
12164744284
11381736224
10421206877
10348632855
10005332718
12117157387
11853147198
11886912770
11170871965
10204697578
11542106104
11909902176
11516371419
11198808641
10743575186
10546579807
10919180311
10337704051
12078779262
11251825908
10598660260
10087860840
7631311619
9865794565
10796793396
10180725487
10706936541
10146886775
9517427436
9325039456
8745608648
8260001197
7949890607
7983492924
7810390075
9900184669
10181270845
10640744041
11483992902
10796993590
10653982535
10460109239
9509133049
10682168045
11446814225
10886977039
10560366180
10461415609
10320716703
9439715644
8054105745
8504572694
8290494946
9418272901
11186378875
11147645128
10147043656
9328839565
9603757344
10171578273
9981591035
10492595942
9876006971
12316047015
11626884257
11811988874
13022770898
11573381151
10477119350
12408055330
12578960180
12032234522
9575863112
11455549251
10687924057
10641661185
12975455273
11808476215
11945120236
12647916774
12335354536
9582491327
13146780930
10463837687
11163899526
12702584178
10790880503
13048683907
10745161159
10971693147
12117451599
11133209830
10823290403
11193696677
13148181673
12112445120
11798359690
10980455686
12596354940
10554363478
12157272809
9755736602
11060602154
12267401597
12182426786
10098070795
9870785352
10957911446
10522706107
11782326179
12436095174
12616126513
12261334930
10851872252
13262291092
12810235064
13286742649
11063682728
13120478786
13809943330
14177132903
9794498133
11462310617
9107895258
13283610182
10418668931
10857970028
10325202150
9662181252
12982288826
12328476673
14857036829
11175129366
9928982581
12552216541
11324516634
14680609946
11543256156
9362384788
12010318896
10743036409
11561092792
12598770189
11442392707
12243570009
10302017105
10074754556
