11387927852
13642221150
13157137070
10888440818
12492108236
10512208983
7908946176
10763635015
14002895846
12757728300
5483458026
11482511778
10771824591
14271573395
7513541534
18438129659
12791830657
10272424822
12228832794
10542062327
13871020001
8173675223
15381007027
8060445358
13481584630
9550265181
14000464780
10652726055
10218304586
9207500765
13922546664
11927328819
10156870648
9161570400
8633726328
11431312992
13356794621
7418973159
11040242603
12377018805
11938802070
10861375174
12939852976
12069569073
18297394064
12367069786
12717101832
9079095394
8604855631
10904052714
12178878506
9132588891
12168998756
14865944027
7585285339
16337937460
13030934426
15507942902
13249152932
13081512293
13511732674
9332915290
12344597858
14590168652
13218764202
10487349462
15090754591
14490195196
11720042440
13752395578
12682582546
10617940667
11638277727
14337413523
15890904851
18079340539
16271020064
15213399586
13592080339
10138770864
15630976917
12825658334
3447063636
8597731592
11029864954
14030523952
16384661648
9311823679
14554710310
12578321748
10684939359
14566108321
10186272461
11911328136
17578111185
13046962157
12946614147
15713357532
13478025080
15114781255
15365795975
11217393557
9973953210
12372232138
14459068395
19197519174
4207832988
7952578105
7932303156
14509962193
11461558428
12908441913
11878913466
19023585690
14992844277
5168653736
6814608023
20259322564
9308272272
11579227994
12667226697
10475621984
16743857714
14116044052
12383125602
26107190443
11968254304
9781097347
18047199568
14346859108
12395028299
11479387973
14460717767
9056875779
7793344331
41022768885
13663312371
10106379864
12492238234
9398010260
12117850669
12509320170
14917864177
12686014200
10844399815
7428432353
8953162512
11224131808
8397901247
27516838650
5909819590
6422072488
17193926234
12592765268
14805178029
15752389531
32749537659
7733937295
10039182229
10591950600
13575194862
11867680978
10252566398
13273409429
11429613619
23192141372
12398762137
10139411414
23086131910
12853889942
12127190413
17874896550
20472122072
11830319157
23561743743
15738259448
12776308145
13141569374
10508491114
11666340829
14011743591
15541470059
16941941789
18103776397
8673023877
12251708078
16876420304
11608984776
11641231702
9607686390
13654632992
12727142564
6918324609
10247582516
9547505114
9870155059
6959534952
9973257892
10352803522
9284374272
9818796021
9807693588
9343678084
8781184632
8113430677
7778839157
7234444674
6725024510
6520605305
5902320150
5847776146
5485628229
3978033506
5102886873
4798298147
4476043698
4163383709
3871575153
3602650945
3344812921
3124803869
2919393314
2720552237
2554957289
2390700320
2188940505
2058249898
1929981198
1751695470
1668296286
1587944652
1492341152
1398920170
1315936868
1118685829
1142446408
1033157790
958258834
916728322
834194387
784203666
568149495
618403483
39962830
553572308
564755633
496371187
396661497
271444119
400138983
60133651
257621193
36339155
6958272
51266538
80575202
154982806
186207327
197400256
107784512
38970570
77235216
16264054
80769457
140049529
55464622
102110981
99689498
102959709
101459851
124792608
429037650
695715416
937854525
1600287556
2282996110
4857578499
4729190425
4696282156
4538380638
4465915883
6044981398
6134071596
8853028840
8750270851
8557911743
8385138008
7974926181
6299429104
7221299725
7012841128
8262162807
8695259622
8354431647
7604419938
5783142980
7279277840
8749335338
8782026071
9986524013
11206909501
8506418201
9990018015
9769652519
14819923170
13650420052
13360183228
13348879723
12158089163
11839778101
4617449521
13468995536
7107629450
8915387886
7006707529
12680372691
5667819477
8028004650
8153400430
11641860856
11045589032
16127044447
14286658897
11684737168
13782615553
15642447228
12643139547
17280170467
14466582801
11105280913
9408884009
8168635474
9461850336
12316055188
17696104625
11460625718
17065210361
15624994926
15957837342
14769619857
12113412751
11903790346
15324909556
18198906618
10921908581
12121689057
10869314039
9637752236
10889819497
6047691308
14486599340
10381876087
8305231731
13867102912
9544649720
13866571043
12390719318
12090473892
10773788909
10556402758
14086000325
13067384819
9481708702
11003064611
5348963123
