11784433717
11122168337
9400149612
12049435252
10965631128
13225467789
14687486460
10704148227
10343318278
10764513327
15195336326
13321548231
12673203144
8452301836
14248176307
17889648896
12966401517
11004779464
13719525340
12770295990
10053765613
5854261327
5456439585
11951300092
10502147668
19172454476
9821640909
12674330029
8288857587
7352198326
13200364953
10115506383
18919864349
20764422940
12709612129
8402700939
12844697928
14963464036
11676245644
13120980445
15182681409
15243981818
11306389741
13246629483
7279752112
9938349881
12747824945
10692008677
14368676087
12721641695
11120660714
12775339393
7385741728
9205978449
6265576107
8020704849
14478039179
9297755748
9492149290
14443088105
10549352721
14385814617
9878852524
15464681038
15507774326
11448138448
14150641042
7063022096
9257443866
9879167473
11433210440
7285442280
11013578477
15278486525
9708261427
11629240021
14301557412
12999284169
14259859986
9295750382
9350479022
17148243801
7617640903
11546098885
8838428907
17432989139
17144769111
11176356974
9909043099
9805013555
10739011385
12894454035
13149705810
10177594084
14793570785
7718022560
14421728529
8771309406
7524188780
14107945598
12315409046
13933065950
12202349810
16082157835
10239624481
14453718997
15325448155
20470513185
8152375488
11136685770
14193969002
12856475504
17054440244
20036618807
17023894970
11964797309
11059576280
20621709767
32619380509
11933716944
14544180414
8900436271
10067039528
6658561803
3690256636
13112801733
14802491629
11297295308
18136006222
14930677774
14449880518
14424482205
10705319727
10145797254
15683372499
26510316092
16118701223
11860173114
8645801526
37850819169
15008100017
12440118449
11716915107
11963043365
12925547134
10773486959
17612108626
8370490705
12705498643
16974211774
12748938637
33950684826
15867089785
10436207997
16493785492
17972018573
10562961530
16570047385
11109846650
27363157305
8746058113
14086562743
14622910340
15621766266
10721322484
21045439111
13702279008
21647066904
12283660578
26820847254
11640612531
12485857721
15766895525
13134702689
20997562251
16271658276
23146925707
10731024675
8993784371
13929018876
14081456059
10135490284
15395525578
6445866008
14878330622
11270237731
2244777594
9169622820
10357090363
11196987608
8319986016
11004024077
7628495751
9001185376
10726829885
10486488788
9947500533
10362732671
9776255630
8095900853
9125794243
7257734950
8645036863
8315782206
7962393656
7456718151
5921751523
5903998807
6512638212
6158604664
5802049523
5439584337
5097243078
4767419328
4448252270
4144158657
3856379525
3587777586
3333924245
3101807616
2896306334
2696598557
2517054323
2292998138
2165076146
2039566863
1918944615
1719693757
1676139316
1558077791
1471509929
1351178284
1164200088
1219196810
1071332400
1021621838
991327376
861720559
785025395
790591730
701659140
671507800
405952570
588732319
417365098
495066307
313712443
456731549
265973654
265990029
203248492
124264059
291647450
116762379
225602823
147627447
162056976
178949553
190184565
12155330
185116540
112057870
20947977
116830474
49253304
77792507
68510157
81924560
82721569
97358687
109210647
73630998
1389015769
1627972847
2773627006
3623257646
4445090446
5412858791
5488687877
5716317140
6711120972
7079630244
7146982682
10572239192
10380614936
8324351365
7341298099
9554155070
8952376917
8345719391
8275748529
8105578691
6812670875
5704947129
7351390032
8547896843
8954601318
8720728743
8841916924
8934626802
12268167371
9224311902
11809865944
10949803461
7254665401
14644218794
9605689500
10244698945
15108086320
11903642588
12296095624
14258469163
14653154721
9706564670
14319278399
8075184078
12890762739
7886604606
15282590700
8966984757
8672169141
11863332519
13281720621
8438918716
13702373196
6233108664
7821175835
14783758786
9501848037
12785342889
18395226551
9068646975
14354582249
14107452829
15261871053
16238586912
12054464705
13891059536
12635081606
7524586812
12077200624
10545363436
16260375244
7248661021
12119921305
8231356672
6630985983
17569589740
9619276884
17391338200
9729824613
11222197052
11541035197
11088651521
14804496472
15596276006
6360148922
11844546481
6943260817
16743522538
11769768315
8808160475
10624490240
5744473550
15795872533
