10445812229
9558699302
12986755094
15253485838
16591529719
19284705059
13850296821
9619879618
12786084549
13372275077
17464312294
12667680498
7767920101
12958271465
12760949860
5053190776
12007907082
18042771342
14441499121
18892476703
16555578133
13677897375
15295044110
14249679896
11785898363
18691706161
11116213349
11607102763
9340054792
16406385722
10261618215
12407612364
9062954359
16818732563
15336775840
10468679310
13510777357
19513273121
13177598527
16705032767
20618617427
8931829161
12069182675
13700528636
13569767748
16976058832
13760812849
13147999179
16959820644
13887355376
16293008707
16717035288
12869381686
16215628346
16820889528
11513133693
11338009315
12974273390
14689934612
13933460316
7997477563
15393869984
15962282610
9277829424
9843356470
12499719504
18042912015
11618558466
15632247971
13509111731
6110117297
13043490969
16669815316
11828545987
12906727810
12109285307
9757032890
12668308017
8755343295
10524586253
9432692800
12189080679
16436113539
14658252093
15861363281
16730282839
12767917735
16392632134
17240633265
15451459321
15631700956
12180324914
15286995446
11248317705
12171506347
15476823758
12350544504
17611133774
20767610492
12742042397
23230552120
13535159757
9685825294
8409415071
10096101849
11880622467
15568055847
10414822016
13706900505
12203686197
15635610801
15195542857
19256651920
12170844539
13031496464
14909676319
21815693382
14366786595
7892018326
17044500755
11546604772
9115619050
8264324053
16715271339
16176842542
17071006677
8758154348
8992083530
13315524672
13347551501
15234910523
11678004620
18797275490
19779767737
14291354914
12379158935
15067020809
16015990023
10317939445
10614040400
15425558630
11157858969
22708184460
10684130733
12815133529
12703160086
11318661171
12655694479
10890135233
18299945713
12110849377
12857520658
9050941370
11432898941
12909160886
15140282573
11744108613
11476973023
11258522700
12429313075
20221932585
14218425686
13513081846
16084785249
11393062549
15749671310
17992682450
9886027654
9238601663
8171405359
11687863278
7077843403
3907928624
11527651886
8075023226
12431514466
3883011642
12411506162
10627790683
8177898755
10946876894
9654340369
11806294723
8794292468
15633666699
11574043995
11418299874
14819216626
8155189834
4863169961
12926610006
7470896809
11987774329
12530673209
10585031847
11429620328
14014956240
10422811014
13832911196
11813858195
10090127424
12505344445
6069643371
12262685403
8745011283
10075136010
6046157871
11812648273
10737208485
10024739677
9253502509
9381249306
6025702041
8106156666
7312609333
10658495556
5264855910
9246777471
7089540003
7756324043
9282330403
8283562349
8781964114
8145523599
6688304847
3273481455
7014379832
6302140648
9640356860
7736952888
8935352159
10189261015
9536956588
8390667415
9191568099
9962572532
7271579034
7730890655
6940653914
7372541535
6701170088
5101048547
5674118907
7432890646
5973806625
6257120876
9224011088
7364275447
8086434335
8524050325
7864791123
6748273883
8304950980
10767253796
10310526828
9878329907
9526774962
9264786514
7649320781
6290161618
5916916218
5705352639
6641180900
10362330632
7357479440
9326832236
6763586714
6741627218
7544264990
5104307868
7426567032
7632203172
6222534261
4747594617
6303613150
10774910585
6369430089
8842007303
9950627415
8878422624
9041043761
9830210040
9176747911
12923400812
13668308197
12810289322
11039383744
11983112466
5032741474
8808169823
9138854802
9660935196
10403262342
14880836715
13913193238
13268518689
11845248839
10921537622
14684246060
14501977237
13431181243
9703816339
8993288961
15172189120
13442522820
11599949849
8843333031
6626986762
12198958205
12116017056
9598248167
17705179971
12272609245
19108112635
16340765242
12551259145
17982954713
18391420085
11147115620
10008255790
14788961865
15868860826
10134414141
10422156216
15896025264
13323657808
17920355120
7059568188
11686960590
14256320530
15663329608
10515798344
14823374676
16354240579
11250539684
14115149717
12394721132
13626812126
16627370675
18863573123
6428519262
6862881303
10649825234
10742545452
17471485328
8770105551
18885612043
14479178056
12407700716
15655897847
9833234541
12672601321
10951957003
11748475057
16412041678
14614212682
18326747811
11009080031
15951686872
15993561613
10028321389
18295686525
15070584531
17018497224
9176178070
