11255935316
11652163490
10101356336
12434503907
10373947439
11844592548
10687737336
8948024602
10592106285
12264418153
15613430687
12282729474
10862603670
6798080354
13787868066
14739075456
11811915236
10236343115
14297679971
14778314064
10777848765
8503672396
9106881498
9625966779
12088342186
13464891602
14223726987
10321428792
9617601206
13143017748
14286318616
9057165547
16199862924
15831224744
12285088059
10776515319
12890031068
12975711855
10786367561
13022262360
12834324266
13096001849
11673679376
12924940837
12334870063
8776068584
12085212730
11493333565
11153375778
9944515196
11552673432
11153336690
9946484153
13103933652
11972462139
14921699336
15002106005
10858348677
11456214185
13490437954
8343277874
14849408479
9807693765
10445506757
15345044869
12640580374
14526218764
11860455194
11302411163
10812713025
13169550617
10739540827
9458234658
14701158456
10260321673
9519256039
10175001718
13800072226
14466377095
10444618322
11018970493
15033418362
11085879945
13139745241
9735259382
16973295406
13801808494
11806789149
10765126179
8490704485
9588469549
15180997861
12054683079
8563064145
12522818035
10932821084
15049322869
9971857041
11276185356
14057826667
14025734840
13893421487
10750822953
13022212285
11051141473
12872950023
10833923542
11611309466
11920858945
13161189819
15169337548
10961842596
13555593960
15393169246
16620221630
11803934670
11022474605
12812216513
17655215957
13142739055
9671683655
11446204906
9261297267
11736680841
9726933908
9844176515
15546688263
10720902879
18635384414
11327956905
10385283296
15730558889
11214672103
12074377456
11484434178
14946714992
13947112866
15444442354
12320643576
18340479039
9686447409
11687962161
11672155738
13596733909
9838701753
13999806732
18375283294
9748676416
14151405262
14303637649
10116300375
18965094368
13351915892
12042181697
11474995070
12847907793
12370863514
13496685343
11143778274
16586505090
11651027430
15449748933
11747935859
13158252461
11133538108
13440569821
11755456256
15342487132
9667677911
14458557739
11362332007
12112972547
12228601163
14946278372
15505596016
13629072095
17045977746
8411550366
11763924506
13491247830
15349941811
9721069411
13721924469
10343297962
12426734992
13375263739
7513486244
9708923075
10732155543
13184925831
12460669800
13064486942
10993124034
12576870300
9443361949
10022415256
11856840075
11757188367
14527219015
7448506832
9055158139
11351664052
10324482283
10676019100
7958888445
9375776026
8804274213
6951463333
11577321565
13103686799
11958606134
11975898345
11494521955
9421691506
10067487970
10514368595
11071877277
8183406079
9498228793
10329472166
9488829987
8835458968
8317281095
9855341512
9578626498
10419856821
10196310827
8284790569
10761841275
10313024431
10866474192
9780055072
10651752765
9735045542
8954246270
9958026810
9255893317
8639413387
8261593373
8275413396
8077323965
7806427835
7444962807
7173737943
7402623802
7167437127
7479945568
7333130724
6642901717
7156236157
7508678788
5122629630
9033792465
8738092554
8910927825
9193394707
8754170821
9142768031
8583129096
8413568070
8830681858
10016568365
10108132456
8193790871
7320488838
9074698588
8231645718
7445890957
7285740663
7452308363
7382625345
7480749708
9025136196
8307804618
9032670571
8791105203
9037544345
9041051054
8528998936
7838376419
7387860914
10964449141
9106268399
12519912351
11812104612
13137115560
12403181732
11767506199
11357040866
10974106406
9273192169
12526245479
9417426596
10916107136
12460594881
9771070649
11266018792
13648951444
11021442727
8924002436
11383120466
10769137906
12561684406
13181158266
10421875534
12958332750
10852321853
10019172074
14212452274
13254270184
10550839963
13390121111
10357865838
10484228203
13581367683
11801307822
14497105622
8879329334
11395080210
10166164526
10851554841
11616628057
10811094281
8714930361
10930178108
8900291435
9349726221
13361032270
12046039964
13181872972
15815974920
10665103009
11213483809
11248813764
14774572381
10540013569
12396292114
13515965409
13344908345
9597967147
13035307533
8887992292
14010573650
10646905573
9556618834
10620836262
9274289481
14871392889
12151090669
16090494131
9931312108
11409785079
11602672141
11501531774
14062845206
10347786851
8355789337
11454602085
9481182275
12531515720
11915083414
11577061484
9971471153
9936848789
10485661133
