11759631167
11099378983
9411755787
12031798243
10963411082
13235074222
14688391117
10692833930
10342787979
10752260378
15166910705
13349151143
12670174943
8452182448
14238262695
17887556953
12964641291
11006715277
13707178358
12763345093
10039030861
5849717465
5456789788
11957346133
10510146141
19173487332
9836579559
12671366386
8311328805
7343231816
13193380524
10125306466
18939662110
20776984836
12700770291
8393770400
12848490193
14961756599
11719274386
13112363567
15164322543
15259949906
11308385105
13235567491
7256956292
9917116355
12747044674
10693833931
14360798896
12719741720
11116377542
12793114022
7371603494
9217826823
6286015969
8024592259
14472452795
9303715144
9483338529
14426459639
10548260023
14404221624
9885848041
15469227858
15516917620
11425360259
14146771966
7071630534
9262794959
9849387369
11442568802
7292341176
11020062523
15277814289
9729016169
11612031693
14297226831
12994667984
14252870690
9282590970
9370138764
17167559420
7620264891
11575482742
8817362460
17452002837
17155022622
11179754978
9913219357
9801987644
10721847447
12909855118
13127990275
10171641174
14793720465
7707725305
14418903056
8768909846
7497175079
14127448384
12314897531
13912135890
12224846301
16098164052
10239098232
14461748645
15332409701
20493902329
8138397590
11146183654
14202459402
12853611704
17036807923
20060077214
17014290552
11947122876
11057331607
20607555663
32628701005
11932336275
14559412145
8899634070
10061031256
6635516641
3722788090
13099003646
14804045021
11302720647
18117839960
14937816493
14468519455
14423368922
10695628411
10138677721
15686702975
26533862419
16135362805
11877145954
8654657662
37876020050
14989374538
12418517602
11711613362
11962031006
12918543767
10767641657
17622753666
8365036466
12725571605
16985767374
12733471485
33984370585
15861937919
10466182295
16488328045
17964830478
10566050658
16581050698
11122650263
27354704737
8744920220
14088432476
14629803513
15619961066
10728833205
21069863912
13679481146
21647848575
12301015757
26827769332
11633801331
12488989131
15768936194
13139728522
21015773413
16286739528
23151217913
10755271820
9014085204
13907675996
14070252264
10116139669
15404179901
6449064146
14862457893
11257557384
2237857050
9190147241
10353341322
11180431834
8339152742
11015060475
7642398459
9003611408
10704678679
10477173528
9944823560
10350257589
9786198348
8119269238
9128596632
7267125356
8645240315
8279794560
7944894504
7454087185
5937754628
5902093178
6471463361
6127304167
5769556532
5412470236
5081089734
4748380066
4425433420
4135849773
3843233121
3580494226
3325587826
3092192329
2886479500
2680866484
2517999643
2288444964
2170848963
2031466614
1910276714
1720058704
1670557816
1560125487
1459003815
1313544055
1170589116
1217808648
1087914628
1022355425
964402522
870379534
788759252
774194157
688060118
678733316
406913267
598039305
414112799
480135580
295578750
459189611
276398176
285903256
212857855
126257953
283138227
129475892
233868645
130056177
134392062
193388269
177841872
1467678
191579373
120252832
26131660
146251442
41795290
89286344
67986801
80364971
93919899
101464424
92640114
83127532
1381639787
1604693918
2756258433
3611924108
4436464509
5413935088
5489071225
5726518212
6679789298
7062246671
7142711728
10553208617
10383585584
8332341423
7323895640
9545894269
8959811206
8324022985
8277220899
8122062808
6804481215
5689154450
7337578163
8552767923
8944228911
8734116366
8834222381
8939781900
12247786491
9220108305
11798353942
10971711451
7247261729
14667108518
9602194957
10230557266
15095083361
11911864294
12283225370
14258906862
14659214627
9704517886
14372918773
8083979706
12876111559
7883562562
15289952424
8977170887
8684595998
11853713271
13287871167
8462277836
13684731003
6213846501
7825091204
14786252185
9470197214
12785558415
18387668250
9067222980
14347435464
14110251520
15254042635
16236367111
12037746002
13877797606
12629347498
7516374483
12072020741
10546766509
16254818738
7252294053
12115709337
8220566191
6629966686
17573028193
9609312843
17407497215
9723473937
11214087600
11548943117
11075356798
14796444144
15593964929
6355594992
11853686297
6917266892
16750471714
11771125965
8821633387
10625227934
5743433812
15791068644
