10920686963
10602914518
9532569309
12972613910
11519418675
12439301947
14443670944
10833830376
10390850240
10446398960
15098486524
12860409186
12520495517
8484626433
13384244660
17164019405
13214046649
10901107137
13804720109
12579028520
11124753461
5178879876
5820003662
12228044110
10622707328
19881885899
10108613842
11731927691
9281130136
8283407457
12681156307
9987867528
18771689324
21243643188
13044080755
8544193885
12873635297
14334671614
11346869770
13182065981
14597770012
15470396931
9943266912
13714066279
7770370646
10749631663
12475224927
10777940276
14249832700
12732334558
12116027669
12028741524
7310411535
9095331645
6240087973
8426065590
14166651568
8329700665
10076182857
14526948761
9812619075
13922725287
10325320537
15329478917
16633147241
11711090520
13811589787
7624514155
8465996597
10980636199
11280514601
7948631572
11087870841
15982602079
9829972506
11851328352
14425140498
13357828133
14296371249
8699978102
9394810591
18233153730
7730259891
12003776483
8759503483
17450232285
17745514382
10887053528
9561806133
10085091091
10930963590
13090418675
12772048562
10247517323
14679581340
8265095199
14955442677
9095611664
8024215681
14342338245
12886830925
14099066581
11959482842
15965577870
10103885221
14485622673
14282779204
19392141216
7647840820
10990659758
15005504893
12288219575
16158314273
19409465038
16967890482
12357696261
11019017160
19824900216
27509614597
11838558593
14918597189
9449865390
9946713984
7963933275
3752254826
13481230063
14513334578
10566532874
18022556827
13580691079
14038539995
15107750667
10452773515
10303716541
15330678096
22662128931
16011533997
12866784248
8987661733
33705425159
16008492352
12456562963
11749519807
12205175022
12366905110
9873624126
18318506650
8660839344
12908420698
16373066933
12546465231
29531286686
15564004741
11161284269
15899433840
17397860105
9981863211
17144273515
11205554556
23176102760
8786993404
13825263291
14444504948
15087058655
10437675112
18882333489
13692823287
19339109375
11906812798
23307930074
11453618501
12567141575
15379042048
12485398056
19845023518
16339570237
22454078807
9854819207
9057861907
15015990115
13720035230
10328325145
15604736507
6766946862
15260802086
11684951391
2367608106
9262108872
10209706818
12211674018
8749935556
12726216443
7493963260
9288450144
11299199355
11058203081
9693709179
11942531463
11160263467
8051936311
10028485772
7168330689
10194447918
10416220868
9822119824
8921729352
6012622464
6861908169
9251895167
9295031547
9481130453
8545116010
8478741471
7885832560
6067667945
6891958812
5636482207
5848397327
5400168370
5150376631
4108986113
4588361218
3813781631
3049388291
4250768484
4289019904
4470924764
4137123234
3884219311
3592886153
3405235859
3212920789
3010296656
2807434502
2672788130
2472534718
2143020261
2094910024
1829556307
1875053054
1691498826
1578172992
1132056998
1183734659
848277130
1191205732
1124795021
848647818
957493403
832062532
310485352
796054607
701385579
149245177
476484566
642678261
510607326
464335422
715126471
1369234173
1389941760
1396869656
1874642209
1861516197
1842377874
1739808010
1707470854
1754079192
1625997587
1596048965
137994222
3274450909
4547205038
4345724999
4958089936
6417373727
5338285014
6591745866
7327478721
6704044514
8508126628
8257472039
8490265294
11493492213
11230583509
8386703063
6441660962
10181530921
10016500664
9117027193
9200668272
8615864280
7447085050
6054517502
8336073043
9073425178
9898820735
8794562168
8504077565
9368574601
13093191445
8655785661
12379272158
10312589361
7349421381
15203986412
9471982252
11228367373
15153951187
12423793954
12284303510
13860651303
14648917608
8798447206
14584946720
9648063484
13600124650
8320483010
14958106973
8876471265
8231458510
11284590518
13290149306
7962346653
13893389166
6639274571
7360432413
14703659040
10113791296
13132161439
18441206144
8769073250
14075722772
14089577502
15342410259
16557148832
12292774759
14252574277
13226204251
7475678495
11667304937
10219273370
16453450934
7156030903
11879063327
8108175604
6648609129
17207951469
9537317217
16750395936
10658094305
11199863490
10842716916
10266074445
15127608273
15056408167
6960283177
11267959866
6484830361
16663937659
11921351768
8722574125
10954465161
6472562606
15616154441
