11099005233
10952405879
9567436925
12462759890
11766661334
13076459340
14444968453
11003311878
10326367400
10828902365
15101453168
13475481871
12703638356
8498060226
13974212309
17074961957
13213729314
11101517885
14102743729
12817263828
10577865586
5718703572
5819532065
12708831896
11067911868
19592278179
9874442735
11802825801
8928051568
7937019778
12325063997
9931567364
18514820547
20959448771
13132338802
8561798381
12364004644
14533670916
11394063833
12741054106
14969140119
14925321450
10175791812
13453384591
7143642147
10668907320
12557930227
10417312534
14596249719
12344122156
11708200076
12359792528
7311365293
8997486290
6490395420
8098849695
14271999964
8383398758
9792645218
14392921701
9879395054
13667472646
10225829956
15239767168
16507801835
11485940683
13492369334
7852529653
9078573319
10512632719
11348590959
8127357706
10833412110
15435588545
9624278548
11762403206
14240099344
13210518838
14650298842
9437145876
8966551429
17675818665
8135440434
11864004524
9015072895
17392655978
17106531423
11043926235
9802570036
10231778363
10990018675
13005293592
12698638771
10473275919
15081651535
7757365130
15148071301
8693049281
7901726844
14253489516
12579153032
13874418038
12074274752
16180460676
10275965097
14574018753
13993408771
19685278744
7525068537
10939912770
14822066741
12293268462
16457913372
20444380262
16329051530
12314513363
11209754890
19975813059
29080774949
11654211883
14843786912
9132672470
9659250536
7383345025
3736323618
13341748981
14749449946
11010381785
18153764627
14099327036
14184053560
14576791399
10394553914
9896932225
15301770980
24058457784
16162746644
11962763000
8786182793
35007200488
15563025661
12603028353
11723461076
11898590902
12344040839
10433265271
18024691327
8762534162
13083026544
16669498461
12231373988
30920015235
15608840823
11362755105
16265729088
17538572739
10439003618
16596835626
11146188492
24415780886
8872325944
13856565473
14299795470
15482894421
10564472268
19601380691
13895507468
20417959204
12026912891
24755564285
11725703266
12484715614
15522319975
12523871436
20358665105
16543581131
22427070703
10284308177
8952333851
14455600447
13987858822
9975042982
15414149111
6376310796
15142379731
11461234049
2348997904
9558859970
9981289327
11854333963
8945758719
12665005190
7684099348
9395427079
11059838611
11271868866
10171892758
11420207252
11055418464
7609768848
10183943347
7277970366
10217232616
9666547967
9165626447
8527182175
6029309250
6537301759
8974743810
8977819895
8783284867
8349261224
7853706233
7337234506
6269574632
6266077220
5916601773
5535859437
5148562382
4682750518
4139043560
4133192089
3789231875
2411930709
3371648705
3123605728
2941067200
2750136012
2569548665
2301270066
2265989336
2138734821
1963431685
1765947646
1780288191
1647742546
1507828812
1374454102
1281076546
1063721068
1093431342
986238797
946094408
936206624
811772728
517500110
752388598
692000932
481016402
536190565
314254453
283485040
482315071
504057570
410012613
490354121
453144489
279887139
415631355
122014083
396669331
549782163
798901575
761969831
730902729
731497150
621220794
595396223
662800147
678004102
251296295
2320586858
3434674364
3688530425
4143541504
5373307363
5347579785
6114830981
6954456129
6777739264
7620575366
7882666365
7913849096
11197591183
11228407932
8128091758
6924588863
10211080748
9841086011
9058355301
8703783655
8565316800
6935950673
5496811110
8092469275
8908300207
9694534980
8751779480
8787299337
9479869495
12920950938
8590879821
12258519592
10984241730
6991985097
15220195315
9760505137
11053751180
15066672531
12187004094
12210248708
13894571406
14648452275
9304102952
14603164981
8657666535
13781125320
8325303608
15201575588
8828023225
8479846448
11344597509
13698440513
8567747746
13672185872
6392182212
7347134877
14574109630
10215768677
12890107393
18310811362
9225360338
14197764959
14062036748
15019996316
16347320611
12029253186
13915810009
13242854766
7457601408
11864115239
10548483958
16168789275
7083650045
11957743664
7975009261
6766729444
17586515855
9099623727
16978131770
10964026261
11071681583
11068130348
10500414896
15195958769
15292745905
6706836454
11222300414
6853295312
16682194587
11622318064
8846277153
11300533507
5654137756
15736982421
