12140389346
13433438742
13253558066
10558286855
12217479524
10208875267
7448321459
11402317361
13980910530
13097950081
5259057085
11273390910
11712799342
14228347192
7230425927
18267727784
13076396709
9570308857
12196594389
10735681809
13632359468
8631220406
14667103439
8269915866
12832286601
9767994460
14224988564
10498986847
10355868027
9527074345
13423932086
11681647072
11017753209
9491205295
8422255684
11579055875
13682571059
7520047553
11518691827
12454111563
12043432728
11141378573
13385688318
12095751328
17919931281
12029702452
12975968561
8711628465
8864932091
10907432269
12207017748
9769639501
12037021268
14682719542
7768082062
17329630666
12806661598
15172145956
12562560721
13121693613
13190846795
9365901019
12541920082
14883480075
13868160087
11179904161
15529289665
14728340094
11562127643
13837456383
12397149210
10845322573
11932417277
14033234937
15735765045
17763513713
16148651589
14184625544
13799259260
10766934490
16008346711
12788373293
3978769211
8532743878
11029132671
14506149712
16077204719
9128540330
14678873471
12564590006
10417013757
14319255626
10510051912
11312087833
17768456823
12811028835
12856112720
15352653237
13525892203
15037513896
14917297362
11284932103
10345081244
11543676516
14351429337
18315578163
4446743700
8419793708
8350216205
14258563513
11518842335
13382098674
11302466703
18314380357
14721780196
5300337491
6260168909
18532946280
10422915935
11903626109
12642906428
11015045998
16375130264
13915262034
13386783339
22946593217
12834380281
10112867050
17909573620
14933722603
12118929992
11063146827
14127232165
8836796750
8643178496
36961968987
12927957368
10488278968
12822100447
10224967363
11420613143
12246830278
14922918140
13273121072
11439468470
7692607564
9314813200
11475580313
8025083153
25425495362
5707751249
6371252441
17065097994
12149345361
14360632054
15860115153
28042673054
8132800507
10305414396
10321791539
13523428902
12221915564
10687082502
13514491965
10990598701
21490245484
12100516355
9952974356
21245287055
12309789690
12062303535
18284913496
19828145876
12435078344
21625663345
15921229522
12666614695
13627185919
10312560462
11871627762
13500160658
14957104222
16439471135
18117033878
9053571887
12452147751
17129212527
12122274915
12310804344
9961798667
14239461377
13655035109
6488857368
10821587853
9615737451
9933853171
7062667987
10019197284
11351691250
8970330236
10856036178
10989657362
9997333599
9954461555
7877309836
9007092323
7498915177
7725750885
7577422582
6460565365
7165589628
6920634181
4567135936
7088310103
6797153038
6443662484
6076084551
6053792562
5848750213
5635709939
5622302255
5870730366
5671736508
5335434874
4997223579
4644531083
4301812063
4031514819
3771858556
2984135452
3305005148
3080211020
2947308808
2752399191
2589652744
2386443857
2090187327
2102146205
1960062062
1716964084
1702427877
1484833396
1437326382
1293861911
1178356424
1104981282
313109138
1023960850
894749211
934733146
485602479
840683806
782326465
945478751
1045881818
1102466748
1030170506
1038141020
1070177274
1000467965
1002526697
993012147
1143317218
1261168443
1635411101
1705778054
2033604771
2054990036
1950223572
1878332360
2835234561
2786272460
2992599035
2796756670
3897175235
4101465017
6111160991
6363784991
5886565613
5144064218
5979637877
6536866400
6935959981
9901740468
9777329007
8957369824
8428514621
8779747969
6119420955
7712696194
7553579603
9801661742
9245688963
8953247471
7428809561
6823103526
8111666614
8747767532
9309006943
10444242475
12095210761
9116463573
9742051235
9710115864
15177578792
13609077254
12828820397
13807861200
11658015325
11849165248
5047117413
14071165323
7987914631
8997092157
7150606147
13092540798
5987101891
8443256269
8307662227
11221803687
10818536333
15917940838
15430166561
10972752759
14069682836
16531289575
12612824381
17821291283
14315878654
10839768111
9534984908
7833445164
9881810315
13097108033
18168939254
11648292911
17323084244
15815631178
16191073288
13961304089
12259415324
11540744326
15419312043
17704136981
10848693362
12727163294
10996272089
10190697928
10835965841
5935283979
14986060730
11175178319
8465135931
13830989001
9585644365
13777204765
12222641360
12691296732
10870042010
10477081406
14214528315
13332855721
9588412003
10863502695
4996618866
