12152290180
13815443729
13056902148
10871200043
12245637689
10257347938
7690025461
11370490327
13906795524
13271318855
5349824107
11175388816
11646673600
14238752440
7245797108
18210898449
12990106855
9230226475
12186821290
10508526744
13524585732
8508416828
14968911840
8259016554
13035052156
9492684112
14000119568
10298442317
10457269359
9630747114
12859478737
11959714501
10977923001
9823471857
8442261658
11830255544
13670098632
7674250258
11329294962
12645538421
12046482598
11191084469
13599776066
12282302726
17989852779
12043485582
13213575719
8684819686
9040434508
10829813060
12143230682
9621669762
11659891807
14820076841
7967979639
17434254946
13219663026
15256661535
12468213622
13217311730
13349457005
9306075938
12323619213
14958551971
13802694213
11215245674
15315820447
14689488410
11565166358
13611320884
12647073069
11009078637
12259870895
13862600575
15540693522
17882773557
16211507456
14670973137
13871710696
10948120848
16310779336
12982738506
4365689862
8456511329
11000339533
14264262406
16001921865
9177898791
14922024042
12812629166
10540628242
14614881761
10270819842
11321666538
17356781401
12551559508
12733654614
15266326735
13575996532
14861848102
15160142705
11021740150
10416037824
11610995879
14103947463
18230795494
4397467092
8396270858
8496156928
14177648788
11752493351
13412024775
11306491382
18149788808
14790951381
5115410104
6372151600
18205017650
10346791738
11671922018
12384450977
11135667803
16261229719
13960957163
13397152959
22128832704
12423348353
10086681290
17904535681
15021463846
12222050969
11043637403
13941321342
8583921339
8908969927
35899736156
13167111601
10761666821
12648334452
10099942187
11384179982
12215274947
14802699290
13229550579
11534613946
7954352316
9374607849
11117726998
8191532462
25007543408
5647481938
6470401797
17086027720
11979596541
14178353847
15995024063
27288383592
8088178369
10440463565
10350177944
13714483146
11994190807
10856944267
13672732746
11032718206
21094858471
12357537153
10192887885
20587670221
12050395980
12434663432
18326934170
19206994878
12487979605
21271369462
15913120368
12603064654
13666141587
10639091413
12448838757
13487361260
15270152745
16275537756
18099141235
9450716003
12268429956
16878066834
12035721785
12432441357
10094086078
14645940050
13471779200
6641433453
10825255611
9928445105
9954085876
7019560713
9977163526
11858111280
9296486944
10893332206
11365794128
10045279411
10229082664
7981672382
9169681689
7558172010
8269151641
7765520457
6591926392
7219562233
6837661532
4636927968
7297826548
7136107134
6765993713
6422989827
6374898853
5911514102
6136605253
5812149598
6271562690
6106380265
5788979467
5622366613
5283348297
4913902656
4578741567
4314107037
2720415250
3820440338
3525365691
3381325928
3177782729
2959782263
2753246394
2500693438
2291403956
2134954832
2077161571
1878645875
1815939801
1610357978
1556846460
1407237299
1305193889
537721354
1176126816
1054169425
1056035778
717145638
736814078
823071145
1786546824
1615908761
1772781173
1723159633
1655164037
1605321334
1382564909
1400147964
1393628751
1476327645
1454712193
2337286932
2277102242
2250497465
2200612342
2632403108
2661953125
3323810958
3313881317
3278720656
3410707011
3957185861
4304059228
6894141736
6592528764
5742237258
5335651089
6030884755
6773455186
7268662048
9975987472
9779141856
9367920963
8270779119
8892889047
6019903237
7403141200
7645341430
10030237659
9660780040
9374869028
7547116441
7224315418
7960959468
8577084007
9500487733
10448820243
12664872481
9237452445
9569990182
9566814031
15404907937
13374245082
12610286054
13876948847
11270508238
11870565868
4896161070
13940947228
8040989731
8663370819
7324118100
13082461568
6250933095
8447868015
8208421610
10967482444
10629076626
15641897674
15807835464
10962517731
13918461460
16282075952
12721447370
17754486349
14517345973
10926241739
9456067416
7817217753
10076635421
13369228115
18606629093
11340243432
17201137327
16108665174
16364671157
13963952716
12468304902
11509146689
15104352860
17579534106
10652276932
12945609939
11266903717
9859943497
10383437080
5800817638
14876506924
11280286529
8845467051
13792934191
9898918627
14014891506
12318337451
12840164042
10533748985
10231537591
14203951428
13530749726
9694917188
11204106314
4751230815
