13998458980
4162276354
17015087710
7696365696
15696501712
23325581992
16319653706
14734803182
7908866006
11287037996
15345406535
-1515749472
-415447698
18570231121
8723070256
10342695882
13140222858
18292536117
23044884808
19030851474
18433567246
14748762656
13169438975
17278660405
12257406726
12794640905
3542084418
-4406629718
16278471428
10782941444
15791954647
6400270379
10425438797
16948093590
19927600337
2933341190
20902268865
18489105234
18423467988
15267779443
16054920493
-5585497889
14457473130
14504458700
21340516737
16814172536
4334397131
21391648677
10999902179
25270573119
7981794789
19284977162
8430076558
29456346607
20502770891
8873479662
12288450785
11303188856
16156430471
16904395608
14742777758
20230545221
19928766743
19602858305
19615096219
27097902662
7345290457
4386276480
10963561461
15368206794
96248159
13001731104
15293608958
12190378357
-317417423
2317344608
15936022767
10588188525
7115426142
8497418013
10288808913
13802157689
14680751500
18915519702
19415972196
15511880410
10587740775
18201926728
24422847009
8504476475
14252025481
19499345232
14966313131
6107329843
3727681419
21648724452
15333775472
20764755123
21638832167
9828742739
21873962838
15661690980
15003897489
10774752191
12546795957
14842673786
11083840763
16650601564
22711850112
19118377047
14276310653
10524689999
16848882883
5354033236
16089877607
26789975103
67422868616
18398432443
2750328445
23042114793
20947836844
12114332611
6322806392
19202006943
23501750342
17115422984
5062369115
13593159924
17560306580
7435362097
12240841434
17195365302
20699711385
62599830723
10712872770
14522534455
26492138231
7988426447
8197602518
15310218436
17906410149
16403750273
64364194465
6708492159
17841459178
20976972877
7766145161
12581228449
3872446561
20340333571
8230187314
15194280491
1165897637
13156761930
31203020737
9595097563
13486996616
10318553286
17979354862
17094164609
51582766154
17505896091
18012592784
18906741198
14246174623
18956623683
64434647271
12157736732
12770883556
13501022763
6669955289
9979507168
1343814076
3674439346
8327712580
65929594464
3981961740
10309817888
5534090423
1491409424
19944119681
10767381948
6537865893
18566400335
10204809997
11618864480
5759739125
20765621497
4679611202
9106123144
9204774434
4547859804
6108869358
6893625160
23582552168
19073979746
5817172262
3538069030
29373880431
9908188897
14609136600
7549876465
4689015859
27077066958
10138835630
7044363122
14259448141
16653280487
22053959691
14944957082
8746327828
10839748223
9001653867
6039300058
11118821087
16685441077
6909429603
3335801913
467181666
7160891690
6802681512
7038864407
6196248824
7335458379
11503544720
-603290536
11696967384
4009699354
6903389366
-282897448
-5094365036
7406945294
5969492096
5339560894
12911898332
4370873827
59056625
7480799915
7317621125
5121800198
8638484391
-5447566156
2297298631
8286122611
7618277238
-1434960472
-1994556430
10975794425
231289491
-2864035527
-13251319908
12048311703
2983132037
7288920720
4043866970
9512353051
18102182501
7339580987
7624603924
9439059945
2541277562
-1286884072
2859455017
7278509584
3182068625
5802251051
-15465314
13760583437
-4210266182
6260584501
9203449530
8983859347
8677051779
4231326458
10877543488
16521214955
5481483806
5931047006
10455741185
-997274038
14053835539
7544920219
5513401158
4440858616
12175150355
22277641247
22007335755
12657731390
11170403354
6802991436
1606313363
4974329043
5332920966
19722087594
3966398392
17550000241
22566656436
12372026579
20203020257
22743898870
24687778038
15203347592
15679992856
9452640248
20160670609
15899393110
10409984868
-1037808810
19945999624
-5076056012
8033592430
20593525127
16057117185
13895753160
19628902228
8853904216
20573636776
6811414023
11973889322
3341520067
15656878657
25031616246
13276389583
17769863492
14144790961
8462773747
9468595336
-233025936
9646785367
21817622910
14364974805
17522305991
5513359616
23402932943
11162444929
12862011344
14776828251
22073845126
18246991317
15822676052
12071251078
10699802274
376265314
12174159265
20290289483
5919048826
25274817573
9466139582
13738419841
28990767205
14934943595
15402027251
15175948689
16025429549
17581252063
5781683000
17600370077
16649715299
23640070405
6948097939
20106644147
18101044743
22152122180
11157152910
6678898750
