11782178307
10990832060
9446836693
11936529589
10968418594
13268180482
14706581922
10702486529
10457578473
10806834775
15213389688
13325979904
12648183777
8454189298
14331301845
17933714645
13023277020
11017748401
13779079829
12725354090
10082230154
5816006725
5416620443
11897612204
10509187615
19251751575
9772035178
12636300533
8211709303
7437836811
13117671860
10179757234
18975109968
20822147136
12698938438
8440158566
12905211423
14934796043
11735073773
13085097407
15239645982
15262702173
11335534806
13322287864
7222130603
9931331358
12774797128
10671116683
14446100341
12678113566
11109078788
12769283638
7399661054
9214284349
6320145211
8036886100
14497744851
9218244203
9391255849
14429031049
10468140914
14277144287
9895755479
15442127477
15530665312
11379845427
14306566607
7143757647
9273159017
9984171284
11396344331
7310127206
11038822063
15409664599
9803632214
11592363289
14323650652
12990290113
14179989703
9355794702
9415812889
17190191432
7596765230
11503801480
8953019975
17499340379
17129111392
11242715227
9880460368
9773432344
10701095515
12923398040
13110113526
10290531414
14814150500
7743429768
14474782738
8778722510
7515451559
14139663671
12336962570
13963875801
12228517616
16180332874
10181728027
14477700270
15288735377
20460406023
8149884396
11200664019
14163476701
12836195947
17048026206
19972787652
16974855763
12047005981
11088357691
20422897301
32210720467
12104512878
14545499416
8899350538
10005192015
6755017469
3584342454
13104829326
14760522311
11254012708
18166300426
14852153843
14483568153
14438456390
10680152025
10074852865
15725999181
26146084339
16117860094
11844696033
8693756654
37579087351
15051767708
12496716509
11700083220
11914379047
12950944161
10859548581
17725440475
8279287222
12762879384
17053553244
12702123655
33509032971
15870971778
10465548108
16509916877
17878082686
10478331672
16704433219
11120941994
27120377826
8718670269
14085173442
14561756833
15644103700
10623637545
20874581085
13679493269
21439456017
12244679303
26608380285
11562194180
12412760955
15764509275
13124982899
20789238255
16349137869
23084261519
10698459130
8976435591
13934395687
14070466594
10134578540
15402204839
6531037347
14921526090
11380770117
2227875750
9138592271
10274613404
11259410734
8298976654
11073472443
7571848174
8962121996
10838249263
10426118580
9999935992
10539637775
9882088581
8016907932
9263308548
7190352612
8743762907
8528740550
8058291923
7566629484
5926066699
5912666020
6951863634
6574059200
6191949443
5810207573
5443471506
5090720915
4753756492
4434218995
4115259983
3837339350
3573182889
3311907888
3096252706
2889409874
2694087414
2482932832
2152082161
2124074190
2048989716
1835042729
1716660733
1661546214
1568456483
1468924782
1185763651
1281300569
1046498241
1136341481
1063658175
979425467
859646214
861481325
747395817
746425099
368031809
626364270
456479762
533456368
266303191
429291702
173145183
321520189
192837696
160563174
288024604
224188793
240581137
188007719
231044765
208291997
173504337
93626650
158423215
118814017
72076390
126484595
42993797
89176915
8072646
134659527
125445157
48233784
76554241
154611428
1654276810
1825105806
3087873708
3797829668
4567925416
5486116226
5616704553
5854218641
6815792491
7136700122
7167427225
10657906295
10539501426
8344492146
7398920270
9631069549
9087407921
8399272427
8413700726
8168765707
6785331576
5638508566
7544209342
8530729237
9069465138
8674064463
8743578493
8989776572
12325842692
9166021364
11865360236
11024834584
7276072278
14632596758
9594897202
10315328441
15160884985
11887189567
12355894433
14307493254
14707030717
9767662493
14340019032
8184685363
12953556458
7871470695
15187679164
9101153956
8656344104
11849363159
13267194067
8380054725
13760265212
6261130954
7823028886
14716303839
9581759966
12770544967
18396634694
9091102979
14387571767
14109190142
15263913700
16217619680
12043147356
13915022221
12583298193
7636300151
12065894146
10619616850
16252648734
7262862123
12145425353
8267238310
6588198321
17538268729
9593679316
17340253757
9770194086
11234964977
11577389248
11075079155
14939140934
15605027365
6352982854
11815265931
6895823465
16843453934
11740343912
8760982125
10636283834
5700687201
15788791152
