11585425312
10941839575
9550512945
12158355646
11089494044
12949625036
14682080694
10611007639
10419686817
11151771013
15208056316
13079138750
12588631851
8607283870
14092876142
17765610818
12933927666
11066318328
13633539223
12773834304
10171943434
5760388067
5523208926
11658515155
10687756790
19348629852
9560855334
12169079928
8755110401
7671772301
12949322837
10233400067
19129226803
20665252191
12939944276
8571922880
12725405830
14706300180
11856211921
12915166045
15152592981
15100902151
10999964074
13549030934
7225827309
10120625046
12646837840
10443629725
14334970083
12733758528
11446663582
12618801061
7681196626
9305206220
6501925881
7927750336
14278222143
9087596106
9488872958
14554082849
10266346516
14183428280
10094011520
15528172322
15725766075
11381324597
14134761153
7235965050
8947173494
10400921854
11326110719
7879645753
10853169489
15168197595
9726131651
11796387655
14124560463
13245598692
14193865106
9175314939
9281840670
17342495195
7784235251
11582171091
8847425870
17667953547
17300883202
11316661988
9930062028
10074585073
10698366896
13054003313
13205913636
10673366455
14847277849
7809579383
14634609704
8861185397
7759187843
14164218512
12325070798
14213370902
12091304810
16128163406
9981336142
14558215538
14949904727
20247326470
7793606718
10992744680
14295077131
12660304571
17274146091
20246935276
16658703588
12039465754
11160324281
20390623625
31158215469
12421383608
14763905226
8896145656
9841718832
7059489764
3730395846
13119011786
14624872187
10979554106
18389076381
14677410767
14054968282
14334145136
10527443752
9817706867
15752157559
25679063271
15906687103
11722873182
8728951585
36826906028
15229992625
12392682423
11778978658
11747061154
12667994870
10768863327
17593888980
8672068545
12907901769
16859511612
12632017980
32703514838
15829941780
10716081505
16463663538
17827748189
10776108707
16391195470
11210710263
26308193706
8888484624
14214290755
14465655994
15776648115
10649059925
20402796738
14015422908
21300527688
12019930722
25883725791
11793143508
12003964434
15695680931
13010371689
20569778422
16355521064
22775239245
10556430247
8999319797
13828087246
13732325431
10269445244
15539846838
6354257683
14894630841
11596415905
2276325235
9524509055
10047116195
11615286982
8496018141
11143993644
7406392749
9024665764
11024547693
10572856075
10163141691
10931973152
10247481055
8011046626
9772315258
7281801474
9215448423
8983728181
8464326753
8026311541
5781956799
6347099186
7926853196
7460572184
7090443758
6616753078
6195835622
5800011336
5436052219
4946709660
4672314974
4382671564
3992857080
3785434802
3526813459
3281375114
3034498796
2482171694
2570327939
2508568642
2223093236
2157291810
2031286594
1915878089
1758245252
1545701985
1083907656
1374627749
1332158683
1272746888
950931291
1055617094
1055878123
916882814
752894485
661614334
787741408
714449484
586393298
611395578
121278397
425561167
427953824
475301288
371493352
328353754
277042305
16668972
259361829
247539892
159733664
103909185
271517641
185240143
136134682
207750643
73050292
83452170
13584816
166872941
171361768
165869456
132281544
73204585
91950315
738175755
2366389106
2705824282
3287452147
4440878858
4907171132
5591128485
6023394710
6390930876
7024503075
7296254159
7539337470
10981382109
10877228629
8151185671
7107520352
9871472346
9379870280
8313084779
8808750706
8265612280
6820686517
5422512426
7887297286
8839610734
9360746624
8826300882
8970946043
9296445392
12489362773
9154954457
11973122189
10742781526
7229735926
14696808547
9306675670
10165409605
15199923518
12147685369
12697936273
13959386674
14903659641
9902459694
14441131787
8418516171
13399613167
8350932968
15164517660
8940363504
8503571937
11782994269
13493651158
8321440251
13982974981
6408563606
7530420075
14726142360
9907278577
12793602597
18319600555
9223020618
14244461994
14341875803
15234936018
16273665292
11803059185
13977811787
12796211355
7650637909
11603640142
10362383774
16260429142
7444224704
12204218089
7828716751
6512741032
17398555579
9147088019
17228442466
9741087598
11174553018
11295674171
10921457563
15106117023
15299716301
6685952113
11844741616
6865729606
16857286266
11597510587
8883538168
10971980286
5806219966
15570467240
