12191665928
11525842866
7854096778
13157577648
12775752015
12299734482
15719651725
11546886308
11307820188
11615786033
15666544883
11315847902
12091983367
7843115787
14109417340
16581233262
12513717478
13073503729
14275068363
12987189693
11703054970
8265270732
5833632926
11908371883
11057340276
20148368465
13702797216
11211860752
11417586049
9154812025
12488719414
9516334334
18547401026
18881245374
11408035522
9725122117
11807750331
15416243684
9261882556
13714576574
14201433231
14134863182
10903658346
12714894538
7888613664
8140308922
10482937456
10843561703
13526038397
12566090199
13051745416
13347635184
7292858388
11394309186
8723470179
11592990902
15681050661
8005258425
8317557219
14407307466
7750498075
16344694928
9952575240
15680684120
16605962886
13214873345
13987985445
11684193867
9461320619
11857966935
11474464150
7602382909
8948769576
17239490221
9792184476
11349576303
14593231184
13601544569
14740122696
7888339005
9775981389
17332111040
6883812102
12823927229
9135161424
15044332842
16424358775
11152273251
8800237331
11044146918
11354458635
14209469727
13835835128
10549890366
14329673631
9874043463
14662954811
7936138319
8616682013
14721931606
12681199957
14930554760
12756422741
15342716956
11828769226
14045499795
13499023108
18250381702
11369481833
10626942611
16592815889
11919152883
14918963786
18477035096
16096348622
12896180168
9908686109
19182799164
23502648289
10288292351
10908662558
8096081293
7574364267
9872915519
7349123537
13464427737
14933830690
10149136341
19084207413
12886899722
13358961186
16802387727
9647299861
9806226338
13557373202
19488425671
16132460506
13052994563
11012483008
27842712187
12760187734
11707989285
11421717883
12889040067
11497564531
12318783033
18229204472
8223621742
12531606162
14753714021
12998425841
27188313946
14279609013
12070448191
14724894874
15552838650
10563725485
17073252853
11673617680
21987313205
7818350884
13479968118
11696542205
14324301597
10882710825
17851374871
14061393810
16889179802
11087621130
19677317929
12642071970
12769000328
15020865083
13377668946
20742396853
14661538087
19912940658
8241309059
9235346064
12926754841
14898326280
9263462537
16136690998
9106046258
13168822373
12128562675
3179868534
8098034220
11718389903
13175304715
9127042650
10956504907
7540297955
9547882750
10045742136
10388748314
11690419660
11537301015
11385066255
5647117063
10275179736
8882521616
11146413485
11581373198
10722643743
10398515890
6904505446
9899850765
11548323751
9076140930
10299047641
10615434834
7396293909
9558821136
8147018398
8347774180
6111811006
7554948378
7262391106
7095614440
6658170091
6422739577
5077611171
2651120046
7150526398
6542986914
6247763684
5929990025
6523804696
7028098450
6715493429
6136074612
5021151300
5580302163
4892458013
4277209983
4866042900
4370499049
4185091432
3601994704
3647313941
3499007466
2163545336
2932398772
1527573874
1961283949
1491094397
1712552905
1171709513
2096996921
1769063431
2018128883
2039498503
3364945407
3259887038
3510560788
3948697805
3915360443
3341687811
4413368195
4870947110
3819850685
4048877223
4338034708
2513134417
4047135790
3271563784
3675878588
3561716402
4309185907
5104822339
5721221115
5512182082
5337942845
7865638440
6670531116
6946442843
7948023959
7269109649
6266498125
8385466550
9070736696
8661528196
11744056269
11467759172
7591432593
7120336456
11872538236
9769237661
9659826432
9935583609
9806472536
9608271586
6366531108
11254635365
10111984520
8733380685
8959530656
9427429476
9398992042
11570337387
11293532488
13072569754
12618938654
9644422986
15089702021
10178495987
10975403835
13956405165
13054938374
11291699125
12017474774
13278058657
9019734295
14456670620
9968778611
14227154313
9582987497
14174221148
8682438119
8160316935
10881351171
12275744112
7076850257
12001189401
7061285269
7953413832
15182461353
9824405394
13773669905
17269212746
9715433722
11152099242
12135642588
13293463544
14146095259
12177432861
15864653043
12269308395
7994866313
11270548713
8481979234
15985755755
8540755687
9774414006
8550010995
7756082406
16428095799
10645753355
15917428476
10785658436
10845785037
11393225221
10459844964
13513154245
13300196749
6010624530
9840537845
8666628465
15004299667
10236515552
9546372255
10826056227
7736599124
13896851666
