11388307315
13638940313
13158546708
10892019210
12499125595
10497012828
7892373834
10760376201
14001518030
12750956880
5484107448
11495913307
10785580028
14267702267
7516172323
18439995619
12790987503
10280992858
12238770981
10531770067
13870154985
8173167107
15390704888
8058514434
13472895393
9539487119
13999406273
10649032743
10216074186
9230162933
13896476079
11920704599
10169988090
9162650245
8622121858
11427292487
13360164961
7421099208
11028302752
12377244610
11936293434
10852813614
12948076760
12073727826
18301871858
12366494065
12718857090
9075980489
8615030563
10917729408
12172461003
9128816486
12143535778
14859705211
7595135090
16325205924
13022302152
15496260701
13249875611
13085684361
13512762691
9337743429
12344855828
14584368705
13209913947
10506753904
15091635636
14483197672
11714989569
13758505278
12683360773
10635787533
11624451646
14328870469
15882522987
18070952041
16268086683
15206016299
13574946997
10147990913
15633841355
12833614678
3444479656
8584773709
11037836241
14040032531
16378595005
9314868587
14541403815
12565068684
10691770974
14553209003
10176991536
11909987782
17562215816
13050956337
12934495736
15705487159
13488095976
15126752622
15358849727
11210863418
9982130184
12364214440
14458310582
19206088352
4221070619
7950614511
7941889560
14492907694
11460826596
12914893819
11868426050
19029108287
14997369792
5175698665
6817858266
20229734124
9298451965
11579542085
12663533130
10489747720
16724893559
14120125122
12387363463
26086368467
11963508773
9793332189
18032813538
14363223082
12406153167
11473389593
14449319039
9048238287
7792868794
41004633373
13668034233
10107971045
12485496504
9409454063
12112230938
12494587746
14945535910
12679531878
10846082257
7437458316
8955451877
11231758504
8386172336
27501088312
5918141004
6425436182
17189194591
12584220624
14810630171
15765288460
32710728767
7738651643
10036114580
10608139159
13594148439
11869642991
10257283347
13258879461
11428906356
23163773729
12395642967
10135779961
23076101894
12857855505
12122379407
17872694163
20474441181
11825237971
23545572979
15753923270
12773387012
13141806551
10501064880
11665553896
14011251705
15528790744
16943500707
18094826661
8690418735
12269149400
16877175509
11597346800
11635038256
9590163102
13661577967
12733116333
6912327124
10258981291
9540830491
9864466481
6955861486
9994099829
10331256245
9279654090
9815746475
9820354439
9365786265
8804218932
8118906749
7794473711
7233239576
6717049793
6536649121
5929790228
5849996743
5503180794
3983411960
5118706376
4820505094
4498293008
4182508576
3891261512
3623102673
3369672500
3142216375
2929604216
2734051041
2565076640
2402883980
2196352984
2073293748
1941292163
1754100215
1689215264
1593440427
1498931906
1403558111
1322288681
1112220974
1159743812
1032317976
955830387
935719404
813329706
797819258
559259577
623107474
32924146
563763182
570029421
483123493
404943016
267977085
398082700
49082410
264174452
37226874
2020375
59446249
74601166
150466188
198790827
205072306
113683098
42681848
76635234
23389087
86894590
125763013
46889461
96703593
102209689
99250607
92625225
118937709
438887274
698357056
956757094
1612057899
2307247467
4849053268
4743002043
4702239646
4526468345
4483595819
6057889132
6136841140
8881559529
8768754095
8551233082
8387524619
7984673948
6300774951
7213253030
7021201200
8265819796
8709169962
8363022623
7617188670
5776859888
7292896642
8742571013
8777893549
10000099095
11213188572
8510640455
9994349702
9759669932
14822491048
13658413679
13369209886
13344395855
12174361471
11844990499
4608185114
13452874353
7092515810
8928697047
7001332924
12686634698
5648903702
8028172551
8148695371
11640500111
11039846895
16128778957
14290545236
11703668532
13790884431
15641516827
12637802401
17272036353
14468806778
11100670109
9421070078
8153598373
9460883239
12290024368
17694613537
11467232202
17050935766
15617385561
15960409563
14768458768
12117239231
11910148041
15332614170
18185713747
10935522237
12116829677
10860797615
9651021390
10889992153
6040663375
14486454900
10376746002
8290760509
13864436976
9545612190
13863819517
12389007496
12094821009
10759258015
10552208676
14085006199
13094064027
9483071127
11016639095
5347916055
