11753833090
11178898200
9423762607
11970151332
10958548382
13141436887
14700481581
10729636029
10371118868
10748914348
15152713788
13335029894
12671160244
8487631539
14300785909
17873469124
13002747889
11062133574
13704551452
12669370866
10095402457
5915985573
5462680087
11927417391
10494768345
19183003644
9872061898
12631622662
8331152974
7320387620
13181960878
10074232660
18892752275
20734825212
12736774063
8333607357
12805343024
14970946755
11736533558
13137073623
15096659355
15260709787
11378630657
13190789624
7302267962
9877696640
12754847766
10715077295
14329469384
12695067950
11162556149
12767131624
7376499010
9336712800
6243227051
7969951671
14466873299
9285363739
9505205134
14416445827
10509009797
14334442492
9914164279
15456401504
15492020120
11348327417
14147605571
7050785232
9300749425
9840523606
11492564415
7326157362
10896079086
15246943222
9725700404
11577404607
14291952293
13084613500
14211692280
9238143531
9339194814
17149771184
7663926530
11428384940
8816398854
17524642559
17239048824
11087231903
9921522946
9742608581
10761577668
12923250724
13106083298
10279632073
14714027709
7699088885
14369602363
8850220544
7520380985
14128726950
12294675663
13883450411
12327407348
16104870158
10320858241
14400074385
15314874342
20580003368
8131836274
11110091673
14207790722
12817223121
17021568578
20066169447
16947102770
11924154538
11071059763
20617982575
32794269711
11968789285
14586170185
8977587728
10080937420
6593490089
3748247591
13108035695
14715151967
11390639331
18156814427
14872258419
14464914442
14371459639
10656669569
10184578218
15668007721
26659845271
16165280974
11944750781
8580111630
38031192877
14982166185
12376082090
11713599658
11984115940
12956863720
10763513125
17561424145
8374029720
12753664971
17007907620
12728149568
34143244964
15854722499
10499735093
16485263104
17974082452
10600453906
16572517921
11177451257
27489427331
8744542296
14162285430
14590355668
15606938115
10724826148
21204783371
13608222269
21774957199
12316034021
26960328304
11574624075
12396576987
15781813844
13182436959
21033960470
16321970528
23164836564
10771189805
9011406876
13843604789
14036982934
10154730103
15355847684
6431037680
14874629949
11279534317
2219910756
9141603066
10296810852
11161170805
8241636019
10969628822
7650991520
9031234080
10692195854
10469759410
9973940102
10291294858
9770891417
8087747145
9048113892
7256658188
8519018789
8226080564
7821219996
7339868899
6032327567
5935042582
6296595323
5969420963
5621009076
5258225565
4940822577
4613659948
4275224553
4016399152
3732565494
3484827263
3240442307
3013586498
2784858524
2616441488
2433574338
2219215191
2148139916
1992906304
1860956824
1724264633
1621550240
1490110381
1391609998
1328741843
1162087377
1157621292
1110154602
1037134501
963015561
822046725
783390992
748848110
707404858
651812611
419615689
541646982
367254885
514451830
240680762
440226393
376684363
306578472
172206819
85747718
283288724
193888587
165525527
160100153
140351480
205248081
167624803
10667416
183428932
95793524
5803605
157066026
13914831
32235864
102328250
79995036
107951424
58125704
107084727
69712083
1265452487
1370371925
2615449349
3550785231
4366871229
5424443448
5475358937
5693390487
6617212014
6979720522
7089452733
10449776794
10266155794
8336923098
7282618582
9433506304
8964575878
8331509536
8295779889
8071054444
6768000266
5707168271
7361618478
8520060551
8889296352
8758450407
8783084470
8899526165
12222188940
9202417660
11733895229
10978865467
7287636892
14649273764
9606689467
10291976445
15070617031
11864438849
12266163940
14213826719
14691015952
9656470720
14328986854
8016850823
12957585710
7851022579
15309902767
8911869082
8710840646
11886537860
13253696227
8512778887
13669529455
6201203994
7905991820
14780800777
9579162339
12782246098
18429103636
9118273222
14365474031
14076418047
15256467067
16254712451
12058426027
13871173200
12700572825
7513832797
12078006968
10471302696
16254220175
7237766631
12100800481
8223195248
6678249161
17606729520
9628787130
17330847340
9707177512
11277581920
11510818170
11011523477
14785357359
15578709192
6339167369
11876874796
6910946868
16713100638
11803314734
8912453865
10544136935
5760350535
15808739590
