13324683897
14541513740
12554419456
14345486290
13977370262
14884011531
15083175367
12449786460
14776794744
11427474461
12491117514
13246794361
11102749657
12572093587
13438864458
13386161148
15182065156
14822951464
15202802290
13306496295
14098927844
15598495698
12509738211
14302869569
14784317032
13938566659
12407508118
15597525845
12539940249
14049615344
15203364709
14968358288
12815078751
15010662078
16585005982
11753852806
13572994017
14470919221
12029430383
16061231523
14994536637
13868410982
11909775766
15346379421
14957597608
15291692588
13985367386
12241524117
15065476425
14933676693
15334618089
15801550301
16045004914
14267952610
16709956374
14503921832
15183634981
12682138658
13302877416
15857017289
14191586967
11382184341
14834481343
13593574839
13614551640
12380310230
15616224357
13522547402
11223860379
12983467053
13413278173
13784761607
15614996534
13343315655
12882811542
14055483941
11778392426
14828131621
13874704577
13440466885
16406551046
13258341315
17005910153
14257456750
18495848222
15577395932
13966279335
14042095102
12710409368
12871002705
16121774605
15374474010
13857336159
12368986409
12297575296
14264697531
14007215334
15031292507
12996035469
12919585667
14115197829
16140636822
12429659845
12833739275
13145875247
11946043564
12724094368
13950670880
14371117244
15053553757
15241659672
16021174153
14120659464
12344078115
16180362205
13198336428
14875450200
13161583081
10712386247
13572859596
11996816193
12643842709
11890524929
14694368464
14971726857
12142746444
11260983465
14004543731
14018365662
14759406816
11859611900
12480802746
14278250095
13859775181
14086694538
12539284961
12272341271
12275737178
12666880413
13522421653
12174980132
12747345653
15471911118
12493866131
13069803740
13221107376
13733026901
14125019239
12120813093
13559791383
13351917842
12492113616
11788567715
12057368050
12751315292
13395484955
12344377567
11193686945
13416210796
12061641353
12980173713
12742820308
12654495797
13525741816
12202569248
12462134978
11675154504
10969949723
12132303871
12805060615
12482398114
11660558109
12135761021
10596671591
11687071051
13435931013
13886540336
13641006728
12870068559
13707920590
12385958050
11907672314
12404421707
12465568684
12065626787
11528141219
11622378290
11288119290
11346630945
11501112531
12642421967
13275922191
13245629805
12996472620
12901935337
12072441358
11777770441
11503665656
13640809949
11166692259
13137394348
12271359983
11734805922
12394419183
12337274569
12153178316
11239634690
12171289638
14244805287
12012591130
13091328443
11807666856
11184298525
11001696901
11810436162
11789005862
11688725118
11309931985
13336003862
11832357563
12329621454
12885022405
12508039428
10845945996
12648778534
12151117350
11475754638
11117661343
12142510727
12804716082
11518089298
13139630005
13778872547
14025529179
14213498590
14015660233
14952699449
13043514938
14374141655
12924321479
12409261259
11507926078
14034487910
13098344765
13085039412
11936155858
12126040973
14001538861
13410303613
12977469961
10251260387
13731080066
14126766621
14756803701
10972463747
12487482372
13050996129
13786454791
12965130060
13202121894
11748187611
11679550077
12938692430
10182351649
13854412141
14658157815
15699123824
14308279800
13683267116
12575494218
14352983754
15640166503
14555001721
14611481221
10766667732
13366099348
12389238647
13607578884
13570465402
14324815460
13955624826
13689033408
13360463371
12897903433
11603789936
12806606926
13532001044
13763029332
12590830443
13395494274
15611297465
14611717724
13669533356
13477068160
11608513705
13924519623
13722169133
13546420609
14535556364
14840136207
13265183373
14782173334
12176751351
15013242624
12843509869
12412235001
11741449040
10948085394
12562241150
13277707297
12362712589
14381454420
13929779036
14384665873
13698499969
15255251844
14674307238
16925822739
14730930777
15158697804
15518010930
13998865993
15213210986
13435735655
14425062987
15494376861
14198515310
15808511221
14437695312
11466708499
15787979112
13964893168
13634251654
14457948283
10819088499
15962925805
14400028591
13545833806
13938567070
15879307727
12059016531
13300448580
13935397011
12868483415
16073717842
13969861465
18592024717
13914277898
14092569734
14448508963
11972560753
12899662098
13813778002
12298799115
11750123680
13095447782
11813645141
11411172802
14627355923
14694155388
11169144441
14941301500
15569029765
14200090903
12519077177
