10983082517
11039712326
9412019696
12365822666
11628328550
13218733114
14558797590
10941307657
10328362415
10875222273
15352271453
13456484071
12816253612
8439910861
14036064227
17349786047
13159007843
10789685366
13794980565
12707552137
10592626376
5712236602
5592434472
12432086340
11028037007
19623554987
9693781683
11934815097
8797553913
7923808721
12483103578
9952032083
18578414035
21146980398
13214121700
8315749114
12544277141
14547666585
11366213923
12893388430
15005177703
14884658526
10268917749
13379816022
6837475815
10664928176
12475950243
10356435322
14659386654
12505764125
11588812252
12319851991
7518841111
9200782360
6263465210
7891606700
14186722440
8642534584
9674571359
14296424910
10063797991
13795414556
10196283826
15177528719
16294423345
11590707972
13760518101
7595515888
8977698410
10226536948
11272483112
7910315556
10781277464
15369019469
9516310338
11963994814
14323535909
13290845661
14403821840
9140192179
8993064850
17670405133
8142678015
11678913621
9032296688
17583495065
17175034692
11222444747
9798525275
10113402725
10931979236
12983562183
12989062533
10630476927
15052919679
7939477254
14835683699
8628826824
7959870018
14357538319
12687207450
14028389207
11851463156
16177823465
9847129202
14472438746
14163845523
20001186965
7375737218
10919154215
14580665046
12555752931
16669172254
20396741728
16518482937
12255172752
11168439588
20008805982
29590735711
11664259989
14699165237
9020667149
9621733400
7341346497
3633230193
13554392780
15015637906
10824023285
18163009760
14187496271
14243309187
14518587487
10287323573
9636984654
15402648991
24255446701
16345492347
11767182691
8694988541
35470933619
15467901062
12184251679
11594844883
11667706091
12555579209
10280677678
17814051684
8651990095
13130439361
16866820498
12318872447
31388750506
15554053176
11338709906
16305576830
17876533759
10484608304
16339949593
11055686341
24951006785
8850727863
14036273308
14307204843
15505096820
10647062630
19606612716
14055696432
20597137177
11923488433
24943086118
11775156504
12417706716
15630664053
12984829316
20424892722
16393466352
22393698160
10275172510
9106092905
14387529085
14112747293
10017096909
15561374226
6555060401
15301964243
11717539912
2454329697
9861519477
9951814572
11910709934
8819724088
12162384118
7481315341
9378342787
11030629906
11048155278
9974189143
11151404345
10906440326
7749223766
10326124609
7233313457
10246337842
9699033845
8968675840
8535230487
5974961350
6499192797
8711761543
8963404222
8400456326
7912290259
7382183791
6923907791
6395113969
5927099830
5594110971
5246191299
4822063773
4432927678
4016822791
3948710734
3674993796
2502367084
3082165609
2919574469
2791517936
2576681068
2405919982
2246715288
2083459380
1965291717
1806207759
1639399232
1662980743
1537437340
1352363598
1361846853
1235596805
873115732
685821034
937455415
921377698
814957055
610159884
621341760
435058023
688000333
520812514
487357335
371636188
481786001
431268119
325829589
313015901
278368456
376606368
351258348
264568324
43266685
221902636
217060184
281496960
368097974
342265751
335487000
315139990
190493694
288732703
346870003
252270989
2036771256
3175249066
3458612338
4016722018
5119278512
5390091695
6074450406
6667588881
6622454010
7530058142
7865918779
7690347241
11234210098
11096641954
8054620121
6818339578
10297241356
9737070822
9027475360
8499243634
8533720874
7088256528
5388784646
7958620698
8986181516
9617830992
8725519226
8938223087
9455659625
12972437451
8706178813
12076138492
10667125768
7001656068
14642599732
9768236383
11314966229
15133830480
12168918628
12249140001
14067694114
14680186217
9317206523
14389516238
8816951414
13619754943
8073796194
15177740928
8979331223
8661284879
11461026149
13729709924
8352861960
13597760941
6450638808
7518696796
14603597498
10471386926
12923208390
18336035582
9142268842
14218104395
14158895901
15131803687
16195244997
11495974761
14027893182
13266550697
7603406502
11698061924
10412178120
16328779035
7204904932
11995418945
7878918811
6779425118
17397979969
8891800098
16883543670
10476755577
11196800569
10964169706
10622295879
15230266903
15145165054
6768682729
11363205501
6700566101
16807952571
11695102684
8842757730
11091276705
5664696747
15736192351
