11430593110
13670820147
13204128744
10970188908
12533525689
10522086387
7788968578
10680138485
14080629397
12782722058
5521213136
11452697669
10936820656
14202024691
7589384675
18354530921
12626563670
10229515329
12176705854
10525587373
13957698362
8111964003
15463608279
8181303902
13556204763
9585483800
13872261392
10636536384
10214879579
9268691630
13765255003
11957168565
10206405003
9155591974
8629244635
11457711963
13366941715
7557191766
11085798775
12309930676
11906663468
10885556886
13039407922
12074503737
18226421675
12315895543
12770512405
9009837735
8648019300
10798213358
12320856439
9116288738
12090464307
14835059005
7690935543
16402778371
13079160070
15568240624
13234271417
12862946097
13384675565
9353984670
12298893933
14623940860
13209445656
10528159292
15164425012
14486667234
11721117571
13720712414
12769696525
10644036401
11692757669
14275592210
15687076547
18204740074
16258696402
15177110895
13497335284
10226669561
15655343488
12901477056
3596068328
8547105845
11093405248
13947917688
16472560023
9166167225
14465247549
12533447380
10728184558
14571960590
10234722872
11711703223
17532118049
13116242593
12857239348
15883737045
13604667479
15143475548
15287558529
11299014822
10132535370
12388520855
14344572418
19064064851
4209764893
8049589934
7857289903
14481697015
11401733233
13057150607
11815619751
18944437538
14949994849
5176331783
6819366690
20019546939
9344185427
11625242496
12610951881
10510666568
16850637976
14224311577
12487065902
25759923440
12075657789
9946281529
18068493416
14349050489
12334499859
11505398107
14322598797
9046538751
7883206119
40599526515
13527374868
10029602323
12570288250
9554498248
11954529916
12474352117
14946900116
12706766552
10747617713
7558365184
9141996574
11293616877
8329542385
27391331953
5854002349
6416910843
17247904833
12635944625
14685914122
15751367081
32117707325
7836475524
9953767862
10595245647
13666308680
11867814629
10245672040
13237269895
11383731489
22856638393
12239593102
10178607952
22929246855
12862607183
12042538319
17819710069
20361170694
11870829479
23471283356
15594258305
12919299677
13192092413
10381217621
11647927123
13947781639
15572980570
17010877498
18164180148
8656164703
12231900460
17041382537
11598153698
11556067718
9649014356
13804563697
13024361403
6913029545
10393212717
9625921120
9935248026
7091389946
10093756999
10349760300
9346949585
9880249333
9966049798
9384127811
8856195164
8081771663
7818077835
7360960536
6921952546
6634863512
5819839801
5959196600
5549259964
3937477509
5470711124
5168053911
4809055694
4469748782
4181237881
3868051324
3598715860
3353522269
3106903678
2916018685
2750137320
2557808040
2391213253
2199914416
2059827058
1902703719
1817974716
1696410409
1604093227
1431974527
1401463267
1179708481
1231912924
1155489489
1038513451
994511254
836584162
813855515
559390231
613564046
156473812
564538325
577944509
576355172
361930605
355021772
322390615
176672320
141042693
71531889
43207731
25568194
198122280
29936689
233324644
264924699
211979183
78802003
40083382
29567717
79717110
139200151
167905676
119420699
101596080
92338872
35539598
148160309
673466595
916957313
1078651529
1919531265
2363832055
4983900894
4789668436
4822797143
4531325419
4516765946
6116965019
6205132145
8944374073
8929506586
8377772045
8435828101
8099033275
6394483165
7191728085
7049580750
8435679262
8933404448
8448616678
7487941018
5786682669
7385171451
8837494055
8832094709
9984319316
11281569830
8620984184
9991562984
9608478454
14844431971
13714598180
13401057070
13196757287
12157877355
11971462527
4614710136
13488375375
7180865097
8937949769
6944951589
12673526616
5720241590
8050689795
8095651134
11698158213
10941739093
16152708689
14229186668
11636870862
13900211071
15755416131
12652587000
17320082936
14352545231
10925392495
9587538916
8166494576
9438289853
12157441894
17560257822
11531539345
17150581116
15682042208
16029456711
14699546944
12221051832
11818175468
15464614527
18264710371
10941153379
12095375480
10814696725
9631865845
10926052713
6014964677
14614567527
10451025965
8231544980
13797501330
9471127192
13891809406
12270405877
12046335405
10727403503
10563266327
14103680729
12921856234
9570017162
10895370604
5399668704
