16643433331
8426801988
15692912361
8576589966
16604698008
21790364141
17502461312
14736707455
7589105841
9849002878
15285550237
1791902698
-1527438550
17833388093
7948270632
12334708913
18702357368
17500520636
23612359073
19788846585
15639954285
18542201157
9283554001
19752946035
13715722172
12260440372
2322279382
-7854748995
15236976402
9361130799
15634727433
7132017605
11797349811
13163260660
23098017549
3833674691
16612592387
21449576876
16337432798
13454963961
18037995367
-6167578901
18630564547
16376277191
21729363893
17803766463
5759309052
16616649878
14152994242
23247964159
3689710458
16710004229
7963721996
31518695495
16090248896
12381490157
18900373185
9191851551
14067777091
12409613901
14903692485
20969211068
17257059431
21018121738
20205874289
27250701292
7292942206
2881289635
13673983916
23755699043
-5135173529
13715507868
11705728977
13994326684
326836201
-3040566276
15844396134
11118797799
7686499220
16589368357
12842529392
17081656823
10610055127
19702074505
22540160884
21079353575
10234144304
19889068449
19835098691
5436459795
15253402033
16167951492
10633953720
7710037488
2826253380
20909344962
14789002031
18715160331
21248022739
7700438206
22651860265
16507146892
12584243907
14219451569
13195958362
17399918525
12292857081
17758903516
26415832001
27696247254
16074777448
10450916920
20553313654
8983474759
15374764039
35082420921
75555194163
19051630060
3883947647
22298866821
24386411235
9871876783
3164420699
15632904815
25717417277
14995596667
11363145291
17988522867
14427757692
6853019325
11419389769
16639601323
17512489742
76031721909
9862726825
15804590653
26564839440
7224879517
11951564592
15335930359
13775113569
13185290530
85464269495
10162699690
19489370696
23752728662
6081452697
19544944250
461165344
17649746026
9287117962
14890194233
435199508
12140233643
30879361029
7904514899
16560201804
13467623927
15229329881
14705717300
61783257310
17971190829
16892422653
19139322926
12648398375
21417998626
80218002281
6966003678
9888584955
12192364818
9555874736
11863744113
80352693
7710389626
9522597699
78380062460
1360104
10700683113
4616915789
4211959049
20303406264
10989009618
7954662352
18123635059
9520183054
8087587735
6855895005
24146491955
10207326615
11835450548
5875619449
6830302936
3066749848
7513362849
31722388622
19505617088
5530157456
-3592973718
34419041505
9321791923
17633777597
6096419851
6340633479
28622607236
8177800365
1214981891
16153299600
17647106985
15662564488
13998664129
2669533872
17190893911
9817776289
4771544868
12947730889
16289699791
4266195676
6384196792
5180283620
4153004394
5989986350
8299195918
7584707541
8063931751
11328627998
5489932118
14176516836
1201139212
9340654915
-6089359888
-5993510454
7078349448
3464481728
6923052009
19458122209
1085161749
1284129004
8390168955
5916887735
2873248110
13128332662
-8037995430
307238451
6885929043
10672678715
-8754445757
-6479214376
11587969767
58107054
1652961294
-14756117995
12083352220
4351265357
5437796189
3693351425
9169021545
18611512764
8445048399
3022359711
5468502262
953162354
214511747
796490503
3821494711
-2305267705
10996717353
2260885070
13643337178
-364452460
6365955165
10184241972
13492680732
11492412576
2341190465
7570374457
11771147228
5321955188
6726164498
17850487553
-1785872306
10509320555
8436922822
698826675
7639095996
11329304918
22564782726
21487143606
14135065959
5768208725
5631359588
2059546912
8426501500
3373553778
17974244384
1635531980
18007080049
19991900603
4298312630
22189778895
22418241805
28514398109
11518231414
12757484042
7208293533
16411769648
15047648265
11823401068
-2804977164
19556723899
-3573487622
7666319457
26056166093
22013115545
14275985645
18768927051
10434816254
17805522636
7643726582
15353363588
1291230387
14127439929
31445590019
11801422474
15749258248
10347149979
9365312287
8579223865
-3076443165
6782855829
23302853224
11270812505
23793674207
7217064771
24744079893
10899383385
14766568946
15592349664
21710500551
21488808401
13574451425
16396068877
10150811564
2556321728
11447411239
13939294749
5940821798
23554976254
14185309397
14341016127
31452327822
14799553705
16317521651
17923408950
13222942645
18276926285
2116106043
18124799864
12143551515
27237653175
9315467116
19176244145
15484125134
26494337281
13676098058
1374170644
