11242190396
11143528538
9602889717
12300653629
11415752035
12859315641
14520750259
10924666527
10213460948
10951960647
15374911388
13165615121
12691654594
8437376790
14134502784
17587261348
13173188258
10669624062
13349215366
12609968669
10450301162
5956686532
5594116858
12278447458
10974825052
19590564950
9519889113
12206736220
8832164405
7936128320
12660429613
10199772392
19004264195
20874741351
13253576909
8541613601
12768971651
14592654756
11519447611
12952420621
14954248523
14858093131
10745403160
13510454857
6816947492
10535962414
12566670120
10158446052
14465120055
12534039084
11574591493
12394326104
7813393738
9124826838
6352595982
7953013461
14316021692
8829674117
9393825414
14336938863
10260139117
13721063195
10219527506
15354740974
16184542019
11638755455
13955014947
7387130483
8969504455
10320620012
11207359095
7946410884
10913840517
15126809668
9701331200
11963058388
14152978797
13343630813
14077400757
9367937692
9217066148
17654558403
7715643756
11567803036
8939513162
17442732549
17219007144
11122465335
9799000927
10113142116
10858850493
13107215725
13141911870
10456536693
14961072135
8021215888
14813405188
8761646916
7977161769
14293669910
12697816319
14103062127
12164511467
16360691458
9924939297
14473574926
14594103076
20300265997
7668015658
10862069027
14495368843
12770825504
16985018098
20114861490
16543631583
12235192115
11167771206
20367233328
30338490228
11963629034
14620649471
8875077343
9764410439
7197634997
3726043496
13362058840
14598884858
10567898054
18266554407
14347601292
14124741838
14296613914
10597222063
9718103999
15409040174
24796692462
16112942172
11791953892
9048738442
35971101402
15380574956
12083138318
11696732304
11715502790
12642475766
10323884383
17414671340
8711294238
13255831593
16838043354
12482124154
31942713865
15809812093
11048882874
16265713213
17958479937
10650928816
16289908108
11414426940
25647891163
8799481810
14204733625
14462061452
15390754678
10701041759
19999396558
14050421337
20634837813
11984014496
25480654906
11904500214
12226613464
15796897646
12931647645
20480154548
16290326700
22450176695
10301157255
8997419197
14274824758
14081727769
10290378293
15793476301
6628523311
15036344022
11585899558
2135614559
9730913853
9997415412
11922082750
8630078727
11483535105
7377876542
9142000066
10896237358
10677944337
9953896767
11192796760
10768199612
8139107603
10114935048
7066287898
10094993573
9422036343
8883335758
8363172216
5825520650
6403518946
8502315852
8349103097
7857958253
7399442313
6893322781
6458605675
6019526239
5646146877
5246311052
4839861702
4480098798
4224201485
3917495877
3651619233
3420356986
2311695259
2999944665
2716795651
2591970459
2393557363
2112274707
1928583481
1945650756
1884202339
1476874410
1643956144
1348979969
1393134306
1353817380
1230600430
1095537499
796744834
615111974
737832593
750703614
757677500
620241445
578944169
247303500
487291145
421464107
487131242
222487166
367655469
413788170
407074009
401279762
331267493
230460308
159019369
277822377
54619690
247971592
232499252
227583464
167369224
54056640
73458652
85481896
172782699
106042217
56119372
80046689
1633297156
2958563833
3181447996
3765398765
4915478742
5297753282
5962446701
6608070965
6460440184
7458310272
7693183178
7598273242
11055910254
10995696641
8064644507
6892052148
10293218225
9304893210
8633142841
8908678942
8461880363
7095909628
5362908230
8013154763
8991048820
9311886537
8479960588
8917809313
9538055142
12787510217
9095315719
11946378910
10448021540
7091957460
14841924169
9663951905
10782653450
15350032100
12009201106
12474150167
13925452774
14760390316
9486914483
14426694935
8699688807
13689310424
8239670372
15197579999
8934416028
8619686638
11553762885
13648284819
8482880358
14035657245
6455550486
7483158723
14963515193
10087425016
12676439432
18330557034
8907824505
14232029807
14311615499
15214027383
16321205199
11412584820
14044396513
13119306844
7660057179
11817688324
10451659441
16321423645
7213678801
11767647051
7709139927
6561000836
17322022885
9208761677
17093283948
10296746031
11087338809
11143111405
10995815731
15096975955
15424940958
6914994803
11626923899
6742392968
17106401119
11667571214
9093868726
11310849093
5603209277
15597886150
