11771635136
13726302994
13245808386
10907585903
12264280193
10583921861
7663044902
10836682605
14123731979
13031618823
5159080461
11027088456
11240938595
14328123289
7227736087
18515283470
12643188050
9968328780
11982635932
10522979173
13950625488
8287621355
15072665326
8292946607
13090915170
9836868516
14099739171
10414525771
10109277271
9031001711
13096703363
12159301599
10690219025
9467449309
8405030706
11600542736
13535522515
7702676282
11365072731
12530574070
12031542172
10913563960
13298346996
11983152505
18150063445
12281109875
12954881623
9177365490
8583481958
10852452105
12254897744
9275924636
12199759795
14649323881
7583801772
17094119452
12948664039
15139068027
13081321961
12800667400
13185612969
9272220704
12504670214
14421424469
13376907076
11035368543
15432680104
14509676662
11892701190
13759200768
12356538256
10532317197
11771893538
14621748945
15608982588
17926555253
16020030056
14736592061
13757725725
10311641594
15911436693
13058288338
3945786992
8402671236
11039585725
13987485999
16080443243
8942848128
14613813232
12567538086
10511700309
14325725775
10313375557
11504038721
17400055638
13013366741
12699255697
15613697251
13641822648
15264792749
15266027130
11082242697
9967284059
11798151897
14448448755
18758808772
4552192610
8343894529
8195344649
14300764589
11535657814
13355535248
11632560886
18970420225
14558690232
4900863615
6451575257
19368980400
9809109901
11694356421
12694835644
10696768510
16571722290
13921997727
12776258994
24118485026
12631267904
9541859057
18071705803
14597605353
12057619504
11391807524
13883986346
8883502955
8277250725
38470494095
13234587479
10300476702
12894091432
10093711440
11938951973
12200289765
15066070948
12932720049
10878253547
7570539603
9396859258
11051257083
8161228199
26231211441
5888020289
6418768261
16883235944
12717071240
14462507277
16026735934
29951927754
7957398254
10209076166
10681688500
13432428620
12251326433
10564518107
13152262036
11092097263
21783799578
12099210243
9948261529
21722102442
12541139937
11990627043
18071806739
19874560818
12120792005
22682353922
15693123747
12928135276
13395529899
10525041268
11669753403
13851467148
15028062717
16579132097
18309369170
9358392872
11994968951
17224359093
12207231250
11755088472
9944405069
14370517886
13382717290
6438984562
10432453411
9733069020
9828218153
7242611967
10256103539
10897999263
9082975369
10410291626
10631188264
10044739772
9429857445
8112674893
8526907075
7139780650
7366621809
7194206788
6340600190
6636689827
6643912233
4052872225
6556275199
6186092594
5960181196
5625396422
5419469172
5248191296
4921420026
4854723616
4502627681
4217519763
3959104676
3689079789
3467084591
3196721043
2967823525
2813298240
2547093102
2490526097
2343883529
2152937155
2087028951
1932887244
1786989226
1658449020
1524066212
1141322977
1314320571
1207214106
1049812247
1012586004
606183302
776793702
909305453
139227972
775631332
691851776
530562473
515956158
16156376
560774982
369881736
286346945
418576578
357192043
300243464
242658822
306425817
242366788
346365875
334396715
281342840
835944832
803965058
988316646
1065256813
1037269276
1208261078
1354559766
1915427581
2026443626
2371649494
3143973157
3075987464
5523989614
5476500785
5310965600
5286335943
5580548819
6142597604
6624885396
9499569419
9394843943
8249515541
8535858690
8329234334
6328689932
7585648019
7368870492
9382092492
9397071377
9070186337
7504892554
6371982677
7882986011
8685337015
8858638316
9839403011
11513896872
8769440804
9794492853
9624295086
15089594383
13781447947
13072657060
13565832056
11754625916
11890454020
4874326363
13566515373
7354553762
8877890897
6867713074
13218574861
5770475247
8263007055
8198421137
11403821042
11015397486
15827739832
14785886253
11361196635
14144361382
16114725425
12491672053
17813223434
14100504817
11141263403
9488603595
8105255791
9732180176
12371761540
18009673955
11649501007
17061438902
16042213471
15953422969
14582294877
12090562958
11839830845
15254183039
18145197607
10667304860
12418168352
10810978979
9812833023
11078956744
6322326263
14746915722
10447867163
8398919770
14079476776
9393814985
14244375160
12066827332
12341343246
10846944553
10543807755
14206673224
13181443647
9735724992
11031756758
5110101196
