11752178639
13712155553
13113737316
10840605854
12432294922
10546903432
7657114094
10929689062
13940217347
12920802363
5101176229
11088237667
11180366370
14319024236
7292552508
18568591188
12652604861
10024046459
12147711572
10639372831
14034068831
8203026505
15300567223
8144440705
13344439377
9764113661
13988133246
10697644349
10087315238
9097590684
13532808580
12066534177
10566710840
9072850717
8621860715
11495546455
13472780487
7639069920
11104775807
12108863154
11855134021
10873115712
12986315051
11890704230
18318930551
12436967559
12843046242
9027407632
8671722894
10853798584
12347040199
9236221625
12336164623
14738444348
7460133787
16872252795
13172861258
15308805693
13145832501
12876428040
13364247121
9402495149
12206700470
14639422723
13409547514
10903560498
15393453232
14503295182
11956548413
13802002720
12464499906
10575267585
11932194703
14448094318
15701222898
17997358217
16181209910
14986128161
13882059872
10177559054
15858190668
13061285533
3713919830
8565901342
11176812589
13858563957
16328593286
8884858340
14642548932
12571922668
10562283471
14698233671
10150852686
11538501453
17545195755
13250258622
12971425272
15546905744
13441275593
15324541141
15468404521
11112274125
10114908859
11835554305
14368801182
18884502015
4424402657
8355582254
8196774769
14344250412
11245757455
12838851367
12014195291
19018305556
14487163448
4848752609
6551050526
19694463074
9632168953
11660716933
12855022017
10610222012
16918015170
14027685347
12704115470
24671249652
12345248631
9745211427
18183003293
14421963375
12198795964
11459661938
14129870023
9034925835
8100680756
39009048276
13247657814
10251446619
12734566378
9947071313
11724288913
12442505626
15027670202
12708063967
10959322685
7635185186
9180879239
11131008822
8333798475
26579581090
5951202606
6347842741
16960161022
12752920752
14524124447
15681911982
30539585465
7947602832
10213691414
10580155684
13450666152
12164435308
10361101277
13093805853
11265485291
22254471363
12175283382
9979532519
22100705970
12531289595
12218955223
18114893946
19945761471
12112353775
23102123810
15757007499
12959146298
13219906306
10506374184
11732414070
13993107918
15310234669
16783565077
18228451293
9043783017
12332387166
16962690654
11780704490
11364250714
9804092316
14125993901
13158706723
6782086545
10447733275
9649493894
10056942231
7373608191
10262871013
10723727283
9112231976
10274212223
10538548292
9953732622
9520258195
8192047552
8389213506
7332006316
7227247540
6932945506
6372820552
6601952326
6424623803
4108219052
6396629260
6200938503
5856991585
5580993913
5237970996
4971439071
4627591538
4318127344
4000178612
3762908391
3516588245
3276565788
3063682950
2748929784
2660250975
2486534673
2309181412
2169878249
2033390637
1872513941
1771195103
1543100929
1543442736
1348986158
1253274737
1249503679
1157520800
936994906
896468964
716318756
463426672
792665550
708350006
569968640
572134141
576998603
590853271
502483519
13963907
235257521
192250129
367729003
397714361
218874928
32673671
345485685
223936193
198120338
89044001
268386744
459516343
535914346
517410464
632001857
720334798
743947644
1149167044
1212091406
1630931590
1629757972
1988962509
2759555076
2862167020
5429274277
5370923991
5105073710
5132557770
5110778790
6158983079
6363835309
9472702432
9317738844
8326233471
8547825250
8308556630
6667976017
7397567763
7389406004
9268893415
9020029979
9007947253
7463251581
6199328196
7625236987
8542279868
8778684897
10201455388
11321408100
8603799555
10039897802
9607078920
15018388559
13845248293
13353707410
13385686519
11959781249
11638870622
4935068209
13428204050
7136648010
9026171524
6804600670
13055387594
5809542336
8136918187
8078629196
11447740542
11240961691
16174961826
14529923962
11539682370
14085387092
16012591710
12655538201
17590106845
14228419508
10933987223
9578919642
8187503158
9646621482
12252626680
17828188768
11553355604
17084779101
15950492256
15871885553
14563737919
12030585484
12017369517
15380393218
18246442588
10942278452
12399717255
10550253849
9809364911
11273900875
6177285802
14693350794
10392759448
8405305451
13766676893
9287768323
14002597059
12032636123
12363767416
10874833205
10685840793
14064543458
13115517307
9461478648
11111205790
5151982808
