11093123256
11511542616
8082835480
12553922945
12186316675
12648593198
14353931740
12608964995
10097110976
12048451202
16573508081
12371023599
13128718227
8392146116
13951595023
17438662111
12632156929
12143687093
14338008247
12849512858
11908873076
7877961907
4452011307
13106762727
10402749023
21847289424
12744471792
10665583387
11010050119
8405694936
13514412012
8365124778
17626733957
18803824823
11160824418
9972694252
11794585921
15233845442
9587103594
13380893114
15251382168
14247996052
10881527665
12177528128
7055029639
8368454574
12102126967
10434113384
12465470915
11830397249
12086902414
13603223479
8883415751
10625718296
7891263557
10274479573
15615343335
7226885996
9265339060
13704158134
8414305072
15833413750
10410269242
16023696813
17124808034
13034408968
12965489388
10877494998
9962312084
11116071618
11108515261
6875095040
10662642864
16722169076
10991185361
11695777383
14977213157
12943457051
15025350165
9232737981
10194061527
18332917301
7043283206
12531809259
9521795703
14456495562
16320694965
11727481082
9293863207
10882502853
11608717471
14078698795
12959702034
10423074382
14890088839
9897290234
15108436840
9263949635
7783686371
14768051093
11914737101
15229015031
12582480894
15657570277
11234382955
13671921960
13373510694
18895911733
10150550918
11157598186
16764134337
12769278609
16657578599
18235356196
17145178801
13051540360
11142377518
19156072806
23504927668
10992842128
11308377875
9356419951
8778904515
9083615194
5639155675
13852190218
14642086934
10391248803
20304148218
14103621740
13622210254
17109524031
10703674653
10533462425
13319760660
21260373137
16061396850
12897169603
10439955104
28182610132
14283985049
11517688734
11589887668
12188267643
11103276067
11143421043
17990125934
8082197948
12068805475
14840247634
13290579434
28760292365
14739184766
12019958386
15288369021
16303011028
10542311673
17643752389
10250160670
20973487837
8170010742
13790246259
13148958391
13638828848
12061533135
18684835084
13576304259
17463655515
10310302012
21225876714
12395438825
12029656895
14069929752
13251025400
20151818394
14986296538
20917980542
8794143324
10249139538
13817132281
13844133340
9158999923
16235162296
8320554552
12544193759
12021034712
2842839300
7620989801
11742314602
13404968293
8458716337
10835778187
7044682970
9416034981
10271664633
11021650834
12054034645
11573737642
10813935781
6065179380
10176450048
7746379256
11375967716
10788436226
9967741578
9869558923
6448193861
7987554584
10227728426
9861697580
9661350814
9421948765
7587326671
9089352348
6292281307
7308244941
6387288571
6951819773
6339827992
5930374508
5958663180
5326955709
3576612279
2742194992
5833550718
7485875429
6297651628
6091136369
6032060682
6233895057
5730659872
5061632441
5220675189
5200700696
4415611192
3287430695
4193310785
2944869443
3404790360
3294447824
2429632791
2644154973
2636475860
2604828636
1654353602
1736475611
2204677137
1666530622
1782335232
1018958803
2200537850
2459182118
2494317306
2366264001
1978284180
2691897280
2792821589
3406662286
3235066761
3274687088
3379168411
2947622882
3245572893
3525861378
3454516795
3618578222
3118970346
3376174654
2998863235
3093480622
2668094972
4828101819
5374561427
5658323343
6431399107
7177778074
7490908208
7595131429
6390468957
5434119316
8937021910
9583594386
9768054735
10552660365
11401097163
7437360949
5822338157
11273012911
9138457719
9580027273
9096508458
8868762572
9612778499
5387834432
10646453176
10114654661
8853874274
8703636420
9404246199
9715490280
12141220894
9969853271
12521983871
11414238897
8042881341
15232691410
10420473899
9812696717
14209288379
12632709910
11465824543
12737942491
14427281755
9395587220
13466110866
9712405630
14090003625
9108298123
13409175172
9537056408
7957578396
10452348189
13039942897
8083165394
12837894017
7169851470
7496043269
16101424423
8641294501
14633825968
18480567950
10602115518
12556878991
13308113139
13942035155
14288921222
13002368192
14280726382
12464924298
8291937633
11443912473
9740936947
15370885353
8671124243
11707439646
8461779276
8436528768
17197098824
10266002297
15211175871
11457188374
11084516861
11524119269
10573557449
14733695344
13604113504
6114340402
9778903236
6799749488
15181734024
10257622908
8685735567
10414663941
6187736732
14546146374
