11784849813
10996059120
9455193155
11933092949
10967196312
13272032122
14698193115
10697824498
10461691577
10810502572
15212614260
13314868351
12650589175
8454069649
14327567293
17932841005
13020435783
11011321223
13787939779
12746000474
10078111395
5827216050
5419567635
11887797515
10511325640
19261517953
9770006573
12648714349
8215123312
7448577592
13129865445
10183619072
18959032348
20814985344
12700463709
8446759304
12909504667
14938861469
11734770093
13080125259
15239164634
15264911143
11329139626
13324502136
7220117827
9916713000
12778756689
10675926580
14441352141
12679059853
11110121477
12755566924
7388672259
9209359167
6310806586
8032769426
14502689763
9226026265
9387171482
14427996326
10468517496
14284578180
9909169148
15437744662
15524559617
11379540959
14317563581
7149402381
9283123867
9970764338
11399014854
7320489354
11056269003
15409221051
9801524427
11589508592
14325632791
12998256730
14193587226
9358469555
9435653013
17198232436
7610404052
11505361963
8946843795
17503527444
17129290831
11250532475
9886703351
9763659297
10698056842
12909814919
13112840921
10282854804
14809662017
7749665490
14480774165
8767263028
7508761112
14148473126
12336906038
13960877558
12222302989
16162443071
10177671380
14484039115
15295876536
20463016605
8161092065
11210977779
14177132845
12829473463
17040441252
19971394888
16964795371
12045722413
11103273925
20423539488
32197525814
12117593643
14551145640
8912846602
9997281008
6759854488
3583619501
13129195131
14766054814
11254355396
18168550005
14840515223
14468030446
14432852980
10668456651
10087038425
15724990939
26152914163
16111527876
11844470056
8703881607
37586087358
15061306947
12489641078
11683765156
11907186172
12948736933
10879912788
17715193806
8291410557
12750844834
17052599178
12694115547
33494007911
15860678199
10468646481
16505893635
17875012126
10480289454
16717165870
11116063021
27112139783
8709001909
14077275570
14580378145
15635310121
10640814705
20872977378
13703566506
21439374087
12241096099
26609601129
11569716861
12405721136
15755401913
13134811673
20795564609
16352212195
23080084228
10700306630
8969774499
13935932856
14067179476
10134416459
15400153180
6533295300
14913693445
11389872523
2226110126
9138175694
10278692793
11249252353
8292405624
11082469144
7563493842
8963926858
10846853485
10425007375
10007989843
10550681671
9864623092
8021231757
9276081486
7189175733
8751014274
8536801765
8064337767
7576926132
5910719312
5911211507
6967323571
6587843318
6201822090
5821686002
5452835487
5099660876
4756001075
4441056048
4118302515
3847116114
3562204431
3320015120
3101690028
2893916128
2697208973
2491796169
2143463411
2122267456
2050724786
1843955399
1717672366
1675833458
1574244832
1464805947
1199290442
1279197048
1063434344
1137533598
1062149747
984377484
846733239
864472410
750432980
743458372
360715273
626400562
465576238
524539776
272794333
431604342
174957299
337822734
202410359
160348916
298295246
226556706
246384994
194658512
221798164
229538956
184861624
102953889
171273015
130948781
70605883
119621067
43559539
98566741
27964343
142264217
135386656
47405367
86507950
165798583
1663620087
1824897055
3088717520
3810324426
4570672885
5468770716
5613426414
5859263430
6822053658
7158071576
7165918048
10668600034
10527395756
8344121863
7391498491
9635841007
9081546810
8402755727
8416863772
8180466658
6777531470
5641183161
7543481781
8547796972
9059539722
8665095375
8756620107
8985212350
12327544000
9168333309
11878605209
11027242924
7258045302
14612142610
9600365672
10318902984
15168226383
11892596918
12368609909
14302333711
14705077622
9771701925
14336288836
8177362994
12958589165
7882613380
15188212793
9102537646
8651500029
11840941502
13271187321
8376194976
13770572254
6247526173
7828810540
14713315525
9582278575
12754667128
18400480042
9083627817
14382517253
14112851875
15267016250
16201135404
12051429141
13909669061
12575952572
7645487953
12061320189
10623829443
16260562513
7280862276
12129007572
8276632512
6572951215
17537313654
9583645531
17339380764
9765487372
11256700269
11591664521
11080856313
14942420027
15583008943
6351587865
11818650007
6888084910
16835500709
11737595927
8749081218
10640864952
5700122963
15790126051
