11834147090
13769215086
13139161791
10877870569
12281354829
10608920297
7780677133
10674117919
14117748316
13016090698
5130750560
10920680763
11214153941
14336597872
7076424357
18416794423
12578096088
10109860663
12048561946
10516790387
13997866755
8337395224
15057591408
8106960074
13163541886
9905912226
14193456900
10533629225
9998567049
8942616323
13151993088
12118906561
10852708530
9429764539
8452379552
11594341366
13477894840
7656491767
11201698593
12413811036
12112437890
10812627458
13355823499
12014659717
18247160073
12287469743
12962418166
9146069534
8548301420
10928862858
12301083447
9309417935
12178345809
14717245139
7536300646
16959707459
12900596059
15192467127
13098211381
13013463453
13139171976
9396137391
12345254485
14608099519
13361927290
10931555527
15416901042
14564233701
11927995921
13779641573
12333703491
10543406904
11833396593
14693055461
15644797604
17856970033
16035526604
14945637344
13662548327
10326421375
15966189381
13013538481
3925324458
8491103047
11053593448
13738080038
16147828198
8992307701
14768486302
12666295065
10489248197
14444289068
10254546923
11459567156
17531327096
13106600402
12820169006
15546942550
13513332801
15233070208
15390664235
11068904761
9884888892
11982932718
14475491598
18813169136
4520014911
8290270775
8263855181
14161621225
11467596713
13125997091
11880709653
18891394808
14497919181
4811577732
6544346409
19445047758
9732608588
11639365506
12654118778
10673292221
16731668296
13947425321
12835104633
24299247435
12662247712
9598811634
18084121359
14584363357
11950946287
11381697690
13885977962
9062420314
8046963066
38594403545
13244666832
10283748868
12888677628
9775887728
11969472445
12251880205
14928184487
12789049104
11012577394
7596085863
9317536227
11042475934
8229951959
26236605419
6027345487
6353157583
16941616389
12720431678
14475148587
16056494668
30192307049
7941134285
10219837851
10601435963
13414803875
12233388207
10551433212
13015433037
11071449691
21927896785
12105707060
9885155407
21897883764
12525675918
12046328099
18041755990
19841058365
12213980650
22863837659
15688364659
12840713635
13230808610
10510474349
11580392358
13933125625
15036518801
16516072625
18314041744
9185143813
12099533040
17037727754
12218719970
11703376135
9816672975
14137923754
13349256724
6584384953
10331550855
9707443035
9971821095
7363451151
10203055322
10833273806
9164262851
10380554053
10509534954
10042765822
9535188287
8062038488
8494522721
7075377795
7449413927
7019309930
6374818435
6762230501
6599191122
4042533735
6564587376
6170841738
5927087946
5660312135
5388688699
5324580256
4971840256
4728644271
4425227961
4138031291
3845652754
3564327577
3379471208
3118161056
2839237503
2733123806
2570822109
2369015188
2272259795
2123109580
1996507074
1802876027
1752255781
1487239553
1502019983
1166583582
1323999107
1230918400
1053762369
1056538971
599453764
891041996
876266184
274559870
692830998
690926349
540757757
559713238
38531097
468816901
371565878
489388584
402016550
387914608
239388394
288232519
261787790
221664350
271244334
298198850
322898246
755030352
709009068
914477301
1050625998
1031792836
1208251076
1439249182
1797553095
2015464064
2238079520
3039860766
3077680259
5442785170
5432068775
5140780292
5289784154
5462490703
6052778696
6597360066
9573249619
9463161933
8109710412
8397373559
8285805693
6358950311
7557443313
7361540675
9249123738
9451825037
9064284210
7406982198
6298509502
7803781459
8789322714
8861919255
9876268650
11433344775
8509990959
9782207597
9681613149
14979083911
13769654122
13163841572
13546984391
11911327924
11814596434
4918576464
13476038168
7334730036
8879721703
6840447552
13207349146
5741627575
8320801030
8238155894
11476167199
11176438377
15924606881
14629740724
11420561941
14109548394
16112434136
12386490183
17787953972
14133353384
11130628425
9489843372
8056274125
9722332556
12344900891
17989373792
11641532624
17124709420
16004944678
15905135084
14630259068
12086287916
11852787883
15115173464
18116891074
10837048890
12449061974
10754332485
9803704517
11064850628
6247063343
14802550744
10521230774
8355335363
13951308694
9285319106
14115969678
12059259461
12240234254
10883898681
10534243381
14216896536
13206122011
9721731715
11023941771
5106233600
