11151695322
11014839993
9556535974
12350174446
11599630422
13196723343
14575794494
11019619370
10295595626
10813457173
15312564906
13546573809
12700481115
8443617111
13904817224
17225528298
13277359105
11046554937
14054260053
12872788327
10577145465
5685009509
5870170051
12687930084
11006917134
19646578323
9871848893
11831181977
8932844030
8106203074
12343642683
9850671118
18556328180
20945152106
13143954554
8296211649
12300328993
14478614473
11395704734
12861079952
15060520401
14985395797
10137740194
13446326393
7074609675
10669037555
12508296336
10325493546
14575502098
12585427813
11835921056
12368685727
7343163205
9010257879
6378908307
8144774736
14135990872
8471776465
9769584503
14338551900
9923103929
13702041733
10290831730
15255377359
16347634792
11577340317
13571765190
7629223851
9066241509
10341801443
11390989136
7925122479
10876730346
15464988564
9458600169
11781532131
14293634423
13206529290
14460940052
9329375533
8994465029
17529951675
8213508978
11789469782
9087628982
17439585559
17123464498
11042388815
9857339315
10098764873
10840996730
12937612779
12868811751
10548514491
15106938146
7912049298
15074803593
8671089581
7978947588
14392555931
12481369692
13811470221
11955320782
16129938744
10123482487
14694489249
14078587888
19779489219
7437008680
10948929984
14733083654
12254325269
16469266393
20409130573
16357728758
12287426863
11154714149
19947344727
29289099088
11666712863
14736609565
9042986074
9577855373
7489595105
3741654641
13439447851
14775320937
10964523300
18089466211
14211951990
14233050704
14543628606
10397434409
9749451559
15323232748
24155796455
16212998610
11811975129
8684161876
35316769498
15351312343
12292779304
11778436750
11844118384
12420725677
10339544766
17949471799
8621866009
13160876294
16705411989
12197220452
31105180490
15596878630
11385125297
16213987216
17637482885
10443643936
16535901351
11205615286
24686747867
8804709616
13905657089
14405001987
15422876161
10538251413
19677866910
14001122846
20477499505
12007795481
24670839083
11726154570
12502471366
15556514231
12738449125
20433122191
16506982712
22371941831
10340111353
8898489354
14403715164
13991542822
9898806688
15559276307
6644530648
15236843166
11405025835
2262298818
9687539119
10023071280
11829465782
8870145656
12463161980
7630403828
9413425875
10984395756
11340985631
10080308052
11366955497
10912721002
7489837389
10263344034
7227205629
10306204320
9595965464
8971442910
8589278488
6073490490
6553401215
8883973849
8926762346
8680041292
8198009046
7678396891
7175401197
6326475125
6166989252
5802708958
5380625276
5036115695
4644196505
4003778212
4010098488
3804782431
2570402111
3279684465
3112028339
2856379285
2699104793
2509023353
2312215991
2181812302
2064055041
1953208923
1741122142
1693081858
1596926338
1475923368
1398964681
1167710513
945767228
861378955
1050985510
858351197
825480862
849320090
526387778
671945335
602977581
428805963
588131231
480177917
521519571
450509446
403488849
424654476
292497578
415114092
285283375
329251853
57411081
261091951
520698093
640059159
639356533
636532400
587644649
558492963
515261830
507218097
486356274
103408455
2168271082
3346644711
3472793434
4119822704
5336055853
5258532398
6001412273
6854691662
6596411846
7584716430
7895752089
7792187279
11175814948
11173174182
8124929418
6869668322
10169071688
9719330454
9001574795
8616941865
8475305759
6954635561
5570493915
7992627644
8942829077
9618132364
8729578472
8863825973
9304984553
12995296158
8663630968
12044621253
10844584711
6943093145
14945210654
9672625816
11228745380
15105216190
12287878394
12406883955
13927958537
14793902440
9310063153
14457226584
8692298174
13965132467
8220715429
15179267472
8800947835
8655694202
11367212655
13650192091
8477617921
13638397451
6511430272
7412341555
14595879554
10370059084
12874984120
18310440580
9270991294
14267264170
13946055331
14911982045
16277042027
11769180311
13897131403
13310050314
7511539238
11798611183
10447855570
16220534671
7109246004
11962977663
7771799456
6686550912
17598697551
8956433583
16964568534
10836484370
11239579675
11170357897
10443189644
15040305163
15334645233
6723728123
11200378706
6871488034
16668219462
11598029464
8737545331
11256873429
5655669386
15695575044
