12214606963
13803754692
13150969763
10638057448
11893477992
10538732826
7745491838
11312788497
13499804165
12886028058
5939633946
11331856864
11879626679
14537641761
7615721319
18146973601
13157308210
9170346111
12317312379
10599697497
13128456153
8551650020
14779232625
8403707125
12860742313
9618816447
13769274530
10160607283
10371823602
9444915980
12845995549
11808125632
10954271881
10102817904
8042063437
11641827518
13752746715
7936710873
11350875888
12478174343
11866641846
11121928015
13751449369
12186972196
18104345096
12095090848
12847525835
8726348720
9460946706
10557846649
11986110119
9409082684
11506960786
15014733939
8073305043
17526063097
13174989881
15619352384
12066328428
13142967729
13188811973
9320363451
12059389612
14641906890
13981482052
11085012596
15108349439
14702704020
11950759596
13471193909
12231704128
10913325800
12518317162
13753423307
16074942843
18393144589
16213374997
14460232342
14203678158
11241059083
15988171144
13228396142
3986635423
8108048349
10939025239
14104885951
15975524380
9103761827
14542197868
12492913654
10749696653
14877583376
10498222890
11478722878
17285056048
12454044525
12880144148
15338707631
13780833694
14705000597
14720040726
11412271337
10025345260
11167550327
14113104334
18247582020
4232093925
8356101552
8229312847
13835213253
11472250177
13601123562
10839337798
17961152569
14611586267
5426812029
6645816706
17385271145
10063819709
11815488451
12550694757
11189195585
16361451041
13871068028
13236500733
21889453299
12120582684
10203402058
17906780231
15096316689
12268305436
11406525003
14145390033
8605659070
9346956805
34952897787
12952238024
10641070084
12710836350
10217085950
11346865085
12250116942
14711707608
13469331126
11694735907
7982567088
9434740098
11279809721
8425031524
24715669606
5768090780
6122190901
17018547564
11921030395
14093874803
15703831296
26056472991
7992839705
10095906352
10343164675
13906753915
12011813734
11009269525
13514199016
11511243452
20643926817
12641082808
10186456974
19941841345
12683596943
12523035417
18079722887
18809270454
12507005573
20894680927
15719296626
12450637484
14002766844
10861589340
12348590938
13248998860
15227651368
15778262805
17732331685
9668487787
12087772113
16892431852
12303271025
12187889566
9986172601
14533172907
13548477556
6737254221
10906772253
10032144866
9815984916
7059676987
10150062341
12072257925
9205612805
10561868743
11663744504
9999543440
10656030325
8270695911
9455422811
7220840207
8171867827
7771854864
6914266008
7604879124
7254183165
5041034305
7673370414
7328136699
7052713178
6906036720
6621494179
6087207881
6306891965
6444773709
6402736251
6631257314
6502784492
6219900990
5874701347
5235085098
5071798846
4716366777
2665425653
4338068288
4374011716
3994250682
3857509626
3627665560
3358866712
3177116508
2874415941
2666470081
2480769647
2331667134
2194273542
2070579974
1950661569
1748632334
1620077814
555817295
1143975411
1200156159
1098061697
600077614
1135605959
1242096199
2152529399
1997143086
2248587292
2185425411
2108864921
1675575402
1989314299
1934777900
2135329270
2476405057
2520883279
2787915337
2415165777
3146820613
2949361885
2949313967
3404640963
4130858049
4067846969
3933689089
4055686539
4293462550
4476412876
7331393392
7169189621
5663535881
5319157367
6283784269
6535093910
7679427117
10160115900
9813714614
9843910850
8411122982
9127607888
6541587940
7728538665
8234005607
10166489514
9519099589
9490974984
7656836653
7282829921
7743103719
8694550778
9849131235
10448513532
12784310991
9316411507
9599678690
9930198854
15609812767
13246790098
12665864540
13991162089
11452078208
11933236323
4910852834
14058429950
8437443357
8586101317
7110380012
12816255419
6129400879
8205015166
8049131092
11128637727
11041446226
15453843725
15679042656
11039860559
13901035214
16004807707
13084466558
17766055478
14320957300
11030656590
9315993886
7802560131
9885869805
13455895614
18360089124
11345700786
17430243103
16481179122
16144373974
13609979244
12386473185
11849483382
14825218533
17345546704
10485092637
13072822915
11054339516
9785453711
10197379894
5795397057
14994775609
11178043811
9189506769
13887092506
9883654803
13933255815
12301763707
12919949295
10574731977
10259035643
14397649666
13487262300
9737507511
10945213280
4540332200
