12014020992
13706067588
13274908705
10476480765
12243960165
10255927472
7513433784
11419043261
14058463898
12834618169
5383356495
11295012048
11820721378
14255352084
7257173588
18408707434
12905053080
9628008818
12154208343
10804182169
13805061032
8433070448
14730906753
8373263645
12707211674
9737165154
14310692634
10465207367
10217303178
9358226081
13481358418
11794526392
11023259048
9506243735
8479284491
11686281679
13608358006
7927427327
11545184330
12722792294
12014409559
11065076194
13175850626
12180907993
18011125536
12065536291
13029593462
8757960129
8902807906
10849907354
12178021248
9738232793
12192106288
14746102570
7844258500
17171482258
12828999550
15225143525
12623469415
13081647311
13093460382
9232792028
12355333270
14702283821
13523567580
11132758426
15372652945
14819249283
11845961375
13741578695
12492995609
10818026927
11929402492
14140631485
15571156090
17745220879
15972698623
14162575000
13727642818
10571780325
15688113272
12765709322
4107098707
8566397263
10933209551
14520505596
16230947135
9108196316
14603837208
12484986084
10412680595
14239019744
10671644617
11266395800
17530091580
12947947819
12720309325
15480423598
13466267320
15133021307
15042927978
11233860110
10257669513
11721139079
14132189800
18217275115
4360175229
8421171903
8336806429
14410940973
11646819348
13536053037
11435689302
18588773689
14723053930
5300465922
6295316846
18552695872
10250275454
11907622046
12661871344
10769176015
16534245320
13928727895
13063334815
23059116658
12696913642
10148880259
17850078011
14776607615
12363732855
11044531339
13941995154
8865303835
8755183019
37384115192
13097078776
10084566114
12876046779
10265778297
11510137382
12290664305
14958912575
13095073762
11223745478
7602290786
9325256874
11454792621
8138809917
25453526023
5631117152
6278557159
16898458552
12282012630
14438787777
15916252326
28606493546
8164548857
10317155172
10395138014
13359862657
12290236973
10557979600
13365786844
11012258007
21494986585
12073952028
10029283267
21127996821
12549989857
12253675722
18330147224
19812846545
12372017250
21895721214
15800373883
12611456389
13530858977
10193263836
11733390688
13617112069
14950113011
16609396629
18013297791
9036844391
12101795535
17156645437
12150080614
12187398070
10149673819
13983753694
13714451519
6557766414
10612350718
9629521986
10053794882
7186944813
10007961694
11388012770
8988246589
10618122809
10862035403
10156725709
9870005012
7738865368
8881012043
7144423888
7570512592
7486082847
6431511261
7020357638
6876935474
4438021553
7093513910
6825664815
6285957780
5837132669
5744090400
5772394802
5489657562
5436172421
5792270142
5361300243
5043042378
4722410373
4418763134
4069678015
3814897364
3581685213
2927998818
3120881211
2922215972
2743243367
2603166947
2409565449
2299706498
1917889156
1918530632
1736058961
1648880978
1608144027
1275234954
1369900330
1123646853
1060983443
890069144
404670565
909440825
874666519
835562834
579658707
531536314
654428674
754174571
757025168
944348981
960200677
935313804
897385714
862078116
755409952
733919321
772660414
872161035
1256074421
1532113079
1731071860
1643693878
1609623887
1711067677
2525636765
2625193217
2914246334
2694098099
3639976707
3774281932
6042741048
6094973344
5702811328
5442834209
5765849930
6444099719
6702165068
9908205888
9704722298
8897995404
8555471734
8695519896
6136050435
7605533982
7381740462
9794749361
9186644275
8876776084
7521249697
6772914236
8133364359
8696558397
9328033060
10460742924
11888673445
8762705634
9887719129
9548493830
15192122154
13491087969
12952758107
13982655124
11713777227
11974871289
5170850770
13866018328
7582065657
9018649232
7134301872
12986903888
5922405802
8411458551
8382258129
11322954277
10936584939
16010483790
15444009002
11028819446
14029440381
16443096246
12712145225
17771156176
14269393461
10728223795
9524382935
7866323602
9749131997
12754122343
17948650537
12031651206
17156525402
15888328630
16017273569
13973573526
12338968916
11716553530
15436589431
17921201328
10662804001
12597680373
10947784139
10184672180
10840738025
5998208882
15121919703
11089415765
8710739745
13808222457
9465668110
13993552468
12160441248
12598793267
10917609742
10606599472
14232638089
13148188157
9707189308
10775693932
5328989083
