11771727341
11105345646
9420416202
12039615149
10959312289
13237349926
14682079112
10699366543
10350209616
10756066925
15177248756
13348910286
12672603058
8462950591
14244906311
17887692338
12962308118
10993771586
13701533378
12773204075
10049989235
5844075258
5471097943
11947287679
10506408312
19170551963
9838961566
12675292851
8305508182
7343001848
13203671835
10122913059
18934800758
20773326877
12705620958
8397905197
12844317228
14954661423
11715101737
13119396913
15156007276
15248358219
11308451106
13240304873
7250036246
9917504719
12754716618
10690773389
14361493797
12709476695
11114042007
12774458885
7376003423
9204265124
6283231262
8025314364
14471358005
9307674971
9491059766
14436202439
10553599381
14408282530
9881949379
15476971301
15511023747
11421795598
14161037693
7071803556
9257153641
9862054650
11438763216
7287195946
11023258174
15284455946
9724871226
11618842827
14289969465
12991585512
14267979595
9289387156
9362111575
17162434217
7618586828
11580189117
8814638752
17445912602
17158778994
11193337143
9916435505
9808094042
10725356485
12914478209
13126099056
10171876048
14797065381
7707687180
14418380144
8765256849
7498125206
14119603409
12315613098
13914508133
12225998251
16099271993
10247915318
14457722438
15330572798
20486495866
8136551943
11148507174
14202693238
12859564221
17037274357
20060131390
17015191441
11945794119
11066190872
20620157050
32626151392
11937877923
14555570096
8908067366
10063758652
6647670280
3709951308
13111249280
14812870433
11301689973
18128995593
14933469059
14465774419
14423167053
10703517916
10134702513
15679840195
26523822985
16147737236
11858481259
8647165644
37872096836
14998238424
12425140876
11721091263
11965199253
12919341842
10766776601
17617008680
8374689296
12714251856
16982134043
12742116774
33979761108
15864380631
10462656279
16492727566
17967841278
10575551889
16581020586
11119776804
27356905322
8744008948
14085988829
14621320836
15608958769
10724553461
21068853284
13678263480
21657554545
12296643098
26827130514
11633867641
12486338474
15767985132
13145919163
21010977722
16281105311
23145210936
10765772778
9015604600
13905538785
14070429165
10118000925
15414023270
6452568652
14865620029
11242295905
2249188752
9191326477
10346341496
11194481925
8331715169
11011284680
7634931783
8998197827
10702788909
10480049552
9948015196
10354742928
9789670840
8113316923
9137511116
7268745054
8648324462
8283644711
7957375239
7460251786
5923808498
5910920333
6481789238
6139481699
5782264235
5415690226
5078255621
4750799130
4435571258
4134530998
3847105567
3583337849
3325280596
3091366383
2887478257
2686539329
2523287755
2280028084
2164496520
2033756042
1916973261
1720795334
1672417231
1562495329
1468858449
1330450107
1167441982
1214650320
1078070023
1021877811
975209265
872769056
795031573
783311209
686346485
679821732
399274296
603636318
414048290
479676457
306910945
447748614
270942410
271859215
213806926
121971333
293582085
118557455
227810013
133577616
129503845
200056185
171581773
3504886
191349030
124275125
20527478
129784452
31981466
92087164
64962140
73455918
98506787
100210589
92906728
87931598
1373864219
1612369343
2763165223
3613699705
4431475177
5410157678
5489114772
5722510590
6694226561
7061983716
7150345023
10544270982
10382680405
8332292647
7319474442
9559147930
8953814712
8328173672
8269094505
8119357560
6811780899
5695684780
7344558043
8553355522
8947207806
8729682012
8839804280
8932471781
12261115501
9220392982
11805879369
10965312517
7255224033
14651680916
9594307014
10233349374
15092056660
11911080897
12281125054
14263122450
14655612029
9701847774
14353476782
8086481617
12878301717
7881188557
15289782271
8982032442
8681431534
11841583530
13287909296
8458655977
13687905818
6224573910
7819686321
14776833835
9481978974
12782270431
18381890753
9062900690
14357297453
14105588624
15246810977
16240196847
12055940140
13882598744
12627460839
7519938505
12077411684
10544936955
16251987509
7252557137
12117666954
8218700769
6626037046
17567930213
9608360867
17404370359
9724578945
11216172099
11549556076
11092188340
14791085400
15582385324
6356137737
11842500128
6924089998
16736049109
11778167716
8813887133
10618997312
5736453185
15793981846
