12054403308
13696574496
13315335355
10417933187
12195906271
10245747079
7431188801
11426308454
14062152080
12796279822
5371147661
11313243561
11698051393
14291749823
7040626426
18447295138
13011446568
9620344983
12213238365
10841301918
13820388811
8467884807
14643165079
8253515354
12709550046
9715776807
14336531446
10555564469
10274929650
9395248940
13390099968
11852487258
10944499365
9503840951
8424903774
11635679215
13638758673
7666216168
11574666141
12787035427
12002110426
11152597656
13255197974
12050055617
17954584239
12076193149
13150694191
8736651347
8942315650
10917339401
12151168996
9657709636
12168470294
14736217686
7913326572
17283096732
12768212993
15082713036
12551802317
12986838429
13201569734
9317656376
12396616654
14801405850
13686445633
11164070032
15452161455
14850197082
11793481948
13858116239
12502389080
10831849583
11873003701
14048841043
15659935202
17836939573
15960572079
14252549588
13737937470
10646575474
15724282313
12780676665
4128875294
8570835440
11006507476
14441262090
16241178591
9104269156
14621137189
12539512751
10395045903
14209315000
10599194573
11278447822
17585853031
12981670486
12686477189
15467660718
13523201342
15254420363
15103988914
11221943983
10340152505
11737631592
14193673815
18204050447
4480969451
8367637536
8353768983
14459614803
11607531633
13480714986
11440266405
18541253438
14687452800
5216133453
6339368300
18653334035
10426922156
11918103007
12688286152
10915461620
16487463119
13959461194
13201661043
22939341059
12810292791
10120681288
17862440471
14862120181
12384251183
11006399781
14071873063
8875203781
8625056625
37312838433
13074949926
10221002597
12970131383
10218735343
11411611837
12202968856
14918937621
13125560523
11390489621
7548400965
9236782484
11495631184
8037048233
25467549167
5803302722
6331198398
16890562663
12230466951
14390691996
15973016795
28441228639
8136358577
10379020131
10381626543
13360897515
12202398383
10465449496
13344006695
10998815811
21529607198
12021354944
9961871375
21131211016
12440692335
12215596875
18291585344
19786220796
12327192731
21739571583
16044960195
12631802120
13553499178
10251727840
11666515756
13625989748
14980745924
16613305391
17897715849
9025098257
12281408116
17143733756
12101745804
12206518946
10089636632
13982954120
13653890820
6596758787
10635789597
9602446009
10068798017
7160649515
9967990488
11396058993
9031066453
10700067815
10845479805
10161147338
10070575594
7730790550
8975753308
7167475228
7615879545
7434344316
6432088748
7121940166
6893658967
4482119362
7134967811
6831483869
6366011778
5928817348
5892445772
5780928336
5503219719
5525817757
5800146914
5416259399
5124461743
4780755503
4461120689
4143051684
3872460943
3578179289
3075508879
3092692800
2982281975
2744419042
2646956615
2439897776
2290919555
1915170927
1971033970
1728642957
1666511741
1597553252
1381123923
1392334980
1150980320
1082406097
841189488
306403010
1007168072
940112626
860994033
551857210
724719970
803245992
818956709
906881710
979184574
955086882
869759674
995489211
849796164
930263734
961508964
986823474
972506618
1471885787
1586573607
1917171848
1658350490
1750720204
1808392137
2666515025
2664287033
2829999514
2807700865
3700399248
3914112379
6071264733
6158698063
5766316173
5302468585
5776184392
6492157043
6764476938
9821119591
9773620705
8859956487
8494441349
8594427735
6187291355
7704820504
7384479535
9836698921
9184327265
8946027977
7454222326
6645437117
8068280203
8806056813
9246355846
10355866633
11957931838
8894328208
9780332677
9638768754
15164199772
13483561611
12836803954
13970889994
11594148286
11860128479
5222564584
13892045652
7803386168
9027198595
7069378088
13127322816
5940501420
8451588054
8246768757
11360833021
10960670238
15964466816
15487284643
10950359048
14092805930
16399272762
12674824786
17794694090
14268878663
10770786068
9572416707
7948739400
9774999883
12904376385
18025553147
11919939423
17128107184
15942072095
16050902050
13963021466
12297511820
11684593372
15419830483
17841651811
10766288653
12629149396
11016429410
10233840105
10885778702
6024544594
15032793546
11134309749
8658891092
13842727357
9448006786
13875835958
12150656501
12607296369
10875979166
10651978893
14215310919
13121302207
9727115844
10764664970
5275366184
