11761142344
11035835347
9483281682
11925935823
10965028389
13197352762
14714959761
10634187902
10459016119
10891016911
15292685819
13270237742
12653232783
8399882659
14328744098
17839410605
12948074392
11037578694
13776221406
12692086805
10113395819
5868577787
5468072582
11777655608
10541197761
19251122528
9746868716
12630079502
8252008964
7419224193
13048459947
10034390993
19029956931
20856465116
12731894081
8345203544
12879578805
14990858260
11711671828
13084055591
15267886679
15252144213
11296463793
13346617236
7214431938
9949950325
12716086756
10740584824
14448212304
12715410637
11114835287
12741238478
7406594212
9203955903
6343880660
7949301898
14575205386
9172752972
9560934201
14434771817
10474725746
14282215745
9932183077
15421170364
15518993744
11430381863
14356809138
7155950362
9205212115
10210582186
11335920745
7465628960
11054252271
15438066611
9856274818
11529955246
14366815863
12975835097
14215116045
9352779606
9455921754
17325711162
7632747456
11481943847
8957377192
17471931266
17085580669
11274984129
9980617976
9878775996
10755671666
12894947031
13047633531
10425428321
14888805797
7798167298
14549675876
8836926609
7521314187
14119435454
12312247191
13969448391
12208197981
16176115764
10186357362
14546140893
15207483785
20316528318
8218093013
11250090581
14227776731
12850563623
17119277783
20003471253
16918454311
12129264166
11176495563
20420727157
31980689653
12054308436
14635502427
8985594900
9863187821
6824150760
3581435998
12984432002
14749557095
11165687159
18156000959
14822363155
14425028753
14368455958
10750592054
10116395146
15682712620
25939581501
16113132810
11813738131
8678908444
37418768186
15123313644
12483735079
11707816561
11888391773
12875305709
10840968492
17652227806
8346302445
12652718897
17017706776
12685447132
33278483490
15867033778
10624650371
16456259510
17723663267
10548705013
16705487585
11093660698
26936095533
8760038215
14182825414
14481177416
15634447585
10714526588
20679358473
13819727905
21359621330
12167445740
26475905023
11534718425
12410650863
15816945919
13223273163
20781971305
16480398614
22954360355
10752369942
8901783620
13965457773
14094437299
10018647486
15372624183
6518778085
14903515286
11417595513
2109967976
9288274207
10132471519
11369122035
8306362833
11219939772
7353021004
8990686311
10913822254
10529066009
10060351832
10679822975
9922416021
7988840984
9428988257
7110503286
8849857503
8646467737
8071277851
7723434869
5844770290
5932214553
7207951964
6797972639
6427076145
6039989569
5654357178
5296210448
4878340483
4612319608
4290193753
3971300311
3719564799
3439524381
3220911973
3005151498
2797728423
2561597597
2213907811
2124188471
2136107216
1816732537
1747281817
1731923560
1561897854
1524902992
1178247217
1252369422
1096508898
1178241289
928880531
913157101
872347763
862722226
658948449
745636410
403800244
669014928
370835716
510306477
212028580
411835630
194872657
245519697
224633308
114213047
295927371
157934928
226240420
214964675
162488409
220340594
221550822
60184080
192971195
118533001
153692185
166175576
172812814
135186175
46089676
121020195
136684251
18167848
69233964
292492313
1722502641
2039885152
3042176428
3911052217
4646690151
5582995135
5728273855
5946752417
6810659933
7245730991
7163065780
10792677553
10647848148
8355321462
7343000671
9725693332
9072116154
8383555752
8504665373
8291795954
6730685432
5705815784
7593337656
8549720209
9132891411
8544256106
8869800582
9125332119
12388673631
9181067500
11922314106
10882457849
7240498035
14545778073
9611360725
10339172082
15289719851
11928602084
12432174368
14336876065
14812042648
9795398820
14380565812
8122053004
12921490173
7906752985
15114945133
9159795355
8713962137
11774658401
13327533615
8414145906
13708738200
6257068074
7778448729
14701880560
9695077781
12785986960
18476040597
9132903280
14353273547
14143182191
15242532656
16070027625
12103074633
13863770398
12626973166
7681134347
11956015491
10590482966
16233411213
7336219931
12164047011
8270743805
6511135358
17525441670
9607157407
17442623402
9668599240
11284427273
11639896217
11037962286
14936191405
15582635727
6328292540
11754317174
6892620075
16787176514
11755986097
8732373192
10719086966
5616626730
15674501092
