11351159000
11053641732
9591348744
12485545600
11423062717
12939892952
14496807427
10823569922
10274544136
10965201259
15344405628
13067356556
12623055887
8591608211
14034873752
17675527807
13040398141
10796698880
13411403285
12494298511
10342600937
5933373128
5642165756
12034358459
10873562700
19363731920
9620695689
11894991645
8896061375
7892583977
12718183622
10418295030
18929370702
20844648858
13156571418
8739210475
12787924924
14465302535
11659643411
12965057979
15063268440
14942969711
10877311950
13341434860
6810796403
10547817835
12601830298
10219232788
14433191078
12661122552
11605839111
12528489385
7952026051
9205886597
6409735402
8064995579
14276028014
8894751992
9426614413
14411489365
10418443435
13787569609
10062884548
15262160620
16177830622
11456740595
13979983964
7343735002
9029800772
10223875742
11059050490
7816934338
10621622689
15126102559
9838914902
12145796534
14350444102
13329981507
14096703994
9234824109
9269453286
17594035919
7754120740
11605236498
8938439424
17538763522
17156654962
11177300129
9890632395
10178045041
10985743823
12992016624
13139790828
10240891796
14935048767
7994349505
14772374785
8844815916
7979521543
14186701425
12580042632
14191961945
12252695348
16296343339
9896208713
14490678956
14603759091
20254673477
7687579043
11000152333
14528713622
12813815163
17263021209
20015410438
16666442029
12069488822
11185050252
20461310710
30539847997
12119451937
14677876106
8776975551
9894440342
7312946237
3677159031
13270821936
14508133386
10597239623
18268136447
14519006785
13922784050
14301518082
10466987343
9811608148
15597651377
25063967057
16170500114
11735717094
8843538431
36216023273
15336772628
12187577155
11704636637
11843903106
12805451151
10470172795
17372123983
8802464426
13171316541
16881112652
12509098172
32220516276
15851838629
10826345725
16379424521
17896619338
10869953885
16466581998
11377671743
25863066398
8830570928
14249763119
14287281987
15525064794
10763891955
19797767321
13927206290
20886445717
12012399028
25543068588
11782256348
12041064019
15907493743
12813617833
20543549159
16473598180
22612824774
10211383165
9066611625
14136104767
13945428380
10190701957
15727470690
6451586626
14908127097
11498426190
2150886440
9664991029
9949317248
11785202237
8506014944
11458515620
7372994435
9175799904
11124953281
10823644366
9973961586
11255027078
10636357961
8204940256
10080345957
7043617419
9810654204
9337130567
8788982130
8282649637
5855187421
6203333203
8371641956
8097956544
7616630687
7149999236
6675542816
6257405670
5849494070
5376393576
5064868614
4655086316
4231691804
4069768838
3727873407
3549852443
3293467149
2175742362
2734395735
2669990634
2516280259
2256445226
2180372596
1837879412
1819770417
1787517522
1399899105
1481003911
1256933906
1309217077
1200283755
1164987531
1103718020
867217597
653402155
812191829
756435713
796171986
625763430
704562200
194237944
403066976
474931047
487981969
318397554
344699659
408416878
241332008
297593068
333704283
105882700
292635315
266187754
50323096
229489964
81983746
143266091
44921194
166908824
200420216
12809894
144919623
153839439
88121114
52436164
1320840445
2675833738
2998603966
3714287450
4788509754
5213874427
5823432416
6450611935
6508884630
7292206331
7763185960
7710004622
11154168885
10736220457
7980644576
6891517342
10046996103
9347732597
8582902774
8689834744
8312613411
6916952338
5329712831
8043733519
8953345910
9235720166
8347223799
8934659761
9516907422
12592758590
9034001650
11920449416
10572058925
7024049441
14856424947
9526482559
10580838795
15449730796
12054057378
12521278810
13894083480
14839222073
9673164941
14474421741
8506923532
13652893193
8297868227
15155703178
8805271985
8528648260
11727643321
13604413708
8408514534
13954280640
6435294970
7531443382
14860275592
10172485889
12735451056
18312074214
8982288293
14262173725
14306683423
15149234338
16322261106
11623791965
14089741270
12883091303
7474471039
11755643117
10458895240
16267507366
7184611791
11905435488
7661809358
6529401908
17286138269
9288464266
17033891004
9970574217
11183319072
11218859147
10902811135
15111872611
15414165684
6746350566
11606717823
6798936894
17084261239
11564485764
9126448370
11150787017
5680099968
15604035048
