12157382604
13809479209
13117963968
10733741237
12283642883
10330060696
7679772326
11348748412
13969660955
13185442670
5377855136
11141950356
11649153823
14317413158
7237863948
18283687059
13027754325
9289769404
12051538315
10563220145
13401597681
8637974404
14961890063
8190191885
12953163990
9545120555
14106239834
10341857973
10568619860
9735958210
13062053937
11859968253
10950990046
9755757608
8534602331
11928144526
13740993718
7597685236
11380926985
12565252111
11874015882
11174852102
13524224205
12165119304
18017038922
11989133538
13117349746
8782900238
8911050640
10946793647
12282308081
9587512810
11882552321
14887320225
8045788948
17408485169
13041173554
15351466833
12490126492
13269311574
13325694502
9498644377
12257512458
14939134461
13952572416
11158102838
15457846254
14641132559
11465395474
13533893644
12733460991
11053336368
12060472346
13899054649
15548235143
17869524016
16226504754
14575823113
13850429809
10957959065
16305654028
12995751732
4280101702
8529536050
11062180458
14372842235
15880674881
9158187209
14900174207
12866826282
10606739797
14644583146
10329561567
11225261348
17483502315
12674909462
12802362005
15253561704
13519469708
14970323882
15064905656
10993092077
10569159087
11386014821
14253525342
18274312111
4526387233
8388108668
8524903097
14320525105
11624768352
13382305021
11113690730
18288826013
14754164789
4989691241
6293154408
18299499429
10238521446
11714794055
12435549636
10930860914
16322136415
13987978611
13447302845
22196798815
12486408406
10013720992
17907592996
14973191472
12269393043
10903653364
13855513402
8705637882
8900394206
36026155010
13171293851
10869074685
12725302621
9985047859
11263431721
12209965664
14732895100
13107299834
11531573008
7948075308
9395732689
11211827034
8179681901
25104370928
5598954436
6513270561
17134535743
12026209687
14226769346
15924410212
27261920049
8237759155
10399683776
10412302255
13726215931
12039169975
10762308378
13729261276
11027904339
21090966392
12261679260
10008122801
20633693916
12144850213
12462445244
18391456222
19422892268
12558813600
21481996260
15985642281
12537482844
13605220080
10553297096
12271670098
13474483881
15267017983
16294178888
18141321397
9325729750
12215786077
16977943186
12062099762
12350118408
9969517931
14634969643
13589762690
6491063217
10855550836
9676995175
9972136194
7012357341
9927223477
11817214576
9344468164
10840376387
11380576284
10091288347
10160659295
8077943824
9137743668
7442270259
8159947860
7830745858
6627114806
7253592145
6885253735
4468953965
7188049903
7033836173
6581408535
6419996997
6224569763
6022870975
5963059677
5844919829
6147705392
6076119594
5654564302
5539888283
5170097870
4775261629
4528971362
4231007099
2637121942
3698485700
3502609321
3295362647
3077620439
2903043201
2686336977
2363438900
2327135117
2106158359
2019689745
1878090907
1745261806
1655135824
1298650512
1454492429
1332460630
434449274
1124330566
1022195080
1043558302
743579570
798016483
785101254
1733893819
1556099931
1526571032
1536338394
1522572474
1460490063
1385932177
1341760633
1418700661
1403949125
1473468748
2152758672
2106014790
2342692733
2246138305
2461911150
2518577796
3288407455
3181090101
3196998132
3315181346
4085681235
4437860830
6789583486
6509830369
5666328533
5327487834
6013078666
6765854813
7213256665
9876799766
9879261886
9285266152
8305876822
8824853900
6016482471
7337910342
7608044052
9923442053
9626786635
9213626082
7462723745
7125957858
8058089475
8627895578
9497700434
10438001568
12510270140
9289513130
9687131802
9595487721
15313935735
13414305770
12638644990
13969067589
11469511604
11830663658
4980553443
14037075471
8032380886
8620947355
7321180902
12981618958
6344757290
8421790012
8225587667
11075987178
10728253199
15755792820
15650713323
10894809713
13891251746
16219117498
12654361913
17819487248
14465564946
11002079639
9553624474
7716410919
10146006051
13256000202
18636472562
11356326501
17255558456
16105953081
16455857575
13957018253
12432364329
11581049022
15120512674
17487808679
10633751908
12820223649
11118834538
9964262002
10477710426
5733729414
14936619307
11251315745
8784703827
13764848302
9781439277
13954885208
12275307204
12885969784
10559669622
10275223950
14148232594
13480472555
9681808137
11306169078
4734931238
