13827376726
5374737024
17317866888
7398159595
16800242975
25927003562
16028178585
16250335146
9307111096
10978762620
12065737506
111462206
-1685109098
19103376001
8958615029
10359552125
12167796591
16965847898
21757015881
18907594220
18361643610
16133169148
13189014915
17729432106
13182442489
11410808129
3781053124
-5746248889
15297640878
10816326802
16637382010
6074820019
11227232029
17028816519
21882808168
3599268056
20902896081
17183263405
17536194390
14040934989
14967503205
-4814152707
14532868704
15866872641
20274486834
15895595839
4389422717
18987967799
11497508329
24852993980
5414179590
17840770344
9632043414
30729537741
18318615393
11291022260
12897180270
10409432794
16237064605
15818959645
12559808986
22092510251
21205503616
17965358871
18889432219
25620482673
8073547425
2177917472
12077322566
16499536782
1000334125
13230975772
14356462901
14185306004
-3374541777
1347173997
17043944044
10775523466
7629804750
9352442416
11968817683
15733381568
15424910179
18417259312
22011444909
18794034515
9848970289
19093433793
24792124006
7217359959
13664782867
21807962081
13053208412
6676115921
1522315806
22248660138
14332611524
20006782319
22149361910
10617822052
21286648465
16114820811
14929339387
10894577532
11598167304
14469128441
9197831179
16828589307
22162343818
22973933914
14217767126
10264098597
18372497178
5708836091
17548157062
27576228880
70439985882
18794535728
3869976064
22729463418
22729182809
9880268712
4281339471
18321991571
23589485910
15612896765
4389229312
14223439765
15441375130
6083307138
12821867436
16260040238
20366640462
66449756456
12010316546
13399198421
24202758769
5581847757
10504991036
16363604631
19161265372
16979009277
68385832042
6901518085
16653338142
23279538934
7213918599
14160881906
2924532678
18835684258
10206268195
15179628465
1485952193
13695715055
30865584532
11086037162
13642916743
12364283528
17874516181
18358959055
53250851461
17602408341
18037519199
17350621412
13596441293
20987053114
65868554097
10648616526
11877259109
12935855906
5608762751
11335769812
1935569495
6795408912
8173815245
70700628735
3562827050
9240339485
6609078019
3031348641
17979036888
9122473332
8241142515
18978512704
10204873871
11072393886
5693846534
22063716461
4602229695
9919162779
8494901469
5471741056
5182874395
5579050626
25220672514
18720845410
6647744595
2625405377
31062895599
9243933707
12689396877
7220073412
5857530747
26926230490
9264544730
4194422914
16721971355
18973679124
20222842372
12568803475
6119298053
12595691590
12494552798
4002391944
13435367804
16156639280
7176657014
4066755890
4937425044
7418718666
7547497917
8556956619
6672816545
8097396153
14342380074
275993753
11163094140
3790831088
10223695170
-905651740
-6049991059
6836794251
4463588083
6145767269
12207752479
2043617861
862551072
7637002825
9628345855
4320177282
10227816436
-5631731759
1483968064
8810200313
7763506873
-1085834241
-1732828697
12001364644
-577848751
-4864055274
-12541643018
10906858926
4136280415
8320414732
4074998821
8423737985
19015477109
8189787363
6993583871
6884250693
1700033338
278776599
1934997419
8535641418
725683555
7386202281
-668481093
14306730097
-1751568391
7167597048
10518997249
11006633243
9789201776
4483455344
10687244425
14776325005
7807518560
4504549195
12585096905
1642425425
11883877025
8535250938
3652010802
2851940117
12236902827
23702980957
21650856166
14910836702
9701752208
8040738161
180221197
4330568567
1754770698
20479494061
3669871687
17575712563
24411229269
11691553067
18973895395
23856618313
27646714027
17174822988
15876055194
10329694716
18328374774
15637012122
12545702400
-1912916071
18793758149
-4502469208
7204252931
22098231409
18440630789
14175662638
19871026197
8086799847
20255034327
6754247277
13413062305
4429173725
15841980934
25356731487
15540458459
17791637919
14434452603
8755472677
9287363829
664215474
6811684207
22943607841
13885688724
18921944542
7142156371
23222619404
12026506826
14731025041
15939133958
22406515661
17383250810
14053949279
13592142751
8711144635
1472125739
12980897751
18674300183
7102740960
26892436723
10033388945
12062538745
28231719570
15595468462
14339525287
15173855785
16343601506
17259552601
6147061117
17536541357
15962211531
25687436916
8356646234
21443868367
17398802336
23606729065
13641542496
5582179145
