9185584750
3949766995
13988349349
6254663073
13876698869
20040422004
15864495498
14651280668
8828121080
15678466794
20474686377
3932724240
8088790640
13122718361
9670103971
6494408331
8099981797
14876343965
22065688049
14713882309
14164927357
14194298092
11948751984
16516848738
9519071865
18022542095
5752341693
951781923
13610722679
10360451564
14650951432
8434999322
7248211652
21163778981
16438775130
5967119869
17472107902
19040183447
14314982246
14566474029
17499278305
-51775052
17163781761
15495289309
22867743903
13413054704
8891563192
19368663328
12868851999
21686865288
9247146043
15761852327
7246358923
24576628157
15267889114
9775742694
14814431320
11144689130
12604663450
15743691918
11473671960
19267649454
18675775344
14989652819
13072450764
21151037046
12655344511
9925132057
10387290071
14201638285
3429466358
12687128906
15231092051
15479579872
3649086272
4125736349
15247361056
11357710584
10910581888
10723106016
12606901523
11344129095
17521093834
17476011082
21294533280
17056370576
11360899539
15980336480
19390401669
9202857197
20077421429
18405657322
17363041126
4623814860
7896590312
14223790106
15494648643
22824473282
18648522507
11324179056
23773414278
14711539007
7455877895
6500537531
9613420082
6930717909
18554519164
14170228763
18246832524
14954331777
15659694616
10488347291
16420754793
8939722579
16945701135
20003713437
47164350319
16906172002
1071478803
18213923858
17033023683
13355828838
5728846149
21476981517
22845878928
22150858964
4403058484
13963721374
11252633448
5313864161
16553439582
14977830991
20490420511
37462117383
12513781426
13252506965
21465616986
17729142293
10912007044
15861253689
21441822406
14409475566
42879673997
7757415508
14879854067
17839069604
13234961661
12138994277
7553133406
19294382162
8430042292
17056209336
6267114037
19029030425
26938470681
13161383578
16283344209
13915600516
13565208847
13656762602
31271882957
12830536444
19139840314
18961786144
10244724182
17427602937
42751504423
6833072278
8392887210
8258526223
5995154542
3117026039
1463657522
6871788933
11626936537
36485499394
1101643865
5831260104
1631222463
5756422227
15843172883
11714933329
12177356683
23112440437
6167831646
13769083295
9095424339
20657309423
3430258578
6676671251
13541834544
6485693286
5525367718
16204151064
17415416357
16738968479
10094455042
12882937160
23500774475
11728327229
11555338486
9603079949
7844681632
22687802695
9847282332
1722538279
8127852253
14764601028
16598294228
11895800292
7198696113
8852315563
12632684607
2462948941
11917090368
14630835103
4766911478
5269894966
2188394540
9505807144
6580559763
2068904620
7516668605
7023361058
7403511807
1809451228
4555185167
2640088025
3517914515
5170689012
3344896012
8334930069
9460595209
5047811887
6432503061
6379839566
-1408175089
9139902622
3855696686
2995022792
6001527978
-47683126
-1805379191
-187658952
8268482298
3117957700
312391411
8222235127
4878568450
954088097
-1981433008
4477662111
4659324496
7962804531
5609661249
7880197322
10882161632
7688713090
10634518237
10989717555
-173389441
120785297
5559315972
6776402744
893551278
3720274352
2951334157
8629568633
806356751
7792922231
9268054331
5867631751
7052981965
4948039763
14069156104
7893849264
8052991028
7819067009
12212819862
1039627350
10719964442
8501176099
12252402341
10559098370
14554573860
15629589886
9888804125
8428034015
6688809364
5512907039
7717464856
4629048439
6919008911
12436118873
9458452492
14177172828
22724174720
13798890280
13416789394
16974760452
22708448208
13848828672
15325004753
9310926934
12467619155
14133176815
9660059913
984600060
17209023772
4013173832
8666204055
19328873971
15639892745
16029268390
14422516037
9811312125
20127160634
10537127451
13585679986
7149072843
11450485421
20708054621
10551452597
15760746180
13935844866
8910186827
12667070388
6364560567
10751363840
18836962985
9814908690
16276492062
8874822222
17663096605
7715147671
13477025411
14720194305
19352849372
18942475141
15979369846
7566597013
9854594392
-1118111454
10395570549
11579082736
10269658772
22856816120
8814708612
6876441815
24527930923
12999429519
10601927116
13569084651
12987201334
14403145349
11068527470
11432601088
15190069284
17178357200
12348613199
19030564401
16420418130
16077018080
16091314747
7468403174
