11394066119
13634662384
13160836339
10887936147
12504442629
10497215125
7893708715
10766073612
13992063058
12760803747
5477440481
11497801024
10785258840
14268476090
7514554958
18440782873
12784379047
10277989732
12230774681
10537717970
13875637535
8177714006
15390787807
8061082360
13477161067
9547620669
13993399220
10651097972
10212515197
9219583572
13904296854
11922668151
10159953666
9157344078
8620522639
11433896299
13358045256
7412997203
11030752342
12372641079
11936113669
10848777486
12942252593
12070115961
18300596980
12365160237
12718544046
9077951804
8607525800
10909858869
12174421240
9131441540
12151003328
14856892671
7589647345
16334205789
13023916478
15501884586
13250188514
13088140472
13512519093
9328829564
12346668628
14579503602
13203573921
10506286306
15087603355
14483384851
11708881327
13760334185
12679951570
10631259990
11632649993
14330176829
15880734560
18074402911
16263823190
15209984767
13581553099
10144016016
15630591909
12828697038
3449893818
8591916736
11027125650
14039066935
16379671094
9315481803
14541971165
12567566517
10695964170
14559122187
10183677422
11912979843
17562607889
13054075481
12937706304
15704557708
13481377816
15121957200
15369195599
11204385870
9974852491
12374124681
14459246600
19197150973
4222660490
7952619957
7945113902
14489248507
11459985478
12916766389
11867573112
19030468778
15005311700
5176964742
6826136848
20237353022
9308409481
11580268648
12655466981
10476969858
16720908005
14123305918
12392025135
26090895368
11968656820
9795012877
18034094129
14356892740
12407854432
11478264630
14453022619
9053597335
7782956561
41005649870
13663514054
10101653148
12485909697
9409215356
12114995389
12493262058
14940202026
12680238714
10852443283
7433151344
8954274034
11232068514
8388912695
27504742237
5912634483
6422511999
17190689029
12581369803
14820591630
15759786255
32719848048
7738475159
10036664106
10603708356
13588060460
11866597480
10257699415
13264497048
11434762442
23169166181
12395074278
10138198540
23079144996
12856685084
12124676072
17870787748
20469963146
11822639396
23555599799
15754159107
12772427179
13139958887
10507878798
11670421412
14003510078
15532544997
16948245382
18095029683
8686615276
12258804637
16876247752
11595395805
11634818014
9586606556
13660679215
12732011337
6910115407
10246846108
9540645816
9865300789
6956236997
9989570176
10335469368
9284288343
9818753820
9821901778
9360368728
8799705073
8106724937
7793116354
7231745179
6718185610
6526776256
5925677263
5853186078
5498220717
3983892286
5121829088
4810616159
4490546054
4175288662
3889309222
3618067235
3364964636
3136640290
2928757190
2733269752
2551648006
2398522100
2195646173
2072651517
1939428857
1751558425
1682098626
1592755499
1498740642
1401315874
1324024777
1110378879
1162878918
1035446426
951594143
927229900
815645668
803115299
558726102
623468072
39730785
561144293
568333570
487235418
401767144
266165480
396679798
46176015
269663346
38580309
4071319
65010794
77477597
150335670
201501507
196887207
107839815
37847818
76098883
27462091
80993291
134045557
50742222
101905010
100929798
100739327
88100337
118686621
434957622
699793704
953211209
1607698436
2298278340
4844996374
4743840712
4696541785
4528423962
4484066982
6049657840
6132599219
8875634718
8757964220
8548802427
8388730056
7992995601
6299682297
7220223097
7018821685
8262689285
8701134971
8360895397
7618612913
5772722008
7290693650
8744974670
8782116472
9998596985
11209661971
8509046701
9996230378
9760253000
14821720617
13653014023
13360044431
13343008663
12175085907
11849013021
4617154090
13464347114
7091667213
8929830865
7003316361
12689688284
5648822603
8031755895
8154220618
11644148855
11037774371
16122587184
14295382966
11693318207
13788097788
15642781087
12642013111
17265477910
14478312092
11098903093
9413031837
8153516173
9457929687
12296124014
17698242618
11463221310
17048077049
15618994495
15961497606
14768825066
12121962280
11911455310
15330685352
18194747870
10937757157
12119492736
10865685117
9645232511
10899499963
6040232538
14485751874
10375846382
8291390454
13870797921
9550429233
13858349058
12390076801
12092918686
10759153099
10550908142
14088525524
13084079811
9483858749
11019510829
5346411150
