12444166480
14165200089
13651796806
10680602811
12105060112
10722377260
8021003629
11009902721
13810351149
12789403465
5943250399
11181556502
12138907330
14503520191
7477220637
18022435206
13070795777
8543521728
12686944007
10669387087
13100832507
8168636938
14765516552
8515389431
13056210031
9671574661
13563158973
10162653102
10212716638
8913111157
13046406181
11547095948
11091193344
10178043160
8070741330
11798300424
13645803240
8007236706
11491720697
12345313485
12000498429
10971465378
14018511491
12331422837
18150829289
12481796227
13028554866
8666952864
9602420671
10506737117
12040788314
9166005163
11643799587
15237438095
8267871309
17263449012
13795961535
15321197248
12149350035
12985536668
13163225130
9415027288
11857582076
14781380253
13870391319
11047392439
14841578917
14659991235
12267377026
13524701944
12196290970
10822193413
12561609010
13062608672
15819913102
18498953836
15968953544
14209025586
14153631014
11559248422
15835904017
13700379762
4531996861
7941781354
10779158344
14192804438
15676932342
9304275614
14567276882
13050040679
10602020309
14896518049
10410695108
12105263833
17188931187
12144137915
12597646137
15346012299
13689655714
14223094624
14305922394
11454096722
9938783634
11111766111
14210276457
18289197682
4252767152
8647197209
8379544439
13604861085
11385383486
13501763989
11210121509
17300002898
14617112634
5293044358
7261593678
16408233053
10379789399
11944361155
12545321419
11372427458
16115698531
14308929027
13347907460
20665713487
12575206163
10336139867
17635216346
15174331067
12741279941
11281015426
14274568005
9107667109
9607133170
33579486402
13066761616
10901938468
12909611573
10500597190
11349228223
12790248596
15101926734
13868841923
11689777687
7956463259
9392546324
11604914015
8725944557
24245230162
5906065429
5941070020
16591418779
12184740583
14181702280
15658266626
24777508644
7768109353
9766758255
10462001778
13661722639
12264827044
10696097081
13905535374
11258732865
19800130099
12748804626
10373192944
19073407461
12434307091
13086226446
17650530432
18564760371
12648212009
20216233445
15586674898
12462331089
13830462840
11019230604
12456443195
13051103573
14467920548
15728982208
17358641098
9760453890
12223136207
17042369167
12628864050
11766242417
9918333707
14682993454
13766221295
6705173759
10761318404
9944255542
9687196871
7107179023
10413859983
12424453342
9240695056
10406302768
12367878339
10117394322
11014429630
7942593809
9899151961
6874654844
8584893433
7760401391
6882550335
7999575174
7722486817
5040543215
7859712048
7524045451
7308636722
7118537994
7047960066
5965678631
6562905018
6858757585
6883498578
6825453918
6948618243
6803348302
6259573544
5856202158
5684560157
5270530175
3091682460
5002538421
5113306221
4797081357
3979192493
4200167140
4203059415
3970238067
3758459518
3479469648
3265315597
3024469539
2813078979
2597411666
2285194518
2094262891
2082352258
624919770
1799215504
716106291
939592092
661749304
2060391077
2414745581
3482019208
3269045658
3170067495
3014416285
2910454550
1880868305
2561461881
2582191978
3003370169
2530202668
3149827893
4143313467
2619805339
3904886727
3523759733
4223586942
4168899216
4994971186
5003999862
5160039740
4936339653
4639731728
4889346260
8102969108
7904604993
6045642721
5297521210
6626885822
6863287153
7559557953
10159287638
9289510785
10496081300
8197399037
9781058994
6796707749
7890964553
8340362013
10575492520
9980099871
9752481891
7721728436
7196685778
8371543459
8841050580
9622409324
10676099894
12974807614
9966602437
9703675234
10402896487
16189604392
12866347447
12372989942
14301077230
11615159468
12017988477
4992219491
14262452372
8296313903
8544910112
6704171499
12653521973
6050544545
8048784961
7988755023
10781329080
11282838053
15354070030
15713730961
10792040746
13792886878
15316978981
13019042136
18070034937
14207251615
10541832500
8763453974
8042443796
10114355921
12896119616
18324621760
11053344187
17313591215
16113556006
16026105470
14090245089
12222725896
12019249906
14642914217
17211964471
10204096848
13068490656
11426196176
9320416364
10179585047
5913211794
15450655818
11328882464
9561131397
13287719757
10691363586
13918732120
12112853877
12736249398
10899341124
10420984736
14013373886
13344816019
9748705720
11131779135
4701785042
