11767556618
11010459865
9442506640
11940450162
10969665177
13243336718
14694333065
10737242750
10452704564
10785705829
15198919106
13309858918
12675482484
8453185172
14295821119
17941089171
12984605195
11029070647
13758611749
12731767438
10074546085
5801476426
5386129751
11895106547
10490649699
19228043775
9747484798
12658921772
8212576543
7437550999
13131299155
10146805116
18935896671
20804533947
12702038821
8453634996
12866655103
14914047604
11727925369
13094782143
15203178790
15281805159
11302690689
13348472724
7243343019
9933636020
12752114421
10633010345
14470632059
12690553720
11138480959
12776325621
7418515115
9198056184
6310480856
8017373785
14520625319
9194311049
9389009882
14449976973
10456604529
14255423673
9929145671
15481744290
15574145188
11387185080
14282673004
7150827330
9260384904
9979898605
11412672375
7320407123
11048477409
15377750391
9775597855
11612266712
14337880854
12969212345
14175002768
9374054370
9446668585
17199555646
7588428662
11489027351
8947960911
17494294735
17134842291
11260203917
9879781615
9764658650
10702155026
12952990289
13111900481
10247016045
14814407506
7785185976
14467901520
8788997974
7503373403
14152393122
12316782021
13983928946
12240682607
16168162441
10211865682
14464756765
15260655224
20464028962
8138857063
11216692259
14168609153
12837990212
17017526608
19987086329
16947382503
12014403727
11104261832
20436294724
32258169131
12104924759
14553140361
8876314971
10003982340
6746349480
3621559492
13105609380
14746828785
11232989362
18137056750
14877383022
14488794261
14438944546
10674729484
10094020333
15722750703
26196106527
16143427203
11868909705
8669088823
37631872604
15079238022
12474131694
11677750237
11907860420
12921347486
10861276990
17727986721
8282785064
12755643991
17052956568
12722186996
33567503849
15882025113
10456002444
16526254982
17852652382
10494983509
16664883000
11115109039
27113663303
8741184376
14106057826
14577315800
15614292606
10593542045
20884798785
13689814621
21452889156
12270882182
26664128439
11563215270
12421482781
15777532201
13143970127
20818342664
16349065432
23094720133
10706733114
8975622743
13931951988
14081880613
10125296525
15396520291
6500113923
14911557889
11372283126
2202292711
9147974923
10311679416
11211176871
8282472018
11065611752
7572625254
8967420207
10808609463
10406427411
10010168246
10515921532
9876177979
8024546452
9237027972
7199137098
8729485612
8511624570
8055337266
7590865706
5921558286
5877391588
6890920458
6536574725
6154618408
5772759763
5410337819
5057806980
4712366535
4404000113
4095862399
3812260960
3518203357
3292844601
3073649198
2841416803
2676533448
2510617317
2176497387
2137074566
2001220764
1802396800
1738462283
1665591145
1558757915
1444989616
1183301517
1300048334
1032844038
1134639985
1040947022
958227510
832972390
831737343
747791344
730524788
371513395
622222549
466339353
538322483
256446100
412366693
194319790
318790827
173565888
127944201
314526111
245052967
252981965
142250663
244141727
193991531
171097659
91904429
154247059
130144546
92777065
130356850
39780992
69054066
29004276
107474109
109365800
41302857
83252099
117637485
1637018974
1794771753
3052828259
3772818574
4582745319
5471830613
5589134686
5823475633
6833735122
7115279570
7146556145
10680384555
10505020493
8345051436
7398092298
9603533344
9071013674
8387427763
8400372206
8167917312
6797242185
5629445140
7531349737
8530289159
9063613978
8725030523
8753905624
8981826420
12328593936
9172810649
11864820662
11037904721
7301302025
14649740535
9593324195
10274973711
15143462216
11894897050
12344295212
14287389520
14704480004
9752081440
14315501235
8171401004
12965872356
7918592360
15216383564
9062341570
8664419904
11857117668
13266673253
8356820571
13742837527
6227843727
7838705006
14733664295
9579699672
12762604673
18413047821
9070827332
14400199153
14104854037
15261930055
16233175555
12039872359
13894793185
12596986901
7632027396
12055476624
10609786876
16279788429
7270198895
12117202846
8267008252
6603331259
17557044849
9617102454
17352240920
9761282592
11239495436
11588088399
11065452598
14910002583
15610624461
6379358688
11817146386
6911079262
16834533374
11746169631
8753284970
10633156664
5722520060
15764487582
