11441444353
13687207245
13211113319
10945653817
12498298770
10529728392
7779129454
10685817858
14058501748
12776926878
5520138921
11463406403
10961408026
14224424806
7581072765
18390780023
12654822249
10221622875
12174078978
10547121648
13993604958
8137001115
15460122455
8203733218
13571257375
9592453020
13887370008
10637423696
10249354192
9249151979
13811034502
11924895408
10230536419
9163167321
8653355150
11451640193
13363981872
7554366026
11069333471
12291329923
11902815394
10881135613
13026901241
12065736939
18219786185
12313489125
12758412608
8998380154
8635181786
10793652447
12283440838
9098565400
12100781558
14820454695
7665321893
16397829009
13075709907
15596712394
13222555513
12843064336
13380492223
9358154555
12265486832
14604831127
13198997094
10539656078
15166439349
14487788904
11706599283
13721369159
12784176534
10650249007
11703041326
14250669647
15662666418
18206103962
16262993243
15165772709
13465710913
10237169650
15631329285
12906630108
3602933861
8533625909
11071467411
13940257423
16518909237
9177690169
14455889162
12568847998
10704697471
14582538609
10245319566
11707132163
17566076905
13129704442
12848896545
15870803040
13634012819
15113216455
15288303036
11313897791
10138851608
12414680505
14339210926
19055203628
4182510582
8062508047
7843248831
14510700311
11411725449
13076061480
11810879469
18946666665
14952424873
5184529182
6801900359
20016293938
9355347915
11648126633
12593731893
10513567283
16846567408
14224540009
12494368461
25744391063
12090759439
9986604529
18066302160
14348127320
12336049057
11510363478
14321341250
9073576799
7870150825
40551056984
13535759602
10023483005
12582421560
9533422897
11948569381
12470034113
14945756429
12678089844
10787291033
7552648534
9145989681
11287551289
8337066368
27409221209
5864416337
6402013510
17233998619
12608364888
14687403884
15778710683
32108991519
7812630292
9953469647
10586954175
13691748652
11887664458
10226077427
13207207311
11378066650
22812182110
12240751180
10175804254
22914630300
12871211843
12043397744
17832235788
20353253107
11838049529
23467540049
15588531831
12931422068
13183037275
10379213631
11617891360
13951831825
15557467973
17012557361
18181284588
8661894907
12258956312
17050737019
11593858635
11582500316
9641138246
13795346004
13004741540
6923427411
10380425777
9613381634
9897854261
7094722651
10064153760
10384208260
9348212172
9865750978
9970805512
9396875374
8851274334
8077569221
7818582109
7341140671
6938044783
6628419590
5827713433
5991643668
5565461975
3936942744
5508271689
5181165245
4837639071
4472245961
4193026359
3897004574
3618887682
3372022033
3116999981
2916945993
2734766668
2554555117
2403162433
2191645364
2055832380
1916991712
1819873335
1708498096
1603893913
1442878292
1404619271
1200827373
1222527031
1139191148
1038358689
990290742
813397882
813436355
571563066
582851648
150749604
571112248
577967800
577873438
362608590
380375856
330527067
175902409
126230659
82245721
57267823
24080075
201834885
27695059
243633519
256317794
161746033
88940184
31540981
9060652
122004743
134646887
167539747
128611444
96661711
110028465
30275221
126650625
707621865
890981492
1091960617
1925040419
2381024440
4945631796
4784357256
4839634696
4564073730
4515990947
6110986091
6224121420
8920082076
8931247394
8378877772
8448821221
8085435203
6399447497
7160757955
7051830145
8417507088
8951307181
8440001203
7477160134
5777569283
7381922444
8844286772
8811973460
10016125420
11306441519
8630351862
9995714949
9614435233
14828542115
13714829547
13408561665
13226185518
12155520484
11953169773
4617661672
13486277289
7171205623
8932385548
6942872424
12695094747
5707211881
8058367632
8066635255
11702493641
10945947977
16128310139
14237723673
11634053794
13891259510
15753586402
12657159429
17328620891
14352378875
10938125461
9541894871
8176524784
9445470277
12189404254
17532322976
11525799218
17132722148
15668255368
16024958017
14689559293
12213394024
11826398982
15478259180
18277415056
10911892304
12107135008
10788085231
9613292300
10943605529
6012238954
14606293049
10445559775
8227221207
13794959167
9468411564
13896443058
12293648472
12040210714
10760381765
10539745497
14132272107
12901705232
9599140764
10895902945
5394643903
