11807313433
10988118720
9458519058
11934093701
10964368416
13304448859
14724710767
10654108903
10468308338
10788806337
15229420690
13278921640
12631463992
8433037326
14315715474
17966160388
12978093294
11013775793
13778542859
12749904938
10074017819
5837808599
5441018132
11882492650
10461916578
19273392209
9784557215
12680591952
8239156688
7427741457
13144310906
10148528822
18955328736
20827650191
12667548809
8435277522
12907541283
14943231261
11733415480
13115152568
15249661609
15236734934
11339892591
13340434977
7227170649
9943258783
12765971808
10668553486
14432707257
12664967641
11147529937
12730227836
7411708008
9179691550
6340839861
8006776948
14501978750
9219977071
9428980250
14445211772
10495029036
14276734918
9902484313
15440710405
15529434557
11395805533
14298807098
7149430295
9252456824
9970638956
11395646274
7323490183
11027573958
15413846644
9767727563
11595436180
14344762967
13014503549
14193211168
9364173551
9457185365
17200906913
7583537028
11470790444
8940500048
17509028118
17105338919
11263509176
9879292911
9805510347
10685897165
12897025538
13092283879
10316876498
14797395926
7766450797
14467717108
8775306597
7538919620
14144991602
12311581015
13936841689
12217051889
16179174523
10143651182
14503116425
15289248538
20437231197
8168983019
11204752284
14204750866
12857802021
17071995831
20003593041
16936637967
12096039532
11106376282
20457043551
32159557721
12122722185
14543921319
8957927194
9951724786
6780576850
3582151936
13109830086
14764490982
11225367853
18189577661
14847854124
14478079794
14433766883
10711023448
10059305579
15723608575
26090611973
16119535856
11824430540
8704967736
37582099927
15075657687
12486506673
11681584456
11922791484
12954411526
10882256572
17704407663
8288479976
12745786432
17066984299
12684112869
33439771632
15838168007
10502196724
16526918841
17896480073
10528424081
16719581019
11055343293
27062767420
8697443454
14116214705
14532209064
15636504839
10639367754
20820257004
13740779176
21419894727
12273227880
26601673665
11534292264
12438417352
15771445355
13131060910
20781728710
16380570850
23050257290
10682202906
8953377089
13957126268
14076180472
10132269333
15350998882
6511446445
14906035505
11412489836
2194488125
9116285766
10231120181
11272430310
8306600668
11079658901
7568587786
8986854937
10874830199
10437361888
10042518962
10549198935
9843085901
8014125019
9265177796
7161769854
8745255516
8562435095
8066603299
7575257610
5895287140
5911739808
7017304863
6633414989
6250024384
5867351759
5490171244
5140997628
4784234799
4468328849
4163709449
3873672788
3590842288
3351160514
3123755871
2918627279
2707968914
2524103112
2150556270
2146423544
2070374353
1851599006
1711975250
1662632167
1562276827
1490787280
1213029769
1251014285
1063665736
1132176384
1017872727
976838608
837565184
838070136
741634266
748130784
354068887
632375877
436949858
511918368
309611889
392701834
162772133
299819956
210942325
144423013
287601266
239155883
250755657
185381768
215168545
250445967
233578382
96228084
158586856
114250967
63877769
152092588
63758239
93994804
20712855
139545759
107803139
33394669
122060466
211905969
1699192081
1897722127
3086824789
3831928196
4577611047
5458605248
5651513356
5882800635
6837513172
7163876793
7145483324
10707985175
10563645827
8370179050
7376786386
9627629457
9090905479
8393205160
8426934347
8201882586
6744469125
5606497566
7564366041
8572328074
9089900054
8651878168
8769105927
9025208360
12355413267
9164566897
11854065015
10994153682
7268754598
14611810746
9609181791
10283845569
15172233733
11903075683
12354752147
14291397158
14705046810
9779923667
14386485616
8195780808
12955625729
7876095327
15150618367
9104271531
8650781754
11831773244
13247057879
8380969840
13740486651
6299524157
7825726386
14771866089
9633276717
12708788784
18390596022
9089700416
14382264598
14122845976
15293519077
16199005115
12064565320
13954816706
12588159620
7651963066
12048532174
10633987284
16250593915
7290797587
12162879459
8282027844
6555443224
17553373940
9585094107
17367710144
9752806601
11257221741
11604382856
11085332667
14950369884
15599564458
6337971427
11775497952
6854824164
16849181331
11775108720
8780930555
10599032513
5709124377
15797342933
