12422333582
14073122960
13370053244
10694744537
11984700075
10694444741
7631154847
11144364024
13574589817
12810150619
5848745775
11523715131
12045792195
14367825337
7727675268
18083327457
13243724285
9182818842
12502782836
10676042109
13077669814
8639672903
14566576712
8282327513
12796042665
9825123072
13626322560
10215359757
10352501192
9132438838
12796873520
11784804802
11045645622
10324207847
7940205014
11791096392
13734708298
7974674949
11462192532
12524597878
11843574307
11026713636
13583211366
12326332492
17919109461
12101489573
13073924159
8730434952
9528436773
10720395675
12213977977
9307854744
11626856341
15165710492
8085821591
17465562520
13117936767
15542029709
11851467388
12964353745
13175659316
9507573275
11922719156
14774368615
13849763867
11246619859
15365445339
14777806013
12131940004
13563891839
12337784455
10651512933
12362003478
13566766495
16163929111
18464097473
16220503577
14150009051
14100587268
11467800282
15881799803
13346413528
4395946638
8041530800
10750731103
13981616785
15775650425
9163885376
14415370725
12650748952
10407739815
14700044712
10417592011
11779782874
16970924173
12524979386
12717346980
15487209297
13663885591
14338949441
14706944074
11509117406
10039984820
11383910727
14328036183
18051584081
4176038017
8418803996
8285118970
13552028077
11298632421
13549564657
10898066282
17732568480
14582658571
5230385824
6746184854
17169689641
10084707765
11940037356
12584151205
10955949418
16338378227
13999738638
13129854408
21412278287
12194006579
10130786685
17599170086
15012667171
12534879914
11387387561
14290414746
8829652743
9313598324
34482464838
12883374034
10779133245
12908630881
10511149348
11553774822
12488645990
14868707592
13505702313
11804699612
8199081804
9377357362
11483442637
8584259980
24576256609
5513231394
5990136583
16762968539
11996784202
14093404990
15545824075
25476124203
7903106918
9841145421
10197095555
13864271266
12145452896
11009134596
13664945914
11608527817
20606096641
12949769252
10032526659
19721706210
12585528884
12610878497
18021294356
18641316988
12523923977
20689427429
15580726281
12721425706
13848364337
11170900373
12385909939
12900615502
14858260437
15894135256
17688888408
9847311565
11983966698
17000044556
12575566363
12046584880
9869699654
14543632171
13538003610
6834396228
10719505734
9888900623
9629968399
7163010859
10055438301
12313592777
9213706512
10652051484
11768609717
9856508342
10782040135
8284340873
9507045428
7150669921
8331716706
7859251481
6817107503
7777633424
7354356488
4823769258
7294785670
7309984706
7020718272
6810841237
6972333814
6043830415
6534367258
6669268014
6685468670
6623352280
6700475173
6424559196
6021360689
5490536947
5269900704
5023549042
2895754154
4719629635
4506918249
4247805032
4060892085
3873293363
3689586312
3426061498
3180979854
2979064361
2720099221
2566898872
2473086190
2297825556
2127355390
2010076535
1747386813
640419238
1659514660
973055399
908675447
594032988
1692549891
1637166945
2733794635
2789889562
2643236660
2611972681
2388814925
1710003713
2332412473
2221901264
2343167592
2457984798
2594794531
3197465846
2612567312
3280089912
3232340216
3550766983
3960981631
4484216018
4392097167
4364512284
4401022922
4284874279
4347110694
7652789096
7546291188
5879740978
5322001469
6178786609
6804543067
7998402785
10275857757
9676441593
10156293113
8254802220
9282073852
6800727771
7898664051
8453859762
10214843311
9915772618
9491445929
7739374945
7331251009
7905705563
8665221198
9774541735
10508044832
12764625942
9392876789
9652834611
9948186008
15642389522
13354202522
12701894809
14140481353
11310034066
11969581433
4895837443
14081581449
8187215580
8477697944
7065475923
12700054321
6204342977
7940843847
8138282058
11147678186
11325979471
15234992936
15753299538
10959900869
13835978473
15836589421
12910164337
17909261000
14209969860
11042509247
9109427704
7791076171
9906836122
13304230629
18453518442
11330390374
17461356150
16265532540
16288865288
13925790435
12215114993
12029824984
14619805159
17369979986
10480309479
13058438978
11199485419
9409096404
10129757250
5923074416
15030805627
11211946083
9105392735
13391827958
10238975863
13836214938
12255766746
13030664882
10706245306
10318953006
14377770159
13583315077
9873163737
10894982171
4691331572
