11970134233
13658820152
13236188057
10748078261
12227814650
10473122390
7852983067
11176999481
14440560856
12957515655
5074904554
11189747183
11384710923
14428444709
6912515852
18414478003
12779718009
9910089920
12003290789
10646675981
14031996950
8353685310
14810565426
8208275332
12873035006
9738590068
14352491198
10309029202
9966175798
9306632577
13291491216
11896560750
10852980865
9644748194
8619797161
11616465887
13601992001
7764231683
11336781656
12754856730
12031342776
11046777359
13441145729
12046751946
18203822523
12394834346
13099283496
8785520156
8779177992
10690149505
12225112436
9458292017
12210929329
14762099656
7724025441
17088300253
12878802403
15218706900
12944396724
12936668864
13098000256
9102033086
12380178138
14630203708
13466602483
11255917179
15374533158
14801876403
11923629753
13634480902
12455094098
10710193128
11955253737
14532004289
15636326974
17954971927
15872018046
14466376220
13768187676
10468515861
15811748802
13057718946
4001648071
8370987269
10844545603
14080959886
15846718156
9357997554
14498667679
12495027288
10566153742
14024351677
10304208522
11201141817
17459942716
13062477595
12610467086
15496820004
13555977916
15374565789
15160887607
10993938055
10164127917
11777726860
14199548815
18483222692
4506408253
8334041833
8368600128
14385806727
11448509025
13560122510
11530495205
18851636040
14511926059
5146663323
6634252985
18913050835
9982172945
11724593563
12698702552
10527512992
16403953788
14094437000
12895527267
23498657663
12665286428
9752982446
17991272530
14749611429
12035863145
11249797291
13671162223
8875483918
8578825316
37712772940
13173053804
10313662156
12900163175
10085162180
11740391522
12356038763
14950326110
13033476236
11034742567
7649142720
9415956910
11228698732
8202895690
25763045459
5894090354
6423793645
16722421878
12646629306
14432785634
15956157507
29411020616
8036214195
10277744192
10536576691
13394138489
12448075991
10542865451
13366947448
11138141383
21732318323
12070976577
9979005252
21441710844
12567128992
12215916039
18343993753
20199968335
12243431170
22319269187
15947929595
12412092808
13458918075
10331273535
11781384391
13687675890
14889105508
16563545421
18182058981
9239141988
12112901374
17181713953
12049491997
12132963749
9956412741
14308117658
13632658774
6796309792
10468522610
9746828689
10031476923
7189467678
10261442466
11094825430
8956038620
10616569715
10886161004
10379543696
9700010779
7936005848
8619144461
7116759185
7517974253
7326886284
6381709287
6854692338
6744859890
4339970127
6790095238
6592951332
5990549813
5641299659
5540010046
5447003260
5182881608
5172416395
5128435893
4780085793
4423031958
4140155761
3915252613
3641990344
3364988762
3184919889
2919545313
2755156168
2611329322
2450915409
2284968097
2133768771
2041327553
1765226201
1724546496
1252437493
1412886929
1392800936
1307507670
1240748580
818502854
1075603630
949074786
233027263
867894690
794594211
551437228
583112078
81209558
626448244
555330429
532917626
499683860
483514356
524603535
486730184
428835356
542260940
537360305
584578958
571301880
911719768
1208505002
1272365980
1380912929
1366523277
1395040204
1859678640
2269781380
2424822385
2511267036
3507874085
3456081083
5763851119
5699498609
5438028703
5610467765
5660248429
6199625208
6822375273
9672944559
9559266846
8450124393
8634263421
8678469760
6191787168
7642420372
7403328087
9496962370
9336380434
8868204879
7393631921
6559880134
7863506365
8795136809
9174585958
10208979884
11539025895
8874196098
9934095909
9734719440
15182773645
13622594820
12918962711
13592608842
11846428762
12034119104
4768223289
13707314318
7544333748
9045753739
7008367432
13288021144
6088434854
8293644188
8287618415
11457624560
10959223812
15866693939
15027548160
11342630383
14070388461
16228363636
12500243275
17698634583
14104695645
10960056945
9325497255
8145511765
9726995986
12432603179
17876403233
11848034394
17075712674
15892570803
15995291298
14147256607
12240888837
11788358106
15276267261
18116024554
10733750134
12481420753
10892430178
10064415122
11194277369
6213783927
14899887660
10815260402
8537702937
13875934659
9298909446
14214483639
12165981038
12286349119
11087960716
10597483278
14133020125
13231096876
9740552132
10680168207
4996929916
