11280512381
11094088419
9600668802
12324931292
11434098023
12879514394
14450785954
10892972813
10236282960
10931291668
15373157920
13176794729
12737811458
8449698691
14082496695
17561456564
13166449820
10651735072
13453981232
12519116094
10501343358
5965840966
5541510821
12248425231
10980627892
19627317784
9583258075
12228619057
8872182520
7967493520
12691041533
10194164526
19052791910
20938426135
13274296416
8577210739
12741595005
14576532195
11519444544
12992507808
14887904677
14834190111
10707812740
13465116377
6799595066
10489759747
12572486692
10158873929
14462007408
12538358939
11554766557
12342015229
7830559591
9094724191
6382214306
7914512135
14268804247
8763535063
9410419896
14260673195
10242955944
13775646464
10164816445
15384226350
16175557099
11652646615
13829763877
7413616938
8983762789
10363671918
11147348189
7968528512
10865259523
15213357707
9723665568
11956593190
14110594850
13360212868
14060456229
9300798117
9162460939
17662313170
7746815477
11608189157
8944258462
17436075459
17268225850
11101316597
9873426797
10138775741
10852184240
13108563053
13184864289
10475567288
15018246046
8037548381
14797862675
8701699108
7959007410
14313019034
12639449951
14128012555
12135713738
16446139464
9910201882
14442174651
14511439879
20240011595
7695016602
10854144304
14507471866
12772945219
16888571824
20117626862
16541852396
12266707339
11093375796
20339095158
30291437354
11920097709
14596164876
8927179844
9672933706
7204132045
3645855759
13368775630
14640293923
10514148483
18268232595
14368721377
14166518093
14343151369
10597654697
9703090100
15430058721
24715804259
16103888491
11722050338
9048926533
35991164095
15432376894
12128595407
11643894211
11728166720
12670176130
10291827856
17441541114
8822921718
13231760079
16875766689
12511480134
31870694477
15818428371
11053559242
16279798651
17908987998
10600505173
16263473141
11372839404
25609700245
8808297007
14252908739
14488236613
15382220052
10732099037
20012636958
13990635362
20557371987
12068591315
25454724981
11911738181
12229604923
15770346059
12963222222
20451919042
16247386960
22415787504
10244691076
8987681251
14231228369
14053654729
10304193111
15842378176
6638339862
15160589542
11552421210
2133742611
9689733714
9978573970
11955657197
8672945144
11574827871
7434445315
9153717497
10939986194
10768546899
9891747888
11184199236
10718497916
8099563408
10149534144
7050438807
9995234849
9456765212
8909821118
8415856056
5871313392
6371713199
8487240668
8393165444
7879660023
7430332042
6933758348
6522086523
5966179222
5681058582
5263779296
4871888712
4504614047
4248165271
3963218888
3663159847
3416640866
2384492954
3029871116
2742343557
2613263204
2366004374
2116433639
1972474336
2012920741
1875118293
1507964631
1675502122
1323016190
1294582113
1370137374
1274795767
1065474406
896516441
594175433
687367612
771874243
761969540
522408811
552584974
316411374
509331852
414192196
445357248
199086605
477873586
431338499
388720988
387156099
265686493
194136008
175987436
290633920
57793341
225812140
240939360
145453800
91109039
19844414
18862074
81444058
159004880
103014972
109679832
56369800
1683564162
2933181326
3202953512
3809569583
4878785902
5289548958
5970835506
6631925386
6424960827
7475406211
7793746837
7624349063
11117576103
11051065178
8164720039
6897957036
10337735398
9372467598
8650820922
8911728683
8451235722
7090767895
5371257261
7990316782
8979009449
9377495554
8443583955
8872686259
9512319938
12909110107
9030463147
11916437645
10530529725
7009240751
14931998818
9664708907
10828067924
15321611375
12068766369
12490953016
13933374468
14786659961
9437237340
14459734498
8680227486
13730982259
8181539037
15173932451
8927424897
8612934199
11579067197
13615919498
8469534500
14010878562
6532413264
7490937397
14876718803
10023743464
12686453005
18284475036
8939368611
14198123951
14314275300
15257680278
16306639583
11361599375
13995158033
13186575484
7618744009
11794470657
10440680552
16365391270
7285254802
11744985387
7695945046
6603604694
17319623915
9195544259
17015194958
10309653744
11072775011
11098441482
10958755284
15029347571
15411634184
6930474009
11572576967
6726101702
17090655869
11680402366
9066989899
11285480324
5664224518
15634825610
