11723663865
13758723213
13198980210
10853137316
12292385044
10527379015
7788011787
10808617984
13907438064
13116154760
5134195874
10966516986
11155645155
14337765235
7071266944
18432289742
12630809328
10053617879
12140264729
10655808363
14107072109
8363963511
15098334485
8180971571
13164733752
9879302074
14099600284
10548917269
9992484952
8869909358
13344517405
12041412337
10743743951
9300652272
8468970960
11570370126
13359363857
7525170461
11223994729
12349655952
12039855115
10816944176
13260332557
11890545869
18380516949
12332893445
12947163692
9141412441
8601425011
10902708398
12306711860
9439482042
12298103170
14679850116
7445050956
16940093255
13034446901
15155096684
13084325842
13008107439
13183587713
9366743772
12360704932
14590778546
13345702682
10973356661
15439107048
14597852843
12048393879
13721277479
12421610026
10668687113
11868045850
14694895697
15700570120
17956868071
16024093997
14961243206
13812267029
10284024983
15816433742
12947233544
3733846517
8480853099
10984326670
13752534857
16373683160
8934249776
14652711812
12699870324
10489444306
14586625422
10191745337
11486530866
17542366637
13049895039
12799749356
15528248524
13517013648
15192262970
15419149506
11176962766
9932846604
11826822206
14470936428
18854156582
4450072632
8388935107
8171660265
14156095917
11281106469
13001119311
11790749960
18887217163
14391819425
4806363634
6609107621
19534375989
9820871416
11665180817
12621285075
10600831222
16858490412
14012146308
12816432211
24378396526
12604334321
9569022408
18161826617
14542487778
12055955572
11338375534
13998494556
9057767105
8092903076
38753344366
13229122247
10255571606
12850370764
9930495318
11908338002
12249033752
14986767965
12674561547
11034600533
7631237079
9265270867
11021279546
8145037017
26286244696
5961268185
6440968636
16963536420
12612737690
14452586413
15756603393
30364189736
8066248156
10210971971
10578044617
13415650655
12155542341
10604944891
13013281903
11178889001
21920620774
11993992061
9927456854
21975076480
12660346527
12077832225
18022740822
19799429213
12138499753
23018133926
15790938687
12927364756
13208084829
10487005953
11619396687
13999930601
15083429535
16610015822
18239935609
9160698580
12244804561
17023464187
12019038979
11512510805
9787455137
14226064318
13286064507
6631319464
10443980285
9735220469
10057566821
7363929351
10310073005
10716409906
9202830499
10346737151
10521752664
9975711579
9493557137
7958219040
8431098139
7219494521
7309250943
6937386662
6465699327
6678809163
6449521852
4044072251
6450425772
6179888995
5836878416
5713139348
5311427618
5226124019
4849474931
4501684584
4216641043
3935823882
3708315315
3444885719
3214497930
2995423524
2794045939
2557331025
2449869928
2297692118
2151319279
1999631719
1865087378
1737153454
1575238557
1542705795
1398538910
1206760275
1198272295
1077560913
1046939974
737086194
362959742
895776504
835294320
301166949
678349472
578876214
625833552
495091152
5969299
257083340
334402793
456252899
379045184
264404827
90390819
388360042
346014029
253396832
136089408
324154148
396920212
650602832
781090107
633293356
1045845105
1042216497
1249702671
1319518854
1686762652
1841293047
1952657804
2964248871
2985635147
5408159807
5508030335
5197064160
5317761927
5390073396
6063771919
6574103908
9712593164
9462933253
8116254475
8490399216
8294558577
6389042998
7575703282
7415386399
9143112953
9354840204
9056939946
7492346849
6317327276
7787427216
8693038937
8751031601
9956646289
11418143263
8601144909
9942526857
9790591844
14947377614
13782167240
13196660144
13524675110
11920651708
11760750279
4887471928
13454071926
7217849356
8866438692
6789976162
13123808597
5803734630
8265014626
8304671221
11503459891
11093870661
16038865606
14483460757
11403206219
14103480680
16048186588
12537100691
17769709431
14218773059
11015525116
9550819801
8120340927
9641605451
12267333072
17857675124
11626892777
17151318012
15948599679
15878453783
14499320156
12116370116
11938760154
15304306354
18203304813
10810307693
12500974331
10585065118
9731615343
11027360202
6257781988
14738599182
10486262442
8415962377
13897242902
9284535981
14102640402
12155194051
12218062685
10900464723
10697518827
14117663231
13105525875
9566006547
11072492385
5086614508
