11110864349
10819946703
9630274876
12535842161
11713129293
12979722655
14465495335
10985706364
10243378415
10810711604
15189367865
13512545948
12748698150
8495340672
13981691877
17090797214
13206816258
11070600772
14009407504
12786341178
10550739868
5684341195
5935951759
12568238577
10912080901
19570016485
9777291506
11901144990
9004971671
8042925218
12225199634
9891251262
18765827563
21039688461
13106967059
8503706508
12524609124
14528193080
11414731988
12765120117
14898937644
14896098503
10196178364
13503975705
7307945969
10762459080
12524100019
10400020714
14689478229
12372101719
11785788495
12155542216
7248810698
8755082799
6403082896
8291479668
14239462338
8384421711
9885016177
14429126306
9954501220
13506987692
10303020494
15245602738
16376902476
11575178775
13476108098
7877267751
9028397312
10595234066
11388916770
8128468528
10708429336
15536912589
9809386652
11720533241
14119006963
13219801545
14682274115
9301659530
9007230399
17718031831
8097715619
11834952563
8875587604
17412099841
17147231851
11121396161
9651047156
10283354928
10909891206
12979410529
12714022021
10498569678
15097491764
7904928651
15228672639
8714891657
7860327085
14402223592
12676493562
13865114793
12080110043
16153610917
10218273743
14508981464
13973628261
19613036095
7538729071
10843154642
14820147356
12388178537
16412908381
20390743417
16389642895
12456167488
11123964910
20032995606
28983250045
11806927220
14923423889
9246649656
9785908712
7347583351
3711386629
13462918679
14667513722
11011876636
18058747638
13885124895
14167987327
14602430145
10419453489
9868551112
15396567033
23814035084
16131048080
12232121880
8841550611
34856043324
15595690628
12491882140
11792750015
11907125526
12343665558
10315475910
18092001080
8682100503
13042436313
16767973516
12367535796
30807764237
15626546395
11313904743
16246389636
17484257265
10436233723
16817473473
11187447025
24263819889
8710422893
13826588960
14354207311
15409592113
10483464115
19538408154
13878654325
20268788557
12079586919
24691584300
11670236889
12634293868
15430750343
12462085450
20177409195
16464571716
22349469271
10244739536
9094341557
14668122755
13925800433
10118991889
15418883623
6484429311
15186327971
11627490701
2203196199
9660749240
9867951016
12048313362
8724210407
12539176297
7669937841
9458396316
10981003961
11347011229
10201041255
11411037758
11242143378
7591842696
10161322146
7285056291
10257235420
9786281479
9252571434
8610291852
6109233397
6506402571
9232641710
8993781277
8776697111
8484580359
7960799967
7377993007
6280642213
6479522629
6008885070
5586398515
5119256779
4714862941
4214445813
4226367320
3938683210
2466403710
3502911958
3242375548
3013110067
2828042609
2604663225
2373881862
2321022820
2185412197
1978509919
1903770209
1778806857
1697633876
1550342780
1395474245
1366008504
1185201739
1194295675
992661219
983301900
917383803
845436474
483091057
755344745
674111072
543520584
618227100
360797601
306828422
485982699
507436758
408012571
467889234
416655157
422830949
346159411
194432401
387875229
545875529
917508509
974550830
932626101
860722574
817387264
733664102
647701354
758073850
292193228
2456049478
3360711759
3685132465
4224141939
5529434488
5415111059
6136976857
7063383390
6912912376
7622675945
7845875687
8024308518
11206895318
11361071902
8098961884
6640575100
10261382563
9865321558
9059917967
8795484521
8484358729
7000476946
5496734087
8034422664
8879522466
9889659445
8744826208
8794963029
9612844781
12958502771
8653338010
12236549606
10957588956
7125783388
15163105075
9692776272
11105277072
15166480660
12258456237
12185994277
13849624589
14553956549
9303220135
14601705326
8678355623
13700571157
8293316496
15203893150
8807164442
8460256436
11360464590
13635117274
8396805803
13668667726
6518968011
7376822058
14658053348
10148849421
12845025782
18315993111
9085222730
14124503161
14131141651
14976455868
16376767770
11920828826
13917006244
13340722581
7439295484
11623923682
10464724956
16065735823
7035637391
11914598648
8010565542
6664909128
17551559852
9158088838
16869231397
10734274788
11231840541
10978462953
10540047696
15227830182
15236992452
6762667907
11217861880
6902775476
16589285953
11644423512
8780725328
11292474054
5732406535
15769277280
