11890718149
13816050231
13204991514
10824876539
12302540537
10698825552
7604680151
11093973698
14364309217
12965660564
5366404970
11317831890
11383003999
14347991482
7167132248
18411091442
12922429956
9834864051
11873530972
10643009104
13886334158
8310106212
14978540844
8096743320
13005049165
9820452520
14225133758
10462218777
9976999049
9196722972
13185158203
11963145267
10624041902
9464344519
8529153516
11742511520
13741442449
7746255243
11284502218
12515833760
11971333037
10993255820
13263367432
11984681397
18172168022
12349325441
12850047767
8975505361
8785872656
10845116191
12278307769
9352627660
12294285957
14699191130
7582144586
17121625314
13007789567
15270347346
12970841669
12886105733
13113256018
9017065390
12427469653
14481447274
13630668689
11197732343
15487018489
14499939892
11792027684
13805996843
12431486585
10507444403
11942586533
14447975672
15651505087
17866287175
15885250962
14598015360
13778953303
10335760553
15819465806
13175691454
3939340780
8416213319
10899743487
14140578382
16039715198
9112933603
14665894888
12630168184
10521904736
14297041043
10188865376
11472002447
17440148382
13142148069
12621255351
15466923407
13603304757
15368715177
15160358566
11126349446
10017645369
11727293579
14382644984
18693520511
4582757554
8232861699
8284963699
14181262667
11716624563
13488096580
11672982243
18947176048
14614040900
4878214526
6458250264
19206308632
9846738473
11739208687
12794244142
10569144507
16449106904
13942033325
12733258109
23889602259
12638771497
9674240715
18013732332
14826355535
12063006426
11301891378
13756050630
8884502473
8392069347
38146622736
13129207360
10401203919
12751075003
10050019194
11702170558
12340464421
14961034633
13015437279
10996646182
7658708929
9537165864
11049681076
8354092331
26035377047
5789095643
6333319860
16756655476
12639144978
14388273033
16227307707
29756904624
7878368396
10190480334
10500119757
13288398825
12317151815
10651136271
13367510095
11095326572
21760101033
12101224208
10033327630
21524542231
12547018894
12113622249
18329312104
20083828486
12180944844
22485303164
15801820066
12608873716
13341454159
10377114571
11827760018
13761030516
14937363941
16508076584
18169133466
9303107996
12077720463
17278249571
12149788698
12005209972
9909556172
14176460025
13485701485
6712726453
10448388999
9801777284
9852457973
7297738540
10242326642
10818457052
8848668620
10495316195
10655591168
10256260281
9686524921
7963864069
8468042186
6926796759
7419729624
7323007966
6494413242
6689951982
6641280806
4198547118
6743057277
6332451871
5919674845
5578864421
5484076608
5410883539
5097669595
5079413666
4834102386
4500353281
4275406737
3913053163
3695536226
3469230178
3159333841
2979139179
2801764284
2629822429
2490799906
2254925096
2156339002
2076480334
1928813780
1749862042
1631454679
1328013482
1387098353
1316480384
1245573436
1149714583
748562868
1008795086
933637705
48708879
775567778
771072716
459817296
581754100
24590499
548407982
577349916
553318733
481567140
503393944
474587088
277325884
305237102
274001161
322765771
346907464
307240396
838284534
1135210718
1094974520
1330793112
1231979182
1247982737
1661807906
2286262777
2222380854
2560271641
3294079183
3234234744
5594248045
5630262221
5301194070
5476892528
5536998828
6202549993
6754705897
9517383499
9550087064
8236571186
8442084675
8648673551
6301439306
7711860437
7381525464
9443563513
9367692598
9131913303
7619271190
6450497963
7886243523
8713885844
8959086928
10042708375
11540599778
8893613123
9933319682
9691071994
15101600798
13457966259
13036719565
13633919951
11842099413
11797700076
4810296582
13528684756
7328809118
9060900805
6808356431
13011511681
6087727858
8255208895
8264549352
11497539293
11130903936
15950184090
14922309845
11421169618
14064229080
16090852160
12630113197
17671496807
14121192510
11121605353
9485429844
8308077227
9804434361
12422652178
17957039824
11775031583
17187364253
15964982608
16054636522
14300743848
12188384743
11846979518
15349571367
18059787044
10728504323
12467406754
10770728826
9960892057
11051918850
6296602172
14762611718
10617920250
8546292608
13947017217
9351007597
14294951577
12085304751
12322622135
10936961158
10411851048
14176016213
13161261799
9759258777
10784963813
4995809927
