11424565812
10936924555
9497715992
12241855940
11201959864
12861034717
14790367934
10689693349
10307271422
11195553184
15270323630
13002889001
12513731985
8621859510
14097692592
17638549041
13148577321
11091353074
13588314813
12597921333
10163282302
5755941149
5571018742
11786630107
10767865483
19447594217
9657111375
12267652442
8850581181
7726974826
12745276768
10269532478
18937919031
20848414163
13101244227
8630148399
12765362604
14684995506
11833776900
12966571818
15106156166
14939438906
11002416639
13577916383
7021985569
10210879213
12668248240
10336557380
14492393842
12711563922
11599935881
12626549866
7758810532
9293970147
6542653742
7976189868
14400244591
9004858752
9394725728
14592556949
10272680110
14023779729
10148551456
15506703625
15930406139
11232752833
14150919701
7321300338
9100396349
10279853199
11267723292
7936256752
10626058536
15150575468
9770394614
11786730589
14305067818
13337001824
14017186675
9229567031
9190388854
17404522801
7690836121
11577105211
8870402693
17556413916
17325663158
11252814951
9955217588
10095375143
10950507459
12994395229
13122352110
10618889620
14963221026
7868037579
14623687351
8889938237
7820048460
14220820105
12314450395
14202300650
12016854295
16238978720
9918297574
14640263794
14838832050
20186380372
7680471398
10947770284
14395064134
12770139380
17191860346
20122728704
16746475738
12024641122
11149622081
20436321446
30977345687
12186829539
14758504730
8823594165
9743842548
7134974809
3638878475
13110931270
14597925665
10871210967
18360553095
14575333849
13954530562
14155271584
10439833446
9970523859
15756398702
25537082435
16046271300
11797345938
8765635902
36623537987
15220700798
12422085379
11685911213
11710827987
12660239817
10578123249
17622412598
8718173435
12963904698
16808394868
12658619159
32653780806
15816089349
10777326797
16381466730
17710931595
10832163067
16337911733
11228772908
26078177968
8943708009
14183483234
14599656394
15704926381
10731029991
20174628974
14107141830
21108244393
11949176903
25925258517
11768034827
12164504401
15655820629
13060742383
20565247393
16385055857
22649175644
10220585154
8924397029
13947515779
13745394872
10246889561
15469723985
6496306038
14876320557
11573258425
2250582530
9676456200
9989693486
11679605601
8532599765
11346734315
7391112792
8995428864
11109459092
10576350271
10100744652
11118328314
10450487616
8147246015
10028697081
7282471431
9310146763
8916940689
8448658828
8033138841
5774950260
6283361514
8031973325
7661715815
7224060849
6760022030
6350598257
5929671197
5452885553
5153908981
4802506444
4464778425
4134901549
3843607957
3545745528
3355721610
3152338758
2398537166
2673966220
2564119534
2315148156
2204126146
2000339872
1950929693
1815062916
1611327721
1177762656
1411669053
1330259868
1327429626
1055136505
1136775168
997589711
984345227
725501117
810356328
808073408
577177861
632748283
569791086
6752084
587879757
432650552
386395689
461765107
394484553
293525571
180064252
204590462
326580092
62077366
257880649
251886926
212743211
255771773
180157343
181678608
150864984
58514615
128460530
121231965
172158447
137260336
100226794
100708371
947717695
2292824497
2902506605
3390024464
4458748442
4988343332
5711578668
6217835992
6424195824
7162395861
7431332979
7605405114
11068015733
10609913040
8078749047
6972974579
9971602049
9386209671
8436072003
8714012211
8305463034
6854101371
5360210049
7996345932
8745925339
9402194413
8665629322
8987397357
9328973121
12530286568
9027783340
11821847250
10739467802
7181403356
14647230181
9381132810
10327839509
15268360569
12081481059
12657270608
13823333190
14721685306
9665628143
14540877323
8368330282
13333782154
8390342594
15203084299
8933888104
8580955847
11828871307
13568676910
8383337099
13996467704
6449191109
7574411858
14730850028
10116841856
12784880900
18494660750
9158548040
14172042488
14270462658
15237138056
16313517943
11834067980
14055750589
12841112953
7664413435
11576722281
10316243730
16284411148
7335647594
11943271523
7798969739
6504663292
17291261976
9209727198
17038449474
9704210259
11208038151
11225953618
10924983682
15184777427
15371651048
6547883028
11776121721
6681466282
17127077203
11565398147
8933345777
10848061679
5743086492
15619572305
