11764497546
11130506804
9417408100
11980578016
10985570092
13172540959
14684357307
10706637316
10345667868
10767278032
15124656246
13371260844
12642706001
8515236352
14280539568
17870579262
12978869470
11003313712
13715976444
12708312490
10056560040
5875267080
5457140168
11946611379
10490226558
19151737075
9874088704
12635198149
8309751744
7304431499
13123485159
10095078811
18893473405
20793686876
12741422957
8338296724
12790527991
14961231260
11715813769
13110534224
15118368796
15236700023
11326285916
13236630262
7288795828
9887122109
12747876631
10683090309
14326466700
12693292086
11153610851
12781842952
7338584210
9311401168
6250254601
7994606826
14488743296
9244425712
9505136646
14416798009
10542883976
14362410457
9920269262
15457319238
15502640312
11400528196
14144039893
7064607359
9304423209
9837886575
11469746439
7332344593
10928488223
15247443247
9740074435
11619023351
14292653065
13078968132
14254608990
9249349585
9349173872
17164886618
7650441906
11467422870
8811337007
17523532181
17160521046
11138539859
9906587853
9739010910
10743895930
12909981898
13136403225
10231972886
14743890353
7738458590
14402250361
8828574114
7498762756
14125174056
12302180626
13899925827
12303001647
16085230145
10281418017
14395336010
15334534035
20538951926
8150577541
11150774535
14214801925
12827522089
17041829062
20060068028
17004516863
11916642756
11050268879
20664470093
32729011068
11929971650
14550618603
8924227654
10079918865
6594335364
3728373766
13115262365
14761299420
11342713381
18145473520
14896567752
14461195103
14376328380
10692379581
10142450248
15672420609
26604264957
16146913687
11956517720
8609991776
37960547041
14922055806
12398975076
11709357402
11953750833
12956332537
10730028948
17615703417
8383186295
12744409071
17001033118
12746325515
34097445957
15859280611
10474489642
16446014822
17975842402
10589095561
16582682220
11160179349
27419576970
8725720167
14155848005
14604979165
15596198193
10780373601
21202624294
13646665356
21680366561
12359217518
26901466688
11607573885
12426390813
15797153448
13136225655
21027370209
16333761858
23160394654
10768611567
9039267437
13867102129
14051337553
10130077280
15386418960
6415820399
14864013549
11266974535
2239366234
9160549493
10313806689
11152115178
8263191991
10993101475
7645691933
9028898734
10663204836
10426596949
9992432989
10335066025
9765264547
8090425683
9094869256
7247123011
8589515177
8235471232
7890209722
7393590224
6005233792
5955051874
6371942602
6030345592
5683667750
5324602508
4997212692
4668545812
4351808695
4063698703
3757617719
3514758429
3272166310
3039537207
2816578553
2637344003
2473518666
2227026772
2165562406
2022916418
1870137355
1717678418
1641620423
1526093592
1417470932
1331591481
1146209040
1153541655
1088312162
1054388031
979559140
859167859
811582199
781272754
724877963
656940621
422694967
553373535
375916222
505352105
235827052
410275487
340803242
325451207
232829647
135255725
288952662
152909498
171546293
154491248
140423246
187545872
183706429
13807981
173430765
83408532
17031470
157900098
3623913
61403214
101275108
68033024
112199842
95191420
69471690
69070335
1320735208
1486853398
2666150434
3552485885
4420057446
5436501705
5497567270
5717299963
6646806504
6989195033
7124685714
10480685980
10302076333
8355691114
7252456618
9489888116
8954503168
8337507370
8293731490
8132172247
6757626153
5675741394
7333202838
8537598262
8911400712
8753031745
8824892090
8890923485
12253479021
9216998750
11760023514
10981217619
7226492917
14652071239
9598314787
10265961602
15094420964
11880015956
12263288898
14253290626
14683781411
9666040444
14375040973
8035412389
12914408793
7842105879
15303089559
8926609451
8726235363
11889885479
13266623344
8503809525
13653826989
6232416077
7851788737
14770447658
9537275712
12775492699
18411759635
9093117730
14368111800
14119363463
15258333993
16211533843
12048228941
13896807501
12669889307
7550848503
12062812064
10507130978
16229885552
7259091406
12097394322
8227243607
6674608583
17619589006
9597588004
17354097748
9712604820
11225202457
11549995189
11036815966
14787690716
15558482376
6347815374
11879666236
6945203004
16719636097
11785172490
8860463100
10567266297
5745329975
15804391439
