12563280973
14087743586
13563876068
10672108998
12039403074
10705892506
8189245936
11115736644
13658830236
12706621627
5979815473
11183070527
11875749340
14466408276
7650087250
18004730538
13083541953
8466652871
12701232371
10640689666
13074799100
8348637517
14786889244
8277713101
12866577192
9556144186
13499581777
10089283502
10234659996
8964672726
12969646502
11671936243
11046691102
10245257285
8218103043
11869569406
13558585542
7939621068
11697139557
12296858581
11884828872
10956950418
13947000713
12232311078
18032402363
12602102128
12947531990
8929220266
9421539670
10298222924
11971607632
9168397909
11554308813
15105837258
8455897333
17101943371
13677524330
15500172427
11998717327
13020743240
13227375537
9331520729
11968612763
14760788048
13800392084
11206756085
14909342940
14612474659
12402989516
13586027395
12129640921
10642885734
12708799380
13028018947
15483641769
18414346550
15976184577
14102533914
14016303565
11504677220
15859713097
13661078624
4467746501
7659274557
10856105285
14531443488
15731070262
9343249645
14478482161
12971712012
10691020721
14748851447
10637595075
12370827529
17214445961
12428747843
12751899541
15407780424
13626145957
14262252145
14440656434
11536987923
9949462994
11258092948
14390922413
18219043532
4197301835
8787990307
8288410292
13560418385
11271549478
13464906544
11231882845
17304908078
14574392698
5107459920
7139302034
16260049355
10558435068
12014180509
12286515274
11345612147
16246858779
14254460179
13364579311
20495014354
12496008454
10314118538
17568085174
15150035190
12941454162
10983104823
14271997863
9279547629
9711432013
33131735423
12814197349
10870337252
12722837697
10547216774
11528861055
12601942196
15143481044
14276389362
11663746025
7979289941
9123340656
11776245936
8789435040
23930575062
6167295005
5822473716
16614893733
11999472614
14143225023
15582958064
24472043899
7787818382
10066290255
10415509294
13570845546
12099587489
10571942086
13832917031
11044604634
19870056334
12695946117
10429426348
18699955927
12481760996
12965086644
17464926365
18448571131
12588877831
19956413227
15406036949
12458691458
13882468375
11066291437
12349329093
13153931870
14459649259
15787003928
17387026541
9803631830
12131247747
16948953017
12509664181
11589234207
9969869713
14562349909
13642369435
6820997215
10883837286
10036556714
9866344190
7036332418
10716859105
12473952637
9059016662
10496175535
12148696730
10145388147
10849076016
7898080819
9879960073
6984055670
8555024259
7795297312
7022956024
8172329501
7786275077
4962856861
7961533124
7397468905
7527206906
7047663652
7047992627
6001254777
6366243314
6823039937
7152592647
6921768924
7210692783
6923514704
6508488149
5882739808
5913262036
5690163063
3023023466
5384396820
5632025813
5274574707
4187837969
4389299638
4516960499
4292774095
3947865472
3766330265
3523105896
3150287781
3004083921
2851141102
2324854863
2060277140
2316142610
595122045
1867624663
882832833
877235339
825229007
2193469493
2485596993
3592958029
3470338255
3190507270
3204928364
2993114655
1822828159
2757721557
2591705223
3333742971
2535256891
3475661054
4419503450
2664224648
4058011508
3552561410
4409345571
4319131669
5048869874
5419442266
5479476756
5085874807
4628476526
5149717191
8265689013
8021138585
5992516223
5263233055
6558220642
6821283049
7682483986
10216245970
9445226856
10598914007
8147947046
10001133926
6805350894
7882672069
8539262209
10821307954
10161047977
9662935445
7466512540
7166116390
8491543366
8932925778
9580088242
10707306233
13064273700
9869985504
9606169170
10329110935
16075643929
12845175204
12448810901
14283590660
11448034120
12052735377
4817917511
14192177082
8337843545
8646197599
6734660494
12751500419
6024341854
8254527911
8029515699
10764914022
11358232247
15424879535
15670198397
10533465683
13765379910
15255484855
13202841139
17781944247
14019113344
10651655238
8794934770
8169221627
10242394891
12742051894
18441823640
11036807538
17269924117
15907800051
15766938505
14295801313
11900296815
12003257412
14418003936
17144867479
10268897129
13012315227
11376412949
9272193355
10386286884
5952588168
15659419971
11240111706
9355579182
13167381755
10561856511
14089750837
12072240102
12555930756
10781372875
10463126980
14018307630
13167298563
9697096747
10915954808
4779614943
