9304076861
11160188373
9668447302
11480777680
8634382115
11534868549
10588872517
12171679468
9218945250
10381398840
10410983732
12150041766
12015626342
11324085456
10231124043
11757845205
12560502480
12579291456
10613985005
8940857302
11800658961
10262906855
11624544126
11398786992
11427742769
10580224979
10436120781
10743942938
10267188993
12014667843
10163153140
11184346422
12650776106
11030064414
11756114709
10322333967
10704114118
13080481413
11734028541
10284951019
11982736317
10889269692
12768568206
11217073587
10245860256
10680988257
9877613536
10675753796
10197071727
11584420665
12930674858
9208526476
13627481846
10918293800
10665378220
10283968520
11915184698
10513489622
11477327409
8849957172
10017498343
9415534860
12499768966
11320255118
12374778074
12969114076
12100569367
7572244310
8423468166
12560314309
12542401325
10209616558
12151129327
8814996965
10967067304
10734632107
11425261241
9769158795
12392894096
12707754430
10778716662
10135835323
10187711890
11168367935
9603231494
11829804970
12852051519
11454839281
11386033693
9926362126
13771957190
9682193553
9600108976
10308154859
8614080434
12124810232
7470393917
12971048429
11410094098
10492315443
11469448700
9819820856
12339374794
15382942902
11133395394
11356469756
12364698885
8295225176
10970347111
9417237101
13691597504
11378587824
10250003464
8873006534
10907663775
12384552420
9982701007
10762210048
10170957356
10684348237
12516574862
10104374118
10646229640
11606561095
7467773607
7570372481
11659959270
8632447793
10918393923
11160626402
10900347553
9379909679
10022263932
11945467379
9820743095
9800342288
15611899971
9730040234
9344312075
10586705827
14008919866
12319276323
10173096300
8592969809
11460376146
13187972439
12162059445
10300536521
11165953120
10842240699
11822316647
13797121494
12908865240
13020959664
13177588715
12176557311
11251300818
13240980912
10987782200
9509923492
11093042260
11176149887
15319331053
9351702911
13009449453
9636341337
14330579702
9027901814
6890173394
10843493938
12121625082
7841438841
10582402400
12989851479
10210651401
12380330570
12781751324
12464981205
8865357536
11745713308
9106134827
12125929954
9760599868
9828130305
10924015289
8381372741
10550668387
10643343774
11266150970
12762992784
9637844606
7985533673
10289307614
10126045546
10308630354
9161861380
10051088306
9576782262
11829012534
10419982147
10094761636
8470200511
9917993138
11710110028
9482559607
8048849839
8043516741
9744740574
9652416203
8765336328
9096678706
10799691111
8849807271
9266528555
9526955771
7458088246
9618730109
9776097028
9560726473
10165074152
9075115364
9096727946
7568522999
8493203356
8317735452
9785750520
11572834301
10928477021
10271178510
9254523478
10438114771
9825894024
8656270820
9919238511
8990885312
8495761220
8933662305
8791671628
8487745342
9635668689
8800925775
8476826986
7470974574
9027892676
8471291584
7678087216
7851285275
7467325563
10458809403
9923958385
9475903638
9630730697
8747977176
8814191096
7242501241
9858000799
9625725512
10730788015
10523637300
10088186357
7930808229
8435511054
8318204631
10671543266
10276353534
9060353754
9624003560
8418530620
9090247396
8277188492
8177117613
8285229784
8615558915
9844653377
9445744672
8048911365
9801025674
8340173670
8991427660
8365508426
8095270421
9617057734
9798338382
10243220081
8859806568
8538710184
9139731671
8503969560
8005203162
8560576683
10617379979
11154584920
9317897624
9601359618
9155293440
8019163459
8863012478
11317576280
11951850182
12725843891
11456325447
11723850491
9755869448
9518725160
10704626125
11451432894
11974096438
9415191114
9001030946
12626707929
14251878707
12215414124
10743632770
10152844813
9980547456
9276374385
10973596712
11777614887
11807135376
8686522343
10975130975
12839202818
10146632479
10901739741
12809727113
11814124041
11665266321
12830479229
11424012152
10307636520
10900007926
9997058968
12834420262
13347174855
10430729205
10382992301
11781448480
10413558890
9050000166
10641697232
12446571508
9372564197
11070006791
11326126459
12059919886
11363435606
11337111130
11768457943
8692044043
9407143011
9835227758
11481999169
11803162647
9711598349
10222840543
11485175987
11168817181
12440134920
11497892572
10178161554
10361637412
10777605126
10581617627
13914130825
9918890551
