8827599604
11253850592
10188951412
11196815240
7288505499
8239742876
8671797706
11864476619
8011876782
11650354824
15452297169
10057298325
11326281899
10634459727
10955603755
13331445962
9673017804
10596364749
11514245146
8866332216
11301412176
9849841825
9622271093
15282934576
9189526444
9874767107
12424722542
11552650138
14501729365
11976929029
8379693613
11057999064
8958665953
9475913852
15065523497
9826420093
13113814685
15557414301
9605832148
9904731198
10977014209
12187978415
14420736660
10643524308
10149376052
8707125481
9798019517
18665233719
6876074161
12501097945
15183743235
9938989337
13710456215
10720514078
13591192488
9008022399
7507693303
9408509849
12077601656
11871533401
8079204736
15917945416
6385552350
9616798098
7547936624
11081247185
13087695018
7116317862
7186799569
15423365663
13464348349
14995859337
11205476158
3795271812
9373265529
9723528358
9866872188
12094939729
14619040955
12768472333
11565013001
7787143935
8221497827
16805733917
11751250112
14908512204
12069756293
12999331697
12056878587
11332387455
13434784383
8912978883
13232902608
12903446527
10042711446
14788319557
5629206492
11148900777
9016125210
10334770193
11753530789
11547298498
10902326994
15115524440
10608871446
9091100965
13815819135
8698026521
15105195780
6737913027
19783443412
11800167011
10395816340
9766021477
10868078245
12358396316
10415317765
7655516014
10980907689
19028829488
14008328078
4511881027
10756580086
17227340672
7453152637
9652597120
12463312943
8521961362
11956726289
16573917005
8707642964
9895658427
11160236257
10555117163
7760957397
9524605218
21417799919
9479236191
10572625027
11988855894
15698525472
11730866633
7774520691
9096997141
13383042755
18342425383
16008298091
10476717167
9969684834
6557743934
14911480436
14936696962
12614745655
14499167701
13977573728
21203174952
11037126841
17657858853
8758562335
8064966247
9315467605
13516317703
18240030352
8845696500
15831929434
11311096300
18425556054
6911789515
4053458744
10622637344
18573482068
7483084379
7056207802
11739022222
10937986316
12652280035
15116856773
13665920535
6283439809
10495287057
6565552994
10260846007
11275884535
9482343548
11027170889
10809788303
13622352796
10669549535
9083359267
10948125107
11233152003
6005886743
10579305229
8695245711
11680401808
9999944919
9878501915
9989974019
8762562484
8049357571
7497617745
7881160038
8435467498
10028193138
9336501442
8381202893
6951759987
6689612487
6225804567
6766120247
8062502841
5496204179
6846253089
6640362370
5918114775
6570071436
5161439786
5486273521
3217101971
5385082427
3990647351
4841700241
5291587331
5387207644
5104241287
4448614368
4807403264
4799493748
3973889891
4937601272
4136953088
4072269496
4653580489
4133092279
3253382786
3503797128
3761797590
3409925577
3114972878
3153688956
2190155786
2642956014
2423399207
3166375281
833877925
2704724106
831695359
1789639109
1998964004
1519412746
1717844383
1995850558
2077595735
3160653644
3089962547
3493915675
3189468100
3614714690
5498284155
5326757269
5092461312
5056250849
4839610546
5221418339
5525392022
5582918535
5526692472
4933671121
4599737920
3756300271
2746078240
3962733612
2534780363
3888925821
4292789278
3706600522
3185758937
3948718473
3505814283
4087249595
4428892589
2384577877
5517895722
3011384157
6039093041
6799337251
6837177317
6812056143
6335541993
5476099125
10431610708
9269503251
9408397729
11066922128
9037661179
9722399430
6782880513
11214150395
13862075125
13865954301
11723899335
12209499125
11740114819
8657577521
13507483963
13250085681
12267485841
9392212202
5715046912
14951317849
11412852359
12034672220
9442123901
11993184430
12396055962
10633383287
14861103151
12251884340
13960920488
6850747756
10534952254
10948395293
13003879580
8674651987
13506466665
12884555792
9619379980
15372494196
10585616419
9348205635
14671432073
11684219279
14036565809
15350667407
10583456143
12164383917
13896078675
9358572718
9190848176
10815835169
13057386496
7820987463
11121847992
10330252308
12726083110
14874768384
14820619672
13466601292
7354756667
10732071541
7131893591
8988703533
10983418816
8277559605
10125338084
11611954386
10704246765
11215556069
13761485689
8186630702
15511405011
6798011660
6799085647
13858370791
11187718355
