10813930096
12588860860
10152310187
12555915050
9110358317
12095756849
10616468195
13714411181
11338789320
10253708658
11056457911
12343557856
11924427029
11095789266
8898346747
10722554136
10708915826
10945715825
10575210398
10592861730
11693791790
11076047684
11362302105
10841776535
10747723179
11110906160
9585803235
10303284012
12159976358
11033253982
9936619942
9720524584
12729068215
10547143552
11588333129
10071337857
10602101951
12057152336
12143074825
10210078796
11658622647
11317429575
11949032042
10945155981
9985395013
10881247393
10472499688
11834750780
9441901072
11857052465
10923182572
8238686786
13220345137
11168876272
10329191099
9100597504
12420346686
11106248908
11395859706
9729222203
10800204051
9673502053
12519386736
11947729731
12993570738
12824615503
12815673480
9519521804
9151204561
10870138899
11995208935
9765734206
12092024787
10055585112
11385827978
10751292360
10359556083
10074418761
12004845871
11806398855
10623954110
10270150501
8829966851
10305966075
10683269198
10789517348
13435549808
10644265574
10808144193
9386611150
13173483828
10668046629
11061871885
9782426700
9391295737
12020360188
7755161557
12608189592
10597056408
9555381682
11910055785
9549482248
11427693547
14594396716
10698343314
11048917443
11274502364
9007191738
10465891918
10044533414
12068209225
12252216251
9800162217
9944406868
10812410422
12550190015
9557775413
10568940917
11398935841
9573819294
11588422792
10665607119
10692793576
10728924442
8979439613
10362687317
11870827345
8470984718
10861630955
11957029174
11043704754
10216417895
9458495917
11922936966
8026571913
9812504529
13030659230
9943597187
8849864908
10546062144
12160169000
12369747672
11367274656
9497037782
12377281390
11390035429
11080908705
9924988172
11137725590
11952027592
12964772564
14075196654
11451379375
11185309675
12080850236
12283705112
12026432680
13090873968
10270207610
10330896994
10015807179
11754096662
13862396553
10082854308
12172936234
10681687637
13875031743
10458006095
9771143317
10381530473
11467882847
9681725375
10135904799
13024212774
9393012525
12249455781
11748543003
10888468939
10306090351
12012937003
10053528445
12038477909
10437126465
9573491008
11149076635
9833694296
11309498662
10557733828
11810901174
13393677552
10990299665
7013345117
9358115368
9546676110
10599550090
9348634346
10294650293
9427388658
11856458293
11256463830
10023888277
9910010138
10807959956
11001466672
10137886934
8393936500
9518142973
10288013697
9606293355
11019652490
10276486322
10276675375
9827942525
9389501315
9905926832
9369499513
10364460777
10168430261
9613812404
10242126585
10050591122
9092305883
9337094800
9217966994
9004573558
10525245021
12123107440
12283589680
10563462431
10479860929
10745220860
9192944156
9305690334
9550279869
9659282105
9444862750
8782797636
9881690966
9720437765
10350199330
8962525786
10559736248
9190476567
9812787507
9858337929
9941613176
8956374058
8505121335
10496977449
11282417837
10536318062
9492608174
10726455479
10243546797
9842806277
9674354912
9932710007
10548824809
9725706517
10140460897
9704931211
10020962752
10330270660
10710869923
11273064103
9651847189
9708733759
9487503090
9958049065
8466297716
8208844483
10120263605
9907710267
10625208608
9653337281
9967119885
9580518684
9589638619
8961299587
8768779529
10033795843
10147727461
9553395925
11264105599
9945931419
9914107222
9101771530
8541383090
8797900384
9060055992
10704379199
10993838038
9709046896
10838127626
9474177351
8449006569
9104557292
11478275508
11343412630
12330825405
11015202442
11035504297
9419328637
9634085860
10291540482
10394767567
11207175088
10274460685
9188965517
11433559571
13310284256
11785169432
10800892857
11244341969
9889435049
10325670442
11273903184
11892829566
10179595101
9792261196
10562701430
11448589304
10906109834
11140910503
12727677681
11100202295
11737702972
11941688931
11049094729
10078319424
10480729380
10295377678
13122007348
12469134965
9979022948
9244377419
10942151064
11694092937
10404243907
10386427106
12531166334
10968180063
11850825239
10293606146
11226985095
10326821818
9950527255
11222966146
10655802507
9816048530
8529268934
11689753539
12251102462
10583428187
11500261114
10507238312
10980741131
9977793740
11732020373
9930148788
10172776134
11271398168
9937476203
11909867507
10576785004
