6919111025
10742290077
11580050534
13758824138
8262829636
7439962632
8360825496
10628892986
8835098584
11387747863
15742781743
11560269191
10492540164
12139068196
11064845690
12981427262
9292619760
9034374283
13934725604
8946420750
12674845972
9849856656
8880257807
15167588503
9115804057
7637634636
12981747269
12261076058
14602960383
13076369147
8366353577
11642571134
9296671571
10426308890
14484540952
9679758648
12692169502
16218708356
8893641807
10011084054
7812715210
11645295358
11730641577
10732954294
11268550253
8179206251
9752516149
19301829561
6860861818
13170914112
13561008371
10570253962
14584217227
10382124934
14112125601
8998299266
6962778244
7836695406
13092279346
10671142580
8520774922
13823930868
7454251161
8938282852
8568675809
9947979191
11755330548
6048625723
8605296011
14878430985
12820687886
14898618672
11482668818
5531862844
10123149027
11477191679
8882368395
9693168082
13771985475
12651316827
12443681691
7046854756
8303266920
17351064675
12302386379
15538087526
12206472552
14269934700
12701374444
10704662734
12993439619
9944645048
13552051445
12644672920
10045275351
16414217066
6613432434
9354567958
8067559553
9379483896
11484751909
11679393493
9626952497
16423557186
12184232193
9756566986
16535961958
9125123654
13766536393
6300599141
21890634364
10134936818
10600064919
11305110610
10943729211
13090364411
10281412479
5478601069
12556757704
21079856784
12400973931
4252443926
10406161127
18729681695
6231345989
8677101127
13745625400
8557357889
9993558536
17195552346
11803225523
10218189272
10813647056
10358015825
7443147636
10338873986
22376004739
10730864039
11186153204
12496300877
14887497276
11022364529
8266107560
8802192610
13241013581
20800598316
13743480532
9695243637
10578707413
4650597124
15893247557
13711070291
13082371861
14044577704
14339695071
20675538840
9637565898
17829800770
9440490770
7215831105
12053043805
14100545274
19292979817
9118316456
13596858933
11642324098
19193507309
7059997818
5215572988
10123159085
20934197917
7447314268
9392643817
12142502428
12682233367
13364235016
17049287416
12838250235
7051290156
12681433279
7567102144
11858468668
12118371972
9445666764
12600181507
14873768255
15811281627
10808518145
9595200806
9423071142
10721540204
6055636196
9741256554
9435120505
8960105276
8230955209
9415842414
9577230336
7650135680
8292984530
7674826239
6423898848
6795860846
7809655347
7916324948
7571246576
5347921416
6426304629
5131677391
5277976692
5870356917
5199429810
5406632563
4972782865
4741130546
2752692472
3071126980
4119560458
3874088020
4589180232
3146334336
4030442360
4190432167
3735960869
3578940786
3044906690
3335723560
3231587810
2575034941
2853365367
2397742695
2159161357
2404251153
2223652741
1852198785
2001540965
899599785
1470870547
634703325
1320855063
1235351987
901910134
1116636503
856196240
462586693
366668336
876588759
817310121
836537821
110040320
827356461
829161508
685990632
1501198955
1374703905
1237333934
1593318663
2362771318
2874309194
4280992293
4487727844
3935812576
3993114611
3748503159
3920583188
3871077949
3439750146
3469498029
3468489843
3212182875
2416168610
2377222925
2945279789
3140388065
2843664137
2927118428
3236612835
3187097448
3838674137
2556135298
3458102633
4610893100
4574374901
1380600158
4014173886
5345926889
4548074880
5008439103
4759957460
4578934263
10033198948
8365134866
11389603920
10873779687
8307890970
9161786075
6606158072
8335436674
14527721213
14698105292
9634290475
11000716484
11886725138
8940181256
13254092325
12827210833
12886430135
6700116853
6818030709
15475076357
10369575513
12501320837
10378796122
11270952226
12810713520
11071667311
14643828422
12874260383
14253031592
8236098021
8480289469
11789164270
12341154780
8937115762
15506473369
12637639525
9650505176
14721405949
9633779120
11456218172
13388343876
12705150383
12969706291
16171444808
11012288968
12400859654
13144759460
8822552707
10965950707
11959114557
10918443315
8596649690
10923618290
12163305930
14349782254
16541167850
15816805262
14060362399
6420021645
8695720920
7765047179
8332714066
10720954972
7429368502
9373306239
11252522190
8620227297
12176321898
13940498048
7011581432
16478347799
6542304301
7313619327
14735929650
10720335298
