9043480022
11703451722
9315689584
10272010692
9395840718
9938637455
9687374155
12418757013
9844751622
10794485599
11602072391
12333079122
12308986431
11074604996
9922849775
11511059041
11413966072
11501232626
11143449146
8618894486
11599896891
9090991595
11091610486
13314098369
11588999014
11151466135
11918290341
11515950269
11096785555
11503967797
8985313684
11078385137
10649628428
10601511377
11578862355
8672315245
10202643453
15532988752
10295785827
10174310112
10832332050
11558165502
12826161084
11486355202
9421133205
9012543916
10231324130
12934905863
9725447849
10881713399
14602171166
9262396519
13766803176
10848540237
11512024462
11676677233
11986005812
10527417992
12443406499
10775758405
9406363269
9320311109
9724198609
12578635340
11726857620
14161638095
11018580535
7557455457
8177393782
13642839728
12375209466
11116927070
10654897427
9065481772
11268185703
10538840568
11570966506
9225552705
12280727309
12949191971
11991803116
12057652180
9909269814
10977987352
9816376471
12217948538
12685598792
13931597328
12174495386
11026901084
13496239228
9665768498
11112219518
14339922511
10355996227
11398618814
7456729976
12822578441
10214434949
10497145974
12018662237
10000261935
10971834619
14185055336
11410656683
11275466897
12305831912
9446456407
12634223297
8937961047
15735660142
8817008412
9164451755
9453699748
9868421781
14610377777
9949266724
9590147866
10792339505
11937771016
14286543151
9922793359
10753831610
14720044934
7579176992
9002852605
12217657306
8066615605
9158876427
11040216269
12996448574
11017675942
9779756139
11753827868
11747891071
10488872258
17043476713
10848633727
10312504425
10334734085
14999444676
12434243770
9202161272
10081127111
13682054308
13877869191
15115015799
9756008954
9945332067
9063182067
12251921826
13445840717
12283722706
14887705103
11518321983
13867477684
10781239289
14854483604
10332849952
8337101905
10025740061
10218711895
15151063185
9598672221
11938241650
11325975130
14439827159
8779787848
5678297503
9618673113
12926720271
6620500175
10032209184
12877228166
10623434872
13235308816
15272003597
12721854945
6950980346
12031083526
8200923695
11675587765
8678329382
9609886806
10487767522
8837352527
10171554601
9212832253
10435126565
11189400119
11490748667
6859702966
10482465318
11370841074
10495607155
11030274972
9324232737
10975338124
11414439553
10126667702
9514937131
9314079636
9711791881
10299143942
8562346188
9161495868
7494382527
8692318085
8356816893
8901010186
8562666586
9048827615
7276636555
8962464124
8141525428
7259959520
8787979104
9022547201
8555779606
8978526060
9017289715
7699517239
7742493511
7369512272
8823292847
8155977905
9567920725
9756309850
9672750460
8647437263
9377035657
8551230214
8310930098
7810945732
7863519443
7985013709
7204624850
7171787652
6949611939
7954643244
7545598105
7206165677
7076963640
7618084434
7437236645
6937223425
6319582829
8214121719
7758093926
7365893357
7765430259
7288604805
6925207683
7462507774
7152136299
8732964348
9522584863
8990008329
9967935798
9555956545
9155619156
8769224014
7901592696
7474995925
7348866243
7321865378
8058403546
7897037359
6942670439
6162243329
6615396110
8002265926
7343068518
9000919641
8807205119
8109080337
8129320475
7840034944
7686488455
7414425657
6625572219
8895941968
8205069848
8043837810
8900813978
8641598993
8577096635
7846491259
7511848265
7689588140
11096334266
8032342743
8555111639
10506250051
8697227136
8040327722
8883392454
10733092599
12244486853
11802750303
12370593064
12298369470
11632409674
8589375002
12486260722
12332179094
12251506753
8482330646
9165149486
12300131761
12246530956
12536812968
10306826804
10771269505
11047644090
9799128744
10626537447
11404673202
12065143050
9301900114
10393380571
11302938251
9865059307
11362624720
11450981005
11931143684
8634544712
12106291066
10840970983
9500174927
10847190172
10344494461
13746982752
13563949180
11223394700
10813338034
11620067711
8034636988
9790552721
9529265187
14490008814
8375737852
10441532840
11812338407
11623714721
12672043895
11838721322
11828490971
7159039014
8719598472
8763640955
10079024171
11988455243
9179076840
9313889053
11120864162
11511877782
12229990540
12205186428
9532706134
12812012659
10837183964
9810412627
13169872091
9625292485
