6479044985
10792992761
11207139675
13917209087
8304588116
6991084500
8465757380
10421863772
9168488668
11194086030
15550840306
11995068109
10381490329
12205789387
10722858897
12804190572
8729086325
8912747621
14563722196
8436383876
12677092917
9637824634
8753137917
14916327240
9553618524
8145263482
13078899019
12716123270
14104326677
12986496079
8293444792
12007737517
9284314249
10517111219
14305084711
9410891647
11990282586
16580269826
8916364238
10336365788
8332335195
11786245266
11671774913
10204118163
10500474331
8595561868
10332092896
19235057743
7196468353
13751471637
13933727639
10354364560
14651854964
10282674725
14703816840
8912365222
7153942991
7974020805
12933588384
10511013374
8167049025
13725318331
7542854630
9128313744
8681334490
10206050276
12142654565
6071487900
8441391656
15695411754
13060399375
14791706788
11373549146
5215813246
9931577285
10488391835
8614229481
9745942063
13249969926
12546000844
11951584446
7036778497
8778858276
17294898713
12014920181
15251540915
11883544249
14109554721
13349949735
10937719379
12958215737
10175741116
13647362224
12220334628
10127203584
16527566004
6622563992
9161080829
8120194770
9945604642
11573544756
11925722814
9992657910
16422419264
12286143949
10124407463
16650161746
9127449228
15009557480
6845583823
22235584156
10490893535
10723078519
10838425536
11323339743
12954079858
10788423764
5238142332
12540574444
21981286283
12269626870
4012841167
9635086751
18732803384
6311430650
9207705802
13791870733
8721618322
9863859832
17247655442
11792770228
10021127379
11053663777
9998689608
7227999278
10305416873
22854631966
10694374454
11194237584
12006767654
14889652267
11033181074
8869162960
8797979247
13241953435
21026596809
13228604430
9659757755
10237059900
4636768524
15780308311
13656723237
13268417143
14265004384
14150321650
20920821685
9611577244
17805607200
9691844883
7390982181
12380075816
13682635536
19959197135
9567586474
14343272909
11648664333
18510557147
7152677661
5437833122
9869666448
21181070973
7268895610
9246020884
11906242778
11976153969
13373613412
16781873381
13088695313
7420884489
12685166749
7829812433
12176777464
12512256908
9632008321
12580685352
15270268546
15775980489
11154285678
9964485286
9411718318
10257239380
6443631746
9215544790
9559758737
9323521990
8095982223
9464499687
9116501535
7382985615
8149086265
7337054215
6289780825
6415793431
8011235907
8094955494
7422359942
6105317486
6098620457
4701558475
5254882337
5642416050
5589278704
5250660078
4568349653
4265998301
2790218571
3153435852
3441130250
3873510617
3974027559
2160321131
3807809964
3668625207
3435813781
3388597281
2934769307
3083157372
2687199188
2713400948
2641448093
2408665106
2121838964
2057484528
1486914348
1680520014
1844437525
1444814582
1185429207
123174031
1220563743
1229743466
854154295
1096954247
261404270
746375212
98379031
966392993
945425148
936089966
239206149
890186406
509958308
517721510
1398470215
1230577553
1274587170
1239194189
2041410061
2518800978
3833135226
4288323041
4081734570
3609473686
3832563194
3450769642
3016141030
3106905490
2903415286
3266072216
3092049639
2966641721
1820699375
2613634014
2541107151
2611577248
3514131237
3271331699
3171567271
3657040179
2673145842
3396162854
4556960574
4436288529
1803462045
3290926485
5609328321
4477053889
5017332484
5000505243
4670439802
9691221992
8158056888
10352879736
10520618624
8155026792
9080273566
7018707681
9002725726
14396043517
14465799296
9269853136
10449988580
12078338821
8225257495
14124064430
12167723501
13177781837
7248329897
7164106728
14828988445
10742001414
13011351132
11070855601
11315329065
12926274456
11206862548
14444670868
12910644287
14511126402
8562452850
8969596794
11622914501
12486315225
9289484509
15540295890
12453924429
9118218650
14590927543
9613307696
11070526106
13566424632
11838594174
12649427576
15951489889
10892911824
12318585711
13047875385
8145150803
11106641212
11787296994
10858581594
8413921556
10793895157
11653276452
14192843870
15816331894
16181694791
13656741749
6409965120
8443662027
7760110318
8175206978
10334039381
7700371369
9237889574
11258343061
8738683190
12284270266
14765683394
7471702174
16447541108
7045906117
7447663416
14883686344
10543206842
