6315379213
10735222325
11245064946
13990207570
8359516683
6886611918
8594821307
10374073572
9062820592
11179127661
15641438398
12056361966
10394693439
12270625676
10829614808
12787513041
8731178974
8939871633
14512103421
8509305147
12610756898
9719481495
8689843093
14898557522
9577519814
8198787988
13320625136
12980928826
14045627045
13155036249
8464019470
11983061514
9385104469
10592693951
14083349933
9222547590
11968587779
16524426031
8771489377
10284764023
8310326918
11896565666
11705611766
10039626024
10389870074
8638071577
10444396156
19385938903
7402276718
13824267429
14035775237
10153132436
14413085739
10308237616
14551442432
8731204451
7219747526
7884042305
13010292871
10535724587
8230762002
13788715690
7466366607
9016632900
8529186993
10123306259
12189240779
6025681364
8333005370
15759762947
13025174389
14609313078
11303743543
5123955743
10010125900
10628140146
8706898163
9820759599
13220922224
12564593755
11943786710
6902838905
8810803194
17146015658
11822224306
15273898830
11864575077
14081889131
13278673610
11241808342
12940828069
10179768116
13720447477
12279065082
10050144898
16580755912
6515044345
9045105713
8224163531
9958314852
11565811968
12004515788
9808805970
16307699034
12253101516
9920718731
16760215189
9067802140
15180089941
6972033230
22678028741
10628183926
10543246881
10906917615
11335014740
12957165965
10940842044
5287120129
12656091466
22067414999
12177135561
3855439704
9484469432
18653448012
6332763746
9362978125
13811962837
8647050560
10074976434
17456703026
11837584529
10157824836
10857972298
9832573171
7320213846
10272377125
23183081542
10737930617
11313278505
11948934503
14876642649
11052184720
8821207179
8758125949
13218041795
21173889938
13178523460
9634676230
10170092656
4649237146
15761373310
13738188458
13263621594
14044722572
14313116011
21083078827
9682989419
17865461425
9743741294
7340263056
12414030801
13758594147
19963533617
9512541752
14645932891
11638307076
18778477551
7072862585
5551400101
9854712510
21469336112
7245659464
9157630849
11858481626
11926122635
13262232876
17027775612
13056128309
7102040825
12579843980
7959024790
12042126055
12471670859
9568784465
12505660975
15192229474
16020609899
11283732443
9893761774
9471942861
10201426308
6292698435
9173510967
9482681802
9273904186
8210679084
9534704002
9125105939
7312157808
8173612849
7245154080
6275400014
6350782556
8153529455
7779721731
7267489274
6029230865
5847688805
4768538048
5256206158
5334846107
5237713306
4910221003
4564663743
4188054472
2791032203
3002904375
3551489713
3726810315
3910534483
2185632340
3620566728
3427947137
3227832303
3018431933
2882406063
2748276417
2604137664
2432441779
2242107697
2151021567
2044375108
1822055839
1378728396
1521154262
1581996713
1396635342
1025660455
80172899
1066851659
1099785160
860284401
966661764
223739896
753858074
27655408
798419670
754273282
693918116
46098583
625895252
394660280
522746560
1158353624
1118164073
1055693704
1135345067
1865047655
2325431629
3580201169
3965265067
3823559824
3653342043
3539701417
3369035416
2839783116
3012525608
2821289021
2871422261
2899076741
2797238480
1833787697
2558927644
2488180279
2679916207
3365809309
3225448943
3105654685
3474249269
2594486658
3287027313
4557890016
4298626278
1816720699
3157087523
5417955213
4445910087
4839739773
4736848167
4714665142
9640384838
8125309808
10434453579
10436636221
8218183760
9026594974
7056342861
9100830037
14266801053
14534395226
9251362655
10400656703
12099252603
8290556195
14181338579
12185281711
13288502880
7201073798
7149901181
14833719695
10746406653
13081455369
11099746996
11383129825
12759157880
11073764190
14567323960
12930716058
14440478345
8332034841
9060863068
11400527005
12341122931
9254627732
15600270665
12538499240
9081817450
14649265875
9700255946
11027248416
13534238238
11842428113
12427253749
15960668352
10882370548
12166403578
13117402986
8026812937
11168744200
11872921864
10855298032
8494678545
10658581592
11596946215
14137291215
15841130764
16166309739
13716521590
6534705577
8307464810
7737801457
8166666759
10409994239
7664190772
9009953300
11233114291
8740896099
12508555018
14799708254
7497449692
16349819151
7133736848
7568772826
14917498538
10605481213
