6478387902
10756187941
11229965643
13965641954
8293139879
6961892810
8500086136
10511340524
9118481336
11221589344
15591657841
11958086382
10398817106
12246453716
10721805647
12740851434
8693365591
8970252756
14587246951
8434319879
12666438471
9703221676
8738380942
14927330380
9597989347
8184345872
13173613141
12764213689
14063809870
12951935689
8436784766
12013998545
9315718337
10511228861
14309615406
9335943287
11965475516
16568664244
8848207448
10297224021
8317607649
11879799555
11701896147
10223169966
10554127433
8613769975
10371185336
19236766643
7166997749
13747674504
13994706679
10353739276
14670302441
10292190157
14747091690
8941581668
7166537490
7927874539
12992962550
10512449383
8129053257
13710448179
7540461892
9084244411
8690955414
10134151160
12220466313
6095046804
8409809315
15625644184
13102119353
14733071554
11415140805
5200111412
9953762786
10527746179
8589595546
9783099361
13234877254
12566124276
12012334470
7025312181
8825809814
17277972168
12014683720
15262060808
11895752550
14105695490
13357476441
10908625824
12994695688
10192539408
13602019424
12279603727
10114906009
16525444695
6577089067
9130088689
8202975033
9951316579
11485224846
11888949332
9992976507
16361753039
12318522311
10096749045
16687049502
9058606804
15040506143
6960327883
22213030411
10521557213
10680716788
10789805159
11348628569
12954489132
10772142384
5279699931
12564176791
21983083850
12206751071
4008861418
9603508084
18676514478
6362389558
9223585011
13754212214
8685734447
9861173368
17187335369
11817152202
10073035486
10982924514
9934805609
7223203669
10231490470
22896444547
10657496367
11207173184
12015014121
14903526572
11037263176
8812044656
8750388751
13298553224
21073526564
13151303476
9661118393
10188390806
4602151288
15701072761
13665812410
13231804149
14220935511
14168417266
20965144007
9556034952
17841078752
9714204400
7339493883
12445298592
13712370970
19970004712
9557207732
14395529758
11650691067
18540220534
7153652933
5522700752
9877745920
21223831709
7278996109
9238304067
11943701338
11920923810
13415585472
16807118983
13049325540
7359529731
12670933753
7832579829
12177842083
12561010375
9551042537
12583031603
15227635020
15906441633
11168227237
9978046591
9417279127
10211576701
6388350396
9170554438
9507560591
9299687295
8041005873
9446926121
9153161732
7423259271
8162740096
7310480512
6315655226
6400663102
8005867191
7982561638
7411967791
6076570251
6018363701
4702529999
5268582380
5645799905
5583251368
5214265071
4531999631
4236673437
2771155058
3100022444
3391093688
3815637331
4012673886
2182500374
3701547496
3614457578
3436977847
3373438109
2946805939
3039977166
2762778528
2734227539
2566169756
2434408975
2173698667
2003329378
1419645959
1616905106
1801726083
1441990425
1157278033
138093659
1155943269
1210271972
813754255
1150956522
188762528
752031249
39679287
828567403
901700781
862234638
221435202
876338950
453896359
492655847
1314698549
1256460865
1184308454
1348958596
2046885718
2484600005
3768328395
4273842684
4135538554
3621609322
3826786191
3428614437
2967946808
3120303311
2881005020
3271333033
3081058707
3002679471
1796187681
2614079140
2611795956
2689280428
3414370735
3311648168
3205314857
3649023550
2718150648
3411880250
4543706826
4386705540
1779839525
3264224816
5625473152
4481391075
4980877776
5014543166
4692970327
9646710897
8135693774
10387126957
10556276514
8162938179
9076709697
7002894268
8952091776
14381913510
14412420281
9210936246
10402988289
12047106244
8273595444
14154481860
12183236007
13226930342
7275221316
7168553691
14842998920
10705671867
13098288929
11049902383
11346866226
12944937404
11102259759
14496061292
12880417940
14460544488
8558556699
9001780715
11504448742
12477639361
9263400229
15551678728
12475890225
9105233584
14548691690
9648889212
11005351465
13530063754
11850766270
12637499923
15808572004
10849830923
12238549421
13100305584
8094840962
11169304468
11786261771
10863726764
8456067399
10727313832
11604883350
14092911979
15860004081
16202521438
13647775677
6406809060
8423114720
7804295476
8174867815
10319802915
7625108046
9185430820
11293495487
8766189943
12259020921
14720932620
7458952860
16406839032
7106988191
7398264627
14822465575
10623204745
