8555285299
12003336362
9640685024
12389890804
8085509936
7481407629
8319973147
11228887429
7253911602
12625849556
15352887266
10253102665
10905176714
11138073447
11040138773
13884948013
10006998032
9178269323
11941939395
8490094837
10770190495
10617206145
9470193254
15243811089
8898031236
10004199195
13075397141
10964572496
14040270506
11867309331
8103710167
11780191504
9430459334
9322697434
15151388221
9620183092
12928103933
14986716367
10276456187
9913303180
9923396445
12491500035
13593318812
10150929229
10151835446
8840922110
9099658558
19266924294
6879664363
12649012551
14677602807
10264270845
14417350811
11407344774
13563501130
8417950847
7244720265
8874473422
13032394332
11629721279
8502227309
14894054299
7696114500
10010872266
7680355023
9957630594
12718669992
6679416085
7331263688
15857070585
12649113453
14385938146
11416626381
4077291473
8612582502
10419105994
9268280308
11661538257
14285550837
13032604937
11675785871
7870225445
8072359358
16878809963
11695898766
15484542229
11955308138
13643668902
11618802165
10536960464
13750972607
8987984265
13389648708
12672212008
10083656060
15457780594
5839432007
10958389420
9192881033
10070929337
11504777872
12129759247
11677166721
15375004181
10840369915
9041947909
13598958596
9401058486
14663891229
7575351177
19609679441
12535399763
10839724212
10335342115
11133836955
12411430789
10703182584
6996726993
11596172392
18927113195
13425186274
4225049073
11218182293
17570130009
7298575176
9291690892
13758770562
8892177514
11577295638
16760171650
10113172695
10940119878
10422673887
10780188004
7270199126
9728719242
21936793007
10246344058
11246862779
11672150288
15137559535
12474949270
8710821658
8569007802
13176745531
18929421883
15155771893
9712282179
10016457653
5843696375
14679990208
14515058446
12698624670
14665730656
13652263089
21210856727
10425135438
17099589110
8662064868
7539075277
9803787107
13469501728
18442936205
9464294577
15201575113
11998886079
18817947043
6320382346
3704979391
10882534526
18531014483
7127443373
7288167312
11528479394
11860529874
13727145635
15561977251
13218461703
7272503438
10592301787
7274126461
10689192670
11881587387
8989072784
11335052342
12509337832
13852278691
10655570196
9274188760
11304512914
10805081023
6440090822
10811294963
8742998452
11243391678
8633070418
9465651261
9614834878
8943161204
8722147762
8698177988
7284842793
7500649367
9440948786
9777279239
8238807281
7789230779
6241949985
6593048027
6827483093
7867616077
5817337821
6668562623
6350422539
5406889482
6214556426
5535919223
5741484698
3177655798
5501278427
4001013185
4466233022
5897908205
5454332023
4676638066
3738108600
4205950446
3932835240
4544561530
4782412394
4548609589
3766594780
3908055900
3474955532
2606032094
3474127990
3154996680
2752368640
2871714259
2273463385
1821262871
2237124446
1785414001
1878893734
613117549
1814268082
874817576
1582653711
1467820987
960788424
1644998793
1166263393
769127720
2368244397
2012083703
2784186784
3932165452
3593695382
5455515939
5225889657
5288813408
4958859236
4388994636
4567315501
5149863439
4869359524
4845715291
4636152138
3819476833
4085324315
2584112235
3896168515
2163603018
4244803907
3789010855
4276218472
3928151035
3560438140
2819894107
4895350173
3743761388
3840522847
5179679317
2681098065
5370705260
6106709249
5528614115
5685223973
6113694084
4882998035
9855381519
8961753676
10169358515
11208545470
9084984510
9890808913
6580042708
10089833180
14184678205
13850654825
11594288867
12070535211
11328621959
9007249219
12593546038
12366589593
13194305351
9092069013
5076885757
16105893781
10724861346
11686529343
8987000555
11847455701
11676635183
10893476257
15969045156
12146837828
14017893444
6602348925
8987990106
11055413960
13635843190
8186812547
13483310018
12908582753
9125844019
15722941869
10105647143
9522228903
14073678371
11503260331
13615920298
15399128746
10214129915
11629958133
14068520553
9268083547
9586409069
10618513560
11663462815
7595230644
11089766209
9907219443
13298304744
15716822506
14865721400
13002130812
6629439961
10319545730
6145657376
8263370159
10180062689
7542796052
9743283197
11459676590
10381708341
11629259958
13877009476
7690346977
16104982607
6684653285
7060059697
14163709562
11201205239
