6436437488
10716496682
11240477112
14039807525
8313252806
6943853296
8507911683
10487339104
9100296140
11254968788
15647676665
12039996797
10391467611
12260373379
10749351905
12817690239
8648969372
9007075618
14624201815
8451414915
12693623898
9729201115
8695375175
14947934914
9584022080
8174185324
13271697998
12810007548
14049659679
12894140483
8479920418
11960484995
9344554098
10512476146
14260509621
9199487479
11909957552
16531593822
8844521549
10370455253
8374253997
11951396202
11705910172
10232868791
10555384780
8608680115
10338676704
19274138941
7193392273
13735143563
13996778082
10339484388
14637597918
10222600848
14722930122
8953355783
7190397845
7959815542
12971015818
10549057105
8170392204
13736951305
7505538038
9107335608
8617118476
10134438705
12229014044
6135556837
8424110982
15637671759
13054354966
14680517311
11405046001
5187557409
9986716419
10559848038
8586826563
9792038613
13265231540
12551685135
12030569716
7044151472
8858320915
17211187952
11923883548
15295199471
11918513666
14164520886
13398384078
10961055908
12999532204
10199394004
13648593784
12314908892
10038113427
16535880959
6552791193
9098670387
8205103864
9904523674
11516029802
11954843139
9903260024
16294990996
12282861208
10014543417
16713703641
9035431923
15089125990
6990608925
22328220138
10526183802
10644935396
10758012498
11415718894
12985676229
10791179680
5234097217
12579277935
21964583147
12203513283
3903062647
9545511167
18610799272
6365232769
9312966665
13778122024
8664004528
9876918337
17257767060
11832142932
10138761900
11009596992
9862926730
7258994603
10279602552
22901069390
10690935872
11243990528
12036802945
14936916339
11054327069
8768892801
8746456168
13273650369
21103719083
13189191215
9610196985
10211798294
4562608309
15738251066
13679141196
13197947856
14160587483
14233446504
20934365648
9502384527
17893697140
9764114624
7371525621
12481061781
13755323937
20020713870
9535374966
14529277751
11594228614
18631078382
7163977050
5551155291
9854355844
21324177236
7379245252
9176017186
11982751772
11907458676
13361429507
16813108987
12994294603
7366424188
12646822251
7932272494
12163748240
12491374136
9530609675
12561281367
15138609488
15972691521
11158396425
9952605812
9422880003
10204323936
6350542005
9225598053
9419052339
9279524502
8085691715
9425311465
9107864716
7365647102
8232384611
7256762912
6297815875
6401600965
8043031027
7877025311
7401460032
6087204547
5971056325
4742104833
5277103283
5607699593
5504499861
5128512046
4585386517
4188591290
2752802368
3002815650
3421039140
3761866331
4018502978
2161109815
3639847333
3589658111
3330515414
3262648786
2982089710
2985658876
2789726111
2635845705
2480648464
2341696839
2105296765
1945897323
1400033626
1590540345
1693017272
1393014279
1091449151
139807395
1137326844
1199234181
868402782
1115221719
229283717
758734354
105626061
895909288
836901343
804745175
115229566
789360811
523746154
453178153
1272880622
1208291946
1141670620
1250720153
2050453001
2410999720
3749043933
4214855923
4010813651
3631097845
3735066135
3404701272
2926244663
3089445846
2826247940
3153678595
3017643458
2976036824
1731092046
2624280583
2551210581
2667674216
3436036275
3357885997
3187215258
3618692755
2646377352
3476787376
4547897899
4350312800
1682474212
3299121818
5550008925
4479625677
4950232644
4946144373
4725006163
9629269707
8109393629
10406006095
10500883092
8229254486
9103762222
7042263911
8971214580
14413395064
14464958841
9282643357
10459860632
12066060648
8297378288
14236083929
12146612693
13209014636
7239570947
7159739905
14850945745
10711915019
13028287732
11058400647
11353631176
12946487772
11041937812
14551203416
12885289451
14443514039
8530714207
9022263178
11490122956
12458830167
9279166709
15544467057
12477079228
9084089457
14553162522
9675832371
11041053170
13505859162
11863510334
12558553193
15850018707
10845530030
12180735051
13122350625
8128212790
11178375988
11745242588
10917378792
8438335321
10691436511
11644099006
14089228298
15881779819
16212492286
13694295261
6380872429
8402195346
7743555906
8156211759
10373462398
7525024516
9131499955
11336585197
8772387581
12348892766
14746107898
7443034844
16353294463
7188313323
7376283726
14800555104
10607636967
