6365113003
10762138514
11226021263
13978989664
8345102031
6901994723
8586416756
10359155534
9069074160
11168648164
15635427547
12041185850
10391384524
12211246217
10829640083
12809006870
8716589681
8951812498
14509611570
8506649009
12584161404
9756506505
8680488770
14938373818
9572352845
8181181047
13280764665
12954600186
14048593046
13116202631
8411172946
11967194478
9369438414
10610235671
14136615048
9213450921
11951330420
16508480540
8737414725
10306529804
8288364979
11883100110
11697277678
10030310564
10422678494
8669162233
10417448229
19376770452
7365545675
13888961730
13981646550
10160027955
14443479993
10291970631
14515892204
8750244084
7183457273
7883676421
13014136662
10602653923
8210895940
13831182602
7442665890
9013870571
8538667622
10174573791
12171796859
6047451656
8283990480
15755817784
13013202910
14617957980
11320670671
5121370468
9959319541
10625919707
8683121857
9832983528
13182331727
12561593469
11944966728
6915146251
8845132982
17155771321
11826656392
15250391730
11889667460
14095573873
13312841381
11249291871
12914642788
10204777536
13669871518
12301192621
10049940434
16588829553
6555060531
9126978181
8203693109
9931963398
11535141993
12014613477
9839091837
16267202740
12230863907
9962598882
16745947603
9070586422
15158828878
6983891671
22645824485
10618087252
10562601723
10929000466
11331530411
12961644586
10848851751
5228424836
12633224219
22037956430
12191683014
3862898576
9517919565
18688046599
6321406167
9337063556
13802539865
8660299391
10082382908
17443987438
11830424216
10147733047
10893140335
9868328130
7296847686
10264461399
23169049183
10739571524
11326893113
11977683003
14865664118
11059732572
8840798393
8763534772
13204428964
21136842918
13110855191
9627668635
10119541480
4708518835
15789807984
13747078678
13263192738
14085381333
14302156373
21044415938
9676958744
17908840289
9712622802
7341551465
12404214346
13790548719
19978050524
9534372032
14648523809
11645797981
18726932669
7075949164
5535350063
9820005887
21454259374
7240449993
9158274646
11878730279
11947494643
13247324166
16986958712
13072033160
7069175931
12588937900
7959550863
12076625099
12444472927
9597856021
12559955028
15165454983
16055630213
11244186015
9903253879
9502089467
10201545204
6315072993
9180681152
9447385656
9282724571
8167901697
9535606085
9072492932
7340229420
8174288958
7240406711
6295600725
6352922868
8184903299
7794268075
7279213271
6054336299
5864267270
4768710605
5246272101
5413022287
5253305972
4905143854
4610949170
4173121022
2801563874
2978575011
3552489105
3763472166
3921116681
2197514159
3590364757
3484406758
3231667146
3054350799
2898849666
2756876426
2623163031
2465386986
2306198346
2189299174
2060967980
1850484627
1350201884
1542530022
1565034178
1400111315
1072478928
62784773
1049735555
1130476118
856500421
996406262
182836137
838073214
20651376
817626331
780832358
728132175
67704325
617220220
450605719
512131506
1191714275
1147048436
1092720204
1132714616
1932965266
2327597034
3600738812
4013605895
3871827372
3669167367
3541436715
3351149811
2816233060
3032732390
2805694122
2885523410
2953232352
2835079570
1836601690
2559296492
2502069838
2681577612
3368769923
3255105592
3124393289
3521170592
2594691242
3340067438
4539628848
4314806261
1830407879
3183754920
5431717684
4412810185
4807190894
4855133887
4742739916
9629398358
8124422644
10444177402
10424354880
8214022004
9055263534
7016996007
9075323178
14267733931
14520641335
9255964179
10393698365
12118030457
8250242263
14184418279
12143357733
13237947471
7215691609
7153436936
14822866136
10693734720
13092395659
11105615570
11399193319
12808103968
11008968065
14609623611
12884915666
14405620441
8340437890
9103151108
11392302602
12346800771
9239263802
15583039547
12574985609
9042840695
14634373968
9709476914
11054970232
13494761241
11888231790
12450983571
15907525565
10875188088
12183595992
13157775289
8057132307
11189009987
11849878668
10877157276
8483502145
10653659644
11603315430
14157216680
15861196825
16107804172
13713256869
6515036552
8291394684
7740798050
8123449005
10403922228
7654329433
8999214712
11255286589
8725189519
12481087313
14734694854
7460729729
16379472866
7119559782
7538058156
14951278680
10574444848
