8098207162
11132505807
8973693295
10540657842
9905824902
10820879358
9581615598
11834741346
9659003957
11879351645
11382926354
11114163385
12003177427
12295085893
9864293550
11565594202
12483279687
11991783339
10075777644
8808005751
11145193195
9552054330
12133491139
13483595812
11566739445
10858401069
10584629685
11106258155
10869274517
11138466201
9471246646
10408359327
12135452638
10563524715
12129780207
9478494824
10691797217
14673103299
10845317912
10075708064
11364260174
10496218887
12624091194
11120521057
9885784352
9271829031
10381561865
11407200309
9907230416
11407361964
14062484520
10250159198
13230194812
9972043079
10773342263
11902259711
13007389901
11318098022
11689687945
9003154558
9043082651
8788326361
10640173099
11604226413
12602515400
13944450552
12029252528
7813888566
8221105712
13681643824
12548136348
10998823790
10760089579
9562130228
10685011252
10719744676
11076311004
9924044883
12108841488
12699126402
11403241012
10622674128
10222964831
10772459141
10097308254
12196593152
12729649446
12373680517
11904273459
10372953146
13149005957
9496284575
10618215167
12345920088
9633927187
12029821003
7930193553
12484905506
11215848087
10299080100
11417193587
9390119437
11837475546
13394177668
11572507521
11251157258
13212353683
8438874997
11761939582
9405526154
15923352726
10794448750
9420508521
9089370686
10110337311
13544646787
9709300862
9142348524
9993600843
11343765283
13007187484
9480559852
10859577595
13798490025
7390441026
8125628864
10689558600
8458393110
9344122898
10828161662
11911430829
9882858756
8894402154
11581899517
10333187516
10260586271
16657850320
10492095554
9190541260
10475795512
15210080081
12900015155
9608319871
10235304285
13156036548
12821449979
14087065236
9834352946
10452257969
9744953670
11895780432
14056570496
11990309387
14097953482
13100030978
13376074432
10926625288
13905782088
9985035869
8806914611
10362994816
10256693477
15317840661
9979719821
12697281225
10881605941
14465416361
8905713657
6300482390
10144057347
13580608842
7915858926
9838392216
13342335266
9916170999
13278578034
14232706092
12047145041
7688230145
11079263586
8419875952
11098811911
8718421219
9789194671
10863137215
9032835136
10639407048
9075562829
10398312119
12099756146
11071831498
6585882808
10872936017
10132406361
10319548803
9730649519
9282850801
9986976308
11335318208
10122311400
9135954582
9673949265
10265137526
10295586286
9520002157
9294872824
7538323468
9577793125
9061150797
8610510758
9796551217
10076791225
8067325263
8764572078
8389836195
7160067340
9060591365
8309780907
9834549723
9860874917
9014830376
7799128732
7714108025
7606434803
8295822699
9102037487
9808886587
10801982533
10561115170
9613183519
9074265529
9304973166
8779904509
8616465497
8760895859
8053950893
7672171021
7904114349
7984077293
8927453029
8215064435
8501499835
7517824273
8150951357
7929733226
7037738844
7106212194
8831056968
8963545655
8368852394
7975650060
8203225841
7709871160
8002161279
6426227491
9689411634
8433733197
10226288689
9639978991
9288243075
8972084056
9105397151
7197114883
9482917306
9111556142
7884936167
9003713174
8236097788
7362327322
8307976609
7229990148
7640408584
7896442083
9799935160
8369044187
8990126369
9379897205
8797736803
8288987922
7257796520
8019496984
9556692514
8860901480
9410489330
8359836527
8015107357
8670941274
8535557766
7667081593
7572618478
10833967651
9918204965
7933852032
9742127786
9470915408
9912967490
9002201424
10435341219
11242503212
13162308116
12701014691
12821365755
10604146244
8205563589
11297338776
12982176677
11666939300
8956899184
8772858480
13125700248
13143421193
13225370228
10165923750
9984779801
10369826630
9532457305
11456583443
11822299278
12137339376
9631808288
9988465645
11018380765
10059188645
11478924055
11250639564
12335068540
9719770709
11884889574
11297180843
9286337512
12069260472
11534430263
12783581482
13313796207
10334403289
10808212861
11842210997
8776216393
8604077813
10094591162
13649058846
9128605712
11353212001
10848976688
12126678365
10782212992
12111120758
10619550454
7923747070
9979925466
9150187410
10301285005
10905089760
9930414978
10218337179
11029182098
11199495528
11674282004
11462369840
10287566122
11558619787
11113190221
10852772127
13044631024
11407400511
