6325496175
10733568523
11239151527
14036986259
8319991041
6955854401
8613180017
10456766180
9047918581
11130544703
15591036267
12021014518
10376549227
12172317683
10817529172
12811627863
8644894154
8974947779
14621352366
8522161631
12636729171
9720268597
8677233780
14882029642
9576719450
8152039661
13215187140
12849552616
14012464683
13063079072
8430241749
11914948835
9389516039
10481258746
14164462865
9139635799
11880312555
16535734602
8779685637
10310526423
8355674982
11957095991
11706441647
10083507454
10462974826
8629493000
10359630136
19348963399
7335261886
13890800915
14027288161
10276819745
14570501609
10302254761
14642334530
8795837529
7195487673
7941691613
13008783303
10586630170
8251251623
13842741498
7451027283
9065681001
8585851578
10151228389
12182291134
6071384608
8304136628
15625526348
13006175990
14617772545
11281560605
5210002266
10006220044
10642043396
8679116907
9835024324
13215688848
12465260789
11998551669
6910484471
8869199086
17165899921
11903342224
15281932319
11937227570
14134065535
13352594577
11089344974
12995374259
10224806037
13657990574
12306458111
10069338842
16582377951
6567902940
9133584263
8124647095
9872214514
11514378858
11984572158
9817360737
16270117500
12241594127
10003712394
16767023200
9072832850
15163529766
6952123487
22556936624
10531908063
10647495589
10778544560
11370223080
12915158346
10813918812
5229303382
12611665612
21997734417
12178828489
3864906031
9559313078
18603067650
6326880066
9349457059
13752284242
8611132779
10040246340
17408315864
11839514534
10110118116
10906655998
9892903370
7293700420
10234931412
23042289699
10721327212
11204921604
11953784991
14893131024
11032671453
8800030245
8786013080
13212317763
21147207476
13203344337
9560771437
10163630621
4637315541
15714611520
13698004173
13187933283
14095117120
14285420001
20990817313
9575549336
17948974858
9761050364
7333049003
12397221518
13771934622
20000325824
9550407910
14571921023
11664237066
18690552698
7092756471
5478360832
9829738676
21390481186
7243582584
9169931340
11942430442
11966762460
13356306825
16954186981
13077657938
7165488346
12612689005
7959577824
12180836325
12471532381
9549604368
12567146447
15101617234
16026118468
11173124316
9951182384
9466088557
10214998706
6339037720
9205011355
9392444214
9282545786
8097242180
9418848859
9097460004
7314240701
8198102867
7266923103
6263003831
6376761487
8144168554
7833512619
7311002676
6029120913
5919549436
4780124143
5316232345
5532439009
5389864186
5030541180
4560373689
4180136235
2807696374
3033678001
3532931675
3716077166
3969928612
2192946629
3659466366
3567136176
3320532341
3147370648
2977858950
2873763389
2720642543
2555981772
2383997774
2222303097
2122077027
1873049888
1390002343
1557154758
1674662506
1426772588
1034243035
110775216
1050774130
1190224823
877704280
1041129611
184243966
790145234
85803003
842796046
779394949
771691842
57240362
665871206
491559486
512921194
1225993164
1187506015
1137651159
1113985932
1923770543
2356402640
3657377055
4146102949
3954921916
3700503239
3604373071
3388507158
2945486143
3058759640
2816630258
2951936469
2985625041
2900754011
1760312207
2626746454
2503531101
2715127220
3381463842
3292834786
3070958207
3556546687
2643194950
3444464689
4545041987
4319749586
1657384490
3200082556
5532996183
4427162207
4907598218
4857965225
4752136344
9610638208
8133461150
10455784534
10423119363
8232035598
9092508048
7083834097
9031842504
14330675716
14518806170
9258460562
10337011462
12116587414
8269222020
14256305920
12201072856
13203550605
7260288124
7064386003
14765708858
10739731509
13022503451
11107811043
11394886847
12904809836
11026140299
14533423417
12862913008
14422780548
8398205129
9084899267
11444096445
12458612538
9230002932
15651770576
12565986173
9081769545
14639475898
9752721150
11037571831
13544944888
11904084181
12518181799
15862971812
10908874454
12173929014
13154844161
8157729419
11190793452
11762880427
10874034665
8411998227
10655881390
11624505759
14139819964
15907960810
16138243872
13723739574
6504746096
8348705406
7771154389
8156186099
10428204263
7612913121
9026913755
11225584877
8768673877
12430996795
14739230816
7392925073
16354644911
7139136929
7485293208
14897286984
10621614348
