7117338464
10681784816
11350880009
13594731999
8425189784
7415289224
8535583928
11010563648
8935903251
11334738233
15978579692
11555813360
10506116360
12127634745
10925959228
13346024628
10018841035
9021553756
13826648955
8628708507
12624992568
9779450336
9203966649
15086157705
9081140781
7461728912
12913432696
12251507033
14781682515
13050661276
7906391990
11617179918
9213358072
10747991759
14555022976
9487172763
12859488248
16450046568
8826220471
10067414550
7832769855
12112453360
11540704911
10318264072
10992742715
8040364687
9879527011
19488844489
6355319509
13138833992
13470290288
10105126756
14572830504
10821214631
14238737270
9233235387
7066547859
8024620531
13164416877
10940626459
8205923768
14204486426
7793858803
8987520408
8318499729
10175429730
11689101360
5930414700
8483646721
14885883520
12800403573
14603263219
11194258445
5192810445
10063538094
11471803524
9022944870
9367803942
14223366544
12762120982
12468834491
6995885882
7849217968
17380082466
12153669363
16011226811
12074210542
14105086270
12548408980
10474402778
12846282114
9814216544
13766022356
12680587156
9945995040
16460299700
6267416471
9557763540
8206828771
9345759327
11397066656
11901280242
9501800387
16582443437
11743888573
9831072364
16196704100
9002868453
13938293572
6245686711
21795094078
10574495886
10595317442
11691093555
11330031139
12534059286
10603156063
5288836926
12256650951
20657288638
12702887657
4390402167
10605359848
18949669171
6037774127
8510789921
13854019987
8818944250
9915591400
17215293122
11311457046
10239915508
10824866157
10325584579
7290940745
10415297730
22480202724
10831770631
11424797041
12494193818
14690584497
11085250952
8293402580
8739648247
13352074405
20459763554
13588055358
9665366478
10677426488
4814378636
15615076579
13908781643
13033952993
14223969277
14318754483
20445540128
9837956195
18128025794
9234482261
7184200441
12326117058
13636920379
18962834870
9059617832
13745937764
11703199731
18951107481
6870291905
5159651137
10135004017
21128902924
6969892146
9003875080
12143598453
12600877633
13121041440
17191949966
13131230044
7081762128
12929202910
7526828988
11762859882
11981221871
9266027060
12477932742
14578670275
15824224193
10747221217
10174387354
9545128830
10723214121
6332579340
9676544146
9120830491
8602978427
8361754579
9155561292
9720289581
8183311080
8467780508
7450821570
6619502559
6630879712
7774329754
7940657469
7674958031
5430219174
6618897311
5370010293
5496998064
5701039585
5628850203
5475579710
5188688945
4754671138
2899940058
3594996355
4611141929
3747425407
4645473685
3369874140
4157269274
4174869655
3611299299
3740994489
3077241337
3552570040
3328356610
2719108896
2914785765
2795462110
2518895649
2150568740
2147869887
1897251187
1955247494
979059771
1471118768
693862350
1286597241
1156125135
1255837415
1107891679
976582282
430236830
396560827
660716720
1024208486
895511510
233901441
740195149
470090403
577667109
1011735721
1319167152
1174654109
1506554391
2445917913
3010032661
3890020833
4503836709
3812726438
4136947768
3657362333
3956798379
4354969059
3059988231
3258668905
3820457745
3315124797
2523538573
2548453266
2869020003
3215406026
2484192153
3208346788
3059618923
3463172163
3777121537
2504346701
3445025348
4498956929
4337222609
1286347224
4214852189
5230483771
5130684982
4844830524
5060253281
4793215572
9961441833
8187062080
11047122876
10876608711
8343234977
8787019158
6415613250
8191622025
14508567327
14419514333
9816575412
10838531640
11497549205
9142340042
13557306514
12512278877
12792879211
6531450349
6660336499
15551840989
10577747474
12716014474
10423888649
11405522539
12473459670
11244631838
15030389532
12629692003
14411783000
8364355018
8478675511
11722786040
12463656597
8911828087
15126089522
12891362761
10004203678
14815762611
9420348836
11150988214
13271485880
12872874832
13151888660
16224674255
10913399799
12242333695
13179671879
8629556888
11116098507
11757428578
11355414182
8573297949
11009584070
11894744959
14118383741
16331208416
15769947459
13657527220
6155311093
8527736590
7638980830
8082385682
10240009498
7258879012
9365975421
10996636237
8776394157
12143172829
14111465631
6855645360
16488024718
6709163861
7226546511
14972328705
11253026092
