7926343241
7465094256
6795351086
7995783908
8129844435
6695966170
7989087054
7677709004
6751632388
7985938770
7494840203
6607241926
6891602893
8337674212
7654115166
8141594169
7729458675
7913755976
7529442543
7276873091
7570800357
7887149385
7649789982
7362576807
7589112801
7534399237
7686172332
7257034170
8045517672
7340881760
7428758960
7424895856
7690824893
6223914478
7797718166
6759463499
7545386066
6758914523
8024466544
6594961351
8168755770
9237447936
7198558035
7217279808
8346848909
7480877413
7275257586
8637506731
7557483270
7897188167
6960500710
6710570198
7607183215
6444657475
7850981356
7465597740
7708625703
7479481092
8454278333
8186733704
7786452939
8007849430
7205664448
7578596917
7816620831
7176346623
7340078154
7600584378
7799914351
8493131949
7661600794
7342528765
8247729925
8407190220
7138460994
7322931210
7397684308
7472164778
7680535452
8347900607
7328938267
7504180228
7146905335
8578541186
8557862031
8107496367
7200940122
8572995276
7866634564
7848518128
7961675930
7895985981
8426304982
8074359068
7587284032
6927946220
7496994064
6837783593
7346726956
7975485011
6592503784
7119079508
7463486640
9105979310
7403057528
7710970546
7519558241
7660472379
8322149935
9484197772
7384794974
8026255965
9994040084
7763588092
7751343850
7851788741
7524057693
7315831362
6999803888
7394958142
9028321478
7976110254
7457789301
8855144333
10484811196
8580077721
7737186767
10833929351
7215517495
7259348899
10538623586
7501269225
8261660600
8217142880
8504824205
9387830654
10656428385
7704598060
10384732252
7806029682
6740845606
7325245780
9773430134
8404775016
7129880604
7697962594
10282596802
7048886305
7557242910
7442583160
8216549948
9151570194
7232369984
8542561789
10651693347
7413543336
7350018544
8618400089
8239535902
8477187103
8003527382
10201691125
7691463163
7084782389
8003126340
7787300337
8432399651
9656872348
7911485601
8340669920
11811976388
7166238624
8219202476
8148482823
9619029380
7209947441
8220629314
9517326059
9075848228
10172806382
8866421858
8042018769
8414202042
9040057948
7891342687
7603579334
8292592690
7356183384
7557940292
9167398503
6965331231
8659998563
6301454024
7590023322
8055880009
8167446322
7775749715
8277458728
7668713320
7071588143
7053031869
6902783842
6722981700
7137488730
6850421756
6464426071
6209436226
6005225741
7082345437
6717565498
6444940208
6083213638
6127301371
5804701559
6070350801
5806480222
5639156093
5662250316
5834268165
5846698010
5610782679
5383804254
5344183170
5252147169
5323088733
5333730670
5416552438
5552029252
5279378958
5153291235
5042309557
4880407593
4702545777
4561969524
4490063367
4382017767
4277291779
4188863338
3961383938
4269316743
4470667120
4399582871
4349194709
4469560243
4249480658
4562961325
4888178624
4801628787
4737035028
5032530145
5068592016
4980239060
4992329685
5068918633
5508503303
5516630159
5482198873
5402645045
5294677851
5202723178
5020146477
5184021714
5135506333
5224308611
5381228884
5252794674
5470329335
6041330970
6377376691
7197887970
6952916652
7774587353
7826299866
7206841178
7123427954
7186097189
7760197116
7316344132
6738835287
6374288368
8129973081
7564153014
7081177368
7152957744
7414697824
6110439580
8248354904
7098093264
7179818697
7338561919
8473701138
7779844876
7187039168
7494826376
8529096206
8217218138
7775357182
7158646178
8795941222
7748156225
8401562699
8802003679
8178320811
7844806334
6970504756
7420979291
7509682169
8160466469
8150916463
7907655891
8219771143
7586570134
8053750843
7885824598
8435158270
7336232689
7594491699
7699512109
7154627310
7864530071
7885352592
7016564575
7552560882
7090805554
7683241548
8424378660
6874068440
7333901283
7780085658
7704153935
8984494263
7621876883
7846206307
8160282985
7946234584
7175913119
7384225108
7898105328
7535249041
8206489792
7062907852
7524477582
7051455138
8131130269
7631387438
7610436958
6929949160
7762029411
8106470927
7495113257
7760142008
9015348934
7454374843
7544768606
7413777003
7749412672
8121452626
7610989491
8208245375
8019676635
8309610454
7317011004
7455873178
8338597230
8109269858
