7784497574
7292401157
6958628318
8038858576
7781040136
6843564280
7982888920
7789696304
7112393527
7997309559
7409651931
6468871023
7311104181
8148206107
7562332597
7832949924
7684203198
7849245179
7339903392
7342016404
7515829555
8121538780
7694448506
7493767623
7795203568
7231118093
8060399262
7041466700
7884672760
7161939071
7534760768
7648987125
7501691900
6099500165
7646485179
7063382189
7525646497
6847285186
8293601259
6756696221
7976758805
8879048667
7094498759
7249808826
8133488081
7842644032
7279916356
8624836536
7757738689
7988052092
6929809060
7289556993
7532527558
6403178830
8158353142
7490830174
7907586671
7292560213
8153017200
8105316074
7538574196
8021402211
7617564206
7709863219
7811926193
7065225810
7449659397
7705482447
7793127082
7881727434
7522010596
7150040680
8324710047
8474129245
6988286098
7594375208
7422944960
7410000807
8175740392
8160008176
7377220085
7483606323
6821855317
8854073708
8579102529
8162916967
7342894605
8587603023
7906583499
7712747194
7591433433
7997133515
8196039077
7903866966
7605202140
7294612817
7440141506
6948352341
7366432896
8137412801
6895509451
7125515197
7669439927
9065278979
7239197277
7957474634
7629605990
7489124900
8199963624
9155253466
7535609741
8320634177
9642776663
8115815817
7663288653
7951896857
7438084991
7408047259
6984073863
6970773533
8644462017
8017250498
7592492258
8715176932
10169614263
8323001485
7600931088
10315817241
7517011121
7105315512
10124295914
7787687760
8154177267
8074225995
8601371079
9173723595
10171925167
8010277841
10083868007
7621881250
7138091600
7390355336
9466237243
8385439119
7346377508
7385156486
9857949659
7284518054
7724339435
7810884837
8390369186
8979051910
7564657323
8209104591
10111851495
7414085677
7306091061
8149983949
8282360044
8128045373
7974098456
9818653028
7812597248
7314464867
8105967520
7486592625
8185747574
9244428034
8119104941
8385938989
11113964679
7195832286
7868161694
7744367874
9800674734
7240886781
8026404899
8979110808
8974971234
9619305234
8874182455
7919870347
8547465096
8820325795
7954770471
8005441917
8256067837
7233748927
7700964627
9091726433
7099229899
8350927961
6330750515
7194139682
8422635860
8362066018
7743017273
8651727056
7930881892
7554855400
7129115363
7231158294
7184622772
7100950964
7172835275
6788239340
6379063862
5943052390
7405718530
7027866539
6531428369
6415047864
6437556842
6491913077
6107930514
6178658539
6016888650
6154914118
6220518151
6398336303
6173236918
5772886353
5914540805
5804811862
5526702978
5765828203
5942829069
5846351438
5726865892
5642510624
5501591060
5441451935
5234007770
5241921328
5138985041
4859000716
4745033046
4623839850
5051533788
5123012604
5004609853
5005587997
4870749945
4952296231
4873999346
4772538810
5061877302
5143430844
5162257780
5706372827
5500849592
5402486544
5178616224
5085549824
5075773323
5918729970
5768424614
6062374341
5699414660
5450820723
5490507294
5830454849
5742260162
5657760627
5719217085
5620503349
5714039663
6718487428
6246488376
6993352620
7288359147
7763345431
7898004926
7519747058
7243112908
7160377370
7590234674
7175862677
7012561900
6568272972
7947539789
7762155652
7197308293
6947903609
7354346697
6399353442
8233765102
7301839679
7395194662
7614937943
8257932491
7956767616
7171976642
7194817533
8360559582
8533785374
7740200336
7049950464
8487039681
7375011452
8454819076
8702974841
8170611491
7753450951
6586234668
7001016915
7174602352
8265469536
8401879231
7799291103
8160629750
7557320762
8207473160
7763620534
8779796913
7314601543
7394661412
7873615118
7254302356
8032434659
7582317374
7390880651
7759527632
6936774469
7772693637
8293799845
6974275753
7725262474
7581331298
7707887832
8907594626
7594974764
7675138308
7854760326
8471645924
7201450015
7057396418
7875103460
7406280037
7754284678
7334367450
7405566146
7172258764
8215437946
7681945485
7534468174
6822178667
7670191859
8054117753
7655997468
7583025996
9270210933
7212844849
7558405236
7189586510
7694194593
7984531881
7621531131
8101909845
8073332719
8802987061
7478091805
7154400721
8241120636
7788113505
