7644816683
7505470795
6690098793
7842968621
8244837147
6546928037
7810911070
7548038659
6696431527
8026753853
7409623308
6824895996
6673273393
8491388321
7786529263
8531418993
7487023922
8001783522
7940009202
7612466594
7959387530
8264056263
7574320551
7182879992
7660449072
7250603224
7588393261
7325233955
8128254481
7248264303
7217519147
7130488923
7798651801
6516764523
7583794982
6801984807
7377496666
6770041923
7856546802
6555787969
8221675963
9104146989
7310356320
6864899232
8756865828
7652454723
7453339176
8679279657
7871525761
7612400144
6962676329
6929561281
7709568019
6468261222
7915116967
7080753077
7580553331
7413701842
8826940978
8126848559
8153237658
8191424113
7218717535
7615025575
7998572789
7479935259
6817394929
7517462612
7956219866
8556791805
7587102934
7695614906
8298756061
8683771278
6886546617
7230622394
7681064600
7595151543
7555416767
8191451731
7132422580
7534055952
7345475164
8418778036
8391082869
7988462414
7347892745
8552064792
8021395585
7948093930
8175343011
7602145362
8309039957
8261138076
7464388840
7156456419
7749960347
6592777732
7453928087
8016914293
6535397638
6719417408
7578930135
8922319614
7573645025
7705072045
7533930685
7759465148
8456771497
9824615002
7469810140
8159708318
10064735202
8065981717
7884370932
7882279612
7727427583
7570234068
7033139684
7406449969
9477798284
7866698745
7189295833
9031317032
10497859225
8641510256
7824506170
10958249336
7438594591
7125909943
11420083872
7634802469
8355548461
7893077005
8172509350
9477757876
10843354144
7664410077
10561725747
7717959171
6888762834
7529345632
10468274472
8498885828
7326290845
7643510414
10454388208
7131132983
7122837123
7275682393
7985931020
9533677129
7093777914
8558447000
11272151200
7841793162
7378111926
8716179208
7961894194
8321830147
8002417381
10994851493
7361362998
7029278280
7830238190
7697135184
8386652961
9758951865
7670589403
8443162665
12374082017
7367101889
8113227567
8093424229
9661446681
7010529764
8441921150
9836503459
9103663532
10243196782
8923075694
8135231199
8631543357
8778244548
7503258791
7607593175
8084762270
7351910949
7593450864
9446228905
7045404931
8768154451
6274471787
7160060674
7813080918
8306899484
7446733226
8056050838
7602564313
6659460993
7044467962
6829176185
6405485078
6962522311
6956327463
6503191114
6198622717
5994887587
6513790746
6499696139
6446037775
6061365195
5846587825
5561520150
5404073006
5199234572
5009424599
5512105968
5658267240
5474015157
5341044222
5035759904
5134860770
4923413101
4852109528
5184355369
5091916951
4917779962
4873852918
4657588365
4681294448
4397316983
4268661052
4264393117
4055512254
3878456947
3808410873
3738969103
3624839858
3768140263
3676765968
3835434758
3912692153
3730164563
3742331376
4051777125
4295644279
4165611333
4229419772
4725439117
4653749349
4506862892
4477867758
4783242402
5053527006
5061146802
4914257542
4785618520
5054348315
4918032968
4719359247
4777001974
4852001335
4881271196
4790742582
4873568396
4855457363
5645736091
5929518560
6903209734
6810855790
7611299905
7487351253
7069253734
7180866216
7271467340
7453559674
7352633281
6624401680
6444746516
8108324232
7442133212
6961833523
6553659438
7796737413
6074397162
8491370661
7005550202
7091210935
7349154712
8035465413
7770622314
7099899558
7438468430
8739024189
7973878877
7939666832
6895614987
8386053587
7589656968
8493859280
8802543620
8089002893
7923210911
7182197275
7435882163
7575461832
8224313536
7998754535
8021708315
8126962394
7883312173
8515683667
7843530767
8645103977
7482421344
7703351828
7654108440
6748251935
8137403189
7942600911
7354637584
7814193622
7284139433
7778624578
8507570107
7194252481
7381365095
7727272351
7509478998
9023551893
7481532691
7825579405
8191340016
7871313788
6959250683
7259155895
8107349641
7642109511
8176505961
7217406013
7126957271
6932900179
8286624710
7949702806
7365053418
6960543248
7670018406
8017410426
7676402127
7718254518
9093727054
7647710122
7444981323
7622699851
7751023946
8133422473
7286424318
8228423197
7965087996
8124373137
8061769462
7678101119
8213262284
8521708785
