8625653449
7619845561
7919618014
8297543608
7914081287
7420470183
8287768993
7627038909
6638909601
7681692112
6631296578
7034205307
7039781332
8557425299
7624672765
8631230620
7648574047
7582617424
8106627022
7173482097
8009322582
7839797667
8572389544
7296037639
8158161335
7481249685
7971316886
7023378142
7655238572
6980395436
6859200053
7558838832
7504942866
6189382897
7758470434
7422253328
6512268618
6820221099
8783409183
6654824477
8080259690
9137044504
6599206643
7135862737
8820182110
7883566671
7846568802
8783328924
7745017425
7746191125
6490435238
7290374063
8405644162
6964687195
7119565910
6718172931
7344873921
7381260515
9432511785
8901634717
7892140333
9138006345
6595632545
6457589951
7587702428
7200265725
7268037128
7162504252
8095168106
8273512999
7822427555
7263773660
7364881435
8578684751
7040827598
7550103336
7416918572
7654600874
7904958974
8684399205
7114229366
7676362331
6333131662
8796028190
8378267107
8275822177
8010834850
8945455604
7387229819
7552577624
8093249153
7427362792
8081479980
8723989348
7009400074
7599962438
8376186274
6309253922
7795393520
7173901358
6996047405
6658063595
7737167796
10159436534
7944911903
7530849543
7437703541
8439493532
8819700713
11393543262
7852073589
9036378195
11249828740
7628664720
8011575079
8076994989
7675578764
8084416797
6905979706
6926212991
10995988970
7194903853
7740775704
9113565046
12313927099
8338727749
7530247051
12361226813
7317914456
6111251415
14224968839
8298768714
8602322087
9070138789
8526461951
9830457057
12124534826
8370067214
13121423778
7935146562
7769541376
7482941252
11024339713
9181444171
7663051210
8281551570
11723518282
7523523611
6650818273
7639333782
8053478793
9431870368
6907976988
9132441139
14235699582
7243486701
7087271417
7957725874
8320604529
8106697231
7753611980
12764399231
7417132129
7379491683
7207009720
8839411661
7914323420
11612775270
7744435094
8333436369
15816849957
6914145150
8275812414
7857789790
9094121154
7228057647
7791160616
10815070873
9291150690
11735086616
8771469232
7835440598
8150170266
9424914978
7558030495
7729109000
8579977231
6730673606
7758175577
8944648283
7737136203
9074962959
5712750250
6375125409
7761185853
8373527065
7807213437
6764678980
6455693508
5829402441
5924835834
6178296657
5848562014
5548589985
5253313383
5529813371
5094580634
4779196028
4690987001
4578600632
4365659352
4154740540
4007513994
3850502472
3705355383
3403510056
3328024173
3292378590
3122660875
3608748913
3541920624
3427743335
3235738889
3027266171
2788656494
2706929439
2591901006
2452657235
2340937279
2190005525
2033994533
1974992000
1753124552
1683746203
1575122537
1477797888
1347620121
1277541120
1200924396
896809075
1074468455
883027235
905671408
885056203
798090554
1363537695
1544320693
1679809157
2065899185
1982856620
2466532903
2544890245
2412188846
2522287319
2937300391
2974597797
3150092818
3043558426
2981392913
2744874174
2682685187
2570609788
3087793249
3173922142
3006290905
3334293459
4067393301
4070608190
4850828685
6286441389
6704384247
6734937805
7153457779
7990909055
7364221385
7371787619
7067296804
6513076558
5631798369
6854522921
7744661289
7261321863
6855497954
6814221126
8054318856
6381641556
8327264594
6508904441
7362432737
6614997233
7314129943
7759121099
7003084324
7813370604
8119713324
7520018096
7302460705
7342267985
8296469767
7541758119
7737903565
10057796223
8601054428
8239396169
7295272222
7101651949
7070685954
7987904167
8860846418
8871037962
8148312582
7705707307
8500905881
7613723459
9359181876
7401017352
7619240508
7200902652
6141398589
7354770961
8504633065
6675424770
7971155435
6964907749
7984702995
9145469547
7506929124
7572761392
7649774731
7058388707
9352055466
6933127833
7544657152
7748095779
7081732952
7768937186
7653624222
8953573740
7548385561
8501808369
7060678528
8008996916
7163932234
9548990691
8658088098
7762170449
6833135519
7812226418
7991691358
7247107859
8288427357
8869592088
7478838576
7806265718
7664525570
8524634039
7955463691
7265183906
8656017065
8091256401
7237286337
7382367917
7821324819
8491885050
7656728144
