7360833469
7466660117
7479769589
7647863953
7754545290
7477110896
7466718344
7193288009
7581412744
7412243698
7493793608
6941287165
7654393761
7813276090
7563220441
7492950141
7656451335
7590183333
7648692744
7535557994
7759540489
7423328163
7684913993
7636285615
7338813883
7762118588
7515791837
7407691985
7412730895
7611067324
7582118941
7731641965
7412916128
7337663103
7656261373
7558883573
7439757764
7465967914
8089507841
7560453778
7479444541
7496681276
7412923687
7711350288
7535884084
7702742044
7552451116
7820697589
7721007435
7819578708
7375990426
7371330301
7621274561
7323546525
7698012331
7399931295
7430677781
7664555027
7832202706
7416299333
7493284787
7569390427
7735600763
7693207553
7467480101
7465180619
7651945080
8006524793
7500144440
7455944500
7747302486
7613893258
7940563491
7643261602
7500670578
7507424852
7344179090
7568850735
7578155574
7844875289
7642639919
7780729226
7466082317
7837271330
7686799814
7515703010
7595576532
7623153935
7418782998
7561804904
7472913816
7720369872
7489241975
7638912600
7636723358
7343705988
7569535066
7474145571
7406116486
7493581921
7461025337
7855133566
7430857463
7871145637
7417023451
7789578559
7773879933
7544358423
7830525913
7966577430
7635827003
7492379141
7589804256
7806017278
7663615350
7330424623
7940942243
7327265399
7614580833
7365867596
7859945506
7486936411
7563750138
7620170585
7854952043
7633919168
7705508890
7992333109
7997376120
7416995340
7875085242
7313924584
7638191657
7537520580
7942434005
7879194339
7979771278
7594108939
8011025381
7372034246
7553016730
7370271348
8010685642
8061965889
7508650071
7515829693
8038119545
7597231648
7900179720
7657727568
7754386396
7871358799
7651810747
8082558409
7829884976
7505144713
7740220348
7577494553
7879893710
7503003326
7685199488
7874116510
7811975857
7604682156
7669916576
7770349767
7838128848
7884623627
7716080996
7930200953
8069092868
7743971008
7592431300
7803101750
8083392976
7439619255
7976380871
7706401460
8250340141
8313152753
8344729242
7792280889
8107722678
8041676830
7927666991
7742867721
7974791111
7780129185
8120923364
7879165809
7597649826
8077118969
7688255985
8069806534
8007132854
8166861492
7968458951
8087369197
8077723149
7883748877
8089158877
7595713146
7757724198
7723695107
8184254073
7449012161
8002224762
7662411800
8058007042
8083305136
7464657817
7869856992
7666684171
8192628529
7453268651
7683303913
8009197011
7794409820
7357681373
7818455174
7788086454
7661305875
7774440611
7920209891
7809218613
7875367929
7673993299
7829210091
7721376059
7775560009
7278844703
7706116777
7813683913
7575166175
7468669958
7706878891
7575512494
7760345763
7534977535
7709228239
7185078447
7169036714
7478451238
7395387853
7639964448
7559805091
7426584581
7584834216
7428488751
7218888266
7432471472
7529539375
7699587060
7523384955
7852577222
7682981471
7471945480
7602862785
7514787172
7637694406
7592981261
7437370629
7819277807
7671578863
7864233433
7540065354
7708619035
7622321248
7704659162
7250416758
7468617832
7488443779
7860365661
7813795872
7359464095
7824478986
7312447407
7510364889
7648890925
7424468760
7565916095
7611408117
7664130019
7270387432
7540567580
7259719952
7972915855
7500841152
7571718202
7578264737
7663175068
7718858199
7868619920
7578181974
7231392768
7634611807
7615593480
7462598883
7615105525
7475256772
7726903241
7898808412
7472823827
7760191390
7709891531
7601103591
7496540539
7733192255
7561602189
7402724221
7715411063
7494165525
7678947168
7682186581
8138870713
7684694068
7585364406
7265727206
7813026173
7640892651
7301739417
7460576112
7439447529
7522364775
7702703345
7666598756
7524264399
7803532583
7516707197
7827363375
7691893334
7659580718
7551639695
7516698746
7591719758
7705006336
7520417865
7753939584
7552400529
7586154583
7879054611
7651266338
7558984374
7876852696
7739176259
7806933088
7753121806
7597381947
7333020819
7715621575
7972520825
7854377057
7473279222
7620902303
7509816385
7539243324
7792144567
7583502998
7325320275
7456621799
7722107693
7341174156
7542442782
7455188598
7604623077
