7195631444
7535534820
6954004834
7745129315
7838504903
6738442884
8016767222
7411954661
6518825409
7831438820
7052607163
6714028116
6608752146
8725961975
7628977895
8710010893
7304805212
8127106421
7863705676
7570245515
7698607801
8413916899
7820839095
7144469501
7701446353
7188119428
7548815981
7495870908
7776778255
7091942888
7335541227
7247539015
7576085741
6446653107
7402871074
6951927594
7312843895
6872323489
7993033747
6676665693
8356267239
8690274602
7512615154
6957333313
8819499865
7460000900
7378275300
8350982135
8086829901
7669612261
6752292581
6936129379
7624771125
6601598957
7580963206
6950106467
7523273357
7317921822
8831385476
8011445866
7855724414
8322893687
7001708365
7784346166
7711341787
7313565947
7006632305
7585862294
7885940824
8256896039
7364903880
7632503108
8239093704
8856337763
7138101176
7483496602
7748430014
7780586126
7518792856
8246375924
7352457931
7536369119
7225174700
8223204552
8455700071
8151736541
7762366080
8752447126
7759034413
7823632500
7878429294
7578923775
8265194882
8181902364
7451113193
7365855238
7838572713
6867146895
7368661540
7968123231
6796469860
6842629333
7666302491
9156770458
7518526744
7546721037
7574884909
7995842894
8294645327
10120870390
7603156112
8299701850
10218478424
8084405257
7864696852
7670229110
7833299980
7519682033
6628252617
7241421022
9678815410
7654071289
7015044320
9031105203
10836706377
8869999534
7804756538
11266799730
7278804357
6646602087
11721228981
7579855699
8571203149
7834776379
8543938513
9728126768
11118747096
7737351190
11015924013
7542316104
6760559895
7555294815
10721039919
8554115948
7502141901
7453738302
10817462253
7113034861
6826373584
7089118412
7970254422
9491997681
7019459936
8489974583
11749214190
7720736616
6885756940
8666554075
7927405465
8320122061
7849934691
10912708311
7400366749
7039306028
7895410439
7798026756
8303295168
10395761819
7535615140
8642957994
12435757757
7298008468
8399623116
7717264095
9615079471
7198411088
8408485653
10200685028
8897650516
10568182435
8559617785
7801182886
8643298955
8926656039
7498493608
7524095210
7944289864
7331308889
7457159603
9380715104
7269288144
8827617183
6466586009
7350743259
7853879001
8211726834
7410708984
7914181464
7584720518
6905481309
6800802983
6776485025
6508006446
6693801799
6875074008
6264779170
6057340239
5923182173
6179217953
6206993810
5937376609
5763403464
5592870770
5314647092
5152074555
4885923535
4846541715
4969332766
5260129871
5044974092
4913156756
4961750333
4922116314
4746533381
4601691556
4887157551
4666359233
4643419181
4683603960
4525532150
4513046960
4382147796
4236371892
3925367556
3688396172
3396583412
3265369361
3384162183
3231372571
3263696202
3173170428
3373826760
3230198571
3132127864
3149775411
3691893485
3846028042
3883632611
3925656715
4138109125
4388396221
4503987808
4221069370
4100022611
4716934485
4861792557
4623954744
4670122055
4883176645
4654185477
4605573279
4718422994
4758243818
4557074181
4567949928
4539418563
4769488134
5552347919
5837689032
6658817373
6770081776
7589997768
7481112631
7030193216
7608757184
7179530930
6920468694
7122235429
6630507812
6729539065
7989090720
7488332439
6726244907
6856064902
7670068557
5960989562
8193932969
7010199745
7462299640
7279194769
7969422025
7962522430
6995905466
7641402379
8411782885
8036608216
7697541576
7102077087
8145205147
7685664719
8399763555
9075976084
8121267681
7918112694
7400505358
7195023255
7556457132
8038822684
7998287226
8188173624
8007972962
7583167671
8704112035
7892333182
8274985992
7653133022
7530635103
7435071727
6475567907
7873373579
7868479883
7145212898
7866006582
7131280510
7676189681
8639196399
7248326481
7490637078
8066661091
8031085439
9075648026
7172510345
7785240220
8051084486
7945664930
6824057929
7522036531
8337232683
7580443040
8225833665
7472540034
7152625809
6940348989
8290609494
8354623746
7395318044
6965471130
7665652206
7999592543
7812789099
7813056587
9042945365
7637765338
7334053240
7731626019
7896325469
8012004726
7151770501
8282024778
7610756598
8100892940
7963862463
7824890424
8207453745
8495894810
