8754918372
7600694964
8032848863
8318038622
7667120599
7322875018
8291923604
7708405881
6722237412
7975932617
6588723055
6855624917
7107995216
8389905639
7731155511
8766655542
7559330329
7562606270
8052568746
7429905518
8077776823
7879613766
8733660655
7227013247
8122331177
7479648689
7880661009
6815335236
7606238621
7111348512
6746650386
7813727872
7640990217
6124065615
7843622001
7322519433
6468590681
6755133483
8784348828
6669854045
8373967657
9022385950
6444233449
7329048612
8781817608
7896812365
8287967809
8708249110
7412338281
7851219346
6341498948
7410105376
8537204603
7181079823
7009632555
6914484342
7459096871
7629031477
9449624836
9056960630
7840089104
9275079866
6540725938
6501658280
7598066475
7199818673
7127639485
7201574870
8395014595
8499915977
7841240050
7238053583
7188496348
8602373584
7074108400
7623537946
7399985566
7686963609
7967954580
8750074665
7034465623
7677295284
6295422127
8797117516
8264214272
8287749866
8056393539
9135565631
7401747318
7413730929
8145551001
7317042108
7985456038
8574282053
6955402099
7781481170
8517286908
6642836737
7685982775
7146640563
6958519264
6767992928
7685574531
10125862782
7797947112
7472761452
7200454528
8496096001
8755527082
11391403103
7607124063
9034548070
11401766502
7718566741
8076313029
8223367017
7735623105
8244789779
7077159783
6945361584
11138233565
7286145528
7857228316
9410992509
12467869837
8596040512
7515299231
12319789108
7295403693
6130788922
14552764971
8247104291
8739046498
9007268383
8559143819
9759139232
12172159320
8163662622
13258906347
8117865341
7755448749
7480435178
11234268892
9272697591
7511283005
8051835238
12096296799
7424427943
6540603707
7555300891
7868273533
9476702042
6774952964
9351641752
14247926787
7056141377
7071168089
8130178122
8119110456
8062219224
7898870221
13031306449
7404452981
7172100208
7006630731
8805182991
7976540888
11663437097
7923163725
8289064721
16113783414
6704482004
8227701665
8117428071
9074640587
7498767176
7810364449
10931958496
9379024031
11980936248
8585285629
7640766320
8032515947
9818316939
7661579647
7712775005
8413767369
7120469869
7609315245
9056384881
7608509510
8831395498
5600412103
6410272639
7860819643
8275309600
7684431228
6709911591
6524482964
5860809503
5824536554
5831261547
5632561186
5373261056
5260088713
5419740346
4891633264
4881305554
4526384486
4481712598
4249592961
4034636271
3821170923
3597612345
3279189940
3265375593
3223213996
3113064103
2996776427
3400417603
3341495076
3131796872
2954505111
2771802829
2555950482
2451867278
2268142596
2157317824
2062924935
1943061789
1890490361
1780643725
1651339265
1414875366
1236110276
1288255664
1162758103
1142889022
946779339
737407526
839704517
705295420
716732409
580704605
590329767
1072922814
1225989245
1459169299
1572196774
1756907984
2236954193
2139019434
2028624590
2099970632
2502161919
2817840671
2759057800
2930773014
2893824984
2750910806
2663266852
2451026023
2938713125
2998227253
2845754585
3054288976
4010584849
4058680029
4731574080
6240603113
6597427972
6981370071
7214511003
7993213177
7436232577
7226604661
6943063857
6297413050
5759865275
6924301496
7678352911
7033849863
6880815110
6874847420
7877573651
6249307962
8219282690
6206893878
7587850582
6663506919
7159273124
7767709900
6784709673
7796278134
8243583382
7504331264
7290531587
7442718255
8395249472
7737393936
7857626007
10241887434
8669012780
8239797940
7397495553
7348245968
7201935152
8152009716
9205477157
8875442654
8022985517
7710937509
8376984072
7597322328
9431620597
7373737312
7673203026
7257895617
6014735335
7590909241
8524646142
6842820536
7827576541
6935461503
8219873395
9051533047
7658123614
7559617586
7765155884
7267309298
9444469453
6850609026
7557014542
7710824327
7137890670
7924318049
7645752475
8593309855
7560318794
8429319679
7219103524
7946287417
7348546086
9681940072
8627787175
7744314165
6586567954
7967350392
8139544690
7033907454
8316356494
8739662664
7631866218
7622655652
7742749765
8524129787
7905681089
7353257400
8600265928
8089542569
7442504629
7284057505
7852039069
8483623037
7592579397
