7910695574
7493127233
7669216187
8022909223
7619492877
7606989832
8202384520
7914592123
6464815229
7308265330
6630526532
6982502301
6928345711
8544844680
7271763621
8667770373
7435574388
7847746101
8107611012
7330290486
7654084730
8187645341
8482865156
7358771276
8294646957
7622695468
7830152621
7233897272
7666617629
7052366465
6946907480
7607142409
7419584939
6221533537
7657292481
7244507973
6604476328
6933487022
8699422380
6492253062
8068203801
9383798401
6973415743
6775259286
9075778745
7950478179
7701615245
8403457629
7754293381
7571497250
6226348817
7331171200
8139071565
7139161263
7401659805
6685672966
7404549893
7586824901
9439728301
8592466365
7829719451
8713195076
6770838728
6789485175
7838002177
7092779826
7171196783
7211429388
8449839874
8509041295
7468971291
7744624659
7471250163
8779193213
6846854375
7474134865
7477485048
7751282232
7923674192
8607517462
7375310268
7562857126
6899599001
8923648784
8077694878
8186437917
7764833071
9030595181
7439545483
7454621884
8274656769
7352647935
8403775827
8919569310
7021843366
7539914827
7911640844
6113014408
7442327694
7516431965
6256346440
6517161127
7904001564
10241104202
7692544149
7464193479
7720553794
8066468477
8759012975
11042680568
7897425110
8898377303
10913019622
7831109222
7877197532
7724091852
7801021183
7899243728
6802024804
7166587662
10729852199
7145967335
7605839770
8957917462
11958182952
8324552623
7994544972
11630427950
7322789388
6212673131
13798487950
7936952848
8890494292
8797266088
8512287784
9863668934
11914594283
8435079629
12677741114
7929347475
7401131263
7454398810
11110906560
9360942516
7383257307
8151814469
11573829910
7612251942
6662878626
7208509838
8169419291
9636420647
6924417101
8640208923
13540656876
7009993248
6801522672
8001549985
8414776262
8236863001
7998289411
12180497136
7427998787
7320303914
7142704666
8691756489
7928375264
11322224555
7467667248
8574706488
15140709385
6990498449
8434137794
8131346025
9226200151
7387976511
7896677570
10808191001
9081865295
11353332629
8730245382
7485515710
8052372054
9166416082
7880873016
7848409073
8237631009
7090144955
8090205357
9102634794
7989313776
8921374590
5656856850
6684694990
7618788655
8292122075
7542950980
7076459456
6786093720
6395277995
6240814828
6434762013
6106544887
5617584153
5638013333
5429424400
5441579439
5328300647
4893613957
4702922795
4764654138
4651882950
4310657716
4195709943
4053785902
3982310942
3681323284
3602375548
3993799316
3955479867
3965326992
3702825213
3655619119
3960502969
3686095848
3522191657
3343868741
3172491061
3034651048
2856935956
2685543052
2434272984
2393395134
2211924104
2057054321
2006411104
1892822766
1698554213
1636829627
1462294735
1501141184
1436694923
1368394364
1446816414
1738376970
1913296856
2119387584
2242770685
2643088322
2602543556
3086827328
3002904486
2850566503
2991278693
3479010287
3374038456
3500923503
3286857000
3230502450
2943739446
2887667741
3170424029
3521217539
3306722474
3507699703
3389669984
4423704732
4499818030
4878168033
6462421324
6465327444
7254278606
7269591817
7634451286
7908231980
7359333793
7129184286
6244532453
5633245654
6549512061
7501174590
7605475042
6796039422
6813848355
8019557137
6473543320
8391798770
6357796031
7440468747
6853232801
7075822785
7831135330
7400982645
7631032466
7931503255
7665910141
7185648710
7081376401
8450611867
7490373585
7888030957
10006287248
8377064863
8083409360
7266960375
7222081352
7626090180
8046586875
8376813504
8266775165
8127091231
7597327002
8422569376
7390942802
8952186681
7651332023
7683119362
7442213188
6255349222
7409458564
8249462072
6588165310
7715955480
7040519539
7746432766
8912381222
7339853130
7699329593
7910821871
7246178322
9192751381
7005377526
7925854665
7755357776
7405952014
7457525832
7437533169
8932012945
7360097513
8539422876
7100998194
7449985323
7051481543
9260750445
8569328740
7797203292
6895175244
7733221814
7881706779
7611126865
8141824943
8886771127
7505493201
7505139829
7982947602
8476602214
8340391992
7196063199
8446620088
8324617103
7593996216
7578508819
8314136914
8328403711
7182450877
