7568453042
7546776797
7565685015
7560916662
7611389387
7611143269
7580232242
7546764666
7606087536
7550427325
7586216367
7442272540
7605325426
7617074790
7588605837
7615389231
7629159886
7628475981
7680665516
7568162065
7696443281
7681786834
7791697837
7637631949
7606229936
7542942358
7529775165
7586623170
7592203274
7549388107
7569816396
7648442654
7589769136
7586752227
7625165333
7699440161
7584981721
7597699220
7745374056
7645803098
7590251257
7667751918
7435154454
7596014407
7600315909
7824614698
7564473727
7566158510
7645464348
7690996729
7470361937
7494019225
7673440404
7598777511
7579239381
7537370360
7542478509
7664448459
7802027304
7590889530
7680508100
7514845436
7641864986
7633778027
7539587831
7637435407
7680670651
7740313329
7593473711
7593567070
7725826331
7548704677
7639377302
7633868344
7412573285
7567470207
7607520644
7591706836
7724802642
7694052271
7627487682
7699977450
7537024808
7638842386
7543266419
7552733574
7612008799
7642677094
7616827064
7576559222
7577376875
7662120139
7602957242
7646298923
7624938858
7535690937
7672033786
7468867095
7600944039
7528274876
7589918818
7556727531
7520551715
7530566262
7688202240
7540793241
7721176804
7602692864
7662729331
7597386660
7699075710
7654005030
7632202183
7617889128
7622070221
7579157942
7622268569
7606537860
7635648978
7606657518
7592424390
7645538912
7700259036
7563934590
7626950526
7563732223
7538091618
7637051773
7744185192
7496691109
7717773945
7528581958
7641827591
7440357904
7759374579
7717164746
7701477894
7441461215
7765695868
7605728340
7578067230
7569179178
7754207145
7690835138
7529272955
7653360809
7732709970
7554315675
7612900945
7604099716
7644632644
7643421861
7697627439
7694941639
7674112898
7620115412
7674673330
7598628316
7617520478
7615544572
7579007559
7637158652
7770767789
7666601719
7594430607
7705369260
7570096051
7681818535
7601594991
7644167440
7619522034
7664421811
7649615468
7679881300
7620590157
7547093567
7652166249
7661500744
7742401073
7648403560
7742179630
7647002552
7690864942
7623335162
7716599828
7432344076
7623211644
7700786780
7735629549
7714184568
7612074796
7661119647
7590276981
7623068196
7682988693
7686897183
7672542529
7789326601
7719545488
7603251867
7644663359
7613158970
7575261600
7568217029
7648129040
7558916334
7722226924
7566588972
7628738090
7696971411
7511299656
7592510794
7606679341
7750315124
7537265628
7486615341
7691009085
7606270274
7623648718
7496603734
7624726434
7620193604
7649597234
7667309341
7598664168
7852773066
7622560048
7536505457
7581829250
7674797174
7536830009
7529067963
7668371867
7582322062
7560633122
7666086067
7666986374
7495065041
7800897469
7584156107
7554660513
7464601289
7611245014
7697293021
7542688257
7608485440
7481171486
7606106695
7612176074
7496325295
7603481336
7628272881
7656278636
7609677864
7613196110
7603833576
7642465591
7663567269
7606175903
7727787016
7678195553
7449685991
7609676557
7599529232
7606047335
7710728151
7599492726
7651688408
7772511711
7581033368
7509060171
7545842518
7613789464
7708784364
7576432143
7712797894
7494914189
7561265862
7557039044
7576573614
7635729870
7622735091
7580347960
7599649457
7615824167
7555794964
7674796884
7561541616
7521752167
7550913272
7628858442
7609541594
7705952958
7542683624
7443746590
7611888003
7682164177
7542627674
7603605040
7463472376
7686869200
7746357811
7603088060
7604857352
7786408154
7553329384
7535612452
7540698916
7559212950
7525926754
7668906967
7499647905
7658278841
7646101045
7685349857
7625410155
7554977049
7509799314
7663591601
7642391458
7623421007
7684372718
7687691896
7731750642
7535020124
7632751406
7663124223
7485197120
7554009670
7572955266
7779885857
7509784099
7612652632
7398211718
7561089795
7548144095
7465617344
7625487379
7676309848
7574242401
7733610179
7516110189
7659935829
7634238404
7639272163
7740209499
7629711281
7631825922
7505925306
7524703208
7809543305
7614741367
7662954863
7607025378
7677593431
7445137829
7719241938
7606985190
7512142534
7645012900
7646176386
7649799370
7526478012
7647498112
7670779522
