7365964843
7260108440
7299131192
7998202934
7816145375
7434714773
7666747674
7176766025
7192232627
7766927336
7357166848
6702042932
7531954313
7960483575
7366218466
7647452936
7656261814
8468999814
7433052226
7315756828
7584236991
7699766098
7561005081
7803823368
7495826463
7163461351
7680639364
7052334270
7639135245
7084582576
7632030521
7532173917
7642696996
6965852872
7506585125
7088034524
7530326982
7078423521
8021544028
7058092359
7737552358
7934644394
7487407666
7488242357
7142718246
7781663740
7482179931
8320171268
7561344278
7412164044
7448962425
7121212443
7545493418
7075389774
7664729940
7447631658
8213017499
7146259276
8069606288
8003344904
7299556979
7864872557
7863120184
7632821906
7775975842
7211967305
7521004189
8085416610
7742430105
7892783449
7650883342
7248026906
8170036667
8190851964
7177835683
7251633137
7316133411
7454029415
7812944684
7965123828
7881568154
7811942431
7300263344
8471417144
7968653403
7971031061
7618035664
7852881721
7410003007
7582535421
7341467713
7937463656
7878531137
8107562835
7579398980
7459630729
7578306150
7043879059
7040368829
7588073472
7220368441
7363082820
7167079326
8470988378
7109966309
7660910846
7410239158
6959638189
7884080614
8692991445
7803798629
7588681327
8583910074
8029923812
7945801675
7755103830
8046516766
7791429221
7504197727
6989541730
8005658703
7778526490
7484956677
8145950184
9211482151
7966758947
7365851927
9229333273
7756526724
7120983976
8991825261
8067078582
8073498381
7905763799
7924508485
7971288846
9270013549
8306751716
8931243096
7548597732
7233731174
7779444203
8592151527
8097910308
7080719107
7173299057
8930528803
7076234560
8114797968
7804063311
8349531938
8632688793
7431697755
8396269721
9327888046
7444068302
7224922862
8164766425
8322637782
7794470701
7820061954
8540398746
8104279859
7227044642
7747653389
7375234363
8058177014
8657165156
8212743703
7758575981
9485858466
7577203142
7803649053
7733010113
9324669090
7383177493
7848356269
8333748888
8353926011
8750214984
8765346359
7873745047
8060843099
8182750987
8115636313
8039460764
8607717608
7589750951
7924069561
8504174449
7307229082
8834270787
6802604165
7889460040
8592176980
8389466410
7533942424
8470698784
7964744732
7815014341
7752323054
7563093605
7276214059
7102562876
7608227339
7423893822
7023985669
6631310565
7597704088
7579453418
7042357884
7384294293
7473280215
7211343494
6988331204
7058381505
6933866796
7089823097
6918680050
6723616540
6831212527
7043558036
6859337116
6845831989
6755553216
6640538533
6653285998
6853593246
6792373706
6596474756
6558659550
6540834795
6425386490
6303529049
6208009737
6586249282
6458584042
6360623227
6203176296
6200006466
6370646687
6257479741
6347495546
6355209758
6396981861
6384875583
6392797011
6447199208
6476614701
6318255657
6319285517
6295968433
6282411576
6930613503
6858654586
7043038527
6686095259
6738255841
6756978555
6496441078
6417671753
7142247027
7004630741
6756444023
6562006343
6474485910
6640662188
7085614527
7238688130
7243270131
6969763316
7759784231
7796569998
7713882923
7425557486
7508116895
7537868692
7352625306
7370108284
7057847817
7424956471
7498011270
7303704011
7738572866
7170278727
7117243753
7741083649
7433934605
7482260586
7578450039
8126392442
7700232921
7654279031
7564355781
7763350929
8134148590
7669761988
6991558556
8005568412
7613387310
8091192102
8362924240
7448967768
7701400326
7059151895
7347927188
7235194662
8260091430
7811513802
7736923948
7946809009
7302876643
7534954427
7667877861
8206757564
7420595560
7318668763
7138419078
7319479086
7885697825
7467030234
7607324606
7677528343
7134284843
7273251808
8129934824
7550279390
7834111274
7344814164
7991161065
8192813925
7504814237
7450018511
7885152775
8148069575
7545153859
7596960365
7662834035
7329444079
7698267294
7392649550
7607996810
7488882085
7776548474
8441048988
7942004832
7170101943
7709986374
7790852914
7636294671
8104777696
8588073555
7833459784
7913251537
7305164238
7631130457
7700410034
7032686829
7682811423
7755862316
8249039283
7398699131
7153632199
7308214034
7768753300
