8779750311
7463214589
7999281346
8429270231
7590122316
7378235294
8178349508
7648053520
6762527018
7906440433
6720861792
6919000111
7151939407
8400386363
7753820948
8788662620
7598577057
7501666766
8007945934
7388046426
7973838502
7807567001
8686354234
7260389119
8070661633
7410276585
7974026410
6889189716
7622604862
7157638255
6709517315
7817487325
7435819854
6136428666
7804645429
7355416906
6413544137
6693528773
8712667021
6703791122
8332534530
8963193228
6330551660
7429434638
8737961166
7965797868
8400934943
8637852238
7415691851
7854548000
6443598746
7286040407
8452421644
7313179579
7156326720
6935642944
7553574289
7638139790
9439226652
9094457657
7871472986
9294640789
6538077374
6371298086
7520201656
7073151052
7200017576
7364166127
8469860713
8426230185
7795548824
7236122197
7156870743
8728498677
7179982827
7618005822
7414057743
7792682873
8105994263
8722573460
7066861235
7604280613
6270289509
8892634128
8232529228
8217637071
8168123890
9011175480
7474283157
7345411021
8198259912
7252314368
7845195089
8615160331
6989108030
7924959642
8584013238
6624526870
7716887608
7125536287
6924340879
6770433314
7804339494
10301556051
7869827289
7561719278
7154071212
8451255397
8733063089
11388236976
7645109642
8894003824
11529587153
7615188052
8120147156
8222309919
7755207675
8233536416
6923708076
6892263508
11076519368
7264900224
7869486911
9418186089
12572781867
8579690294
7488297970
12430096406
7226383326
6181842442
14615415292
8073405321
8684753145
8974094589
8374720022
9713069854
12304513883
8285930577
13258720444
8080308234
7759402783
7393829248
11305485206
9274610234
7448358097
8061358345
12212929580
7434550802
6552686448
7433265596
7848481310
9599609742
6705820007
9493844794
14331574839
7114288557
7016044396
8015920475
8216701818
8038558914
7842952558
13214929636
7387998458
7197018533
6949967782
8695207308
7956474680
11642691902
7949185132
8269298073
16193025311
6768828136
8271513428
8134124837
9000031196
7481732530
7850029817
10946315752
9447843623
12023520638
8566232682
7613028514
8077989079
9872950307
7562197644
7704490188
8442493847
6864496480
7551069787
9103187285
7705403341
8785576423
5528036668
6531596222
7922178610
8210374663
7585437409
6699140539
6566735553
6031621310
5845029210
5825307484
5435504399
5332925510
5238813676
5297388428
4772613276
4699704033
4513132208
4397080964
4202447314
4047956653
3835126566
3623501563
3315060163
3246888269
3038156467
3033944677
2954562648
3293008641
3202676972
3007623112
2756476264
2523523353
2473980257
2336300566
2200845473
2033394315
1952164880
1870799042
1753642663
1657297961
1565729977
1442130835
1062590105
1227829933
1173700025
1043827420
885983519
670905017
887468318
849329477
809237989
556884790
525693160
1099564309
1234554998
1509103099
1511575230
1593561044
2315635852
2223735050
2002242890
2134590564
2464666419
2778908081
2825633167
2788841287
2696000571
2602155399
2615040420
2486455564
2930684271
2981072870
2934770339
2960842027
4003042689
4130846787
4616214300
6116576489
6649519756
6807002419
7139075173
8034123193
7412494092
7337227132
7015885241
6287059180
5785534045
6970547251
7670509777
7040404311
6828643599
6848052386
7697643526
6313113871
8091602401
6140778131
7594809849
6648749846
7310009802
7700143839
6794156706
7838062012
8209582931
7425992230
7387818570
7333148102
8426644633
7793073379
7916388568
10241869892
8661380533
8232747520
7381317821
7413448900
7230843707
8207008542
9092515757
8841661345
8015583759
7793834096
8461695293
7444081637
9584524315
7475887743
7634579135
7052325022
6014614397
7489757386
8440523038
6856496047
7827673801
6944009890
8209748241
8959521064
7737307102
7471790720
7707544578
7208877137
9478645910
6872437721
7572641084
7597398295
7210706351
7901710956
7601847297
8540933288
7569255455
8303317000
7254854905
7798407028
7317795282
9709437785
8640452582
7711600946
6548323665
7971291076
8092940911
7052810040
8355025516
8778554111
7663491669
7754294092
7840970556
8481760175
7942165019
7362417452
8596379377
8025850506
7626240521
7363594969
7877935451
8456388201
7510554525
