30056190389
27728899699
31853335998
32041754627
34906457067
27148987429
32827016955
34263735974
31362627862
29071553032
28719183618
31775402153
28151028643
28503583239
27019304871
29073020626
28747502488
29112279151
32943312700
31499344147
29721221625
35229591747
29671511675
28799241189
25749734390
28915963253
31023863862
29236685614
31002399355
30862929126
32094801747
31677582375
30302213705
31603020793
36422941600
26426714059
26937220668
31119516162
30892638856
30135369595
35585775761
26995833164
28009762809
29494971562
28862867365
27463276259
27782669259
27946709152
30899958089
30594357645
26012399568
27488526286
29119657244
28721422117
31939435687
33321543473
30000826636
29225864126
34300412001
29358944592
29426362608
26794660578
23214331824
30167466951
29792407358
29340388380
28034939228
30311347397
30893505356
26659670228
26282001272
29330452091
28391741436
27294800583
32954662522
31337230690
31433938178
35413497902
29895996173
28529817939
30611361539
27436129380
29432192312
28868720328
29721522172
27711116523
31642062211
26671128493
31303576114
26199543917
27942886424
28848729979
28238418637
29071547555
23517532300
34470347095
31939248743
30104182367
32071774925
29434155960
29137907816
29409590012
28906546716
33928765337
32152167141
33957338809
31704130656
29497319036
28727682459
27171026570
31729161157
29692607248
33029669333
28283539959
28067080374
30289780080
35172343997
33473894879
29576792810
27897222897
30234300609
26062039627
28704219056
28126876044
35107021284
30429057294
26100451831
28210848167
31371432339
32554843095
25671326873
27954617371
31056892418
37912699835
26091280615
25697155620
28931619885
28543862218
28544072564
33325331354
26818014971
35723938571
28136878855
28279137989
29585407225
35063998584
29316326193
29983289101
33742670086
27232217531
28891693864
25383704399
35519613463
26510948433
25617982527
32352318649
31642875466
31965872875
37551932944
31107416912
29151532609
30207170269
28846091418
29652156420
30129099766
35025280894
27391245054
33094638945
25896189602
31264913751
28867822213
31128615857
31366096866
27124579545
29531094727
33666785437
28622189813
32662897434
27271726377
27039116407
28697737474
29785241104
25304109317
34841377110
27194812912
33164678494
30255440207
33275883798
27553730448
31678242194
31286952033
30631009718
37501898772
27602474546
29869500169
28854448066
29750937511
29794278863
30808536123
27740099790
28732776832
25967413519
27896766277
32358939315
31670070773
32273951480
26941769363
26242449773
27856181200
24494885978
31102817110
25437902135
28852352528
29258277773
26023167844
27052724414
28064648213
28955943284
25509263753
22898453040
26016079946
26170124992
25681158570
27211793541
26210948828
26641635092
27343860886
27663360463
27830626128
26331758365
28183918532
26843846051
28405261848
28295060245
24005928981
27008257336
26134878383
26751005673
26429066255
25059859341
23903782590
23716765297
23863644769
25562707287
25656785846
25424190928
23673556191
23861792727
25181720296
26301492641
24719075520
23649267423
22807728483
22586811178
22474048741
24009857101
22789941804
21171940003
21806139628
22143067103
20696760297
23040469991
22729216691
21755862460
23232018267
22091121079
23261175263
23232662325
24604681109
25260085763
24128132980
22832964013
23291752115
23336399819
24348897093
21506457441
24339157893
25348671664
26592388049
28314899513
28131270424
28612422839
29547390820
25086145608
24618941058
23867338596
23550109247
24572390777
24114352020
29457647438
27908128518
29558134470
24006142912
33235899408
31516247269
29361638405
35370466395
28051885036
25980827526
31554527705
31170958501
28852128069
29172508947
34074238380
33098634369
28244360099
30809473597
30496939529
32195304563
28587124475
31718349528
25099546067
27911237672
30976710581
33267629875
31270787995
30349643351
33422246260
28805917426
29570044145
34425027186
33143336026
28909850832
33322113229
30691741017
32327120498
30494283576
29924518635
30145347901
28755969908
28282787642
30190507890
33931526282
29079876331
26666042096
29031336893
31376793371
29305659301
29864229437
28481218476
28215862832
34473824927
30896950836
31676915975
32216980632
22390371410
27937120717
32657223088
28684688465
32008232044
33535184608
24031053342
26069137700
28667228533
32936064631
27493815518
29028451321
34449989043
26752971627
31541418969
27046191940
28227938879
28412283263
32110984212
27910989169
