30128437173
26390388011
30573670921
30743483617
35119568476
27761365694
31567729513
37284568824
31788291980
30563470818
27760822774
32682696144
27536175079
29953562977
27070037654
26375081608
29072085580
29282278236
32712905134
33133295674
30225990164
35080340857
30166299927
29110430318
26791333360
28121308354
28910596189
29197458366
29007112451
32002845872
33750107775
34058627244
31275458013
30719063840
33806761256
25313514584
26534681612
29037680391
29477628991
29273813183
34414428163
27325935745
27613877848
28844052960
27208241712
27375784334
29030930044
29492554467
29668582013
27077896482
24764818874
27161409489
25320741915
26221668236
33054033560
32952433879
29287399516
26415040341
35190567288
29041176031
26608266648
27685572583
25293034762
29865815864
30668857362
30084272397
27585890588
28807966623
29597874381
28553739235
27243604948
27597970260
28473817605
25151178744
33864311656
31078890500
32223886563
34495635624
32057993231
26023064494
30804572046
23992717198
28053875208
31932595652
32212811320
27461245214
32947236347
27768375303
29189636879
24505026157
27448627702
26959553928
28264651772
29718876596
22112349892
35933933323
31689686243
30776719292
30795495325
29047120274
28630076019
28210571639
29633145927
35444888741
32832558623
34023541123
32585372458
29568509339
29269857245
26287001523
34403413991
31828548877
34565134901
28383316988
26552407067
32892479430
34146052357
35416307281
28541639123
28551833673
31950460285
26254469358
30559575042
30389209527
38359931140
29983771497
28563232896
26680665850
31537710097
34169350531
24766616766
25189221107
33190260275
39703650809
27005411178
25637885912
29686751268
30175634951
28236362858
34091972249
25471876267
36069591306
27997513208
28874420929
28253252929
35796068175
28943465974
28591468874
36596268534
25552660010
27261780762
24119318202
36677628030
26139555067
22840028418
34284306749
32021707367
31210901059
40016274945
32857007360
28500819670
30723234084
28559448220
33165930292
29045656661
36343661627
29657916432
31998762841
21872829504
33989766704
31394899596
31257555423
30478602758
29076640903
27466502772
35321039065
29861322164
32237124605
28188488861
27587437906
27802644948
30349377662
24644494833
34953563568
27713500604
35284862468
31589355073
37039423744
26903688881
31194556433
31520585832
32232996437
35018413512
29067485618
28530545707
32255082442
30871477160
30572900191
33278902616
29233458079
29094395819
24734409071
27493966288
31695885789
31683025111
31456646431
26602290012
24385673503
28746302279
22408010055
29590986660
27087769738
27733005802
27764421500
25236584959
23591629681
27701646707
27652319803
28463823722
20695777110
26142649374
25729204247
26441250194
25655183835
24414796920
28935639903
28089336857
27557105141
29395689816
26533936236
28706633063
26649091450
27542428924
26844823272
22503728070
23419158241
25469529039
25029041391
24428336612
23254635693
23272531265
20273065449
21939850547
25894285462
25301770715
23717934560
21893639330
21096421982
23486912516
23193490631
21743899059
20682821145
20296631069
19625506334
21148557380
20025974562
19833182628
19166353896
19261948168
19541470741
19992402300
20743977382
19954512005
17965983546
18511111273
21168700937
21706194726
22643247273
22140399251
20529441427
19991259828
19337974205
20010435441
21082617941
20414272896
21129474566
24470047384
25993668251
25213627597
27870425474
27507875373
26506939602
26989881294
25882055826
24032021533
24419741371
21848136394
24371194462
23074695684
27500381601
28148269118
27593879762
24996485953
35042193802
32280947254
28311618254
36410794928
29855881456
26863944919
30364762435
31727567660
30528179483
29991365079
34323805575
33876374907
29433543336
30436874167
28428651835
30530571031
27121884387
31959700845
25052978836
28348511498
30874280293
31772380372
33957501595
30264376152
35764662796
30746341731
30934450151
35357147565
34696339130
30258371140
29818384823
26456188358
31858571295
29895111550
28829557718
30091865352
30425122511
29483560570
31202472521
32632076958
28508308381
28107476753
30653944098
31432894061
30286297056
29802442909
28170383119
30051371328
34775958208
32114428749
32200952217
31869236786
21672695512
28187679514
32851436003
28696875723
31080819590
31919333219
24016378561
27257694068
28418441560
32342486870
29509203810
30894014987
35145120089
28219069505
31119213528
28333010499
28739904601
28082821396
31985270222
30680715734
