25075573165
26905428501
25769394624
30367244138
35105919383
26679162818
32952836188
36512426381
29286007323
32741320548
25530229551
29418992906
27313114783
29029734857
32013445960
23701307223
24305675289
23690553597
28197109257
36475012412
34197376382
32809427366
28068673789
26636852589
20988499502
29193789941
27777773197
26251448407
29559869794
27733358718
34236724363
34721511692
29158704401
34881460995
36698571274
27207345155
30611653928
24221885588
29938808104
30166327589
37286676202
25626260814
23747154037
27359945011
27245162079
25865999061
24326478333
30798409710
29010481466
29999084784
23627276234
29800788672
25073191756
23453575503
36530571661
30176458513
28047271479
23628507632
35465656987
29780751288
26148962997
27898184096
20488847854
29673965798
29676394577
25149342454
27685860726
34733695653
30740613353
29345465660
28157343240
29698645273
29127244962
23537269948
31723692869
31887493148
34770709098
36617776377
32463312614
23057174805
33303291822
28794598227
24922519269
32856138979
34078813653
25749425230
36332923768
28235593149
26870850954
27323818287
24147975747
28111462802
28012500319
24753674407
25913397393
36008766788
32189251239
30237329109
31207009627
31013972464
31388650553
28503932607
31762990604
38916561340
33083226257
31320959468
40995706891
28549799516
26874198524
28592521233
34921744788
33777477073
34547316509
33918343447
22642196030
37109867586
30691819358
43417338651
29758867622
26585793872
35312634134
25322283763
32396393794
31241528049
45760139408
31135145909
28559547522
22974996110
29600504304
37224978492
26928744923
24983004809
32937999816
44571950470
29699848113
27127036820
26967238076
26956310908
22224503223
37708902776
21915752387
40220897664
29505203516
28578558267
29649398181
37778153922
33553898099
31273978003
43533269236
23334659200
28303498183
25738403726
42246265022
25862870874
23725996356
37644884083
31374861107
28707749806
50754917190
31137434980
31082252802
31931119816
30376043062
35527805715
26523124517
40041002700
24986628524
29260688436
25391331041
42840692886
31152713163
33175957124
26826207812
31003059117
26949270574
35078955844
28279052713
39877344931
29842793542
24396697708
31563363966
33202215467
27127572799
42397862589
30671357606
34310442877
34939609369
38043189586
26417555120
30971691678
29355397159
30963892231
36811904168
30708822720
26222084927
35959261018
34755693060
30872788181
33136158019
34526039868
29086039572
24362421522
27587205707
29954970668
29730918518
30206466615
24875344556
22579497929
27404233227
20395798292
26105084294
26850592579
26166747729
28588093803
23926697870
27856558653
23838510660
30338364344
29713980575
19052484022
26572793379
22529144043
24972384957
23769761304
25699339912
26837927162
25535497235
26301273780
23600905854
25274457222
23834973750
20618368488
21519757868
21889626944
22047525325
20510797352
19824629972
19019833274
17579950386
17343622354
16928419383
16340367540
20511094232
19644696670
18091459107
18382492309
17757791869
16678960894
15300320532
15304341425
14351502833
13862767886
12257749752
12112192842
10642260601
10623297331
10117571201
10570979056
10313721699
11863533808
11492504991
12820159823
11838141024
12731565556
12886284376
13004926458
13912898318
13090149871
11927859281
11721299787
12431614499
11943392809
11546463500
11389825972
13623328309
18865247436
17741864169
21286408785
18645659119
20185106238
25471732190
25797964870
22371639926
23252880136
23423568474
23027280938
21706078711
21456047317
20970968484
24098462586
23772350523
27326847724
24602591080
37284288717
31226605987
27010202378
33034580818
27280704836
30629254075
29609069827
35508053199
33282379157
32352820593
29779535340
37162336348
29161561554
27663917404
31830489147
34119174269
25773822632
31384954184
24032658682
30176814475
30511365797
28532092625
32160305513
31886771499
37042680481
26743612320
34564434370
39851723394
34666086007
28654633072
35298472185
23520869940
32245157352
32690833009
27879334638
30359756031
27949036114
25015283140
33530796648
32991941135
29165554553
31379821759
28083013502
37251131174
26175012107
33177278203
27540152996
29672618780
34924950158
34117668648
34521896286
37041065447
24591166418
27629292789
30162262584
32210525047
30397323938
31194504725
21136568591
26297473170
28863567417
32678841587
32306652185
29323821706
35873474737
22855841218
28837948716
34274804597
27738652541
25406198206
29708554127
29981010527
