29882469768
27314668105
31394847174
31416393391
34379742021
28385143393
32069948750
33977443307
30711246346
28988144510
28162473875
30289457638
28319818058
27812224990
27669339149
29128787522
29419091538
29129338233
33151361290
31390914135
29493109774
35325124249
29550883182
29468444133
25932990877
27515549927
30020260502
28506399495
31264813066
31635505607
31580716613
32717003148
30607995830
32266699092
35552950254
26535448598
27224573469
30705391692
30801247262
30508080248
35604476551
27987668118
28035652855
29119222915
29388973286
27675122638
27345059294
27180615439
30334350841
31148520167
25096909498
26709451231
29407617859
28235085510
32161517829
31597680794
31788939510
29295936671
33919211939
28169289695
28978034087
27329716075
24053427856
30050295866
29812261967
28536036418
27835046517
29707787020
30794417728
26274143954
25933703240
29359703087
28603836736
28007673144
31970502764
31839142721
31934693375
34408544214
30409731447
28914187856
30296548203
27361764805
29180859197
29681026998
29416701887
27763492526
31829094851
26412785779
30317313228
26910280538
26764472762
29387963198
28044372219
29021459657
24368772002
34527465027
32723159051
29749297771
31782935820
29749302925
29850868841
29735489908
29203387898
33713448334
31101257084
33317778068
31672063959
30532677688
30033862052
26678305217
31514661443
30934793376
33010619279
28339983479
27429694150
29637447204
34069516290
33120968676
29319244999
27838046274
31107966067
26111758592
27914993918
28691765438
34600597835
30526836570
26731413759
28180907712
31806298568
32828763504
25839382136
28075416270
31480083420
37212572685
25714667197
26080340408
28293145601
27806595344
28824331700
33903798993
26926237452
34399863959
28783120798
28416539775
28994919882
35225095064
27980667652
29767878001
33776633242
27095087705
30225103874
24913524852
35394474238
26608124586
25691509158
31184586592
32660679525
31258967808
36172292594
30591546851
29583103107
28769855108
28940902782
28901049730
29758131886
35496781954
26929419333
32949091679
26261824758
32356528365
29514208179
31234082923
31201957168
27084666585
30044882371
32991141418
29298298574
31319593842
27817630394
26779291741
28985674281
31348484088
25426552885
33252239405
28451069055
33665193156
28847282151
33279709570
26007929461
31317099361
32401691479
30418658673
36257295903
27039377150
29508622203
29338772528
30242628085
29611049448
32107023583
27499787596
28908272476
25282776326
27956422529
31760272306
31401098157
32200317402
27911614744
27355756173
27433856328
24684626042
30232555629
24559234923
28280051679
28364502831
25957527607
27718893432
27709883855
28421050370
26148621056
22391951921
25784513605
26332118249
25545186929
26765021524
26692570442
27008251092
27973752345
28083270853
28073719475
26249113618
28481404807
26961825427
28556533973
27534275619
24469592927
27875994008
26889333808
26479995694
25801597581
24805217526
23770061269
23121097240
23078448363
26203558169
25689294285
25123833621
24188690561
24856461882
25453457262
26688270530
25076687662
24466030434
23760598577
23355183342
23911939827
24748067360
23530325848
22285961665
22734489443
22330241211
21528474741
24566046403
24240582077
22791286012
24139389138
23720265468
24129373943
24745187525
24613012935
25959694859
24056738703
22994819693
23008648713
24300469968
24434584627
23123777263
24768275489
24964917968
26956895213
28983588099
28919872385
28662789251
28738528618
25850699962
25779355898
24802316131
24388640117
25164022008
24316471216
29695202259
28904363129
29841811305
24047179315
31850521689
31605648454
30087668771
35498806064
28970998369
26760289666
31256869708
30755064636
29214585753
29258851134
34821013479
32387559602
27887802730
31518526586
29753063751
31216195476
28652238737
32490379020
24696622879
28170897066
31540634893
33228950480
30102500415
29957930770
34371560653
28798034029
29797009067
34263392663
33315444535
29643173715
32957023022
30422922667
32011684353
30318428218
29655822316
30089185481
28818801005
27544230293
29907691548
32721914565
30036369778
26689877345
29474492045
31598930917
29729529145
30642094666
29857216868
27993907945
34203294166
31706579994
30515690110
32655053931
22662204322
27462053367
32424349732
28672075389
31357921751
32807631669
23995120682
26874005887
28093487630
31941653919
27854805961
28399266546
35058358310
27487796088
30481167005
26998968597
28666479337
28316803985
32249928076
28172263490
