29570729585
27450805404
30793524233
29564265063
33038406155
28728248658
31139902498
34077498773
31435037400
28903778238
27445714557
31260351064
28551053485
28691401369
27431180824
29724202022
29706814609
28903710351
32714303612
30263959369
28870133439
33704891734
30264985359
29683429855
26591556024
28113193891
30369431538
30163656453
30587957495
31841620512
29607166397
31945153880
28644181615
31801232895
33753297887
27761409735
28348819279
28566546665
29593311866
30422004327
34583731504
28633163872
28836013549
29888253296
29509868469
28902894945
28587661871
28510695632
29633795419
29485438614
23521819607
26554667245
28459002373
28501931143
32183025340
32975618123
32264295721
29680208280
30862497859
29486472855
29109605662
28154319672
24598368858
30530097384
29334244314
28667672926
28545746167
28924416192
30853344243
26946620932
26423662761
29030365546
27912352608
26689697167
30907045378
30659844802
30821691169
32528842715
30733237423
30633263493
31443074376
29181254939
28219631467
29434423806
28302720668
27971505568
32338265255
26596457217
30098570639
27318064682
27734879710
30982798139
27995833634
27580780824
24613410946
33563941791
31791309249
30205448382
29910058816
30553564922
29312756918
31636676056
29304810020
32702380757
30149176227
32876694333
31052984024
29488387670
29782975196
27991661249
31061587795
31366881699
30734423258
31108440328
27369676259
30139885440
31311545596
32893678647
29289402672
25964493686
30081186686
26503192935
27522144895
28844134249
34814174931
30909891183
28702810163
27858224117
31906907870
32149143442
29321128134
29056642676
31142382056
35319791712
27091974740
24909174233
25869581221
27674590446
28685043283
31595240563
26311091437
33418872909
28899283933
27607780564
27349960388
34010575564
27846835184
30121065174
31652393381
27232505561
30554428928
26411803789
34019503071
25858560400
26442963328
31294628423
30293886723
30122303784
34703289385
29958230114
29788056291
27359801862
29579381099
28403479101
30938250901
33999720182
27986765415
32843404926
28083814824
30703901344
29681988039
31108277850
29385005534
25940967106
29828862434
33418480270
29589444235
33325141854
27632594098
27039196179
27639227523
29824175860
25432051031
33033643172
30116023025
32910744874
28110038291
32744526546
26208399562
32610046824
31566305387
29024578052
34124922151
28673085256
29506310382
28663895174
28454984594
28129485468
30618006335
26730001890
27895008283
25426464001
27022413556
31254291554
30621050448
31971010132
30118945847
27034918291
28364348077
24962518897
29211865196
25529059142
30343750094
28349000783
26731531436
28159840461
28684399165
30584415030
26955997448
23031613727
26157371397
26808214613
26558705045
27736458450
26006438014
26959150224
29929989890
27008751262
27518943625
27344877814
28736167551
28109942595
28142923112
27909085321
25121821744
27024386658
27531893310
26381872186
27373791889
27451172617
24750074708
23904906625
24289698792
27326738233
26488114717
26189753703
26722894182
24851368588
25170949226
27319157029
27576346066
27148654454
24574101741
24833980864
25339287157
25161583060
23738359888
24104553673
23883256332
24710789084
23624791733
25926224072
24259255467
24410739746
24967559923
24212839162
26738189401
27119673043
26002737301
26006275659
24712629490
25428603007
23940232107
25415827311
23831494726
24303576799
26193398549
26668527094
28390713330
30192161294
29796859311
28755409369
29493823143
25892757498
26975093088
25611211850
25497093111
24320801060
24903602959
29127555058
28832519988
31232734087
26025933217
33479400915
29529857142
29693467374
36157609770
28150131269
26389971035
30587541254
29472419706
28236271495
29877158435
34525985221
30585216242
25771911938
29782457110
29398141973
30339808191
29566374397
32903603747
25576405427
29184227264
32811212543
34127960331
30218463316
29096584688
35014219282
28070166682
30747128801
33705763381
33259527657
31169082182
33474038075
28776309235
31638614722
28690811283
29673085655
31650442669
28524201057
28653129643
30078664006
33206401296
29516999355
28063194376
28273513454
32006740330
29611061979
30972923447
29583316883
28249615786
32929281070
32010625163
30523224036
33056473450
23460537340
27915181346
33730967533
29848736141
31017422345
32095943532
25422171568
28083963402
27817127371
31083175245
27270419124
27681093928
35267201578
27428129959
29979718088
28492419773
30270452911
29397470677
32129163595
28839040338
