2.47
3
3.82
5.36
5.72
6.25
6.35
8.27
6.71
3.59
3.29
0.71
-0.21
1.78
3.45
5.37
5.74
5.15
5.9
6.43
7.32
9.06
9.67
12.37
12.65
10.08
6.39
7.11
8.05
9.28
9.98
10.91
11.01
11.26
9.92
8.55
7.44
6.12
6.45
5.86
6.99
7.63
9.38
10.4
10.77
11.87
12.57
10.9
8.39
4.8
6.01
6.8
8.86
7.08
8.07
8.47
8.61
9.35
13.02
13.83
14
12.03
11.39
9.25
7.91
8.31
9.48
10
11.4
15.09
16.62
16.89
17.18
16.83
14.49
12.84
13.52
12.33
11.51
9.69
8.78
10.67
13.69
13.26
12.38
12.9
12.8
16.01
16.95
13.46
13.42
15.73
15.94
13.02
13
13.24
11.88
10.86
13.23
17.34
15.58
16.68
16.39
13.21
10.61
10.36
11.12
15.05
18.01
16.56
18.19
18.7
17.79
18.87
17.03
19.1
21.8
23.23
21.88
19.12
18.64
21.75
23.7
22.19
17.62
16.15
17.76
19.23
21.23
23.05
24.67
24.66
24.53
26.58
21.79
19.3
17.58
20.31
22.04
23.71
21.12
15.43
17.45
19.26
19.07
19.83
17.12
19.46
21.81
22.52
25.29
27.36
28.33
29.09
27.3
26.49
28.27
32.53
34.82
27.43
20.58
22.86
24.75
23.73
25.44
25.44
25.87
24.97
21.4
20.47
23.05
24.61
27.1
22.41
18.31
19.62
24.53
29.05
32.76
33.75
33.9
33.33
36.28
34.73
35.48
28.65
26.38
27.3
27.68
29.55
30.01
27.16
25.93
27.37
28.67
27.09
23.87
25.96
28.87
31.01
32.5
31.64
28.67
31.3
31.86
33.98
32.2
30.76
28.51
24.08
25.8
26.8
25.1
27.55
27.43
26.6
26.69
26.16
22.94
23.73
24.44
24.77
26.26
26.58
27.84
28.58
29.05
29.69
30.15
32.23
34.06
32.62
28.81
27.08
26.08
26.27
25
24.87
26.41
26.99
27.14
29.44
29.09
27.15
26.31
23.91
24.16
23.37
26.94
28.24
29.41
31.14
29.44
24.9
25.83
28.35
27.29
24.48
24.55
22.41
23.25
23.76
22.53
17.26
18.25
21.53
20.48
16.43
17.03
18.09
20.21
19.55
19.65
18.79
18.93
17.3
18.46
19.06
19.87
19.87
17.31
17.69
15.87
16.99
16.94
15.94
17.29
17.55
17.28
19.43
19.26
20.2
21.26
19.74
21
21.96
18.58
19.05
20.51
16.65
11.01
11.37
13.23
15.03
15.87
16.3
11.69
12.79
14.43
16.05
17.63
16.87
16.59
16.6
15.34
18.75
18.28
15.79
13.83
12.06
12.31
11.58
11.18
13.02
11
10.73
10.41
8.99
9.5
10.68
12.51
14.12
13.36
13.46
13.79
12.98
7.4
2.82
1.82
1.36
1.41
-1.15
1.52
3.01
5.27
7.44
8.78
8.4
9.16
10.49
11.8
13.51
9.23
8.76
10.44
10.72
11.15
11.24
10.08
10.56
10.43
10.12
9.87
9.83
11.47
