53464715
48267244
53060722
47069190
48395903
49263226
55063069
52413534
38164141
42247896
61408391
42178067
47086093
51580108
52090114
61547451
53256396
54873231
52525705
54956739
42498337
53754175
59483440
44763783
50342456
46597782
48304511
47374357
31879796
46155549
41076090
49943045
39901857
47598215
38588822
47251568
47341980
43309697
54324308
51954587
45517964
42571451
47919171
58757418
55190363
38881223
48751189
38504084
46153735
42397941
44914343
54129252
49899875
46590207
51931463
50958774
46281024
46930536
50871133
48828723
50450375
46003098
60906897
54279486
46547186
43592822
53178211
57535350
55411960
56758267
48335659
62049731
44352655
51074874
44851832
65275969
42120947
40391609
48186451
45883572
55607252
36957307
41735462
59902013
60430008
49648485
39092459
46702059
47641835
47446914
38624402
45820349
52267802
52867424
48828650
48240873
53072318
55415015
45955386
47757540
51748698
41713761
46039981
54064904
49915590
45017845
50000514
50502117
52306611
55083242
58317328
55342434
49907120
59674106
53981265
46004105
57222119
41664587
67426879
54959337
65455584
46412414
67848862
44413802
69063208
43239228
54949599
60122858
74724397
62608772
53331220
60707746
47322761
65050894
42285621
44718426
54689431
67696497
52465513
55929810
50047051
59359828
57864573
53636296
58959152
41457811
41540974
76824310
48510296
51148092
43152880
65868123
53551994
48723752
57912705
67468399
52888367
56377150
44753538
72092033
54268922
62363357
60772255
63895331
52427525
68446115
58275077
45340201
56610088
63592275
46320275
54793223
58928357
50645977
48732044
46543337
52905871
49136485
51776376
52231538
49040047
47550886
41869951
64667117
40084777
141628434
57647807
61654994
46947380
51977890
44643577
46996024
56005155
67143061
56078878
41429369
66489578
32496446
49009470
71723980
42143261
49647125
37898888
53618716
34584526
47049319
46902583
46778895
43515790
37208312
43162200
42975061
44838631
43020744
40012129
39236811
37219969
37106728
35567193
33300858
31226888
28765816
26812891
25022348
22702578
21004815
20323385
18683971
17468148
16636090
15994383
15413919
14093079
12910245
12432903
11490275
10216640
7145543
8969724
8427305
7437392
7466958
6707654
5516339
3261372
5445827
5187055
959901
4406902
3783139
3073927
3420692
2097593
2692575
1791062
1897926
2052466
351741
2108595
2153512
4523778
6064183
14670353
23872901
23479530
22584684
26940069
32623132
33417978
32420604
30436795
29334004
28376217
35453948
32018418
38462135
39982457
37518748
36512172
36286808
39466277
45840604
50795765
46548205
46067056
47176809
52369935
46206939
40954155
42824725
39476484
37451177
46730051
41841994
54100671
51835108
46206594
47207002
58465314
46714644
55360965
43002160
47267919
48918422
53209908
46735226
51003770
46033523
48598978
46931251
45350301
37221772
45536725
48045489
52405165
44867743
43224296
48334260
41720536
38960995
44985262
44500378
60492091
48345216
48006430
49482296
41624207
59380599
52707395
43320276
46503114
52226383
40049047
48782466
35909835
56213721
49452017
39283688
40596827
50776575
41106887
44984863
52292830
36007452
43838766
50333468
61104102
51013311
41450880
57571091
54255257
43813666
50335381
47686629
48408298
48783355
48395865
47015601
54068806
60547369
51473729
47656742
49929287
47614318
50018560
