56786149
41192973
54105686
47668557
48009052
47510726
52724227
55961111
42299777
44770512
53426829
42711903
42820901
49792689
52202958
55399689
52596000
49218854
48528395
54675808
46816897
52288485
55471096
41338244
53621009
46174483
45325757
52069242
40196181
44003265
43291865
50404760
40497310
46606624
35296528
45946984
49722265
45292844
48951493
52267739
39888415
47166684
50427631
59407851
51740493
47204546
46662140
43680402
49516882
43544077
47300828
50446255
53748183
47303165
53621871
50266363
45879468
46924071
48923318
43092375
51427503
43854166
57298768
51579112
50731195
47199828
52279799
54198225
55494835
57919171
47065717
55260271
47888452
50119289
45821157
57383090
43750568
44655371
52893297
45533009
56911283
37723060
44390939
54763850
58163993
49644389
43898604
50565096
49021076
50414865
39720273
50375231
49700074
54212440
50555100
47820414
52173412
53614998
50596232
50064055
49144874
48024118
45691035
50186227
50596222
47706374
52341441
53283255
48186458
58176997
50637980
46487412
49672370
53316218
51996797
44709336
53271508
44842516
58550460
49794686
59110140
47643902
55974845
44433482
66408075
44649206
57599874
56493886
64066123
55077630
52351531
57536847
49187716
55577516
45398612
45498191
45080040
58987210
52803750
49927672
45821931
52276795
53863385
50032107
56923535
44138352
39159116
61524239
48137700
50066269
43191849
59895606
58478315
46767876
60077797
55650892
47713334
54582013
46728297
61422896
55136904
57644635
57522281
56715078
53113091
55443094
53664903
40439759
57044201
56030872
47472897
48361579
55269575
49514667
54494583
52549887
52946011
45039514
53593789
48256073
46541165
50748077
45119111
54534383
47284683
101675572
53837098
58938688
50535717
52157502
48325027
45236581
55277825
64305330
53715276
46996251
60758990
32602207
49358382
59992833
44571855
44916158
38292515
51994669
40075384
50114195
53099251
48188490
49863959
41612991
44890035
47831798
51662754
48364522
45184158
43494476
40034334
42500233
44928672
42902941
39316465
38928989
37165407
42649870
42736850
40208626
38563011
38282963
40338863
38398829
37828028
34827226
33274074
30749007
28689615
26446790
25082216
23410318
21417345
19372285
20345090
19074166
17998584
17588056
17105718
17320705
16272380
15602795
14781807
14109939
13634420
14452157
13452191
12503773
12592155
12969153
12996969
15071953
17694689
18951512
24604499
23852366
23921390
33071497
33756616
33329233
35225519
38603232
38551944
38971912
38488127
37381622
37183411
37760485
39210124
43535435
44751863
42135575
40063388
34193144
42264517
45830350
53946460
50092681
49587258
49213000
51585222
51132033
46000114
45065819
43682813
41693198
47504428
41998305
51395211
50194120
50741047
45083441
62812662
44971669
45901291
44141747
45369892
49301408
50240206
45102798
44557516
42713788
50207445
53950537
46163235
41677440
43409615
48663113
49365994
45707419
44049218
38885840
45740737
37081058
43952851
47076669
52785577
52057321
47980002
43001008
46757561
54503666
51623014
47963156
50316787
49135361
42579182
49843175
40873042
52558451
39874106
43417160
43085830
48898300
46526538
45990055
52692527
40260951
46973583
44678722
56724156
54270220
44658536
54044702
59029704
45471468
49532194
54996787
47322077
53097981
45984329
44986658
53552882
60213884
54293159
47877232
46848240
45864810
49559915
