54335135
50075395
53627539
45975189
46841271
49560661
47422679
52702682
46218874
44743171
48471986
47925403
47075167
49055562
55336061
53290419
47676821
48415095
48780742
52394921
47454132
46740197
50475791
47650917
48511186
47018636
49220819
52544985
42306351
48106026
49798179
51622665
41804259
43888071
40533573
47869955
53337252
46570102
50912886
48046773
45124905
51497078
48843762
52210550
48109816
48047042
45613396
47212140
53712242
47010101
48213047
48048637
50374186
47521648
49620861
46446934
49149665
52259631
54422652
42935729
45890591
44892427
54936553
48981397
51402456
49151886
48350852
55100957
50601597
55513376
50187948
50314552
49823868
46160250
47576051
51186352
43466700
49512381
49139408
46733023
51603209
45804848
44278811
50441278
53050514
45967875
48388439
48475460
50063911
52486075
47790458
48897348
50129065
54165515
46746212
48412966
50652055
54959640
51343913
49986617
51380464
52558730
48743126
49010348
51212725
50792180
51767743
48735816
49479407
52264378
44101083
46347886
49369772
50385400
52516162
45213944
48900635
52064966
57243141
49104962
55524418
50934509
54997134
47934697
56998728
47948541
55404350
50892439
57651245
52720544
50738020
54566654
48934568
51025673
46687308
50048963
50494211
51694460
49575203
51119636
41880939
51563038
50562304
51338120
52161976
46213168
48605007
55172899
48458048
54703418
44625121
55114181
54126023
45630105
51365979
49667248
46143575
53102350
49451236
56380146
48694084
52035852
53287048
50988269
55503579
53102965
55047910
46337983
52288688
55809992
50504726
49385839
54236886
52436140
52836363
55545530
49436880
47875668
52032397
48897128
49411347
47156196
50439608
51967021
48230814
66240656
56960949
58578995
49828084
51559775
51523977
47758120
50809058
57129106
53798310
42558168
59566941
44637064
47116689
53401883
48849696
42170676
44128747
54625966
48891517
51213259
52867713
51960146
47538818
51481398
48478195
47554764
52222948
50766506
49466552
45011933
46085878
46092411
50766129
46228309
43561455
47836230
45962920
50678371
47301485
47541755
45136237
43747853
45707401
45760936
45143305
44230890
42503820
42206414
42243410
41092150
38950798
39781252
38994855
38482429
39461641
38224931
36231868
36264740
36426916
35492297
35396252
35519399
35284552
34438975
34076050
32434111
33999954
36365690
37627637
35896698
35271730
36858424
38377657
36943306
39182370
39053397
36929734
42825168
41403645
40075800
43470774
45790275
44330484
46802598
47170655
47836597
44108672
46551069
46647910
45797018
46087031
46752807
45942907
46036751
46633920
47306216
48981328
47466934
49902979
49271864
49350629
49351288
51578053
48211546
44736946
47307817
47414559
47455372
46192148
51361072
52469386
48795723
56921757
51064002
48250235
51227076
48940870
52827287
52008509
48007626
46438489
49342052
48722002
56557340
48915236
41030597
45655655
51244970
46680435
50806704
48982034
46921470
50320545
45339760
47922454
46867408
53520938
47827512
47555277
44792349
50321945
49556124
46958466
49312016
48665805
48069517
46718922
50232936
45414520
48376036
46706837
46473404
48805606
49118775
47899364
44621309
51660650
46258811
48272782
49097938
48390525
55669629
46479583
52915011
55041148
43677193
50207899
51465689
47750729
47673796
47905103
46353533
48250439
52797387
49003497
51372764
49369521
46795037
52001251
