53776424
43380120
53463456
47884311
47659442
48789478
55425874
56125346
44331103
45917654
50428589
44698172
40916199
53134073
53868878
55924698
48661905
45688526
47589651
56213993
52221954
48048744
55170762
43945338
51626370
46614615
45276619
52745102
41657174
43647315
43719576
51175160
41839107
45006572
34728626
45391778
51096755
48074739
48696199
47042457
39974323
48010539
52325020
55820132
54999133
49029623
46594161
42948269
49046135
44215680
48831497
47015838
54333549
47647242
51031730
48963480
46072962
44919465
53727928
42551587
49060897
45100635
58757570
50712207
51020674
48461035
53624462
53124771
52534638
58313011
49061121
54386466
47458449
50771132
47482224
55229224
44226235
44299187
49158676
45314259
54392117
38825296
45189780
54077549
54962439
51147161
46696695
50476401
46472603
52179919
39703171
47218731
47714132
54236593
47434567
47265933
50503449
53739403
49987038
52304669
48446135
47269124
44867845
48084361
50944512
50022863
52022545
49558424
50360940
54381767
46590970
47721470
49024572
53104639
52107395
45595355
54176463
48614936
59649540
48307399
59568399
47984951
57833514
44640774
61195740
44790019
57524852
53165429
61042378
56219523
50931227
54823072
47198992
54592184
45345836
45675482
48774795
52825498
51113328
48507006
45563215
50943857
49850108
54458019
54390876
44337902
41894462
58521584
48662113
53443481
45002220
60044610
56784825
45618130
57209007
53124301
48257702
52941388
48057212
61494241
53830574
56388779
55448783
57118903
50200856
49818647
51460281
42155078
55912289
56632225
46412334
49731577
55613375
51948824
53232996
52581864
49265226
46378325
53148968
48347822
49927846
50150733
43541145
53712434
46954359
90797571
50424281
56689386
50019132
52993194
50008776
50242226
54019796
65643647
52502981
45458352
59546758
35500090
51658994
55646726
46183858
42926425
39635404
55200270
44882596
49594496
52802200
47552624
48978527
46073135
44789664
45920720
53099559
51572275
44668116
45137927
39784792
42976236
46243631
43724233
39799715
40199766
40713306
44215228
42828231
39887840
41666449
40514770
44035827
41452329
39726605
37180999
35987800
33372901
31956110
29985432
28415790
26768783
27232505
25119700
23917359
22928578
23292036
23168182
22693119
23467426
23941443
23112691
20911705
21036024
20584205
21438408
21443324
22552071
22830403
22150652
20857103
20668050
24270691
24996496
28346686
28873562
28085298
39361240
38354590
37284777
39998922
37876500
41862928
40711379
37226155
40345008
38977773
38737463
41203189
44478424
41710889
43157330
41722101
39024550
44879955
45324931
52458696
49468000
48853647
50618489
54171525
51120838
49095713
43967503
46548486
42445453
46199816
43723040
49470829
48029580
50370121
47337129
63740688
47803786
41740678
46448748
46060465
50448865
49937019
45013965
49311200
48016194
52720394
54893650
47312271
41406132
41683263
46721292
50060828
47958222
45947982
45371537
49766149
38503898
47495755
45450696
55732257
51700238
48933231
44919132
46960163
49364394
49143642
50266056
51228505
51140892
44795222
52448903
40766365
49836061
41401471
40176685
43072415
49309130
47508483
44656376
51463073
43961531
46225931
47041367
54824606
54633100
47261925
52966667
58627257
47777208
52127741
55237416
45763679
49377931
45535433
46048240
53866549
59296923
53233902
49597165
47065807
48486272
49590455
