56163148
42067194
53677395
46872831
47245173
47076090
51940554
56497427
42369411
46371561
53183754
42564975
43607665
49361713
52113827
56057298
52816122
48799105
48306925
55030310
46616042
51969032
55451988
41409509
53234015
46270485
45948971
52029523
40032403
44567951
43285568
50238227
40239780
47043592
35184383
45743219
50372485
45527942
49336339
52323447
39927028
46770505
50889621
58632949
51683005
46466831
47231554
43248810
49479104
43693313
47744215
50436263
54576479
46607828
54082265
49827760
45514725
46524880
48470584
43338701
52301489
44121437
57639508
52236795
49483448
47032989
51508867
53925500
55258804
57752926
47026866
55684612
47632176
50320055
45506351
57130181
44086165
43933205
51423559
46077602
56996825
36982420
44503082
54631729
58235937
49993945
44931681
50769925
49076742
50507160
40190018
50004083
50267277
54755323
51304824
47501697
52024410
53708157
50941704
50005528
48337069
48596022
45675062
50819839
50747271
46579682
51895146
53743943
48500005
58107811
51168483
46102613
49622341
53682124
52178598
44518914
52664483
44457741
57674958
49932232
59285581
47906314
56487217
44541759
66673502
44310721
57429471
56810565
63984036
55831600
52510092
58898780
49016482
54957741
44375856
45485381
44781014
58893626
52756061
49002982
45322806
51816369
54175718
49782920
57495640
43640130
39030308
62445321
47823777
49403553
43992880
59029333
58333238
46583074
60010234
56392261
47982535
54282376
46170555
61158282
54564184
58154731
58322540
57001677
52401892
56080099
53827717
39693228
57514975
55451856
47427870
48014171
54294411
50509800
53407873
52282718
52657598
45431377
53791026
48410592
47281906
50505753
44654144
55036484
48266477
102243470
53534435
59019001
50284234
52585052
47946181
45581106
55855196
63884267
53463779
47072105
60586867
31667049
49357728
59325739
44322094
44969730
37891439
52294031
39273377
49385541
54294072
48484191
50264085
42489351
45500785
48035016
51842180
48325221
45590041
42914565
39728949
42078781
45201687
41989029
39403078
38685860
37130027
42046387
42469240
40759878
37580137
37946398
39813745
38422651
37251611
34530978
32988616
30579699
28357313
26704887
24949091
23949007
21587587
19015586
19852181
18828664
17431133
16734493
16307965
16720466
16046843
14612118
14261907
13211756
12640735
14182640
13640522
12166568
12075882
12580930
12072649
15085985
17122890
19242554
24349617
24199670
23646732
33917117
33541038
33155998
34817546
38116391
38494010
37629290
38272011
37647140
37432406
37756115
39655538
43326273
44678607
42870651
40539190
34254146
42746153
46234275
53856347
50354397
49563265
48655114
51375325
51055298
45009808
44711455
44276448
41682618
47531226
42299261
50892275
50108397
50853129
45074522
63407167
44714158
46184217
43873063
44913975
49456941
50751848
44015037
44163424
42467389
49896784
52999900
46111492
42327104
43007931
47900087
49686357
45972946
44613873
39482397
46038993
36284103
43990788
46294582
52310410
51769793
48289016
43857519
47356185
54110708
51445388
47833970
50252328
48057142
42069644
50179024
40181264
53168969
40182014
43435990
42828063
49831219
46615431
46358809
53211314
39914088
47351209
44437398
56837187
54507077
45238356
54930679
59348192
45308684
48482671
54408690
46530659
53273932
46151941
45386387
54438563
59815746
54486487
47723648
46795516
45767659
49534666
