54704539
42605651
52938492
48093599
46523373
49638051
52353584
51960656
40988345
46290953
54514620
44715435
45562511
52660110
51225939
55733204
55071747
49653458
46798505
55943373
45306470
52664550
55095664
40030111
52928440
47249207
44658684
52267111
35158661
46807898
40995759
47868071
43488198
48209165
33774872
45473268
48902797
44572554
48767015
55810427
39236805
46224970
48622294
61339193
50349703
44358990
43852782
40090221
49844356
44068172
49024645
50415091
54466646
45200112
53795087
51840594
47483367
44691668
49168134
45904724
51253767
40679195
60376194
50967933
49759795
45786712
52129813
57212094
55820809
58803604
48008372
55515462
50671241
54462232
43422504
59873897
43137440
41445643
48631494
43927732
57173137
37618029
39529697
56523640
59442609
48077941
45395132
47033829
49468409
48853496
38057837
52021539
50888905
53344564
50800807
49056533
50784646
52832073
49208518
50900708
50251496
47147476
49468967
51581838
51126835
45201911
48647006
53373599
52408199
53915357
50993725
49557071
49157570
54456511
50227218
43888279
54890296
44093256
61172132
52902235
63990774
49390362
59454301
44981115
66960140
44384067
56402411
60390228
66755057
60294440
55756567
57038795
47248833
57728618
44292394
44851062
47656417
61137774
51839376
52993933
44690112
52603431
57707174
48935951
59297601
40264958
39442393
66987421
47064959
48610228
45158408
61126658
58767251
47172203
59542439
58460640
47436968
54988378
45465362
62844417
53859804
60311892
56303083
57419197
51210925
61939054
54258514
42570661
56648679
57177556
47734499
50365442
59086758
48280592
53599737
50694761
53066494
46729205
52092406
48934577
47336139
50262247
45130491
57269440
43224106
114416129
54588354
56885398
49857796
53242071
47797283
44420601
54928060
66771101
52535496
46190765
62555051
31666003
47391313
65630813
43336838
46199485
39377493
51931504
35798083
47172109
49979579
48582068
49377764
39617368
44096268
46449424
49386326
46071034
42161408
42966450
39762251
41633476
40879428
39031551
39045475
39447343
36308889
41626395
38756102
37861716
37691153
32928760
32391379
30984764
29948489
28455513
26712758
24956648
22850845
21228452
20056855
18715975
16364014
15848360
14984762
13588410
12463382
12222976
10941441
8890534
9372157
9156872
8301138
7855263
6832242
5730265
5778650
5954277
5646119
5237104
5881318
7610244
13212606
13479379
21536318
19568274
21552655
32736963
32364714
30752778
33090149
34008179
37208915
37554768
36261878
34340783
35657179
38948131
38933099
41995436
42413277
42448350
40146002
34707315
40100073
43387347
52773587
48586196
46595154
47551121
51937838
49791960
44769065
42907366
39313604
39568221
48950502
40495669
53099849
52298753
48471431
45340837
60246780
45715146
46916783
42608925
47251651
51276661
49439245
42472142
47514271
47742303
51728799
51026635
44340237
43029121
45051096
47133434
48548334
46272040
45040496
44994124
44442094
37286935
44270104
46403988
55893106
50169017
48629471
45433483
45567598
54165508
51992977
48589426
47880432
47893041
41284270
51126222
36075675
53074014
45289581
39942415
43896925
50993436
43577735
44469116
52931832
37381491
45796558
44263771
57443243
51714631
43051385
52699123
59554900
42596299
47780866
49849539
49649758
53268193
50260248
43562980
53764438
60598322
55078501
45042146
48717280
45629253
51155033
