54355745
42634288
55497580
48307363
47334654
48632195
54874715
54868297
44657696
41859808
52884627
43139030
40189466
49493903
53083714
56201034
51566390
46200188
50363181
57907035
47965503
50606350
55749659
44753283
52542368
48706346
44435711
54217937
41743740
43517895
43877605
50322691
41214726
46790108
37122039
46272992
49143036
47491836
48847029
49710454
39325057
48167387
51072294
56817671
54374027
46872413
47369582
43433976
48966544
43588951
50064969
48638443
53338171
46267906
53094254
46515803
46663144
46512090
52202551
42239214
49467297
46098036
58586882
52783319
49606341
46341638
53471104
55129002
53822086
59319205
47968237
53748950
47081855
52019401
46175058
53631104
43859306
44397975
49635285
44507910
55994202
38760711
43866713
55651065
57313654
50561581
48083628
50240176
47818809
52827100
39365585
48199642
45109388
54887297
47968932
48556238
50999939
53021323
51328279
50640911
47941165
50096414
44600983
48688307
49887009
47920403
51675282
51886417
50532465
54116025
49042092
47046402
50138547
54137617
51977537
43225416
53705347
48579754
59509274
51115026
58734831
47856582
57422491
40824922
63565638
43729332
58147668
54000845
62239717
55974751
51976354
55247608
48004032
55321243
45378342
45228008
46377660
58523234
50639809
48418831
44633719
51253322
51315328
53360590
57313740
44250946
41252161
59432313
48472381
52227960
44491171
60206365
58969200
46195682
58870722
54167714
45763491
53617338
49275073
61818907
54457132
55200237
58774905
59325865
51404825
53826572
50979808
41455397
56414241
55902170
45645894
52127035
54223581
48866107
54019392
51323858
49937984
45053360
54018119
50137571
47651644
50765531
43992207
55060240
47389551
94670457
53574166
58180303
51018075
53510469
49696113
47594650
54698100
63853116
51946765
47874700
60300697
33735765
51034680
58115795
45021087
43969700
39357044
53989577
43113792
49810519
53327101
46875612
50255951
43344948
45455238
44803946
53980309
51900386
46036043
44731060
39924855
40878458
44418812
44468648
39178675
40193870
38995007
43617650
42207737
39865258
40806707
39476167
41739219
39797126
39186019
37113486
34783586
32607324
31320292
28810500
25353251
25954191
24485967
24057922
23501102
21469900
21791591
21038659
20387253
19638267
18683412
18450039
17606278
16754051
16363813
17343632
17586055
17010554
17163427
17789207
17037661
18602949
21592064
20910472
26864043
26342538
25597380
37582259
37034593
34414635
38217443
38734862
39234058
39447840
37410020
38579942
39705591
37769076
40082057
42330300
43016514
42066398
40395736
35704499
44273719
46755831
53703998
50791945
48165994
49944377
54961568
49248046
47525966
43474781
45812773
41750728
45609605
44694360
51997371
49474217
51426101
47238278
63231375
47491150
42540577
45392770
44082708
49611239
49866959
46173550
48058870
45853323
51936630
54157288
46581200
40954098
42047468
46911070
50819649
46316694
43211119
42119176
45859705
38602869
47629916
47006496
54387850
52313369
46195314
44218197
46799243
50921756
49556579
49526368
51826030
52519878
42927857
51695180
40659184
50459265
41641125
40626681
43018195
49560915
45650985
44090572
52555814
42673491
46167348
43541043
54119412
54937804
47731453
53984429
60825756
48614759
50731470
54685282
46000427
51381815
45910158
44115647
54087694
58624051
52618509
48028887
47742542
46524952
50663002
