54310171
43574596
53080115
48735223
47139716
50885923
52379257
52535004
41776510
46535254
54250995
44245049
46739202
52288324
51766207
57106700
55065955
49938818
46850040
55733710
45662278
52767432
54506008
40079924
53019434
47373971
44915146
51612701
35287786
47485732
41072670
49026028
43256300
47728973
33826620
45622076
48614759
44329995
49037407
55837415
39123962
45697789
48323897
61411996
51159988
44800125
43600096
40260743
50442292
43623812
48803308
50543243
53277749
46264744
53556964
51349228
47027477
44846873
48895869
46581624
51899331
41379275
60745103
50128295
49909896
45691141
52206516
58022380
56066395
59404665
48527016
56246152
50442260
53545220
42912678
60498270
43108025
40281259
48699142
43245629
56315666
37049826
39356285
56906821
59424931
48728289
44836967
47995194
49624929
49494796
38850418
51139408
51193196
52500026
50398768
49263545
50953767
52865605
48259213
50726430
50711596
46950360
49850275
51885573
51569085
45520395
48550800
53042107
52440051
54518918
50077877
49552111
49476236
54362250
50169222
43595036
54445262
44645354
61442518
52906424
63885485
49502112
59542988
44545556
67455961
43826251
56009833
60427935
66599608
61244663
56758281
57411215
47693583
58286481
44187107
45025331
47820062
61426997
51619691
52774239
44675886
52708782
57964718
49190400
58887980
39945436
39939064
66786226
47981563
49098228
45509109
60984036
58499669
47740959
58353996
58888702
47092702
54852754
45509723
61996459
52987116
60154042
56548102
57820801
50840123
61989444
54507438
42996092
56887001
57959809
48333014
50935082
59107409
47860569
53630036
49710830
52501736
47061467
51792073
49262612
47303822
50072254
45132872
58112470
43501902
114676902
54566918
56895968
49236938
53039932
48507904
44263895
55176535
66863127
52136721
45921841
64417044
32627513
47009604
65952120
43070437
46357241
39352852
52574213
35768475
46404003
49316727
48080934
50049921
39322885
44049968
46844801
48992324
46759328
42073206
42487849
39808865
41798871
41923408
39479864
39911559
38343926
36162496
41519281
38701342
37853477
36139147
32309853
32365175
30536668
29586371
28133362
25749662
24251020
22087251
20834293
19520654
18232606
16545868
15825092
14700641
13292332
12319978
11562947
10544795
9285939
9388363
8885357
8292643
6953392
6590362
6663674
6204749
5805939
5354616
5337738
5798498
7003147
12946741
12838283
20935764
19515609
20509812
32284312
31771655
31374998
32745786
33563922
37008905
37497336
36331436
35090507
35102366
40279796
38255433
43200935
43005909
41221292
40253733
34598658
39907619
43249229
51859382
47654486
46982178
47656137
51976009
50352472
44264640
43154602
39456142
38874495
48313289
41072266
53099151
52121217
48468854
45976532
60051138
46072197
46135340
43111264
46852904
51298130
48401930
42427337
48112403
47206131
50987445
51310527
43885824
42085428
45460662
46104341
48320077
45954128
45079100
45685135
45023785
36993866
43420199
46480200
55853844
50578254
48724614
45794401
45810513
54528896
52053245
48553517
48109334
48574456
40594241
51086689
36342545
53033689
45613522
40153389
43893588
50937933
44478931
45356525
53125293
37292204
45185164
44785641
57683687
52119038
42088210
53795898
59571439
43590107
49369681
48918841
48829797
53435811
50258925
43850035
54145658
60409324
55384252
44985343
48024171
45381846
51432646
