54119178
42327610
53387697
47687993
47328467
47159728
52709955
55840427
41804705
47330906
54531537
42580100
42863575
49728066
51152428
55313152
52055280
48710938
48123044
56152173
45712627
52454924
55745034
41007481
53405175
46232764
46573714
51113721
39090412
44763961
43032968
50660055
40035701
47476658
35272546
45260423
49808703
45731724
49065262
52454476
40154042
45534583
50664715
59264218
51482741
46912669
45635127
42466617
49854304
43554191
48924752
50098306
55516825
45694294
53995090
48859733
45771334
44811897
46691037
43510197
52117010
45950475
57187002
52309985
49515035
47081443
52127230
54559952
55815777
57975229
47057999
56092947
47675241
50174259
46465300
57048702
44429906
43668384
50876033
45853390
57693919
36878762
44185609
54493898
57875205
50046722
44122524
51117507
50423601
50504109
41665339
49946540
50131702
54093288
51114089
48516283
51944122
53305560
50047160
49794168
49428834
48645981
46008757
51468191
50110022
46143209
50394938
53352699
48228401
58616981
50894960
47304760
49270304
54122925
52327098
43497662
53338828
46070617
57917156
51098897
59591351
47528208
56616962
44223402
67070505
42575921
57406969
56817936
62516912
55307973
52820102
58684245
47728477
54751502
43966600
44778681
44831908
58964681
52240021
49303636
45128608
51494853
54898542
49645244
58303568
44187768
38659358
62807637
47143334
48558326
43811779
58544563
58351063
46265550
59772323
56751272
47576205
53222620
46013811
62051430
55192542
58427962
57479579
56608204
52822731
55622827
54266530
40084942
56292418
54168277
47125416
46899521
54569041
50173730
53734066
53387041
52797649
45725853
53313018
48601407
46525103
48506124
44185261
55781504
48607645
103800617
54111668
58907646
51355934
51606428
47598955
46150346
56381112
64681829
55213604
46324511
60583616
32094518
48431237
59601515
44628421
44603048
38009632
53223123
38338183
48985417
53281469
47404442
50254756
42406411
45884396
47719757
50793335
48711153
44154062
43622811
39464495
42120356
45064074
41965388
39492101
39597917
37097239
41465430
42429239
40268907
37991942
37801774
39661459
37819673
36362956
33941303
32393633
30203158
28573567
26832627
25179376
23148627
21262433
19718779
19427481
17836726
17022996
15722421
15791470
14769587
13758288
13696848
13169470
11916557
11434573
12920787
12648375
11973860
11529457
11026765
10876145
14152935
16946435
19081841
23685559
22226122
24850270
33566716
32838302
33085718
34927757
37807251
38251257
38128790
37745728
36760297
37125675
37224787
40272552
43817503
45086900
42793422
40917110
34621563
41258811
46807285
53206309
49536053
49680264
48810247
50617178
51401131
43989276
45442697
43732848
40132031
47281499
42336446
50238450
51236197
50859530
45292968
63889363
45339327
46539325
43806762
45496654
50447320
50040648
43171049
43966453
42866131
51143481
52469418
46975734
42700535
42993988
48439015
49615707
47432686
44356411
39843670
45618599
35469625
44367892
46698420
53532465
52145915
48347587
44711647
47446638
54525938
51516905
47576457
49673694
47940804
42856906
51427788
39202618
53210103
41774499
41609307
41664106
49042760
46042737
46233748
53305337
39549142
46728249
43864864
56414502
53907979
44593992
54947073
59243844
45117800
46883042
52930576
46970837
53521754
46340132
45899005
55123096
60874385
54390321
47782528
47088337
45324566
49285044
