54070958
49923381
53713807
46170569
48351415
48979917
46742289
51154200
48248603
44621906
47205988
49068661
47504031
51113470
53551307
49664504
48748895
50752922
49334717
51924295
47771104
46922934
50616528
48786550
47463864
47572593
48265738
53565588
42631629
49760199
48924296
51286986
43367694
44194538
41287161
49440562
53827846
47666614
52135427
47243961
44956485
52080251
46753923
51380504
46963678
49865397
45682422
47229268
52027002
45884470
48937493
47548015
49374724
48253279
50011044
47132533
49807116
51974103
53375491
44718134
47910739
45815991
54905538
49107497
51786427
48512346
48182076
54013850
50185351
54547231
51543310
50284500
48145867
44592516
49003092
51595101
44917506
49244354
47447585
47508974
50977149
46722341
45250168
50610608
50378909
45728875
48668424
46440414
50243351
51670462
46619737
49205776
50923480
52656572
47944412
48938129
49746974
54686053
49483134
48818168
52132113
50617147
50183061
49944440
51801208
49170759
51283001
48827869
49330833
52220474
44839687
44641684
50559295
52075232
52335056
46688119
48160546
52388651
56466110
50786841
53024856
50989809
55044197
47510134
55644860
49027973
54367814
48670896
56745904
50204627
49391333
52751520
50651919
51261694
47627496
51401102
50149755
50683892
48519621
51858434
42079374
50074638
51739344
50103411
51020033
46284957
49643305
53819837
48888351
56006569
44423060
53106209
54132821
45829872
52935165
50529700
46205126
50424436
47644609
53497961
49916899
51585615
51363232
48886646
53545579
52083996
53717422
47125431
51838486
54185084
50503260
48058840
53499037
53006272
56949507
54988000
48956819
46301664
52452983
49344893
48766599
46818781
50037588
53916496
49684637
64949631
55574604
58325133
49211253
52255452
50330543
48207136
49076800
57279622
53925187
44433133
58175441
45420037
48351754
53040405
49582089
42628474
46005185
52480955
49388525
50653335
51573304
52243433
47648725
51885851
49291266
47267345
52486232
49437686
48418991
43852677
46737693
47224323
49782148
46379221
43572042
47670204
47518589
48854542
48585405
49005040
46109834
44466528
46560523
46057662
47640508
44914600
43323040
43097170
42130138
41416461
39833834
42581670
40573628
40670832
40773130
39001841
37898257
38384112
37911875
36693148
37891691
36166294
36894584
36032434
35392261
35681786
37243399
37605507
40071404
38940100
37266494
38331606
40581678
40449330
39476156
39858937
39308734
42634692
42406909
41426391
43816613
47403976
48004033
47406705
46563655
46479358
45894277
47332516
46730867
45996843
46733565
46895267
46674478
46409353
46732450
47554729
49380784
47829474
50704767
47981144
50104554
49750935
51234047
50071190
45361812
47190175
46581474
47589786
45344045
51871729
54633169
49250505
56323462
49990781
48812688
51114336
49070846
51115087
51400223
47493046
47355389
49938104
48906862
54839909
48110923
41969530
45314386
49811973
47099033
50908198
50593260
44575453
50980394
44827317
49151012
47301607
54944931
47637683
47408338
46407736
51142975
51312744
47220774
49944625
49295103
48221824
45745157
52340907
45520081
49252924
48046496
46322692
47373215
47566761
47272694
44578046
48447134
46210197
47931389
49540009
50005278
55651837
48113228
54254998
54664850
44665076
48969122
49971928
50117899
48699257
47884374
44892820
47938071
53209438
49916046
51801522
48468317
47189409
51617190
