53926363
49984220
53886619
45797812
47855511
48930640
47058666
52173168
47777950
44268086
47261822
49356538
47107073
50914745
54826036
51027958
48589977
50329079
47956420
51882352
47449149
46519344
50755823
48438096
48181221
48303111
47837749
52349654
41861421
49112770
48289247
51663707
41822679
43650381
40799357
48915816
53634948
47813898
51879766
47221401
44950393
52167748
46455292
51351774
47285590
48837283
45170008
47162703
51767084
45498610
48550457
48006725
49794183
48171114
49336905
47198639
49531804
51917597
53775346
44579909
47024263
46464100
54921179
49514350
51806232
48929015
48782858
53760165
50720434
54363014
51198718
50772590
49256055
44851225
48546774
51791285
44271924
48330699
48211191
47512155
50896787
46008408
44615400
50195372
51131292
45863418
48757510
47365196
50345160
51537645
46581654
49655523
51305469
53576761
47979852
48891238
49423271
54617377
50746648
49052143
51265669
51690432
49704696
50326636
50392644
49514272
51867939
49572173
49757789
52318977
45059352
45379168
49502757
51488398
52190239
45565092
48277601
51666736
57417177
50598080
53957022
51024986
55237648
47947511
55723758
49346372
55755197
49266406
57390124
51300267
49042384
53101886
50493798
50596429
48143891
51345078
50231404
50591477
49687751
51234432
42134391
51324370
50809025
51473843
51003234
45513857
49418625
54858713
49373277
55561475
45159174
54399220
54297859
46063291
52628481
50207044
45849431
51183265
48623721
54433361
49416891
52037754
52337219
49348649
54145294
52646281
54312161
46775635
51690184
54479774
50142681
48191250
53097522
53977567
55212746
54504810
49474052
47170702
52693136
49329371
49135084
47153392
49956065
52852351
49172061
64884970
56235904
58866000
49987936
52450152
50398354
48943287
48920520
57580163
54339650
43363328
59435620
44703507
47512257
52906348
48993277
42169292
46278099
53181687
49625565
50033742
52320093
52891290
47748686
52400971
49253668
47247343
52020366
49444494
47826936
44512846
45602853
47054138
49839943
46742897
43562415
47735172
47517203
48965198
48824864
49068718
46492599
43994342
47222114
45974950
47647643
44707431
43802706
42518172
41527609
41496511
38491297
42307573
40502243
40237397
39608045
38524556
37224690
36804508
38372925
35934847
37040357
36148677
36113910
35988725
34731194
34461874
36909535
37487777
39318028
37532092
35575642
37091026
39747305
39529755
39467530
39953172
38334080
42820847
41259016
41309479
43579651
47068886
46380945
47851803
46713419
46662951
44838463
47187130
46256756
45570034
46694832
46723450
46306402
45914805
47501683
46486849
49572095
48274092
51407754
48208031
51149124
49197673
51653926
49686201
46260370
48729524
46651013
47194516
45388988
52133755
53986611
49601446
57246945
50853062
48412807
51196132
50535146
51708940
51812882
47475895
46400251
49628331
48870979
54713195
48551843
41127502
45689566
50628225
47324620
51425932
50047641
45435504
50874472
45460327
48297996
46925538
54527282
47844784
47374297
46388861
51384300
50969078
47523308
48816682
49179569
48505072
45252554
50524892
44955398
49360426
47470137
47442909
47773464
47863593
46903264
45189310
49038047
46541697
47435678
49021403
48793804
55246386
47799908
54325115
54205383
44707763
49153654
50689327
49650316
48406626
48277651
44964329
47484444
53248929
50685275
51676906
49325492
47922014
52236859
