12468371
8561452
10232950
10206345
14472201
11539517
10771265
11967627
9944916
10444279
9225611
10913721
9932900
10754306
9123897
12362149
12237195
9991712
10186911
13946517
10678028
9024659
11659221
10428952
11601057
13275069
13235346
10046678
12595655
11509720
11871471
11278418
9217536
13396967
9587690
10552894
8925837
7600654
10038027
11550357
12336562
11723040
9375660
10406011
12163501
10687195
12583157
10646677
12575241
9169002
9104006
11075608
11333786
10934921
10614579
12071268
12352064
11508262
11515956
10539558
12673465
10175153
11940265
9195586
8685100
13313174
9307154
7704110
9282824
8993834
8374960
14024972
11531687
10737818
11096377
11865665
12726066
12522179
9097036
8997347
10265469
11758374
13292585
11631531
9973123
10272675
10260953
11213495
9479478
12139591
11448383
11372476
11056283
10085811
9612450
13784925
10657546
9671496
11404965
10181136
10200285
10621777
13870002
9374788
8478662
10372940
10593649
11698490
9653722
10083337
10369036
10420785
14847240
10536336
9588732
12529022
10568776
12270805
11088223
10876077
10783998
10757417
13786175
12780882
11062278
10735087
10849624
11870650
8556080
10609465
12231930
11052274
10992525
9406146
11332005
11768713
10621655
12289696
8559733
9913398
12041263
10676688
12312822
12541130
9721600
13162490
12184393
7093450
11799516
12172624
12032709
9004809
12134410
10968849
11989130
13969228
12718071
10764615
10034750
13348494
13748703
13107595
10671265
9913125
13011330
10765547
12308004
9378538
10691035
13463251
10934325
11340091
11733443
14226659
10211845
9939626
10220718
13079594
11051929
11986364
11698762
11175305
14540643
11598656
8901973
11938056
12043212
10657785
9661546
11023723
11254256
11443370
13556179
8239228
13578025
10954296
12613737
8343966
7829582
13607350
8642249
11098834
11130469
11190509
9630243
12207262
11309355
12713278
11101592
8553280
11912895
10530609
10243571
10708028
11031707
9967777
11442994
10784159
10646467
12838783
11990902
10660155
9736696
10098875
9732472
10903363
10569500
10668440
9614861
9308758
9206550
9832023
8457229
10090791
9526490
9218938
8392660
9363237
10075257
8498368
8943084
9927887
10043848
9094888
10316802
9427253
8348128
8883136
10507759
9846551
9260400
9767892
7813233
7573060
8349813
10724982
10328996
9836614
11229400
11180717
9494511
11440764
9004785
9298736
8844817
12640052
11167053
11343846
12069314
11421063
9500233
9854990
10981320
11846568
10328251
11169909
10698026
10137932
11117676
11222224
11011620
11893285
11698257
10055071
11314209
10351308
11112173
11046524
9563606
10378515
9613378
10062316
10800398
10679491
11435632
13092751
10584120
9895818
8491565
11374560
9511969
10935423
9074818
11493789
9274437
11130880
12507619
11859188
7582022
11736092
12536497
13452932
12053191
7525619
11264334
9831195
10051890
11541624
12038710
9661848
11052021
9807244
7805859
13146703
9330076
10807515
12308377
13071653
11851564
10940763
8982895
10951837
11933082
10417246
14048158
13037124
9451035
8953466
8607391
11212876
10269512
10329017
11219659
12474339
12870855
11520927
11889253
11449099
13566567
8409147
9270158
9872552
10232226
12398395
11107763
11947679
13910224
12025567
9371315
10569796
9810385
10104948
7647983
7764211
11216572
