11700823
9151646
10205447
8824923
12820715
11506353
11422711
11341311
11890277
9262599
9824335
11408121
10550080
10920615
9589787
11558203
11421246
10154223
10627029
12828188
11715509
10489283
11173967
10439216
11168565
11297312
13314031
10395093
11299038
11115021
11821183
10512845
10991234
11802109
10096737
9323970
11348161
9929617
10322567
11384115
11858211
11644578
9029057
11883043
10615055
11802580
11203198
11534066
11794634
10180609
8921546
9844288
11203392
11611181
10297046
11333111
12129042
10177390
10073123
11404020
12012132
11908570
10610801
10297417
9893498
12228472
9818975
9711248
10460292
10536609
9157970
10550143
10807065
8444600
11931352
10646664
11810416
10362695
11960316
10452145
10545237
11190729
11075682
10222836
11291063
11496659
10531333
11045461
12232353
11841283
12497205
11998159
11953938
11674212
9841920
12029883
10702986
11208345
12096031
10652719
10589380
11161938
10747558
9416574
10467012
11452898
11775285
11579968
10965822
9448238
10483978
10490656
12257814
10437430
10628697
10548191
9690422
11332825
9961850
10180479
10465057
9790459
12793906
9951604
12258800
10697366
10130914
11269393
10708077
10832273
9407431
10926340
10145553
10995583
11597776
10852442
11090188
12760715
10321436
10121533
12058615
11466234
11263164
12331185
10363982
11325576
11806832
9798913
11176424
11640811
12244612
10373401
11093867
12356602
11856095
11799664
11024968
11218952
9675300
10881002
12288985
10905891
11991891
11641231
11941752
10573093
10803522
11053098
11008384
11670585
11158128
12218667
11608414
11887551
10929715
10429556
11211935
13202151
9884099
12436063
12491063
10904822
14000868
11137919
10701882
11845548
10412731
11492684
11175084
10706216
10809103
11373549
13412117
9392396
12201123
9977195
12108524
9487068
10956721
11653676
10788910
11082393
11081775
10281110
10462844
11119201
11268639
13059665
10229189
10914446
11038360
12520631
11797023
11065425
12024662
10714734
11805587
11804859
11403215
13322604
11597148
12383760
11245397
11434128
11175475
11856213
11280561
11220940
11005005
11783674
10640517
8589732
10280510
11473642
11754966
9501290
11682237
11896284
13089209
10957308
10787549
12395511
11947890
10170631
11495191
9500429
11637613
10243546
12412339
11908491
11419543
10095361
9647672
9798866
10230969
10897252
10946030
11774365
12011917
11450698
10669651
10574172
10872838
9670364
11455960
11891878
10396224
11889630
12224088
11225245
11463457
9915168
12079856
12543376
11296785
11097450
11509590
11924219
11296119
10738705
11511386
12215696
10519984
9759976
10562121
11999386
9602565
11882375
11556344
9342068
10538812
10319399
11219087
11979974
11199852
12375627
10403548
11169958
9285033
10971578
9608671
10474586
9894411
11767604
9517337
10637368
11508633
13013637
10257777
11333286
11497036
12997074
12022946
10056704
11571980
11178268
10328861
9940479
11333000
9681137
10139845
11983296
10719146
10997925
11059874
11673423
11577077
10736635
11562417
10607062
10846154
10964696
11221225
10884601
12480088
11473107
9927270
9997866
9550607
11009629
9284874
9611667
11530841
11367299
12002338
11457957
11439634
10971908
11023015
10741599
9853017
9853143
10217863
11276329
10740280
12385476
12193125
11628104
9584596
10619287
11082643
10088569
9017165
9037361
11621935
