10672521
9789699
13713117
8307860
17831660
10581254
6959288
11999994
8119203
4687186
10415732
10052490
11556267
6275771
6831303
10731515
9724168
13233021
10423682
14106212
7971681
3560405
10748005
10054240
10487911
14936112
13588321
10222787
17441537
12116481
11429669
11735970
8108656
12661987
10526049
12303421
8897145
5977238
9325448
11518459
13677140
14773355
8826983
7920103
10551647
6535950
12084854
7335380
14660243
9448769
9734360
11458137
11613807
13806325
5953862
8888654
10829076
9683484
9024780
11215863
14141439
11123466
15261396
7213211
10280273
18193056
8901310
8738471
12588274
7978401
12307968
10766759
12136513
9575255
10635237
11597366
15369181
7861073
9816072
6574851
8966655
11663112
15469607
11660462
11184339
8127725
12235489
8303747
11879969
12386153
11409688
9711328
13546563
9882692
7939813
11149437
12792418
8007316
13312481
11288502
8423337
7869631
14790992
8298636
10400943
11149262
9653353
12029806
8735534
6160305
12192493
13099645
13856601
12315888
11548706
14495484
9365687
10463649
14890911
12673990
11264169
11705337
19436099
12882952
12517146
11891288
16218567
11358557
7923753
9970737
14853066
9987383
13265218
6973046
15578476
12419610
10016940
15132876
11540158
10751766
12717807
8577506
15104883
15590022
6831586
13061600
16538635
8652524
9422383
8779140
14672302
7210216
10170808
13922390
18062519
20094282
17892730
12287742
12666708
20850595
15695367
8611027
12241789
9628961
15465944
18530297
11994622
7646690
8562220
16552841
10353159
10240852
12639249
15830155
11997327
10859218
11613022
14377220
10907194
6685748
13309527
11297020
17717288
10913354
7565607
12803171
10814021
11369345
11742022
8030813
12968324
12984492
12352959
8414342
11435444
6117743
8077405
5668202
7892418
13782933
9620262
11730740
9517036
7668205
8947794
10121911
11808293
10603029
11770240
5905113
9828499
7334605
7277782
9127803
8395000
7912251
7471767
9496070
9511060
9149155
8455843
7979051
7185213
6997679
6703763
5747255
5861780
5551577
5546006
5135983
4593302
3179546
4611864
4178145
4042393
3722249
3478575
3388272
2998685
3427572
2772765
3251360
2687166
2504727
2723102
2665459
3821016
2522016
3023866
3534463
2595077
6125815
5923650
6011088
6167347
7208433
7577572
7369175
7552309
7849584
7315572
7932976
9035953
7861481
9299905
11325598
11121431
9271713
10121707
7997526
7794829
10705271
12098850
11007972
11299099
12284041
10918238
9985520
12965008
16824146
15518234
6549027
12303656
10475653
10352078
12660248
9550398
11499337
10284498
10985500
9034525
13296122
10533238
11496236
13545493
11473791
11426714
5796645
8316224
13272411
12044731
10464288
10342515
10704498
8840426
11749247
13948670
12087558
6128057
14778066
8814944
10937348
12647909
5703908
11544679
11085604
10400663
13935361
10406059
6266849
8596865
11607965
9222965
10799859
10580176
11169394
11151421
11847665
13978456
10457518
8990429
9088113
13030966
7924395
12232623
14235963
10754125
6017395
9656335
15854455
14611665
8375156
11573016
11321473
16508466
9430702
16473998
14536539
16287209
11244715
7021105
9711857
14931675
13966350
10262065
12337442
16105990
15683432
8829732
7272090
12124940
12141834
3883329
8637514
11348882
