6410604214
12089155316
7321704420
6762356979
13134711289
7222773784
7756234033
2919064131
6280752789
6851936579
11055006203
10659154284
6576947815
6337312019
6845029694
8173277238
9006905369
8804241708
6880866615
13129276805
6834902719
11861571331
8313992371
10833517635
3247710365
8583750080
9309981221
10109493751
9295684855
10069889208
9861408530
7956632920
10609685354
7213884171
4781733761
4509646991
11103473294
8724704615
8808990165
9261147984
6136897584
8575408887
10210445324
3916384654
6234487528
8308588239
5351687686
5774291273
7190522864
4059121136
7622203943
8038224511
10459701170
10187967601
8773003629
11828241648
9292231590
4237824783
9162390260
11357977371
10236892667
229376703
10643932566
5414141856
9674881043
8230102730
4534283932
3611823758
4963663470
6454814549
3150566466
8261849904
6008135312
8196489372
11512191435
13152633327
9779704758
8441405626
6363503177
9401473481
13169918139
11783632883
13588671959
6517086864
7966918044
9523618797
8604982427
7184506710
8751665457
4210881662
13403687974
7470194217
13023268005
8920991125
7720599726
5769711740
5850889929
11307397495
9074560240
6250330470
129317921
8884696244
8328248733
11236107854
9758293408
14384534609
4528989976
13590851734
9178596978
8850876147
9871780455
13987745212
7595652537
8533985523
11315837352
4610144092
8732112508
3267405180
9608671404
8476512085
7288134694
9873689922
8293432923
6157884701
11354846633
6532169380
4893034654
8013075296
6809088437
6160079352
7893445158
11008811820
7657805159
8954091202
12756747329
10192771160
6733635461
12012757193
8308809408
12627723813
11736790784
9609293064
7467667379
9110951872
4739908602
11347606419
8524764532
7833356519
10590889277
15948962896
10163940282
10734968027
8073087653
6973139492
9637846005
7943553520
6699947230
11927165161
7450690816
7082348435
6234139758
5858801828
12504261553
9560152409
6237405849
4591576800
3162538197
9543226904
12437462601
8030205176
13530422100
9840034022
9962842103
10246714279
8353030200
7143569718
10066556872
11203466274
5314407028
10762855387
6246404559
4346316909
7836402128
8324045892
5887217301
5882045729
2386561136
10397871680
9354600368
4214787741
8169869715
9091700020
9311664267
9571783975
8294523740
9821888395
7966732446
8513733222
8875556776
3518062586
7621047850
5224052184
8402699256
7976033207
5684827340
6249196611
6853085821
3623997825
4295459770
6724991527
6711048258
5293653451
5923296439
5106857878
5334229520
5271727131
5105033656
5199348449
5268174475
5661194876
5564081898
5585402566
5410963481
5767371658
5430127034
5050884065
4705443887
4372724924
4067769667
3783312476
3534192620
3311658331
3099066045
2896474017
2712536685
2401049461
2382434126
2258668538
1589002158
2104174758
2204520364
2174188908
2125125098
2073751900
1980071492
3494377347
3420587660
3297065928
3152855406
2982615521
2807425507
2415832733
2243060584
2411604294
1929259892
3972590052
3854071240
3691122282
3502483996
3319829449
3106677714
2887607055
2686209727
2409159714
1897651223
3410982860
3298651855
3204983234
3117461633
3116113665
1400224992
3493437942
3510267712
3494911817
4319023342
6147255862
6930628764
6667135929
1911194688
4588678788
6106863310
6431591700
6052087336
4266718090
8494125694
9816240092
6878592185
9337796340
8978884539
7816994981
5253503241
6341181018
5958393474
4584650894
6662984504
5742898320
2951160257
10985112061
8036441908
9748295533
10009975172
13593475214
9339319923
8842799321
8908212628
11974070890
7179527991
10360413971
13377230817
2277760247
7216661294
6886389467
4924541572
8988522937
11731973743
7809659235
15472816266
8101643159
10022248189
6481257565
9601087277
9719120409
12390197437
9470442376
8597823745
11320502974
8770644248
5287464374
7451725512
7002635111
6545724904
5792151036
7047637750
5775216230
5929357425
8052117289
6103802089
7049716444
2886891321
9488850079
8661388734
9863503657
7885179672
4233680122
11925502774
8240902837
11501257670
10522040324
11373189684
10922752834
12474285686
7627321845
6681999536
6328666058
14377051307
4081151165
10810295807
8386684992
8435060614
6645305035
3261409869
14796076043
13992879105
8296894515
8350877235
