1192756144
1098196029
965763177
1095354250
1082856781
1152331375
1130049912
1084012978
1140199998
1234548676
1162262566
1172353032
989707005
1090321211
1096834874
1099635444
1018137169
1032627306
1180741282
1092044704
1076297676
1201016142
1135217218
1173724475
1104436188
976803713
1085404314
1058492841
1160881224
1082179038
1153106730
974357212
1026784134
1063030709
1112848590
993369414
1043388626
944130692
1129407204
1105531261
1152888380
1194482666
1161929671
1034800017
1074041327
1087149803
1131803095
1229526388
1067839880
996740893
1210870217
1062827888
1147217259
1045275962
1100837544
1223456311
1089550361
1120503120
1120520754
1143605181
1076579658
1134772241
1039832530
1101904657
1123617949
1115882698
1244961785
1148827069
1114926549
956293064
1049062628
1059545100
987368512
1047975086
1147380416
1085961095
1101218893
1057437406
1084054728
1034272993
1067607546
1005400887
989516001
1038921979
1181546337
1019088589
1046616122
1030173660
1033691209
1131730653
1044945933
1097651435
1163098353
1128688323
1157114503
1052402248
1265681692
1158285931
946119685
939786306
964681013
1130869469
1156406942
1147115264
1026155469
1146158000
1202834462
1000518712
1139551077
995631957
1189253044
1186623954
1230875024
1164174782
1142042000
1131276435
1233130003
1097562713
1016943493
1116743637
1071814034
1080906853
966244981
1176673917
1195690965
1062934725
1142334134
1084229769
1068860963
1067135877
1089180175
953926343
1249720082
1079844365
1169375648
901902390
1101959531
1095781857
1180694708
1290301202
1140814527
1119382049
1137522098
1164070687
1048790940
1137653088
1108146110
1113482959
1194534729
1082396483
1155021583
1204035668
1141540871
1101222655
1149387583
1082644372
1208540490
1165491538
1125195578
1139411881
988426966
1167813045
1158699009
1203500964
1077163836
978767023
1021605387
1150920456
1153801656
1069842222
1064315580
1091231049
968274419
983029494
1148804185
1271166460
1109802114
1090183478
1122022331
1089705553
1133182915
1110693089
1173944131
1077562883
1283014545
1091781984
1206101537
1163219643
1126166109
1206834385
1083138005
1027210313
1058450871
977922802
1147811154
1139321523
1141746124
1049883185
1044471293
1132316069
1101097711
1114234551
1252209461
1121242330
1216363876
1167627362
1056074336
1111245844
1046557404
1065611241
1045411256
1217483760
1059949861
1113269194
1035229938
1166748801
1121439935
1023899196
1045157701
1095133257
1016164589
1153252716
1115881145
1137523780
1103655292
1183099255
1071415468
1181742294
1115580165
1087375874
1094151605
1074129990
1017737630
1088124542
1214602748
1038597328
1116232038
1175454296
1098993092
970880107
1170462956
999611205
1061167969
1034374208
1076126262
1065237085
1161919143
1068276139
1070655614
1188498109
1064798030
1059207675
1099657472
1049260132
1072815086
1039421734
1008367617
1012509780
1007651006
1089761469
1075554762
1056321943
1056590973
1070650811
1076361637
1106156420
1081844573
1028079724
1036543148
1026050564
979988525
1082135286
1023062842
962880103
1038315879
1044289567
907332605
1168498875
1029541173
1093155931
1059352553
1019756885
973942750
947310733
1001524119
991197947
1089949420
1071451122
1078111005
1090422796
990473969
1021052710
1028620227
1007153913
931946144
1024673647
1135984410
1206727201
1118845868
1050754697
1058780565
1130405469
1260590755
1006635447
1363142649
1205698587
1157192647
1160162513
1087076785
1124327714
1240750803
1097545078
1296751050
1145738318
1118514801
1122296805
1220931925
1075517035
1037841143
1082011956
1132875157
1129263478
1119970704
1066003468
1147048062
1044549255
1193763024
1157042532
1273704961
1023181628
1004094437
1097332352
977676522
1142940563
1009029578
1157075360
1226223595
1099803620
1092898770
1060507306
1009107557
1110817296
1094737784
1239782789
1122755850
1158703257
1172712933
1100865500
1229251351
1085232422
930022351
1080359351
1119244312
1191101268
1156890379
1186129134
1007082832
1088350423
1183563310
1029967426
1000481621
1249366003
1118952914
1179475392
1065275567
