1812447045
306635758
1625261008
824576454
772628907
874866586
1293583997
779377284
868682265
953158281
962247490
571128800
900749469
1292237479
1666792543
1184596272
756200942
1007950704
1527400126
1279362529
789689353
1007464645
1169491472
1355209205
1078624760
512137874
851289140
1175153658
1523835100
1044181802
1402207541
1408040228
1299588309
499385235
1462172753
1311746812
617714962
75774076
1552354934
1450071031
970154994
1684360886
722980906
1099103854
1170572750
709846913
983597756
1208859530
1922112197
573311672
807536215
1098878770
448872627
781231906
1280862129
2095771700
1173604020
1650765579
1916214798
1845120760
1968528831
1194664800
1054966639
540921963
1088343061
1088841626
1099074837
677964701
1011598246
1360911998
1645771662
2103212438
821853576
1030858028
861335228
619559389
1252876128
2681105849
521731220
806310044
868643675
1525500940
400816857
1201810946
1196486957
1567446702
1292253599
928798670
1204182562
991174110
913337622
1343674952
950236949
2736682512
917535762
763354553
1578428608
1564002011
625546847
641156939
989486760
1001990291
564549053
632136234
1277290857
2142960249
937847865
1525723056
2063338061
861870096
963664058
2757845503
1323127943
1124516117
1390926477
602769991
1500817471
1156641880
1602000542
2048372168
991624834
883958213
936617510
1797782698
875722186
732989999
2113572652
1010903172
338992744
475680816
1300902561
287139840
1804916079
729796261
1514720327
789174131
1141869257
1555209981
1919817515
860416535
1532708443
2399164568
1478177431
1475441789
1454905033
971594102
611943398
1694026561
1132155116
807952798
1803404552
1512433684
1281232939
1787954310
1107791953
2199446773
1123737870
1084079338
246241138
1609594564
1072692178
1342638162
2061567807
935917643
641517644
558105449
643822659
1153563198
1579401812
1375353749
954194760
1942984562
826438721
1401859889
1282246881
1052035929
1445021305
1220515856
2396440679
294990447
1207812063
1156347679
1219473187
993672284
1103235888
1172819985
1000108923
393898167
1097964606
3110547683
1199418573
161774273
573128657
1373738187
769041807
1028461529
1219700965
2546201222
1142066937
398842032
775788815
936866352
1180201809
700481439
768323995
1834285845
485675791
699874994
361322984
1745906665
197541224
1120038994
1059456108
608313180
1130405639
905236409
1077897095
1061962048
1697392467
820833730
640021644
1144516765
1028958708
306934726
1207111260
1092025554
1094290732
781672930
829170699
1005676990
543055762
832234815
835841851
799426227
769631732
766757788
661902930
756524026
729073495
726420439
714182927
691874031
667830716
634515563
600867641
587169980
459947635
540092691
507407667
278070179
480388805
235450795
420014043
400375038
356555894
342987948
320592278
51842147
274346936
202691645
232377974
205450055
200051998
153412425
175523468
170069245
164530121
32131886
143414336
103771985
62192645
107145586
94632673
102121210
85379555
53580854
44118429
72402233
59929869
36757791
23122550
62246515
11805569
51096267
48147296
9086571
40966937
7765149
4028664
159198245
223835842
229104695
213802665
232249240
387498906
448152130
678423680
1173650221
1724120398
588536750
1187822894
1067412238
1725129059
964354236
1222205109
1044029068
682876250
1959587574
985983991
1633965111
1295782092
793847024
1629839649
1455020078
1209921140
331089480
1447414510
794319965
469502363
1282810414
1447844897
562298463
1425771208
1085026089
1141387524
1118737710
1082536761
1426754072
1676331034
1172979298
1004975907
2039894813
758114325
612812485
168491866
1564513659
1748715980
1828321543
1281588475
1126742961
622098845
1258685125
1363158982
1128678064
1352955666
426763475
1119504171
959901121
1059527648
815213505
788831526
1329022459
1740501481
1325046074
1001628906
1388632877
977980301
1107517128
476425462
1325945668
329897801
993038379
1167797744
694173963
912445603
