1803333536
339990184
1639125821
863632953
767984055
889520988
1269967541
734501968
852104185
973921084
927722647
565672665
930341086
1312748904
1669417024
1209740503
738187546
1022209293
1574677979
1283630518
803629472
1046033300
1152098526
1344205889
1097642449
510143553
887000104
1153829493
1505659323
1079292828
1445746711
1423019625
1278004587
498283036
1438756637
1306131206
670743235
94760805
1561372466
1466531289
930876944
1707289431
706298321
1099150355
1185189341
689312781
980103392
1189725446
1955820926
579633620
839067097
1094741814
461300189
758351210
1281040381
2102633460
1172871043
1650384842
1915253331
1864294186
1958675645
1204463485
1041172479
558453968
1125045794
1087422530
1088537238
662237311
1031219325
1372283328
1626748578
2131462030
853431386
1031841957
867105869
598392846
1239916850
2802455997
554057632
792223665
879641765
1523134000
382400079
1219089956
1199744867
1560705112
1306239305
969915508
1190562296
1012715338
880573961
1369234009
951653840
2807270422
923377458
745527947
1594118435
1594194116
639006835
670327177
1000505061
1004539969
549941061
612825009
1259329599
2189452385
954425146
1533775861
2080920048
872158703
971746852
2848076658
1327495919
1132102992
1397045786
613222013
1538806167
1145876526
1581183546
2109632461
973691608
909059120
961325722
1807220655
873163911
738861822
2163073182
963468353
366244986
456950516
1264459787
286618984
1874499514
719421903
1513362715
786914030
1134234557
1551025197
1962701593
882566898
1511911735
2465459980
1452585467
1512712512
1425260770
970461304
620156998
1704712005
1154765407
816290889
1850993853
1504537131
1250835103
1815091693
1102099755
2255488389
1094318654
1061258493
226106602
1609237704
1071102050
1330627660
2105898254
951443134
671693864
581825710
673594912
1155326400
1615226493
1376837350
974053687
2040245562
842241231
1418476885
1260255872
1098012225
1466012474
1265687222
2471219077
290004588
1250525539
1135726524
1226993702
970899798
1084615138
1210314034
1030905203
418259191
1109039553
3198971382
1189044715
135181467
592624229
1371017715
792609897
1027037986
1226116097
2667973276
1140141187
408673648
784123280
949535613
1165631516
686434247
771919470
1904883364
477820365
705609289
388006456
1779836250
172753207
1118979737
1096795643
617264705
1125097431
852960053
1068496388
1024399944
1559099331
826538855
626882794
1145915683
1035249956
317497668
1119057390
1081071772
1040093255
783378152
821098318
927287951
553843418
814334517
769940754
736200560
718142686
712495901
669913982
689516410
672687595
671221804
645815072
641502718
612773163
584676846
560819347
540389496
467762211
497898246
470780480
279793466
445756144
246835294
369340902
365814894
344361578
318685827
298713409
94768191
257620694
202108845
223743183
209049304
195968914
133145168
173917267
154824407
153595282
68469345
120916476
113056721
79066928
92007553
98838553
91798575
79144370
4840583
58584025
67687572
62200747
35145092
52559314
45728585
15455443
50674171
27942015
13331647
38120748
9482216
2973371
118654761
161380526
172800004
191649468
258281635
361523822
470986086
635493698
1182264753
1701679466
562790045
1197039127
1054033065
1783552112
936237750
1215308827
1058034917
688995733
1927456644
987564338
1647322648
1344851159
798536086
1645056638
1415988075
1202357486
344013495
1452271577
745806792
478618188
1273141276
1466008548
533998808
1414954862
1081920357
1158928240
1110618968
1066392558
1457277769
1690581368
1199862166
1001468380
2025091428
757638859
590709710
202790217
1536337673
1731447801
1844585668
1302108518
1121725502
608667597
1247461333
1348502383
1112779908
1364766116
456369810
1080484875
954519863
1046489259
824117643
806771114
1322197430
1698881913
1313310614
1022201379
1400287888
953903858
1101158870
442083794
1357118693
365383572
992181945
1162947222
679417341
931608323
