1808656844
342441463
1641721444
862933899
768176987
897141343
1272937663
729841080
843275491
969303811
931884351
560792902
925560925
1312126343
1668382582
1211244420
738076181
1025633336
1583537691
1281015172
803279028
1050650925
1150616395
1348691025
1091702313
513568110
883454880
1149555396
1505401565
1079734128
1439988954
1421384596
1281734184
497635082
1439581833
1310688259
670382840
92182242
1562412765
1464376854
923057761
1703751218
705314548
1101836329
1186197046
683525720
980797493
1195462908
1957094914
585349729
835775823
1097012441
461071756
757100772
1280114771
2097970860
1173672633
1650745683
1915108153
1859944229
1952901333
1203279096
1039610318
554161295
1124264389
1080545005
1089191094
665615812
1028522934
1381130307
1622238420
2147122102
855032045
1032250309
865918865
600665596
1243401591
2823707688
550394238
791796294
883634697
1520821966
382743415
1218212110
1203467034
1561959153
1309793929
967565979
1196374906
1016864721
880742715
1375390641
953049593
2827209628
921557909
755620659
1593396687
1589282712
641141917
668775507
1002339517
1006857904
554044711
613081294
1258393688
2203175245
956023661
1530376541
2090085990
876146845
962830720
2868907429
1329055621
1130902516
1401885395
606012281
1539065339
1147947385
1577962337
2115681808
973883504
916276533
956425477
1820602484
866447788
738545358
2174607251
957016164
362482161
456924844
1265154226
291482081
1886888954
718512581
1514822676
784153612
1130596895
1554118662
1972300964
877468913
1510468867
2477735523
1451598595
1516539158
1430038472
966623214
623354262
1719509501
1158276910
814222742
1862248840
1502956848
1254074704
1822429286
1095408799
2272496559
1096187360
1064892937
227720510
1608773781
1068167192
1334799838
2112519969
947971800
672481823
582742451
673456138
1158423393
1619983822
1377630205
973338995
2050646531
839029375
1417632399
1266456030
1105371415
1466451987
1263362538
2488770481
291159295
1247716349
1135776485
1227645124
969874873
1080924043
1210240145
1034055583
417053110
1104380916
3226232019
1191590806
134780832
594033960
1364804429
789672117
1030173451
1225061984
2695871906
1140412168
416663604
780882087
939966089
1169224034
681673739
769028743
1917293528
479195003
708402544
385425749
1795130410
175376573
1121460184
1099547214
614098868
1127912742
846707619
1067822235
1033043116
1526949549
827166170
633813311
1144073706
1037896715
314173832
1095705251
1058887509
1018260774
782893712
816942422
907454370
549349633
797465617
753428098
720384972
705723607
697653213
673465585
681104556
672816367
657314466
646771616
628152771
599794849
575400206
549359514
528952239
467289186
487981546
464632124
283309748
437938309
250246987
372656707
361421331
338171514
314525497
292386519
93063859
252669644
208259004
218728289
204250434
191432572
134623070
164284216
155088837
149026919
71199569
122373535
114673962
81389255
91523944
97085925
90925037
78857853
3673449
61768647
69230009
60487637
35214107
47990614
44079043
15459524
53430212
23149442
19572467
40638133
10495938
2926142
105538066
151468657
165699146
188482515
254142394
358878393
476095494
633146872
1176557938
1699176093
563223181
1195540038
1054231937
1781395477
934764060
1219376938
1061445491
693540679
1932111218
993756151
1647603693
1344113915
792549374
1646615928
1412756058
1200630205
344650375
1451306311
743559016
476599494
1273883245
1458552404
530866390
1414585362
1082550220
1154615588
1110780885
1068660197
1459000493
1691868910
1208641423
992756185
2026354750
754775238
595058939
201197437
1526263817
1731545883
1835361857
1299840949
1121197550
605398971
1245949515
1346173537
1107034909
1369208968
456876872
1085801012
957370024
1046584087
829610473
798513000
1322539458
1699683133
1316070435
1027004534
1404579529
956049217
1099323879
435086646
1351067691
362504108
996275916
1161194518
679491975
937307082
