1809757998
342453801
1645386998
862191366
767869993
888572458
1273258528
727741581
845807281
966538656
928479847
559921817
922959722
1312896917
1667136534
1212282179
738357298
1024060876
1583720776
1281444607
799711836
1051012639
1148735016
1351514080
1088447819
512143713
882289007
1150404036
1504567260
1084250324
1439354802
1422099156
1277990408
498358708
1439408110
1309756174
674097824
94022474
1563492584
1461022702
922300332
1707250448
700877622
1101852704
1185820404
679758745
981517971
1194141848
1957783339
587384738
830988309
1095800916
464336022
756365167
1277610100
2098268157
1171617266
1653968697
1917022041
1864796352
1952649165
1207303751
1040262358
554175144
1122562460
1083188306
1087316694
667430554
1030822819
1381975896
1623660418
2152567039
851562405
1035027961
869255856
599399143
1240084330
2831740803
551451873
792310219
880357760
1522241189
383691321
1219180196
1203836467
1558843175
1310214165
969093114
1201085472
1017226318
880688323
1378288568
954373926
2834313285
922669680
754898403
1592892660
1586908831
643448175
664718161
1006502775
1007245584
551974771
612008517
1260234240
2207833382
956904529
1528443064
2092118278
873049458
960687642
2879758918
1327530261
1128334551
1400441690
604812023
1540228238
1146628065
1575163443
2119508652
972674863
917054644
957779209
1825851246
871274212
736582520
2179612309
954865505
361053599
458367813
1266691269
288142316
1891633775
720038799
1515276929
783082386
1128320102
1552745666
1977302198
874997401
1515326896
2481815898
1448909397
1517244858
1428065597
968154844
622020480
1720655789
1157183545
815130146
1863890182
1504826984
1254643814
1821211433
1095506815
2276370014
1098246321
1065684691
231599362
1612596090
1067093773
1334952094
2118592271
946987287
670103464
584632887
673318640
1157356488
1620017519
1378739203
973956841
2055030170
835767673
1416396282
1265421906
1106531734
1467828528
1257582482
2499168951
291673155
1248862099
1135727316
1225333433
969559500
1081706269
1210228268
1036853768
417011325
1102304113
3239490286
1194948928
134791539
596097571
1365128595
787094835
1035845891
1221491188
2701855778
1141228422
418477045
782326917
939999817
1171092666
680988152
768909459
1920090286
480177115
704540023
383854998
1803152427
177001025
1124767991
1099017860
616368442
1132615698
842600973
1069089041
1030969342
1514377160
828031055
630780387
1146593262
1035434848
313530248
1086488965
1050765554
1010448233
783811083
821107769
900503018
549078855
789962136
747589690
715137797
700040275
691772755
674168826
676006860
668077815
652187440
641709559
622951328
595247201
570322573
544057501
524734374
468591326
483870340
460352328
283806468
431984477
243208700
376648557
358406102
333712921
311633178
290203495
93777059
250586513
209547987
216051541
202246406
188360168
134475764
164944713
156677177
147799360
69674729
120960727
116888837
80734942
89005890
95220917
92377523
81653169
732521
58455413
70684252
61052161
35204002
44777195
48311709
17129327
45254725
24650668
21336733
37866047
11818513
3948243
96137734
148691757
160885461
185501812
251196554
355732686
475837178
630400155
1176874848
1700204754
563294678
1196158946
1053769298
1783171309
935468716
1222536813
1064667498
694945543
1931630449
992951002
1645575807
1343817136
790579665
1645994553
1412127274
1197579283
346893979
1448796081
741894703
476815382
1273838296
1459165658
533021195
1414385158
1083898983
1154204946
1108267982
1070756787
1461410772
1691352772
1207225054
993723374
2027536511
755132393
596577576
205746163
1529908296
1734447389
1835920540
1301439517
1120857609
609626752
1243514487
1342606749
1105706491
1368449363
456102546
1089430565
958761064
1050114133
830274478
797351105
1325137963
1700704064
1314963825
1025631276
1403836753
956614922
1095450412
434953921
1354613586
362626553
992856371
1159478821
676856242
937076172
