1616513531
488011714
1718254975
748596230
996262497
675715847
1492556286
854465387
628358638
745541578
1015341103
734472600
890733071
1479118861
1444233815
1064931810
749709493
1059047457
1373776780
1415162068
735859265
1108431993
1202601082
1101998988
1120670031
580554418
982490728
1003901735
1501461861
1097369660
1305860581
1418311268
1234132916
420535502
1496744334
1580702015
516146684
217031477
1447533026
1338656939
1086587659
1624304232
616283433
1237638587
1144178039
581969568
637150391
1054417955
1961271777
729247713
962599924
1164607624
694256011
721681209
1018814080
2003852491
1271671106
1599805722
1895983458
1788266241
1514902466
1241673118
795203666
522346471
1112920570
960561447
1130255143
753837164
1175681395
1415644423
1669829691
1745226385
762989161
958699876
815500245
409507487
1144588867
2058036478
597124056
874810196
1008950626
1348277914
443531306
1024008835
1084573988
1667835447
1237035764
1048288167
1281480288
715911297
962386606
1303832734
1193610940
1921828103
636865570
1108796852
1428743651
1528048213
924330805
691173335
792094544
996736555
707661539
719873562
1170933837
1623152500
994883953
1488423366
1734568709
753850426
850659259
1627658670
1144332430
1088284834
1330571791
823014870
1361993127
1057676274
1400810428
1791230335
1062955175
769982473
1103687547
1479195503
913808261
664237001
1467160324
1076503118
430719965
188490756
1546914493
379147473
1663524337
715390871
1593288170
662632791
981709871
1403964513
1356952364
935370508
1614298112
1625326014
1322959367
1497668691
1571723992
1049474001
943684107
1376725228
1074602454
803345401
1400715902
1387468042
1342746789
1545887710
1290388394
1885198117
1022695558
1354554383
141303670
1502077487
1185064415
1268499201
1668920651
1066992425
598987346
720496151
717308308
1245005331
1543057850
1240265764
889899868
1395043383
682442851
1376727339
1216861823
1294750212
1278108484
1249303787
1738351555
335416481
1330499030
1149250576
1285764585
1063302023
921671137
815426007
946006796
528323061
969323145
2038782782
1398334953
600330760
483466170
1231683115
947429736
1039721710
996889898
1698659492
1166028724
515727215
677140210
817459063
1274707672
895964063
895124659
1624316953
629485582
540268446
669027913
1357268289
426305189
1157367136
887638031
680634313
1368711402
728537196
1098053201
964960105
1606718048
594513938
513730201
885764957
1049985946
666888244
1121690157
980348357
1281630137
598393406
567811968
993180597
559840875
567458732
922878861
985673946
1444382351
1029734085
664419610
1333975098
1016792913
1097365625
739382629
1380474491
1266964021
686471793
1065937068
769183971
666871763
848277111
800287814
618136275
969852529
250697445
501104924
783274880
761600836
705288068
520714027
294300387
498016809
578385660
455282190
115287167
549873385
507300987
392053562
482863364
372811401
172614526
260018922
256655160
117403508
259655735
345657327
159466128
229251481
184218760
290818423
208154149
238942156
307857969
200523949
278853345
78029623
86601934
163600328
215784406
222575706
241094213
363829601
264812575
298535875
288344595
353162301
11862857
508547726
485946281
1037342009
1193139950
1998249222
330682017
1215647495
1066416433
1720819303
702565360
1303143407
878897285
721911316
1909243840
981935586
1755598467
1338113192
1211165728
1560601167
1516185443
1416981282
364007657
1333587470
803870662
726700696
1309645929
1535121865
805333331
1545344184
929355434
1254921296
1167136625
1192385463
1644133202
1752613073
984927952
1192425205
1919185832
802319544
565254756
176219235
1486226094
1767827941
1842011028
1333270045
1083363238
358841784
1307874189
1190525771
1108470273
1318126623
652127625
1107190205
943644439
1242404310
807636720
653809223
1365495274
1499448898
1337194044
844938312
1325207453
1175298601
1388754961
561146675
964881173
263381928
758842000
1377514762
818457192
936387205
