1809422714
342819377
1645319232
863231282
767188450
890828570
1273848888
728532299
846455241
966055131
930342960
559181295
924330603
1312702709
1668231260
1212563192
736330706
1024143556
1583800774
1282622768
800569791
1050030743
1150563007
1352090231
1087561703
511624569
881948898
1150597032
1502776040
1082901744
1439354345
1422362975
1278255601
499198018
1440998368
1310010098
672422547
93341676
1562911295
1461239341
922177209
1706479200
703798346
1102767777
1185396989
681214456
981153915
1194592281
1955909354
587283344
832090124
1096556579
464421444
755932636
1277540538
2099731684
1172001490
1652808986
1917173765
1865581592
1952256563
1207075631
1041177690
555309962
1125525356
1081534815
1088690663
668026731
1030603969
1381238761
1624601720
2150754400
852288275
1034871144
866933582
599189267
1241651857
2830990302
551491606
791850056
881259686
1521159837
382382364
1219977442
1203347420
1560085728
1312398922
968848221
1202146752
1018062429
881181758
1378447922
952050140
2832868881
922592474
753887206
1593349789
1589064987
642756168
665947855
1004576672
1007059767
552152827
612038009
1260901459
2207438585
956863906
1528822654
2091879516
873495940
962230665
2878425674
1328502457
1128683931
1401603711
605033054
1539328879
1148354154
1576158059
2119397772
973686621
917907148
957271187
1824109592
870637204
738068530
2179823204
955919888
362155415
458528244
1266117369
289125274
1890736443
719873578
1513670441
782266038
1129007992
1553472845
1975425633
875241618
1514184352
2480348427
1450717392
1517523528
1428820094
967552609
621938034
1719186251
1157977877
814814888
1863312304
1505225732
1253711102
1821206691
1094521372
2275096067
1097942327
1064700356
230041618
1611696110
1067447095
1335227507
2116025021
947018722
670716025
583397392
674912262
1157955249
1619953493
1377816918
975860717
2055203653
837761745
1417155647
1266449695
1106289209
1467476075
1258693596
2496046709
292569503
1249301827
1136011014
1227391751
967897303
1080839129
1210461501
1036139995
416490224
1103303717
3236855754
1193299124
134817974
595466021
1366220422
787825344
1034558602
1223148724
2700675752
1140284967
417568915
783067752
939649919
1171167953
680558415
769499766
1918383769
479171964
704454578
384106530
1801946374
176736768
1125088230
1097817736
617790753
1132352988
844003249
1068820877
1030306106
1516948285
827045012
630563825
1146181868
1036652581
314225374
1088024353
1052484602
1011899981
781584642
820866902
902415848
548301666
789764206
748527725
716821685
701195250
693173040
673232308
677113079
669142658
653378446
642948464
623675786
595621597
571843382
544572415
524770583
468853862
484201264
460745820
284284079
433729273
244877384
375722688
359497244
335456049
312612380
289945006
94359053
251478960
208794438
216682393
202784950
189558069
133559661
164118951
156625524
148903556
69590073
121255024
116363197
79690343
89505027
95869161
92338204
82998239
1823946
59286950
70053787
60547229
35767233
44702020
47099712
16650038
48095154
25611723
19366371
38490787
12062777
3418662
98702607
148947561
161978767
186321054
253030234
356209375
474380405
633104482
1177788082
1699540788
563799392
1194975899
1053194466
1783725627
935507361
1222891036
1062829790
693060930
1933095298
993349266
1645139118
1344985815
790617221
1645528067
1412587298
1198228175
346079903
1450004173
742964171
478049909
1273886499
1459720071
530220212
1415714410
1084216745
1154392357
1109792261
1069938417
1461148810
1690395226
1207615496
993910008
2027280419
755363074
595685667
206034596
1528528120
1734523552
1836932939
1301492469
1121090472
608940495
1244220991
1343899299
1106833617
1368256560
456579483
1089601594
959227267
1050163298
830080227
798955734
1324816447
1701187608
1316364197
1026447999
1403083780
956730387
1096375154
435141231
1354300557
362333916
992295107
1158900367
677957234
937621832
