1809376068
316512775
1616820507
859098311
801062683
867407497
1303179988
771455202
867849900
952072713
925035575
574119399
821875476
1309037163
1681744326
1192759441
741863924
1035663452
1460497290
1289170141
784385454
1092478985
1100012436
1285502008
1039493007
534484252
812914202
1151052631
1475109344
1027396556
1352292460
1406526445
1345549832
503661870
1424391571
1322791150
568074138
104331260
1524032483
1474705074
1016171641
1662931550
710090223
1089817906
1233009539
722658386
973801151
1141303881
1880354038
663271987
818960670
1213836775
529812980
873195635
1299760386
2084707156
1147640149
1659663682
1883335298
1848493393
1921537535
1191246142
935445173
558324786
1035523395
1067781176
1106208835
646257628
976591727
1322061167
1595619355
1919212381
871663907
1047666073
892350230
621988916
1219126439
2361158622
543932974
806667021
954822811
1475951079
353838646
1243832283
1215079847
1615970348
1219556699
975340818
1246712237
943749120
894740542
1321780479
1010929425
2399093395
909810938
748659124
1495829208
1585735392
710518972
589443011
1019058529
998789414
525544163
603646728
1295164611
1945683899
921256516
1589529120
1913084453
869084994
971510932
2383474822
1290543343
1123907662
1326495401
661345936
1518240790
1152095755
1515727358
1858964659
956733794
884458703
963333505
1610090491
838619957
671679202
1892868288
1094166947
289463514
475134321
1261304872
289294411
1702764455
656726049
1536111120
778879328
1130282720
1605493804
1757335932
873676089
1529409023
2156169199
1402370118
1452893780
1512800057
958004759
616040702
1573683936
1053357294
815475781
1712874673
1505580321
1257068392
1721338697
1087012522
2029384966
1091869900
1161797150
234808179
1593274552
1095451314
1334689944
1923403479
1022807849
634564955
539683422
679483134
1113124141
1540954730
1387054304
941736270
1718893332
829896191
1382622310
1304701257
1090231593
1421828418
1311193145
2082212028
307409963
1183688575
1114054402
1280953640
988016213
1027898067
1146409021
1035128118
402004808
1021788164
2615492118
1218482624
190859496
531447203
1389533353
780882753
994317584
1212537007
2207435004
1126030462
397889293
791767837
881310542
1112575605
730297676
802282793
1674861532
491449098
617627196
370930373
1582195468
222180741
1078695860
950763637
570086556
1146920106
844759183
1025630237
965428155
1865858456
792060473
570357212
1129207841
1006879768
284029283
1434892515
988269019
1063307875
797668700
839543181
1070630716
520783398
828594676
1141750366
865368879
1093211640
1046852184
636610341
1057651485
716165280
877273388
720404549
977991729
863289084
836864833
849481065
681466217
470561410
756553167
721991817
342480497
679791798
290954961
596675845
553251384
523955148
488219310
453169470
4946751
389245217
348570665
334480772
254492892
296568450
243308737
248724221
250439193
232331870
19334901
202200493
134609187
54897592
158129628
151679066
144151336
135854676
121354067
108627975
111729878
100240154
98688967
5813536
95628267
84005784
10025904
70718861
75479296
91566460
64328724
66407602
268679078
338472540
342908901
275011650
176919098
454458685
453482273
693558697
1171067009
1681722655
583551124
1231720685
1032013158
1620079635
876762637
1276125226
1092754960
737129221
1979145093
942047172
1578666895
1307113650
813254795
1623191391
1419231197
1209928147
323257902
1480037134
820263312
370759646
1276493175
1435587928
607306413
1381515238
1025058878
1091800561
1169717869
1063343883
1488593354
1687310191
1217982139
1049213188
1983282920
783288953
598375010
86263364
1569286110
1795004375
1848105639
1239835968
1184132917
627669374
1294106116
1385507525
1117138990
1340437019
456169184
1144801066
940533938
1086888995
751755619
751722427
1258191537
1731270370
1325057937
1007159758
1416425121
1008574138
1136444858
530063314
1252128123
314957869
1028796300
1127779070
720690815
1005669769
