1812905453
344032807
1649503771
861890292
821363707
888508935
1303249902
774129062
866948745
940735029
924932464
553319566
817948638
1292106577
1696039918
1208580616
758356802
1054107913
1436883455
1265392492
781849200
1100229259
1074013612
1263459961
1017721730
527451797
812089386
1141201571
1476360546
1018453775
1342243944
1451957822
1339097342
482760615
1446283008
1357220641
555116350
110825718
1508925513
1451760765
1015358818
1688042544
722105060
1090065316
1223499879
729691440
983582787
1164042388
1864790021
662029518
811138288
1197242161
497382827
832409051
1321571486
2105464769
1113003015
1631537310
1902769092
1847521585
1933218020
1158590085
935293230
554518722
1031455209
1048112687
1125625989
626984537
988233040
1355595260
1590191901
1904949969
865407581
1114039973
879416899
623116585
1227368230
2274988999
535328638
844370074
948901662
1444556481
363633130
1276520303
1176010595
1588814691
1245387827
960390594
1264843973
945200968
872459973
1305701254
1027788320
2328424976
921933923
707610428
1495650632
1610856603
727675814
544417022
1011535149
1005910124
560345993
605286166
1272544082
1897880258
903905788
1600067526
1867782818
834771575
997955639
2298604940
1288534070
1116895015
1344212620
665673484
1532132840
1171968241
1527811368
1801161107
979834521
906434321
979821693
1590267745
844003224
682464332
1830171750
1051075194
272808910
441164188
1269902762
297341055
1687565241
666702610
1516521569
762096583
1139699673
1588597879
1714301270
887171699
1507738417
2099876903
1425009192
1444104985
1525979550
973190391
626945449
1556158142
1074942828
829108981
1705706972
1503910925
1271413686
1674307110
1064823268
2008718194
1082662182
1165004053
224140553
1585329521
1080626795
1320786874
1882123893
1007502971
627946925
552827111
660746922
1109178275
1534899431
1373121867
942724374
1647620657
814849255
1391047317
1308570029
1073940054
1341463901
1289244608
2015560725
295883646
1200184828
1119568862
1295576459
1035400957
1020011192
1138711092
1061890307
374795481
1014308426
2556705578
1220697143
213975061
561382701
1371200912
777416249
1025342866
1226097032
2146393096
1143770003
415087682
771440132
896817721
1122200806
736742483
805703133
1663406846
466315544
659016203
387256471
1540540500
256059698
1085147081
930363527
526822914
1148520149
842764225
1041302877
963370616
1809735658
793784004
604500381
1155689685
1021555329
302067203
1402494519
1028095632
1033491289
793478606
843214832
1069914495
521061972
819330428
1149949864
824948246
1170259383
1048430220
667627764
1105168548
692622454
849820539
699310774
1042754558
865635595
834749806
880898253
669278768
448302176
821227033
729072027
314159388
737344762
294527015
635533514
601586346
553860654
526587896
472177783
18557292
423833299
391292684
355026878
274070209
321294216
279107539
218380195
269640784
247107763
22844506
219024928
157962834
83842216
174124827
137871065
151353731
137847740
130127128
119761095
116862619
134169452
118963173
8095063
122741046
115185148
18972073
112029994
118012494
134514758
123391399
105042707
295081330
363061484
346337725
288445901
148783424
490179601
446453733
688353488
1152618584
1718867420
568983560
1201913996
1047418300
1595343591
829918885
1303488847
1099534150
740090962
1989397038
949429857
1593097516
1277806663
810438447
1626384986
1421021335
1196724844
348597680
1470084486
813753893
391967908
1301050089
1436188042
596188015
1375856885
1030945608
1089309251
1149601338
1055874828
1498695811
1687757376
1205832576
1052537641
1962868831
817260385
601478840
99604286
1536851068
1800410391
1852876096
1222423621
1163147049
667411274
1302345699
1369646914
1109272698
1335614105
417364001
1128666555
928602461
1081725452
760893916
750839356
1258147876
1740873573
1358314854
1006637175
1419319185
1002667963
1130296343
496717880
1226769171
311783150
1062284875
1153550243
697894455
999217768
