1830946677
315717208
1603576309
840128332
772233078
885641036
1332868379
784494876
863467391
934547892
953379678
567289886
830858850
1347353668
1658688696
1187362930
761940797
1038597473
1497702790
1312675727
798184410
1092721729
1101804489
1287664972
1061229444
517920361
807808483
1165996057
1483938722
1048810899
1388510842
1412751920
1317555962
498193352
1424477847
1311465317
564641134
91509440
1535054984
1441864976
1003842139
1662141882
716788901
1080950101
1229267175
749121625
977126631
1163506070
1853304683
665125959
848126510
1154948573
471158521
869069872
1292166254
2089894736
1152365095
1659735596
1904869950
1832398378
1887755697
1213732424
970927260
535652139
1046219161
1075770249
1101959621
647108870
969772313
1361280522
1631679467
1974877000
847854786
1047841242
884848033
630278304
1249758770
2498833854
545103450
794756694
954035283
1478499829
354198963
1234566004
1191223871
1590337275
1269266393
914635809
1253999338
940827835
901375217
1334382496
1007699812
2508123553
891548702
769386506
1527114630
1588802518
679935370
574395156
1034512770
989103660
543663261
627257033
1273430997
2008206385
899570728
1551837214
1955553787
885403865
945519496
2509751991
1264098000
1115884101
1302770628
644519882
1498009770
1212952768
1535278638
1925216655
974768761
888637561
959518764
1670921736
889954919
681128839
1933831892
1075792238
325740434
485877111
1306199150
294090810
1725387796
673159619
1501438497
801870689
1134762998
1568682303
1814702129
870295581
1527565314
2220204866
1407053561
1494385697
1487270764
967539182
643079761
1602161882
1074177753
817231150
1723443779
1514946148
1238775187
1716254581
1062150998
2060628101
1119488558
1129590907
221760874
1610262441
1085031645
1352293180
1939055423
963870862
671265902
557844716
677600117
1151408329
1610951651
1354475478
965923308
1770424026
829361031
1372403454
1283334822
1079388736
1442482380
1279614790
2161150326
290156702
1166002606
1145602235
1244135720
1003035161
1071362647
1156895973
1009807045
401139852
1006782431
2760462705
1222295544
204267976
519810252
1346539513
781271164
1004425890
1225684759
2326163931
1123100686
415877733
803124769
916552119
1153753186
746874450
795002849
1758905850
448946615
641656209
351387448
1639181246
237318624
1096007226
992442895
585822631
1120181635
845523915
1070247383
1012267484
1915014030
821408835
587731970
1124120151
1012965708
305922141
1377531678
1050895704
1056909885
793156347
814345374
1068185376
503710518
841974183
1047983599
871320554
983177888
968254950
627097748
947691339
722678647
853017089
726162963
877399595
837266418
801595741
764424299
653567584
490246625
678245384
647655634
346802172
609811221
248674125
533468961
502878658
469715819
424312152
403353929
11391668
343941234
328506301
301410819
275152375
243499621
232288516
218193934
206983422
208354963
4843265
177407515
134095211
63820622
131752497
127641385
123196648
118714897
92319705
73129793
100472530
60380359
86284851
4446240
77149220
80955872
16651464
47481626
51483625
65011973
5536966
59926427
253487172
312712504
302705539
259887450
218421353
425074154
435559265
685541270
1186354456
1723735633
552569311
1221735704
1027158232
1631854159
873947057
1256190289
1095630435
747789844
1962382957
890235012
1609014880
1317456192
810991322
1621489927
1438636901
1190782665
339578999
1483418664
796542034
442783452
1268378837
1454246721
613806269
1388690514
1044003334
1097269903
1179459687
1086091882
1461950669
1697958304
1246911602
1020844758
1983027779
801947313
624571639
115049361
1554734892
1800719319
1850085600
1278347462
1181073150
644707938
1282947032
1352735103
1181334776
1329495341
421231618
1173380364
934877878
1089352747
728559116
755112803
1298319567
1728051072
1366585613
999849477
1383623068
1005689116
1125344306
468991990
1320498483
342772524
1011408900
1137261016
697177467
951771935
