1815405549
318395443
1618654384
853310413
810535242
882660206
1308862511
785405024
856391902
941866329
936159871
559242824
827104796
1305187632
1671967041
1189897685
744260695
1035952580
1484104168
1300324353
775843179
1097845332
1107225027
1284256601
1035509575
525498725
814506261
1174791591
1472404354
1004474834
1366069937
1403939992
1365192122
505924381
1422386566
1333507038
552074162
99388171
1516150780
1468244623
1000780091
1656520054
719600219
1085106665
1232223746
721021526
969136081
1122385768
1882047785
665753763
826074060
1204745829
519789573
873471669
1277774540
2104068285
1171054986
1660459943
1902020381
1841836511
1908416426
1206060143
950022425
553399560
1046362003
1074540363
1080395744
648757212
982536851
1321424336
1598394797
1940470947
873452233
1040799055
888806029
625911376
1219060310
2385485326
538844880
800571755
943872400
1452091295
357240916
1238694937
1171116959
1607404202
1217741479
965979122
1259500236
949222624
887436295
1320667421
1012738440
2425341396
913041101
748489113
1500235707
1596450621
702691132
576899166
1012577919
993118036
547416838
611026370
1307376880
1969844387
935424004
1584041301
1931507739
857237473
966567714
2423477483
1286085978
1128998805
1320715488
659046825
1522966449
1173292134
1535182273
1865217518
960869125
882298346
963109029
1613230657
847304647
672256525
1892132359
1092605603
282585803
474222317
1259150857
296595996
1707379604
647255044
1523431179
768620259
1129032814
1601961919
1758566258
858375637
1530935835
2179776609
1398729451
1457588829
1504523340
955110447
630730540
1570473586
1059675370
822172665
1706832719
1514389449
1250440203
1720729689
1094960249
2020147866
1079426445
1172799435
217747652
1610879273
1109160384
1347603904
1916032400
1025063271
641353073
562668487
689382543
1132813028
1545363990
1397391254
926134355
1719071044
841177183
1383542150
1275387308
1074146577
1418584271
1311406613
2103066720
294501035
1178256680
1129787259
1265467807
987863776
1043011164
1150270467
1038187200
397907369
1015666330
2647371489
1202177996
176874168
525981781
1354449699
793044078
1019121788
1209406821
2233087700
1137787029
396480268
803573039
879433804
1118728877
739117375
802020352
1684104768
476703372
608373130
374888332
1601300960
239041238
1088443270
966113116
560940554
1122997754
841241080
1037701216
960518685
1898151881
796700114
570234549
1127584052
1009576141
286194967
1433061663
999005690
1072736481
798730381
839320632
1074944034
524770606
844899185
1132289430
855377137
1066467477
1037025836
620956406
1028378200
716770928
871676115
701932864
942695934
872561253
818555737
827852307
681113155
479602103
738246221
702088667
344099486
665530307
280647381
586265208
550124469
510410890
468602456
431761069
11067643
376745977
349318654
329189858
245585956
275555881
231199055
248286087
241191448
214456061
4823826
186920467
135951634
45029694
162686724
148820628
143033054
128606088
114722820
99958628
112225892
93166383
88319644
18462330
90821959
84080684
2540903
73686702
78611329
77554409
62938481
77930191
252476384
332655519
339767598
278751554
189753125
450181220
448936363
705387896
1186861063
1702716573
561560112
1236679056
1047442722
1617228834
871142919
1276237464
1096185865
738854526
1984138649
937733513
1576400637
1306771591
802197029
1616505587
1436916420
1195111641
324496147
1467418595
815321475
385986888
1275291780
1444055145
603037541
1389276262
1038828059
1083795667
1145750250
1054478023
1477553379
1684283731
1207716762
1021317888
1961578432
785826990
604153876
82041105
1563729382
1789972435
1827675501
1243687878
1173044039
626378242
1273177924
1383585683
1128595174
1349533112
442802990
1158253327
936409592
1097158842
756666486
740501701
1288926672
1714773377
1336566233
998397072
1406443836
1015778623
1136333184
522079497
1259456336
313710026
1041709968
1130514017
719155700
979702824
