1801302534
334441045
1641819064
841072828
749922329
885516050
1298852709
771042270
851872227
963642241
963871456
581008664
927368491
1303085494
1673106856
1190499355
750253146
1012964529
1542945417
1281439675
795503928
1024190062
1171026233
1349512061
1083900596
505023356
869415458
1173190520
1517057576
1056878344
1421540016
1427404675
1279566052
490902193
1435703965
1304992424
634114045
102697610
1540683919
1446427448
941367565
1706281837
715216074
1094038350
1180861911
691879742
980265212
1215104331
1942993507
565387177
845008483
1093458448
453052762
743257238
1296421103
2102483633
1150251148
1641100251
1910158281
1868406361
1955109992
1190353800
1035526806
542350703
1100417119
1071345186
1107021835
674706663
1027564680
1385208267
1629467226
2125291361
828028388
1034983199
849805954
605884427
1228254639
2737380029
549399855
793117803
870050182
1535707582
386972013
1220960790
1199871154
1567824756
1295898986
940437759
1187377540
984120734
904981305
1363590599
949757090
2762129381
927665618
747466529
1585879936
1550299785
608078226
652440379
984362489
995917301
570854815
633174406
1268807576
2157588448
957794064
1537680995
2087680670
874801635
982323563
2779554569
1336137110
1117674332
1390581394
597152799
1500685875
1139001355
1627771851
2071739986
982213996
900496148
943566911
1796328671
890499019
739309107
2124846468
987077592
330592380
463539648
1269086417
290550792
1834055443
720388105
1532816182
801193520
1150533558
1548147688
1930546490
873473879
1528768490
2407967342
1467004083
1502606872
1455187547
958278458
604999952
1697963166
1147353515
787369788
1808631897
1511320972
1275191127
1803510751
1092509776
2227834077
1106149938
1078135844
229507735
1617496925
1074098234
1330797679
2071130143
924119837
645995315
580835750
668898055
1150769779
1580248844
1383604156
954053555
1982663304
827288331
1401120573
1285984390
1073727985
1471327383
1233115565
2431708912
277728455
1213422838
1142163873
1211682056
971950335
1104110030
1199414041
1003729718
401127773
1100011963
3153343003
1212157683
165449172
583736116
1368521257
780741783
1024422531
1213391846
2574478755
1123961097
413678203
764638838
953810971
1179403981
707486728
778861475
1863928114
470582755
711950665
353684227
1758971516
179288503
1122123203
1074950813
613576566
1106525781
869229714
1073485132
1034876254
1644381138
819714351
646413470
1142148986
1036007120
305605451
1180742500
1072746158
1096867755
781391854
845688832
971831610
549238010
841334149
813716172
774498445
757442347
748385215
671847611
729183204
723619538
698793262
698431245
677154267
637753618
607753453
592841021
563082750
485876673
526577452
498379935
285520074
472517683
251738192
386641603
389436378
355963833
336619575
304471436
64703800
260999822
214145940
235043496
216396308
198697485
139832179
174934624
172328542
158366284
30149510
116995252
123540658
60667346
114004391
102678286
91198188
77768777
33880852
39803367
72755211
74326169
7125019
49375642
65231965
7391214
46462272
37726180
10836532
26727067
2952361
4382313
156635315
204816652
201435372
216106573
243748595
360932699
465025267
659519763
1159567336
1715188833
582832707
1180973236
1061086254
1748372237
942439828
1218066185
1044926333
679691451
1953945833
967979828
1642962478
1311048905
805010148
1636453975
1431007418
1197655790
316537521
1458512690
783329480
462560031
1278693958
1454474099
550412232
1416115065
1113908613
1156833472
1126086849
1095763025
1456397668
1678640795
1173197680
993928433
2036407202
759791971
617876425
168520616
1551227695
1729154243
1846086132
1293906443
1129731086
623120512
1248404428
1369551526
1127616494
1343122559
435397089
1089656855
959210409
1059784324
806517644
794081903
1328271434
1713205884
1326995951
995843408
1401269248
961772389
1083589894
466261298
1344530137
342353082
980413829
1160636813
703390796
911646294
