188773236
178708981
156869060
179160103
234506845
134855999
174764973
124776321
163241929
-8881407
216628104
45681521
110979268
219897974
100426977
206272576
127145079
98807475
143484230
142052541
115947243
164015921
161935144
152522613
170655005
122678574
176674105
89007263
118375869
151608452
67879449
151454646
92536525
120703591
54390439
47373151
246322929
189803033
147921316
120821653
181874821
175898414
54897359
157405104
120888667
180258840
110069728
95579133
165057656
155170102
137861221
62547283
21498263
107933363
193180549
62290763
132441199
86328756
90931986
197666212
153032502
70647971
141576614
152310999
254879157
159265949
177878518
73750483
192025608
168057320
161869232
127518983
35423414
117602580
233828840
50041890
152466434
111212877
141161697
105358240
125266631
141683407
135156590
202902412
107570996
86300222
119221596
119665870
132238005
143864500
145375350
178922506
50421739
176802000
130219705
76997764
170681990
216247601
187822839
234689146
182023556
21327992
191826752
131707768
159043562
128560404
90543105
152753299
129386523
9526048
55728667
145263456
160934653
129416721
148622435
49985258
106341042
130059970
146522780
90919195
121273855
77672470
168426621
112215239
87285352
78489286
53127799
167871508
79627299
119312281
160793265
117468494
158489822
155888210
115714297
137991430
117293438
136330908
87381091
123550501
41133857
76574424
121601657
10574356
123137250
104905448
106512787
106732020
6119416
108440210
108234854
63812102
87269112
59137355
95256506
73468490
71142901
86547676
48323824
48123490
22695486
50074065
57635241
50473414
26345708
3675971
46446895
19919022
31926710
4000947
35129150
8493379
22551330
14209012
2175469
30297680
32808363
36312712
15836071
35847099
27182602
37567072
21732577
32978220
29880900
22215310
20631507
10772914
14268966
14215645
29605626
28500727
33879701
25917008
6924716
12962334
46389075
27127610
47588764
51113459
65950119
51563390
79364124
90328765
58884268
110807211
88273507
84525135
89320304
66055826
88667189
26925304
65151854
60697640
58616526
60789006
65024466
129137530
89519750
134924988
135068396
69119775
118919971
96425567
82727908
139232519
70168169
91306415
170136500
147890022
167118737
100148808
185881301
72709519
168618447
107262454
53983429
239294490
265686852
98603115
55383418
59124482
446837602
79313530
78283028
172595722
177234864
133784766
182909079
223435871
1029988507
107290795
150132181
167948077
75658044
151554859
157094727
246078913
210930509
166420481
49455316
139750854
257567228
157669410
531989788
69746913
69818567
76116403
285304273
556088231
311114592
126335860
188403342
613031541
135953697
72995181
141806777
253502297
205323235
287619033
252851517
158230889
106311871
66832525
163453389
32782209
142548225
321850393
169379541
91570299
112109585
109413513
367750716
117536021
76229666
166149591
82261789
168225232
101770669
153033089
142779824
27129755
184794299
135364984
146199344
174560882
89900227
135462458
189558959
18528428
121987384
140985539
115888469
139293688
163119660
112846886
158873881
40013361
99750876
208698455
198620431
201348272
182014787
218440693
245844252
72955700
174485372
58552948
74947194
123498239
158528953
121135128
91764989
138704487
160631359
97494127
118937718
98883893
142927141
98116816
81347971
71518948
74789968
187985021
206403370
106154121
171803080
128625769
180065546
151297936
60805766
91447232
181248549
104864217
162123139
104000024
193627719
210829240
48181136
130375337
180648233
152737999
197651136
172367945
76193019
