182380869
148841691
146482531
179917771
208396784
138795686
165896290
131284132
193698849
8084214
230390667
24708546
116359086
200204241
118734423
162249975
131013405
107711343
170446978
132191047
125196401
183646088
166902379
113920214
171310284
98030045
152900272
75974756
127111823
122646155
77622762
122156231
108726689
103162858
86595941
43038464
228803809
166995786
145319530
139999732
181212902
198529338
40386731
134610243
102493391
191263025
105340977
88800341
137126962
145028380
128572864
91314425
12602902
91884592
185058677
85288887
151461580
120859210
77179410
187722972
144223326
73184129
125991814
177229688
232883077
168460161
165384310
61960474
176008703
161778924
155180666
105437280
32844172
99990393
189266106
80258245
162478221
120329401
146789157
132958498
153094767
98850030
123887930
208252917
93813662
93915167
118856074
149627260
118304753
155556011
199579774
177895171
69397824
160436613
153634387
48118739
167304285
187330435
200667776
222849903
213782750
57099977
172167410
128234897
157414969
124409470
115750577
136183912
131021531
10090413
45918851
151804559
173053369
119675962
144821455
32370142
137238390
112674771
117887628
78570106
133263008
111034287
170947755
133015897
118506342
96619926
43504634
175062940
101835597
107316586
164995735
95350793
146401660
182323180
138494703
148628498
148686309
129339443
101219805
110605958
83422519
88562320
110167642
44305245
119432094
120881549
115806390
109058725
59261975
98240712
97864024
89602569
87927986
90544807
85769931
83526227
82361445
59174367
59198232
54247051
46929755
48471248
43681980
53984532
26581323
19085496
32599995
14313721
27060246
17030827
34269119
5377623
23491001
17510381
24771107
45021034
26727892
21471879
22998963
41792725
47426274
44411945
46131675
45091527
48926770
42234567
54540253
52687068
49229557
30694992
44345038
57721810
51805727
47174307
44681588
8141516
68160654
11588906
78586329
92866786
91606830
40926797
104482908
101696643
103302227
98487912
92934119
97961852
66012253
86624986
67854683
68777253
75776528
65401475
69601886
60880696
78450250
160008158
79350852
126968620
119533184
112807866
118994117
114615821
69411699
115093478
96791958
105635556
195843011
106427788
137190368
111302413
170787148
101697972
213044946
126494761
44429322
253448383
265332561
103773940
627857
67593679
444494219
94056605
79274962
192605734
221314415
131230745
187489289
239078460
923599295
109160051
129025706
177948110
76994425
133172245
140389507
202920045
171581908
176967360
72297143
144979929
234958978
142093968
497248777
76355551
75782593
93373096
262255400
511716738
269906962
139452712
177311945
508179072
130500776
78977185
133363218
239204577
178364914
254007309
252989180
161467160
106730563
83500375
165667078
41130337
139536511
303456930
174585524
93483639
132916539
98449207
332650935
126649429
97628490
127699783
119623080
120937465
140434595
170626444
169210964
43508736
199886249
113977960
132114115
164280222
103464513
127033367
171686097
47341415
134529694
121314483
133752095
130614321
182030465
122893133
146713428
55903983
91324015
211664092
155053657
182396477
168688263
175031458
235999250
55281801
174152522
70122050
72053571
137199893
169560004
141240369
78465485
133253296
143933773
120972530
98577876
87701818
170643894
121875755
82869339
66145975
134053498
193059971
201324229
59823671
171380743
139087270
229780530
147801458
71670243
127315678
147540966
129943036
179289398
98429229
187081646
210084956
13040116
123474162
171994676
141721988
154541210
158123462
99048534
