152703200
154691745
133233775
162872059
136423932
146212332
160555461
135864526
145481466
90581359
204720376
122395327
139970325
165367143
138070091
164045854
160755401
137674021
151908684
162260370
156324732
125314084
140998220
166066422
123023967
160236465
158917178
122779029
122650866
138039793
91501193
126100680
114102513
153759047
123328913
90908450
222796298
169202809
175283768
107764119
171246454
191318777
129040022
140861066
135994982
171887148
162523175
111270674
155332264
148953567
140952983
153140247
128782055
128858317
161114256
131143805
125768575
105193553
109851142
178555247
199091831
138392233
133899946
164693871
145004862
192946503
168988892
116361670
149123971
149928622
154064710
128482563
75348615
124246240
135972802
124183767
135464116
77767455
123868561
154901527
161349195
111884437
123354395
148143362
126155563
111743222
137058219
163399884
130326175
185959580
184907716
145958428
97993658
131980546
106718226
114445780
125590976
174880201
139346644
153509003
169394111
113477172
131945339
93668641
161905635
139024663
105730825
137455224
129956708
84524786
98187212
152024410
150959441
159974634
170634752
123309412
140837604
121651353
124681276
138251780
117539791
131498099
140486425
141364732
150479440
137616282
107784251
115786927
145448718
162562683
174684763
67283724
189980402
180755666
163345876
167375511
136951893
151505127
120478680
128419621
133279783
140524947
127302676
94909805
138407221
128126060
124956096
139476768
59316061
98916540
116714207
114489988
118421194
90453461
118922975
113986626
114088144
98996506
103881119
70981149
91798066
69317372
103273963
103069050
94602906
87061413
83274067
99611723
67459190
108995627
105935021
79512860
84552199
83760035
80819742
82095096
79723401
50376829
75099595
62848991
91053467
106094090
104943086
93472374
88686649
93912979
102522360
101677686
107897435
103793549
99157330
110209006
100801135
91857081
111524445
97771431
91136696
103401894
89871101
89576006
122957042
93583914
127683607
125305255
122142512
123975757
131382014
103487651
107962100
62413673
106596998
116316750
118677820
130736530
111293271
140888821
127988085
136089447
117982930
166842659
128037064
139335462
134025359
97481126
151645478
90049836
119667030
139301617
146103910
90201149
144033645
151927572
170932704
105013404
178524139
155416716
102212751
129515153
206143253
112741223
67558515
109867836
202977485
124627845
90658485
123981161
183944419
147370803
183392126
175359448
354061067
139865359
115323570
118181087
111186207
155719564
139641029
161611126
146056261
135287043
143218909
143349487
182169925
149140687
259211971
70576860
117000221
105397236
190988940
231120955
171075175
130140712
161047496
199899285
133623660
75699283
138307738
182483727
164602939
191722230
196435393
136996100
103167733
138321299
111344849
103760550
138304168
226434603
184132539
105691470
128246879
113023144
212521346
135007040
147834282
157051442
139641941
139242014
167331659
175219484
205902439
61699021
169912341
138991247
139127709
148048726
129855866
115875255
147425488
89726062
165485556
133763746
121125754
115150336
158496229
138994667
100794977
81192295
103021406
210522366
172212318
162036533
99788169
108233689
191389180
68287841
123101562
135691656
105106590
161755544
153817961
124039729
147763775
106273698
137197487
155351937
121804284
119716919
150479000
167048752
82401480
130899487
119957642
208087780
182847174
60634135
181717914
173302645
123072766
139992282
138643137
87890074
136886892
76298776
147024827
170891263
158239694
193135317
55844045
147551298
138008495
141698859
134098732
126990949
111818460
