151932502
158479750
138041620
162462668
148154387
121003339
192258715
149107154
158664007
33218963
193716735
88772612
154667291
183967462
152414168
192446497
156986455
110906924
163946950
127832404
155951212
142866854
154469308
119273216
127386481
117770782
150522210
88852411
108528080
135366689
95057236
103522800
100845195
145124974
101251154
68279080
244828450
168478862
168835448
117726406
204789481
177649274
93939357
110762982
132330507
163205358
148030874
80652492
178938547
160900077
134814542
127307122
74175684
90784318
151192887
82216359
139169415
126510919
101322734
209833923
171041735
112164070
109837886
153231533
193912622
161542158
202196617
82418261
151268976
168810770
106772838
95558331
65255936
105822318
196319750
121686332
166953322
72444704
117861674
159297686
109751779
112100738
125262629
166252903
93372784
82860286
152283404
114853509
131808671
198206821
170559908
131532365
93124879
152138491
112215021
58069536
125850483
167742896
185422623
180826338
211432440
84013733
156573077
97638460
166712116
128374165
79952516
166405537
138267844
44712591
45444934
171135834
184467798
142723184
148890925
72794836
130678587
129328529
109266020
110225816
130135751
119746565
161475785
127857164
129272879
112196640
106425483
132980978
97319204
123666927
174310997
83224909
167320637
175508175
169769366
155331081
148397527
137329185
129865712
121484142
101461226
100435678
103516299
53780892
115259002
118744162
121424989
131420482
48507275
74855674
119505847
98666647
102889193
93185606
103686123
100252031
101938938
87025283
74787133
89180997
76185050
75132399
30799587
64981752
65928711
58858750
62090708
56175626
42425875
43936217
55376363
40029667
61900994
39814289
54635349
39715825
44598290
46350996
58153832
58483669
40511828
71227850
56432064
60113114
55450725
61114685
69752319
73056527
54676326
71886887
81010433
75141941
67751356
76307041
81359142
60172553
62359675
66573932
116685824
77913911
108175648
64876495
94402404
125474668
119038124
113600673
118738715
97335099
110223094
77929873
79594482
99453241
99270708
88681796
98536834
100395031
105508146
121067763
127115568
183460196
129309921
158038542
128283440
112880082
96849403
120416940
146329717
151118150
183681512
108952034
124594701
156235835
212903719
111904177
229387609
156898306
39772103
186702752
230975897
93270390
15477691
134132976
309783360
108716957
81233525
175660990
195443312
110340682
190441609
239676069
638877643
170039130
108734190
167921439
75207366
119708271
163695587
181962530
146936538
148927069
141868511
193155590
220626629
189242785
359321097
68556071
68952469
110579620
240400225
373541543
260072626
160672544
148740043
308135210
140066866
63111103
150607907
214488858
174277970
215678550
220199426
160807285
95956771
146042127
79250174
116213375
105237983
230012187
182788540
124349795
131145172
147006490
264382994
122811214
135155394
187367085
130673049
137097884
126003257
141459413
207853785
88968725
196840960
122576691
125464295
141176059
126672072
109306460
165472307
38670124
120040212
117548063
130835151
115336373
186383698
167378072
106605050
65059548
112216709
241237030
164428806
179371391
110522662
121335754
222927992
50500972
172879046
108872962
42210699
140941002
144687215
119039034
134243059
142279298
119480134
144483211
86496582
114243974
132270934
180920027
113590198
100216831
132237054
246967682
201125440
56352811
145697308
135217502
187168514
171174415
118201610
123964819
141278171
101277524
134477389
127978877
166698436
206053623
19284263
128772311
154293713
144537958
130787983
117993236
106475549
