134517449
145508279
152795560
131096032
133772677
142533406
133631993
137505911
142070890
119882316
150222506
144075024
138683468
140544522
138867531
135111271
133436677
136908092
140376136
146342151
137567903
136237481
133271628
141144402
139875832
144298186
141979512
142700852
123304169
139110407
145412114
136542584
131997109
133241243
134730990
122569177
136803051
138239749
147082188
144885170
133458969
125325727
144179458
149867942
134318810
144382353
132262386
129776568
136475714
137057986
144023223
139260115
132565383
125096009
137328092
127766758
133757433
127874401
135947486
143384709
138646548
138218522
136845457
143980268
140738251
139400488
135410893
133033023
137422301
148127098
142672733
135911801
144935786
136581409
139706365
149884519
130501896
126315372
146056662
139905557
144773820
148052648
126566611
139935911
130781527
137811801
129848359
141074421
141325145
145737585
137599188
133855869
133017854
140355435
129903245
134662611
130359730
137466912
134660918
145309682
147025359
136843927
137369269
129055482
149831297
144034642
148759254
132456485
139108889
139928940
132558340
138035486
139720668
142219748
140000602
137519608
134382643
128617418
135582223
138430591
136640231
130168567
134576634
133219541
144203674
141840607
132768426
137064813
142431020
136651226
129769555
141860150
143710342
137375871
145326746
143078982
151570018
145126823
132511164
144381060
145439282
137814686
136254826
144915715
139562961
135547918
140578695
138443546
136378636
139757284
136791969
136997372
135279486
131973855
139168538
135214344
140698886
141597234
142126795
134299160
130287368
129767419
143492254
135050969
133368693
136887777
136529288
141513670
141077828
146851361
134540697
146900464
142007545
132317787
129749887
128928611
126636138
131748102
139729797
133410326
131905733
135340833
141154317
132268677
137558783
138929156
135460084
136309256
135900404
131397540
140199413
138091889
130075699
138228095
140639439
132028903
121415686
137793259
131081588
142248288
140016227
141430623
141765162
138353135
134733799
132672645
140790289
135641776
143111234
145034916
133046885
149973844
135895389
136826797
135560865
126939805
136323453
138488196
135427548
146319862
140185603
138680740
139406103
135454995
131251561
123450823
130636276
126308094
134861532
132128888
130441213
140430548
133992964
130222465
126283336
138229066
141615484
138790119
128739308
121835191
134634032
139469957
133828143
144950906
135666974
123921507
139968452
139018718
136046182
138217941
144576978
149038605
140880479
132856062
144607221
133280265
136290011
138358438
142117202
135367965
142676842
133184885
135095701
135393653
140976480
143984944
138111901
136488621
134545423
140231334
134849926
142372627
142750492
132359511
148578409
125216452
136806812
140304662
147005389
137005473
146880202
138636911
141515349
129921792
134822265
133511400
144336173
143170415
140825838
151354567
134894966
142497906
149283133
141915878
142118150
129632196
137686533
127484189
140918404
132570607
141842890
123279290
138048333
134436612
135897203
137677435
133664694
137003668
137545119
126639793
137897012
132058856
143127037
141508005
142089364
137365675
139814553
135363419
129954476
138724651
146418743
131669259
139849268
137535264
151154034
135100994
140696559
150801867
135000898
134734450
138982679
134794990
133640521
143771589
143246194
138623621
145320998
132620158
134098080
136831723
134293167
133256439
134661185
135316209
145811910
142044919
141297033
136375082
142495791
142811670
138670511
139929846
138377439
147300484
147761216
144174191
136138495
146308862
142134871
144534297
133373374
136052379
149896313
144037490
138018400
