187762129
181175530
154557614
170232510
228481798
135361101
173607580
120907156
160029750
-9387713
215991865
39819689
103458338
219268084
101438818
208068948
133473078
93104602
139909497
151416774
122171608
157875527
169215864
141345060
171877625
116486287
179121695
85995289
116003444
151793058
71216659
151261426
96151658
121399500
49779890
47101981
242589752
190356785
154057603
118284172
177492599
177673725
58040563
166945345
119784617
175447416
113829396
96724339
170818444
144903328
140534569
60846582
27032908
98400585
190107053
54453645
133296774
83247663
86181226
194774338
154331708
72235478
142339657
161155948
250440309
160394221
181865188
72758198
192697513
170256773
167015607
126290629
37416552
110945023
235400325
51592248
151417900
109428863
140161817
100928542
119189104
145223278
132511026
195790928
110573385
86797838
125857373
118794741
137579760
145604477
145678835
188938522
49948140
182943580
132006508
77912290
173083220
213022923
186946570
232151531
185242960
21800175
195331931
125416453
155018759
126407257
89565107
146805418
130872552
14503253
55543564
140042569
168388611
130505506
154034459
51906552
97539691
127549208
147292475
87030757
129676003
74288112
166464923
120428380
91192152
84458528
47900114
166629795
82904276
121100587
157866024
117800080
159379869
158437205
118248201
135042114
117553845
128626208
86225971
122324508
40390762
66818272
118905152
13548582
118956703
105827371
106597979
112002131
10296079
103755987
106452004
61397095
83948387
60057164
90561947
75321234
67812754
82694996
46665800
46217039
24582684
49867954
48893862
45071097
32883589
3511929
40665144
16316289
41696635
1540790
38156211
10318313
23450221
19210103
1224637
30196001
26563416
36502152
8728214
38104788
27622822
34576213
25855871
33457608
28609547
30621736
17403002
13188925
15991048
19723058
30821511
23935768
41019025
29336337
2531307
9005179
50258616
26429705
50160618
55191562
69456831
52886993
80073784
93790376
64557247
106920138
84388276
81608180
94102910
58727240
94286580
28416820
62902391
73305850
59041659
64790642
64583738
123986085
90382513
135678083
127300405
70301397
123831043
100835817
84686697
135928170
61388817
88444911
172058061
146930547
165544031
94243215
182357744
75878613
168342630
110273654
49830295
236758333
264712385
101337807
56111549
68247582
455245771
74894408
80851058
175436532
174887888
134956619
182027179
226986885
1038285307
103251382
154591562
167946334
74872302
143372654
161261087
257163538
207515017
167091679
44171286
136319779
260043332
150396960
534643449
67007587
69313710
75377303
273779120
567752076
313456071
121963316
192525704
625045613
141293052
68771962
135774617
255685592
198230362
286302459
254864250
160182301
97939976
69824619
168088467
28934184
141528894
320285943
179272346
95970428
115979335
113150310
369593900
119087292
72784266
159083614
79242345
167638502
98836976
149269518
144500269
32527728
189038070
136178050
150071480
178376502
93950078
139418680
190016385
24069765
117386837
138966169
109557584
140441150
165448796
112572715
153886694
33057314
92123113
210332589
196696090
199258510
183095629
217521964
234357945
73482335
172885405
61652715
75773571
120896271
163320099
120710268
83822952
135975337
158069005
97672654
119699552
98473342
134252938
93578477
85267426
75586099
80080411
178694007
202314287
114516873
175830854
129132277
179339750
152212948
56669068
91646711
182427232
104955336
167425309
95655757
196059296
211993612
56389730
128015335
178146134
156303181
194125870
169381738
75944114
