159890519
147465709
154594628
163911357
138592984
162348981
151028329
128690450
140292381
91912133
199973100
127976673
132778300
145123133
124384281
149414058
176578134
131190093
158563644
137272354
156651214
133391699
133591935
156538132
123177018
160154775
138624055
150806013
99279393
126583748
130578007
115296411
126781736
158931712
141224664
96326055
197544363
160104114
181301464
126512522
166019782
161362057
123137708
136325367
130808412
157654200
145463275
117641922
162241272
136350390
133472212
144212517
139483059
104742757
161766886
145074735
113362524
112750977
130105985
189167874
181921381
113428722
154044611
166563052
125821952
184927382
168842020
127889350
150088010
161732486
140888014
130598588
90318215
128830587
132251002
125267016
133128419
102530542
144039292
143793421
164931514
117894169
111233005
150769366
131372523
120590615
105143761
125278302
157970706
156095136
175164604
134794335
108856734
126432712
107102473
116719082
126939340
180136326
123248104
162481915
155938665
121658764
130071313
109684278
145144591
154624170
113939782
122848486
123585905
104682493
95039898
148938601
153454183
180246177
152310816
138095438
104229974
123972945
127373331
124923295
122599916
129697768
154734916
160648721
138789702
143388547
119326067
106482612
132019168
155941816
159271328
92950581
162798916
159704434
187295973
171302547
172263524
145885077
133150587
120274956
135402472
138900658
121126371
137409039
151337547
153407238
145179287
131509600
75870210
108943983
134685052
101835407
117566135
103223697
112562602
113133514
107570087
111459028
109281754
101173863
96407776
90661928
108620491
101910236
92288261
93099396
112326139
117140489
114492457
107898706
110839889
88944658
100406435
90775775
98107613
93349572
82376717
63532516
83424344
87451127
103996946
122663559
118199855
114005032
103766924
103735130
128783058
115174052
125383291
131290813
99391496
110412858
115143569
111100360
108318279
115916482
92893609
111476502
80025436
95932138
129928529
126742234
120312791
116820279
133834048
112810069
124613399
108508264
105686321
97745345
110122233
98168337
127880416
135084729
116079762
147061570
136522547
117868777
127113758
163804901
125037370
142638885
132948481
115251344
152935066
97605604
127594558
124895982
148162920
108780473
149507756
167123716
146492196
113158007
150710161
154188488
137072582
124935809
185394467
133671775
80371233
97433791
183830677
120955646
116937816
128729120
166474584
150756780
179087372
157459682
262711933
144885947
98516049
123216253
120971586
142290693
163039048
160139778
155720508
127212736
154994662
140872481
174786599
163676462
230810548
112165289
132065196
101343598
175585135
201017728
164895278
118902632
180728877
191962251
134783296
94795018
129522230
152945660
149372837
163029709
157071405
161399997
129956134
155113379
110912826
126769545
140089533
201882905
183858871
112585436
128034663
146587586
184933254
135741987
147761933
150262557
147327477
163532871
154639324
164363293
172919628
81581658
168741145
144742324
128639453
148940688
103831951
115022504
177689545
108512489
160723563
134421848
112074939
119171691
160153958
150991755
112288950
105568130
109415358
179678670
157428323
134450219
105923032
113864002
159161553
79497776
104832034
158936096
138776839
155951443
160131094
121706650
120142241
96528356
121778764
160844749
114763220
113158634
151147070
161005981
80920193
126397116
125546720
171531649
173202241
92666368
169548015
148967159
118574329
136243588
127939701
100810699
153374478
82000882
156730227
178115242
145576529
175416111
84664344
137896849
137866546
139319189
146649479
141064629
132628464
