181221485
163186170
177450163
178961682
220739875
146810237
170015174
122597681
162920805
-8648980
209876221
36634118
110795696
218825890
114630590
194445105
126588864
100733184
143572960
155965234
122011409
171346605
153256873
152011420
176844142
119583124
174860193
88092005
122079720
130952306
73435298
122077654
97544035
121399536
68384909
43556351
233196522
189956045
147278566
135775913
189277633
173304181
48976263
163330116
114362820
184062286
99981776
96181595
161081354
138093612
145682881
60318860
14530936
97401346
197661679
65062863
133722687
119725290
75492695
180671494
159515411
55035092
128036917
147278951
248518656
158585588
180974207
63936080
195089927
170370638
155105135
129685915
36353876
113089796
219840705
51254859
157692178
102773712
145324636
118859916
151723795
138352981
146644820
230961383
107058766
109488958
113285212
138759367
144623502
156844778
154647443
188876546
48688597
181836816
126354056
71474248
166289868
206451991
204917912
219223342
188315234
20583523
192058012
137531967
159854308
134911042
113865068
154929119
138622540
5371466
56570032
156030536
163198530
132117404
145704592
43897173
117563520
130902663
140408583
85192043
127643582
86061087
171536165
109318964
92626329
86594262
43353208
161263205
84831817
129121858
159902104
118673235
149980676
158364248
128238035
143192459
145411899
131147875
88422747
123808846
65525785
83769335
117124524
16350595
115483584
119819524
110286075
108619560
26608435
107600108
106722104
81991561
95803645
80821816
92888899
84916332
76960530
80218115
56458814
31194664
30064261
61676367
63339609
48205176
41050872
14085851
40588528
28544015
45228737
15431240
34972789
12523146
42324129
22739750
2383269
35897495
41876387
40724418
17757797
39294696
37174985
26110149
29641722
41315646
12760357
33848834
34125829
26270926
22114268
19304964
26705986
25557064
43797073
39463085
8188467
1925069
40707408
19573272
39708776
62526089
76153430
38252608
86185459
99714829
57480026
107946111
95054355
86646861
80385539
59388983
84148358
42501298
78894698
54653594
42067742
72079291
59279692
134606860
87045739
119996171
126315246
86411661
123738665
97739004
69141474
129364809
89482480
86889641
175891475
134513153
165964869
114078419
178296918
83344523
178853594
114102675
64705763
231548050
255132856
103214284
47510055
51769683
437978772
76341843
73242421
178570970
183876023
144577014
199651688
220266165
988457589
101190346
143720455
169884522
80671521
145223216
147767332
224781016
202538756
153471633
63182539
122807643
251355685
152923134
515559473
61329978
68123138
79496255
266067745
528365463
306732549
136909792
174043321
567365122
141774445
73724425
140635596
252182644
198472340
259911732
249531647
167368874
117013783
79080689
170147612
23516134
134726920
316119431
179035753
103474594
114993750
116686365
355396021
120006793
77052407
137837204
87274445
137035775
109199703
161677732
146675986
16211673
183585453
134526809
125981874
183646201
111102897
124997639
181275368
20488659
112302292
144996820
120041173
127457316
180646608
119494615
156564997
58154921
106791283
215129094
170106448
198631881
182473497
210019542
246494489
78507593
200262216
70606883
62032230
132842503
156684219
122329551
98284075
146714159
148013829
101513139
116339817
101786468
152659011
101492977
90874694
62014077
106908782
191247477
209141154
110078327
173641264
131742080
198592486
154041857
62236062
93393530
168017208
103685721
163258690
109533123
178642355
196346201
40781086
145388734
175124219
152071053
178303471
153820325
74689085
