187374596
176012202
160593649
184905209
226157815
134697869
174372996
122993482
170418113
-8293668
212572834
44466492
105693025
219574963
99437646
200988359
129017784
102261125
139509931
145783210
119097704
176439297
160273333
152398362
177485039
124003037
177949906
85826100
113412936
153973462
70195560
148424088
93055090
120384129
60747095
49050183
244597354
190282405
149416180
125757121
186251770
177976604
53974313
156443596
122577206
184339820
104464486
92911213
163890555
152597406
139194097
54586403
19828953
107985329
193959704
66541922
126733700
91041755
84168217
194291834
149780763
67090239
132461152
151136824
259168350
160940556
177775612
69515101
189761433
170534449
166323796
125884814
30740143
109269481
235188820
51420002
155915806
106968358
139728446
109186884
133686279
143348018
137632139
211693514
108023443
91774471
113615600
114630638
133943694
141230893
139806961
174578843
51191533
177679496
133538831
80976494
170915253
215035726
194009305
231891275
175505219
21620555
195896401
137671499
156371632
135781394
93204732
152593947
128479110
10299247
48282612
149401006
156132307
132203272
143951598
54391454
99841968
127106782
141997378
92881017
121276518
76999094
170692359
116542639
88549040
75896040
45762761
170739802
77290942
120032107
167780544
118339053
153960583
147301640
109746885
141534996
123278402
144054333
79813723
127348548
47394934
74583725
122319432
6143016
118504068
116842239
114965104
115062930
6989805
108407293
109798486
63631203
90559158
63482654
91142165
84527874
79620499
76355161
47436427
51281286
22007025
50097190
56396640
55785664
28987678
377348
46421649
20516190
36602276
8036474
34529241
485445
22125640
8360075
3675541
21939393
32985037
33194199
14809430
34877292
30343879
33703773
25345729
26808580
25614543
26390169
23423995
5182456
22330129
5349254
31082367
35027457
31159786
29160808
4105628
13184688
50193889
24205285
49135611
48958205
67393603
50855459
85021359
95715261
53912332
104769591
92760902
80273033
87999260
61214080
79470299
29679786
63868439
61669562
51926872
63316260
67023416
138321177
91171660
140391609
132113510
72526399
122855446
93742731
83355833
140268640
73873382
95144464
176662642
141302666
166164721
103758266
186223118
81082568
166074175
108728127
56029951
234949168
257920520
96810131
58568111
52837240
447388627
82039194
78152758
181657180
177837220
132768927
182289918
221054882
1021967313
102090330
151150891
176875048
78753519
148627354
150517662
245029041
203825902
169668481
50667752
123854458
261020221
148542583
529566914
69720709
79268174
84933727
289286874
557304108
312627515
134452454
181212999
602282047
133925308
75480497
138857366
255826461
208314634
286513314
249512511
166397215
103815480
64755703
158733354
27046483
147476106
316105559
175254238
91613650
111948421
112858202
364794595
115043586
86020203
158646847
79900703
166710178
97464312
158417396
150610986
27201015
190068303
139493298
146068654
173527233
90712637
128540890
185799309
17587369
118518899
139493939
118014795
138586470
174924886
114211711
153900241
47287632
97580395
213123071
199213124
189485931
176087170
213758013
247597099
72370049
176846391
59340588
68722311
121670151
158086015
118874653
90982271
141263869
154438644
98881788
116832908
94822400
147046255
99353768
83439194
68001926
82468373
185466022
206454699
107038705
166581267
130905239
184809310
158583282
57639771
91185565
183326072
108984837
164411183
101865035
191954490
209958264
49458959
136847121
176879849
152661085
193105335
170349382
85251915
