176477013
153774632
156159568
162175685
189720322
128616181
171773680
137809795
199110146
16350465
249589153
45316668
130847168
207539665
128365476
170972979
144874186
113462678
165983791
118050382
122556518
175380858
168043476
98410119
178561723
104362241
137365190
85428912
145900987
136040951
75801968
105444855
107158520
117559939
91924406
49632903
227512314
181996753
133383240
136308040
188972951
183168526
31010818
117959357
118957206
174171873
127564036
103072500
129797354
163744907
134645564
99945405
28666531
86199582
193894810
95908548
162242071
136045993
79733095
203053368
143858603
64827709
123112360
179909813
248242422
166971075
164022071
71863224
161808132
162018307
127702512
99293093
33020773
90536628
199056543
91746896
154756445
111390658
125998035
139098406
137266420
81136465
133905447
191436022
93087027
117413507
126712176
152623354
134596164
150286161
181446094
149211222
80956137
157406004
156130377
49328134
150225227
201661233
190593321
236049312
203842434
71398047
166064680
121370166
157255843
117392519
122585428
155415357
138600966
23696708
59489978
146743816
165092522
118274519
152509096
21337012
144993755
129605555
115489108
84370734
134927215
154975543
162158303
111875338
129053380
100285146
43639985
162971843
108793164
120923860
169587495
91506553
154805108
182596238
155686737
150916535
144179535
130492354
99653076
116678135
90578447
88271062
115382137
29218698
111585422
119727115
118630576
116334760
42212443
107829302
98465819
101041391
99012545
87474311
98467985
92634430
87582079
67473032
70548446
66376188
48790770
68780147
42394890
56300812
38373171
32106678
30053382
41267317
32491622
27293682
35322187
10972572
14167040
28471031
26967808
40475141
54951793
21562023
36665297
47845928
46661304
40718304
53632209
43006053
48871248
51627029
71809934
68854694
34618817
19982719
51684326
56256182
50500094
39406342
50366521
25555443
55501846
21364737
88806580
110611141
100475373
61956741
100654512
90655268
116989345
96943260
89019847
99920505
80265752
67238615
75884409
86672130
63717151
68620269
75464481
70928902
83688904
130578062
81204065
126090767
115074029
125986871
123926347
106382654
67149242
117628685
93759278
117803186
199272515
114025495
141619286
116378760
181008849
111350237
194275919
149001651
43431569
268427070
282010083
100603076
7331084
77362948
397311806
95163397
83217661
186995116
219695273
116644866
183517429
243542110
885875683
116536372
122538714
170263979
72796933
139829779
138441917
190218182
167891204
168515952
92975120
152833926
239817962
148124515
472445155
94173500
75300150
100731584
268943795
474711523
262456334
143573822
155102854
458756658
139691505
74523714
139164277
231919703
166553365
245771383
238000073
149091665
114172042
96303255
151429341
48129484
135465259
308819179
168143013
104105124
148590834
106327406
320740751
131476254
103234742
138178882
140099821
121193723
126362471
160532073
169671958
48426917
208751480
117725078
125086218
161416471
105477290
114311205
172588349
42010038
137030150
117073809
139496737
120124769
180595549
135283090
126454102
73034057
97439972
208754660
177405325
180539600
150361636
154743857
239595448
46042296
168012603
83374395
46034012
138814909
166968041
134967852
81783008
124873777
149236405
105384892
78026359
97658353
174558695
129757892
86980656
90088793
129321029
203147191
175746350
84771146
148061983
137024322
200645928
151129667
87678939
129697071
137435315
124629859
159944391
103323282
168478317
198662679
1633479
124277859
161847373
139801247
152704845
169272294
93819247
