179432399
168121107
173212241
179323163
219350800
145609066
175120774
122646376
164691783
-8671920
212316858
40376383
117767820
222220909
110433293
201690438
133925194
105147114
144184608
158515136
120224492
168789414
153966933
144337536
184743508
117769018
168849430
83292323
118263501
143524099
69204763
130926194
101178309
116745733
71550333
44333315
234838024
190224324
148689742
132384125
185410324
161505780
45628028
163483128
117866106
182377213
95580637
91309904
166014552
143374194
140453260
53849224
27459370
95150940
200491945
68238328
126515871
104639971
82990529
187007285
160445883
57812215
129737290
145185371
250667811
159318995
179951648
60266921
194216362
165749718
158660092
130453884
28551576
111886458
217928791
53088539
160308928
104714553
138241517
118691362
143136411
140075367
143099151
239635441
110966771
99292496
111712690
124086091
139089939
153732094
149379820
178546010
46463990
179791786
126414099
86178474
174327324
210543221
203680245
230877208
179792365
23835564
191763367
145256829
162807496
133427788
108530679
163777466
129666132
11433163
51577056
158461119
161347991
133146716
142507599
45457210
110348097
123423860
144781545
94849022
126975854
87296240
164433515
117695286
93789038
82367849
41274816
161541631
85139878
127648076
161706948
124177029
149368354
161384721
122120796
143895410
138657167
132031618
84324981
127078562
54652343
82358040
117361781
17356187
112474005
123828177
113608462
112318094
23243149
112895878
108218340
80626189
94534986
71909949
93108996
86474489
74351428
71709459
54896559
48688029
23686055
49258145
63165867
54676070
32954224
12844403
47409795
21254878
39942045
7226880
30159385
9874999
31404783
20124355
3174428
36392655
40618178
39614578
20032024
38565233
37250346
29910703
26640856
33874688
15461208
32568610
23457531
20026863
22577187
11270535
23043706
28346123
43465965
39193526
10454883
10595209
40614657
20040343
50569967
70717441
71072437
41574420
86829325
106257546
54593121
105488067
92325908
75894811
78013977
59535582
81766717
30526388
85885259
55137751
45266346
69323342
61530543
132517815
84221461
127285162
128917021
86100030
125827170
100605278
77508711
132172284
90365973
87229701
173960176
134524821
165222714
111525717
173211211
75256121
174738387
108264100
61726491
224251861
254137358
98167820
54060849
51205981
440371371
80972132
73596310
171124665
183619045
138827763
190772462
221546677
999743358
104105500
151156085
176879157
78057242
144041669
147127019
229358317
205704542
162464317
60271087
118659394
258016615
148845042
520898659
55100540
79884394
73144755
283227350
535578830
312377837
146349328
178756006
579326678
138102304
76456715
141959710
258146296
197739977
264851070
251825456
167392429
115454923
69624418
172924786
30015902
148090426
312919689
185029035
103178812
111517385
115168538
365993043
105909790
71348591
150201890
80850134
146293392
101391325
152067365
150446211
17647456
184679355
145139324
136106824
178988001
101935171
128071574
176444428
24361585
115135296
136992415
116072089
126516906
174940990
116823068
156669102
53913655
105708678
216848165
182445247
194746807
181960776
215161064
244209536
75330143
186341128
62547674
62706395
130930595
152523522
120961234
101585415
145089891
148546562
106650629
115000678
108158648
150875945
109450785
89795408
67867691
101344391
192034332
210219924
111572623
172547105
134779841
186804133
152358159
72190213
100249846
175965211
104091165
168776458
112520760
187181129
195761689
44564884
141741314
179403595
155339216
190002546
163750351
73359667
