189203471
177458769
161800279
179067753
227172427
136526254
174916584
125056150
173046339
-8492059
208317220
42085831
107863448
214572045
96026616
196601358
128279840
102469316
139028952
147694327
123676237
175531169
159581411
148282887
179848715
117827861
181046350
84610056
110505625
151843132
70632422
142236916
94399590
116798635
63158212
52800204
241959223
192419305
146397304
120893299
180580471
173842018
54792597
157372674
123591838
186967949
106503166
88710680
165120797
148784184
142509549
49560669
21128463
107399890
192116031
67004496
123721282
96600502
81372468
197757903
155216032
64597923
134841942
150366800
257916453
162870535
180382964
63944105
190575010
169764032
166481730
126530820
32406326
107127743
230825052
51398849
158500933
106834597
139411813
110332624
137731727
140236307
138767476
220184476
117729093
96556950
108637938
114488305
137708877
144883950
147944924
176951643
52112198
179551895
130941169
84585774
170182568
219762466
203897041
229419226
179778531
25392858
194016812
139635584
160729104
139646469
92631316
157400142
126035472
6305014
44366523
148394013
155753330
126634749
149114361
48467806
96297687
121406611
142748370
93492385
119655432
83042573
167872060
118958142
88140723
79585658
41545883
170473632
79158971
123462725
168966596
124528339
155753960
147500523
107823353
142133323
130534593
144104281
87971969
129998425
48498658
74247951
121992886
7493054
112675764
113230418
116995898
107200712
12076761
112687957
111441592
70866749
91518544
65653331
95328945
86932022
83561254
81752427
51561636
47005719
27734621
47312549
58311242
58476345
34198468
11456183
48530576
20205414
38065494
7469808
31214913
900433
29702176
14296188
4351858
28278004
37849886
38156327
12401903
36702691
33952443
30556898
23166447
23826921
25753269
25131108
26532645
10362646
28220492
6512699
29563024
37373123
34466167
32937062
7337271
12373662
45113912
18494437
50569711
52058260
64225893
45628827
86060124
96202086
56230784
101560648
94753263
79318953
88491189
69664716
79088511
29801535
69911511
58886060
56815359
66507671
62789123
137286742
90011435
138037127
125267876
80805641
122933142
94960944
82338614
137813455
81968850
92322148
178816514
138862804
165081981
105570131
188845210
77350382
171763674
108326934
59329704
236973807
261005212
92374162
53095405
50556218
446553823
80373696
78243467
177359972
177690346
130851938
180289148
220558307
1014081767
105891238
152296892
179400606
83992215
151057304
155106604
244793547
200933502
167816126
55829496
126131064
253529910
149342444
524231060
71424446
77020221
75807455
293701169
548976611
309738897
133456828
176870042
597642717
140909464
76858869
137731678
256435884
212417563
286224379
249482978
166950239
105963351
65608655
162902750
33144189
150344881
315924993
177755327
93423885
112121119
111474534
364113117
114406575
85054223
155887807
80926009
158895374
101236767
157534129
146691920
25214338
183678659
143863873
140473291
176107525
91897437
124860129
185806457
18416200
116604863
137374596
114889288
134009009
176171092
118525015
160668081
44992162
99176594
209579942
196693375
190905197
174618407
220013066
243557161
76315509
175628028
63063757
66206794
119990446
152241375
119907545
93388666
146782624
154068161
101700217
113224031
97426310
145256832
100576638
90307009
69049047
90803080
189407441
206130352
109260383
170760309
125488911
188620117
155407750
60703471
95157157
177837100
113393450
159899314
98801122
190613500
207510376
41952349
139933609
180337380
149970361
198563093
171197165
83007824
