187775738
154202954
148853860
180263445
212467537
144361343
171177466
106778533
200086389
7877687
215473780
25990042
120023136
199076118
108385751
170069571
136089598
118178909
164372156
138748031
139847375
183070773
172551568
120165619
175801555
106538158
158808815
80513408
110109305
128772392
73837296
113719390
104522633
115549475
85401091
46274790
235609508
166523406
147306078
143329162
187524340
190943272
46040680
142546423
100329640
183973656
110474267
83305795
141293060
147960175
129009948
87146405
19465335
95380821
186917896
70456768
146135385
122759191
65865938
180456683
145798529
80070817
128998343
181401956
229373888
168933184
171637037
66319998
174105513
161349942
146017221
130369378
37436965
109536114
199382601
78197343
158940727
113979607
151587614
125203315
141254490
111889689
119892570
209926248
91837928
96860677
116512443
148438703
117567444
155167660
182956291
176886765
63433020
167426713
151304812
55934418
160841256
196446530
195268640
224859830
209623948
61063296
183003207
129925807
141658237
119891669
111963885
139351166
132006043
10157920
51424786
160544210
168097052
134992294
156515461
36458012
129785443
116610495
122065653
69020483
137267576
100723328
155915873
119169920
120300628
91684778
35086137
166367269
100979913
109885734
165671750
107001056
138357768
171630551
117760956
157371348
133754156
145428521
100862159
112918688
82836943
97976010
91804231
51692140
103868804
115201596
115449556
102074893
37590410
102939837
95879015
87211008
91645284
85869400
89367884
77060047
86172291
55934820
57829773
49444815
42828132
45044300
52737243
53345664
17261776
20085918
41475620
14782941
28076477
15000114
31410781
10884970
25952847
26267250
7922864
28715794
24210742
24503693
18171080
38461343
42710716
46564544
42205233
40415497
32089465
36257341
44424921
34239850
37293385
26819224
43267634
40113380
39120948
57849827
32816200
1465014
78001652
15801604
67018845
97278837
86212799
40382399
124496437
108475787
106578990
97344942
95374560
92803317
60214423
79305921
64036259
66520480
74850884
76425165
79699639
67236184
70250468
163880114
73587085
135878886
117639040
110923127
124996741
111713164
62173525
133780562
103070078
93309144
194778848
108675815
140169868
112248698
185729560
90354209
201208133
122037792
55312270
234929180
276573843
95526139
19795071
64797932
446008852
80738898
72858659
187207346
213566477
148768266
203611438
237183204
945227708
95290924
137435925
166243711
70305768
140467907
149780733
202777064
195639160
189636985
67556244
142667107
231174066
147817990
501836035
60545487
77491056
89790363
271315335
529531872
272476914
144045716
180814277
536117690
134948232
75352083
146921434
241174976
184485722
262952131
252733309
176357475
110131337
86046233
168084086
47353585
136170058
296895970
193873118
84999577
109449015
90747374
340381550
128331892
98670640
141533693
116017753
120970806
131519153
167618867
150553167
24111704
196841765
118377868
137640194
157083684
118207781
133333456
175252743
39941364
129177061
137578778
137846478
122623797
187518447
128134125
148502306
56359302
94602153
208444803
155411315
184036307
179368067
179056349
234981478
65943060
186017543
75915948
76115752
156564826
164816989
133219673
74231718
118601996
139639912
110905325
104526767
85428940
168951311
112425669
93639614
62678314
141641932
192666201
204996686
59119651
171206892
152305675
218327341
144752062
75249113
129735947
135248054
135326037
174567478
102176666
188674694
205161345
2638497
126476393
172417934
147083127
156734778
161364499
93148716
