194414696
150763924
153985604
175884889
210386826
138952653
170799229
109810893
195825850
8066492
215734452
26886443
123435561
196966125
106753381
163151502
135293482
116451042
163941584
141472649
143358068
185214415
166977762
119209109
180134981
107803564
162110372
78277063
110873715
133242070
74576302
108746093
103498561
112227988
84103975
45249545
238029422
164366580
149602899
143641002
183081714
190326249
43868995
143431284
104442671
185097839
115721831
81679567
144503317
139534792
123851285
90970812
17794346
93775424
188935173
72955234
147123561
126037281
63011753
181231303
140595551
79418378
128182094
177628666
228908592
168230783
167144561
64290784
176738354
163556482
145899973
129058825
37386219
105333439
203211622
79299132
153570664
116474295
147573642
129117138
144781188
109484107
120484007
212042870
90613584
102336182
123253610
147634009
117971416
151655733
178623499
180307498
64481184
163089087
148157020
63092218
158962319
193664560
195905699
220170699
208204992
64644351
182972198
131087399
144137260
121965867
115019490
136839861
131663157
5330761
50190896
163137856
167783158
137601213
153513323
39498564
130218764
119823506
120876149
68640392
135312152
101075251
155351638
124041778
120724447
90362943
39535432
162476187
101045765
116337797
167926762
104071225
138593283
169750847
113879541
160719625
135693694
145335266
99623427
111914946
83001595
101054629
94617365
50173587
101735074
115257112
121635125
102648391
34553188
104924440
95546257
87892704
91206636
83685833
88810866
68648309
89170006
55795619
54833397
49283057
43631119
44781540
53284080
54400941
18007876
17311920
40438413
17532441
28566386
13462593
30380723
8303485
26532145
26169637
8979204
30941840
22806916
23838241
16359724
32359053
40198682
43658220
39504986
38577783
37273001
36442366
43167464
33161743
32615494
22479390
45514554
41568025
38521190
51100233
26479120
3163035
74729359
11284493
64657483
96637783
91359982
45639000
122063509
107137594
101003530
98715335
90944698
88626104
66909914
75890268
67728087
72517269
77810235
78841813
78313274
64568537
72346720
159949453
73777744
131744611
122468842
106440276
123297601
111815922
61683303
135991566
99429921
92862578
187727883
104500965
138635913
118005665
183679775
91812075
206710517
121466910
53188106
229409236
274874685
100303053
24058345
65439930
451103461
77900079
73475592
186410240
214709614
146657623
202781502
230620062
952318424
89806828
135471713
164473205
76256689
138180330
145972490
205722931
198543115
184267066
66988727
144123587
230477590
140005371
504469671
55059116
77292360
94636330
268893748
530772726
272594656
145492500
180737069
536078107
131499318
75619110
147272687
239236314
189657777
263566956
252657422
174914882
113151934
88985913
172089762
41262759
134782432
297590702
194025721
86841232
116001066
92997732
339199373
125588166
94992105
141450039
117267985
123338674
129890916
171127979
151480095
19279479
200907534
122521907
135879995
160072570
115681428
134235577
180066467
39921127
129858842
135662277
142156655
121199758
186787963
132841141
149195722
56090061
99357500
213994687
153915906
179213790
174547954
182950587
237591860
62773962
188181838
71235899
75487039
158023515
165322877
132549005
76985294
121344855
141047906
111483359
108774558
84938103
164784164
110636256
89254222
67690538
138534107
191057500
205708302
59876885
176843160
147071593
213463080
141196907
77582926
130432981
132584787
129257875
173250459
106501994
184194941
202673868
1826154
120044006
175431490
150653226
159297727
158304182
90443555
