178260697
162891630
174236982
184195450
226367541
149381104
165859261
121459282
165890497
-8801416
213699300
37153315
111508334
221322701
116142424
191963305
127601609
101688252
142780770
152746225
124501339
175298359
152856195
150612846
177480252
115881522
175994033
88622484
123884264
133086423
69624546
128011766
96667171
118571967
66449987
42017307
235060517
191680221
149776790
136137735
188707284
172089632
51659009
160187474
116237362
185752720
97342239
94266750
158898464
136462820
145814172
56507708
13282794
95631604
193771463
65412754
134399702
119900511
78794808
183220734
159867220
57222495
125812565
149757923
244843809
160798231
184473714
67090032
193990176
169734421
152977374
128879129
33555985
112962156
217461745
50462939
156971627
104624033
144694873
119777312
153727947
136916011
145809576
228913504
109259064
110535206
117494084
138598173
141367293
153705005
154904603
188808596
47465899
181583982
123721072
71463754
165676037
208736070
206083597
219308012
187766417
20057336
192351017
138567433
161033202
134783403
118365573
153074524
141551268
4049109
56151673
159329128
160286464
135985982
148464725
44384621
118004540
134374892
133792790
85933965
124064218
86380838
175087479
108892987
94738060
88759929
45072252
164174982
87101019
128093996
162659654
122030967
149241326
159660998
127823416
142562704
143264086
128561975
82458002
124989989
64824906
84282903
115904522
13099759
113456645
121109448
107573931
108366630
24769678
107798594
110685453
83549811
97264242
80878307
93433618
83337718
79029781
77793985
54447583
28792084
28889179
57821862
63660830
42981587
37561295
13935952
44532575
32877421
44790457
14471633
35098196
14828559
42346729
25171722
6515471
34694688
40794518
40650907
16721747
41797223
35406187
30509646
32825259
40129033
10483980
32242327
34553280
26692183
23941944
19950462
30177985
28859665
42226151
34483492
11921296
5057638
38353517
12577140
42189104
63209131
78657855
37362332
87287163
101141860
60154420
106755405
99246958
86174701
79310611
59119013
81775527
39287753
76168582
56727960
44769611
74636502
57519774
135192839
88400035
119189015
124409201
90604549
126145735
93863031
72695538
128754956
92589683
88253741
168391803
133675019
167962584
111258090
179395806
80026351
181491917
118365988
64981288
230523341
257979347
104214343
46265645
55219367
439501110
75817873
78118414
179469480
181315571
146562109
198797330
218389702
979586279
102450879
145646838
161973331
85138134
144918478
143234229
223660652
199360955
156277097
61860546
124939936
255323316
151792831
512162726
56272041
69108301
77651521
264118487
524244774
308183707
136995868
174065189
563656755
141096342
72747366
140147353
249734316
200216969
261676280
249094128
167924955
120344084
78443571
169409273
24465009
133705528
314746757
179822165
101319726
111480704
118080278
351704212
120486384
79648737
140579160
86136718
135888927
110260389
165050453
151849506
16085356
178740079
134269132
127708827
179426756
111381016
127682815
181650711
25124589
113654515
141436849
116620784
129689535
180258465
119461567
156837072
58348532
107219590
220154566
170995980
195900520
181334473
209163831
250863116
78322503
199354674
68361054
64493997
135156408
157938266
121504607
94660677
145786592
147839390
103850395
115420046
103361871
149313164
99025233
92122208
59652153
110645156
190374475
210773104
113479777
175855487
131029410
196228776
148824021
66805223
92690667
166168023
102115277
165322557
108187699
180852544
196321160
42290928
147204004
172682033
153115657
176469608
154000917
73951655
