186755813
177332352
158392350
179734142
232773818
131871770
173489949
126673841
164108485
-8623415
216396591
45317480
108971841
220476375
98139788
204584637
127812652
97617874
143964887
146118212
116281194
168231237
162628557
150472341
171084101
121574211
178847963
86448926
114765926
154035961
70609352
152617916
93795517
121582525
53242485
46549915
246824536
188101598
149133460
124007448
181399860
176630333
57343225
157511158
122857560
182132763
106640914
95621750
162275042
155069953
138871503
62252076
21559324
108740002
189871650
60230290
135066967
89684823
89211481
198744282
151492579
71104695
138073760
150342628
258194251
158242739
178369147
72176936
191361187
167494912
161117352
127500569
33662802
117173288
233847402
45910818
152516973
111086442
136354415
102547128
127474054
143848397
137496025
205827221
110863845
86089577
121396362
117651854
131220052
141931379
142691275
177061555
51186469
176219971
127627789
76665239
174278016
216757613
192146850
233292610
183185831
17990623
192097233
134081960
159780999
130825813
92699646
152112062
127594221
8116731
54779973
147659750
159843403
131252698
144371359
49516453
104107353
128961963
144194411
91664584
118242619
78010570
166104395
113024936
87995331
78741970
49060168
168914936
77718421
120899324
164662635
116012996
158240351
152110297
114233199
138700751
119065465
136830468
87640076
124104724
44429225
78004643
118745277
7506967
121999248
106000148
108311184
109028255
6618178
107474809
111810489
64787775
89805812
58806049
94030832
75215504
73746968
83666951
49447238
47519304
23876153
50439120
54242585
50510981
25359687
6335892
47273597
20238776
35140078
6761239
34853269
4004393
24794685
13662837
2135908
28031486
34770528
35378134
16141310
36275898
28936874
35991505
20488682
31442896
28921201
22062706
22615528
10520915
16680874
14065893
32792808
29589235
32102508
26851668
4430842
14537325
49446063
24150082
48748687
49742576
67268446
51825181
80630362
89775707
57772008
110651751
87803488
86428058
90536912
66692360
85713459
26911416
64147226
61151646
56854976
61449702
69513421
132987167
90424008
137273499
135012866
71032531
119581238
97845845
80812142
138534322
73537765
91382960
171846591
149353495
164060933
101416336
187976531
74728490
165217338
109212456
52751073
238038464
263226810
96459136
58567690
56874726
446426541
78033189
75849049
172608037
175023409
133157390
180323625
221530516
1028453570
103238841
149168806
168937747
77394964
150717872
157622638
246255321
214985803
168500437
51850309
137833932
258280148
157140145
532080280
68983624
71429616
78845350
285408163
555981344
311195165
133144506
186890297
608805109
136877854
73188735
142012744
253707564
207531710
290857039
250207642
159821824
104019647
69231381
165549301
30447315
144599471
322532441
172706043
92196369
113569131
113056295
366507175
117789606
77036359
163770141
83442654
168262264
101159966
155726308
144696773
27357417
187034414
134104390
148488876
177297359
90372903
134167918
188564525
18582163
123363597
138167467
115242353
136668783
164803806
113769678
161120197
42182327
99902304
207533075
196921103
201365407
181117395
213502254
245604984
73187012
175126643
57667314
73046474
121694253
157329668
118608708
88617850
134856794
159630745
95924330
120338294
98903178
145728088
98033154
81901996
71951874
78152918
187919576
203942908
105456095
169353488
129193259
181345035
155091241
63914428
88724518
182648559
104102576
163390694
102245036
194736765
208960096
50821487
130761033
185365627
152628165
195581708
171640411
79265854
