183649435
182041774
152741606
168107211
226290376
135729621
173437228
122040753
159711726
-9088883
212230026
42815693
104954837
216547854
104125373
207006029
132703065
94844606
137350578
149012915
121187433
154729067
168245510
143277600
172973867
117594869
177699655
83008516
118262140
150256037
73556817
150844228
94512916
121120107
48792931
45931287
240362026
189888199
155121295
118084682
172463002
179074532
57794309
166711448
118513197
177598211
117372967
94473548
171321924
143625173
140107261
59079256
22925821
96072386
190402901
54859946
131848109
85542714
83668413
192344339
156334762
71570900
141230214
161462889
250916524
165248629
179314325
73172749
195953763
170883529
166580037
124113081
37528666
112604423
235859878
53755800
151791568
106599333
142468347
102945175
121535188
145055050
129108908
195450216
111750220
88139434
125401080
118796519
139508967
146619166
149627832
192113776
49742102
182040438
133909229
78444162
171194736
216445138
188003537
229146363
186366551
21484858
193176469
122782934
155567886
129141444
93468039
149025769
128112112
15178795
56139050
137887461
168318349
130443974
152378206
51641939
96946076
129167019
147584675
88007164
128815213
75846835
165094874
122798871
93137038
82680117
49777852
166002242
84912646
119643838
157038632
116040289
155619229
158953398
117070550
134317139
116905820
128011060
87972490
123409939
42089295
69372335
118219142
13960252
115252744
108164120
106968422
110945824
9626170
105517185
103761022
62078378
82634905
60081475
89945870
78455797
65766972
81060736
46621867
46313099
22672073
49953963
52698255
45932304
35185452
1741631
38197672
21602260
42996436
2771962
41090366
8621349
21544913
20328715
1295653
29668120
24673141
35362661
11482019
36683170
30033754
36103867
25273419
32942936
29513861
28497782
16387930
9600193
12133976
22266916
31087191
20815333
39971358
32672843
3155053
8116037
48885883
27634177
51102031
52360860
68582407
46670170
80173073
96486160
62204358
109910702
84616052
78587335
98672014
56665873
94304472
28272072
61049862
73844761
58206443
67303704
59220821
125247330
92446675
135134424
126680536
63516430
120402963
101696706
83013389
132086251
60700827
85459235
172748331
147612391
167013046
89661801
184723667
74667963
167405061
110555035
53304152
237821956
263212325
99959083
56937129
69053606
453288269
74614872
80194634
174666263
169934642
131236988
183242327
224960895
1040166306
101678492
151585468
170772668
75340233
141538245
161631225
255501429
210091630
166283690
46747172
136265372
262701084
151695216
535041273
64311751
64028288
75332198
274928628
569186591
312938098
123320993
193643770
628694478
140236972
69209326
136046476
255395139
194078138
284244329
260499190
159383752
97550105
68801815
170073141
27787773
143586051
321717481
178479751
94935549
119925110
111912914
368582134
118495063
72935534
160700804
79673627
168806232
98021432
147605723
146360945
33045167
189235421
134977207
146077008
174249078
95780393
138330173
187777444
22438711
116396177
139571386
113474915
140970182
167489262
113108381
149759618
39110620
94318381
213297502
199653412
199252901
184126033
216269754
235855090
73890349
170996500
60851046
74418297
118647177
162809938
120616009
85951891
133861664
157106513
100115729
118486421
96195373
132963570
91046440
82813775
77831831
80137642
180109112
202149834
115916875
178303762
129569896
176123536
151636329
52750493
90825999
179818589
104149297
167748929
98910796
195575618
210922816
56132403
131004596
178372702
156419490
189234025
166664677
76809799
