184793673
174212399
175143147
180985539
221554351
145298920
174565612
127551928
161991196
-8264673
213107094
39628155
116820084
220963482
106124986
200935590
130737655
101573566
144014958
156554375
118901336
167777016
156823704
144563523
180898794
114148262
169303497
83474641
114350171
145355696
72222728
132525693
98555111
116671599
71294339
42885136
235892761
187680920
148217836
128570624
184873884
162935405
48357294
164846465
125169157
184786817
103393949
92039881
164755740
143939994
139344921
54199588
26255326
94502559
201297844
67796971
128462434
101503337
87528929
188067801
159388426
63419644
127333570
147116440
250273350
161343983
174673600
58675219
191289868
161983436
162585620
133435870
26816736
107300624
221775201
53447518
162234658
101455355
137182270
118578632
142105274
143822070
145595410
235696666
114514815
96904182
113438860
121402111
137514615
150372001
146227101
178398558
44981363
180457064
123237222
82656542
175379271
214788736
202942400
229077123
179147956
25781463
191639259
146948931
165132573
134959964
103101560
162887737
135066414
7047683
50365233
156358606
162434169
130408996
142171768
40511638
108968672
126066729
146515119
92598300
125225989
86240745
167086566
115954292
92254943
82227605
36463574
164298342
86774725
122586336
165953120
122818849
151194104
158233057
120041146
143487138
138667546
133181685
83577974
128444251
54674833
82086563
118725031
14315671
111027961
124663397
115983742
108679167
21097678
110397180
110965306
76566834
97022128
67337583
93758168
84878806
73115809
76681654
55751978
52018713
20932775
48406525
61536262
52499269
32684047
12338319
49374299
20824776
39551481
10127046
35103308
4160490
33881593
22382167
3979341
35941681
41824171
38779911
15541084
34061668
37318295
29761306
23548443
34023461
21456759
30753647
25145082
15498324
22718921
7081913
29281878
27359438
39171667
33798291
12611671
12819479
43672431
14171843
49163879
66669110
69146069
44232012
83668136
105970967
54839557
97586004
93922606
76654941
77739325
58001289
79089024
30902178
78716417
55338074
51154933
64918926
57991440
129183928
82171069
133917150
127306103
85393235
128820004
103796262
80039337
133442746
87859943
94057601
172117753
134624632
162710142
108771154
176906725
75819678
171529188
107143970
61140210
227366538
255570215
97504115
53638784
55772998
441238584
78966554
72529026
171633872
185310519
137585277
186063114
221323144
996871689
106938344
147331754
175601304
78360299
143135880
151920182
235127697
206861684
165702845
57777383
116635839
255472903
148498056
523983464
61542896
79573845
74428337
285206263
541141127
311930349
143626920
177293560
588117324
138514721
80099791
140112711
260448272
198739877
272808821
252392359
164220591
109851984
68895695
173691911
30218857
145859679
315459374
180954384
100151720
112890631
113203956
360022118
108105143
77256201
145975386
83056981
146712225
102896765
158848084
152720970
16801858
185124257
145810991
131688352
175970545
100091435
130839331
177975066
23979880
116149660
135346148
114461275
131574537
172992330
114394721
154237787
52337817
103393365
210972681
184312764
191476990
184899544
214506478
245972985
73164069
187781658
65541156
60320840
128251483
154298438
123430950
97590949
147038126
148495529
104317880
120254314
108835168
153569522
110606227
86844974
65876567
98865199
188557863
207123967
114517583
171162424
130237710
186601330
154138303
65697702
99673558
173025834
108170867
165801533
102250626
188669279
197255555
40246497
140363369
182014810
158873574
191876482
166767368
75318503
