188325140
175832302
164031459
180642103
228898082
137108570
173902276
125788276
173240345
-8550623
209201251
41285755
107767892
216696117
96106218
197223786
127545828
102094366
140427799
145941364
123879082
175121430
161338591
149146457
179714228
117355930
181624943
84090871
109014076
150159947
70200097
140600726
98181701
118110574
64302508
52832237
241146835
192111981
147183684
121622350
180058843
174002894
52211840
159256250
123663636
185786382
106207831
88517013
163198465
150405910
140991501
49796058
19681267
105540611
192923571
66306972
123653950
95440859
80711715
197610121
153989799
65503539
137450128
149926570
256671572
164840739
179684946
62998496
188482459
170491034
166354758
127493421
32356307
109496762
229785641
51832311
158738991
110427978
139202669
112473151
139072698
141383464
142796680
222608939
119042424
96423459
111180030
114876281
139312676
144221572
146025447
175994372
51027255
178943417
128957952
85582422
171865180
220115477
203311400
227952602
180424318
23306459
194642342
140093392
159755961
141405047
94350426
157670634
122323730
7127721
43760661
150530758
156469292
126835098
149379261
47320380
97662483
122866673
144536348
91640240
119864568
84326133
168306466
118395735
88260614
80551622
41403636
170458518
78889150
125127634
168425353
125713429
155257575
148681350
109878891
142124441
132704512
144285655
87028664
130984409
45658942
75834330
121984182
8343816
110526292
114389035
119662210
106741575
11835955
113245678
111393370
71275678
90687797
64409600
94783502
86458352
82797574
81341336
52194165
44359790
27476955
46487876
60907070
58437052
35840897
11407696
50041783
20108649
37657017
6072137
32162284
1595007
30854418
15597105
2712844
28447573
38248337
38401216
12027518
36407485
35567589
29244268
23135264
22618857
24016362
26822129
26662628
9611758
29013428
5331871
29533851
36873955
34300345
35149636
9900238
15333742
44418799
17946553
50162747
53232656
65594935
43998973
84584050
95704755
56790340
100648179
95478320
78276269
85322339
69350922
77219902
28666118
68575298
57332738
57116851
66605958
62196050
137440899
90193369
138514059
126270879
80429125
122973502
97008391
84588749
136978372
82052440
92135693
176449370
137149745
165670827
106328645
187733239
79600556
171154300
109712365
58315608
237878679
259823746
93830186
51522080
51200522
445339956
80306818
77281642
177156100
177950381
131168079
180906528
218564852
1012643857
106856666
152587178
180907927
83111891
152470742
155645884
245281821
200322773
167026338
55225054
125247196
252209409
148099016
525129184
70576485
75820135
78255968
294233623
548778180
309864924
133416291
177359647
599196289
140199930
75967042
138145722
257330934
213524274
285724890
250596304
168340142
104779845
65540985
163785697
31714880
148337985
317224851
176237012
92068048
112410868
110325014
362431568
113929924
84647881
155220361
79556320
158877326
100503862
156392027
147890801
23170477
183042844
146535853
140610108
175847556
93700938
124552473
187955810
20230333
118501090
138859347
114987770
135586862
177771855
117216336
160588677
47555247
101358684
208618286
195850294
192587166
174785627
218751114
245576457
75527935
175645180
61665825
64021824
120550587
150987299
118574730
95075239
146371974
152895746
100148373
113001422
95875106
144291262
103799772
90111110
69222372
90269247
190048015
205860029
109124838
169269955
124369739
188500918
156011454
60220172
95008984
175243692
113267365
157184923
102169971
191254477
206563519
42682265
141555628
178787438
150135428
197406355
170645001
82887822
