184540621
177526341
175009215
181199721
221713497
146435612
175602499
126812136
163632250
-8485214
210983108
39190784
116245265
220849422
104876969
201257963
131636430
99091732
143290198
156485315
119665712
169622790
157145821
146487165
179948855
114023577
170410305
82050716
112836374
144791816
72072374
132452272
97258172
118764789
70189193
42425396
237366823
186593622
147366283
128840838
184843917
163667361
47892724
166070013
126216294
184903216
104405937
91169512
165843399
143707702
139776388
54667776
25874052
97764374
200372678
71190075
128307867
99883116
87555767
188241020
160138628
64267586
129489838
147268653
249327504
160338600
175525842
57806633
191325459
165034791
163458036
133813725
25560265
108876766
223105230
53711541
160116747
102584763
136181468
119309257
141289200
141852499
146890045
233808938
115176189
96411442
112581986
122035139
136985307
146682067
146437320
179611896
44833947
179464685
123948557
83107167
173641945
214777723
202744650
227565925
179872405
27227678
192979561
145092392
165496167
134876396
103312245
161024649
132262007
4442749
48559124
157513006
160909175
129514129
144877857
40079927
108209709
128355094
145715202
93576032
124891014
86901010
168769326
115966745
91684981
82015845
37291495
163058619
87687006
124623328
166705693
122676257
153412440
160231524
118399251
141524208
138919975
135949987
82842907
127768348
54148493
82310821
119272224
15917164
110372225
123397877
116754645
109316992
21300877
110910948
110152981
73376093
98463881
67095513
92936385
82681549
73409380
78363717
55736351
50503173
20027308
48558640
63059825
54799731
34950983
12737368
48075559
21165124
40222505
9911210
36571934
4332751
35110411
20324161
5983851
34808513
44142488
40551825
13031812
33578285
36864726
33354852
20709429
33980775
23254861
30822714
24851295
16501164
24278667
9718683
30803022
26990589
40515695
33398313
12280704
12373856
42480897
16052680
46975224
66803091
69250344
45635441
85025242
106880932
54294503
98195421
93879812
76778208
77106870
58060716
80073123
29557584
80154614
56335515
50821686
64714052
58557930
129769960
84717788
132664125
127245618
85003568
124310211
103817522
80137453
133873030
86993848
95998895
172646687
137113580
165377008
110243860
176729945
76864633
169633596
107159885
61653288
228628250
257084710
98127239
54942101
54608848
443723989
79581325
75680364
170321223
185295410
137428092
185876013
220656490
998539889
106530315
150696341
176376840
76120291
143584323
151869476
235588509
206090575
166456145
57634222
118241782
254589495
146341172
523568663
60805652
78681548
71793030
285411796
542622674
312740495
142815591
176078081
588233722
139064799
80105046
140352151
261675458
197284050
273937078
251695614
165573206
109061163
68120940
173403547
30768939
145819924
314996662
179602668
100282609
112235794
113041671
358976894
109334697
78799610
148910674
83297551
149275591
103625769
158374066
150567161
15676435
184728860
144627512
133210800
173731863
99336270
128920368
177445090
23394508
117917199
135663217
116492511
134164813
173075364
114212914
153199017
52703101
105289215
210175513
186781260
191818579
182553671
216154067
246224185
74593357
188501015
64546238
61919573
127094519
154127780
123773924
95915708
147818388
148339952
102536930
121109777
107471462
152249792
109272323
87264003
63682922
99229493
188446891
210477819
114853601
170330741
128527001
184763051
156321418
65659249
98335282
172841243
109291270
162608597
105714252
191699620
197935273
39858095
140378717
183570503
159283809
191178940
166040454
77112654
