166746224
152805999
156956379
172622290
181101440
129632478
170792170
124224501
179320916
3378710
242467816
78164737
138128358
169552879
138934476
174502456
137521982
117907243
161773967
139407305
123783651
166879003
159524765
122751575
145607203
88857620
133212302
104210295
134229409
146175769
83936008
111448887
89218146
127524559
100801739
51070107
237296088
169860193
159042681
132005978
198356979
165906620
56054531
118065199
138804072
144253856
140217058
93886624
169930362
179725962
134383623
84498238
53166519
113227498
177385746
94192576
131010529
146576139
106128445
184834394
160493999
82261003
127383924
160522655
203689310
171056945
192312973
67275448
164079061
146462130
98867430
84961487
33925641
92221200
187227182
96317094
154057444
95582437
129635621
138265072
146815276
100264330
133636505
147727459
80699103
117965342
161202991
115658655
142408422
181701053
194210934
157662842
81917581
162101146
131556518
63104341
154341126
191253934
194403448
210037160
224774075
71568507
156478673
103006518
173316423
119894177
104882223
137093024
145871252
43612006
44153260
164388552
142173169
136760087
145754424
33343591
152209660
153693157
101443033
111876209
132932607
161236776
156686851
111608057
109278400
110869076
52751027
142491209
97926267
128242968
195877283
83869693
155628162
166036172
156962223
154269716
156617863
140507019
114126500
120331949
108844197
95318241
121439829
24841984
133403359
104182765
127832244
117474766
64333312
101288445
119679464
94299695
93358715
100669634
83476250
96282951
93015776
82148804
80503519
69622341
59423592
65996698
51149646
61356273
48326312
52532897
45259002
48748971
38219302
7984975
29556774
11693476
13470805
31766996
24508302
32347561
32524902
35854368
19511361
47055352
65994766
49403955
49653363
49160013
42788858
32091546
63409076
88350640
33544197
26170080
80123397
79567782
49538480
60844142
67409573
57970561
62487433
48026246
82064739
105452496
96213059
79761858
110901617
88504266
118863699
110193125
107785704
74640401
79124841
69694033
91023574
85823817
92719379
91537035
73448244
66316496
98562187
116935490
93792847
129117037
129026125
117967721
124680808
109701110
96545006
131392084
109323979
145477811
198109172
93182657
136148103
136922004
202303476
111268391
252726339
165326309
53584060
223594570
270891608
120243205
21074177
91885722
343795979
87645653
105041009
174791779
193683095
112339992
178796534
261682115
780916872
149178548
111817187
174401609
67953045
141724453
139389038
169309885
147853361
169025663
108282000
173597966
234854445
165365179
416432243
77898226
66277416
78490072
259497644
425882114
256967651
146677508
160089225
396717517
146278959
81655626
146786708
213878223
176676302
243123398
227331513
156950318
84114886
118582868
121538858
93064919
118129786
293489035
166404775
96465104
143614165
111983733
273879353
142115727
110387340
155581287
145777205
127843216
109015495
141500479
170258167
67962239
189125097
117730169
107303469
128238112
119726441
110981109
159526554
34622190
134799720
112687011
143963077
128853801
194973730
128294689
137230218
84466427
102901057
229426803
182135553
184936850
120958450
142376473
206592649
62430645
164991100
91294471
53314585
135162253
159512808
132680586
126590001
131833035
137130461
121125111
99549986
113767381
142403204
137857941
100461035
96659883
124707331
224709501
177186888
94126520
147304588
112880318
181975457
165911687
90483792
134632916
133796968
96268841
133050203
105383496
156440299
214181924
14104341
119941328
162642609
154443008
140190387
170256329
104887450
