188994009
179693945
162183728
182608260
225709526
134540001
171320094
124318129
170837166
-8220788
210717684
43607081
106922400
222474949
97528361
202851393
129227424
101158133
139413572
144309049
117321751
176669759
160137153
151172565
179569716
120731647
177649307
86076506
115601683
155433600
69495100
152155013
91587204
123224417
59262409
49639274
244231033
186841590
153667559
126199985
188305012
173638612
54533642
155833982
122098043
184554714
103750478
94092817
160090470
151032689
138759388
56906322
19878464
109856044
195160463
63810374
129458391
88075982
87585624
197917610
149329279
67560527
137543732
149602663
258618828
161841646
180946260
69514321
190196187
172441789
165677172
128023900
31484406
109599503
235897984
51068778
153713427
104156065
139701323
105243190
131628882
143251489
135958604
212490297
108763786
87188546
113331436
117950751
133657998
141213868
141470486
174144639
52484579
180008422
133562504
79321085
173833632
215029595
196644357
233102507
179938754
19587214
194963883
136681260
154800077
135242184
91354889
151464927
128890803
12252300
51417194
149140017
156765669
133177985
144388277
51058616
100209230
128339256
144571317
94235131
117282938
77408626
169617531
114860959
84776666
75614569
47768763
170417098
80207670
121275575
167628974
118271818
153033332
147727560
110066299
141558878
122366455
144019367
80737879
123832098
46762417
73922884
121646234
7357910
120020869
112835926
114007650
112470513
5375498
108299221
109788963
63326476
88542811
63395326
91333352
83212390
76728836
79551058
49287286
51664585
22475249
50796925
58883990
54803833
27221293
2017176
46416950
20437966
38735896
11423099
34613690
168763
24072545
6083441
3589445
22733472
31441774
33227627
16519379
34401584
26861526
34425987
24915984
28358803
27425155
26327720
21816439
4948672
20430339
11448199
28359508
33646317
31709391
27559643
4316148
17132244
49532368
26982619
49157648
52404215
66028967
49289905
82167787
95005372
55120824
103433234
92563150
81147086
87104214
61894071
79688040
28227919
66230164
57906051
56761300
66946892
70388332
136188685
90733643
140247982
132792102
69532675
122524456
96632386
84643080
141148810
75306608
94535599
173562808
143539902
166780246
104052183
187168262
74340727
165796189
107127829
56480452
235808414
262017258
96057805
57723201
52092482
448235119
75541491
79186280
180463928
178721010
132118005
182184426
221628714
1022626278
101373695
149288141
171916214
76669579
149001266
150820291
246026447
207835985
171038953
51863225
126061485
264143398
152061907
530181781
68815879
78623321
84160582
286869476
557510755
312451913
135437313
181812701
603536439
137076481
71949389
139729185
254264331
205779724
290012541
248739734
162247777
103167055
63028605
163574011
29493170
146337544
319775058
173787466
92581469
110080689
111822304
367894322
114964124
82472178
160506512
82448705
163946657
96434748
157707631
148555362
25792143
188488210
138225086
145074980
175732280
89153493
130980680
183737606
17201816
121224886
136524080
117423569
136353839
175638206
112350516
155913138
48397302
98231309
210037639
199357358
188608244
175247065
214184927
249905970
72547248
172805925
58208795
69117825
124177820
158095713
117921435
91872006
139575966
154003536
96406317
119633961
97629209
147832006
97409938
82479241
69876967
78087420
184512570
203819607
106561291
164822814
127088491
184283847
158048629
61375354
91201590
178618963
110222826
164782904
100819739
192405081
209274148
45744029
132069836
177748267
151088025
191758899
169526516
84145272
