171773674
147868952
161916883
157537568
185018554
122150470
174291492
127664929
188236485
22223231
256250307
49026297
135144521
198384867
126801897
170756831
157526760
127794822
164542233
112763841
126834742
160796256
170337789
101591079
172293727
104169075
137358593
92900083
154221800
130919953
94571443
114679374
90747539
123119175
104707452
53263017
225724968
177110463
142191122
131891592
184745088
193697101
42525542
112619798
127707092
157404194
145411329
105521283
150049861
179047996
138818857
94574235
35502571
95019217
191945137
108666710
158683073
141486631
88280613
211173394
144057869
65277525
138635296
171388221
235701630
165669198
176236500
53781642
159207255
166167750
119570328
93237313
21517038
89683253
204757032
101402733
161264260
107436810
129327974
125722750
140463811
86750643
137576993
184024145
102664873
114344116
143574229
158449030
140004683
167826402
182106378
160730264
65466982
166634022
148267258
53837477
153518042
186913292
183908543
231998179
211776030
79388477
156699460
119768851
144729120
107391288
107998587
140647115
132322569
26135978
49699094
149932125
168980648
112453813
160575834
40098034
128845012
152312694
103233280
102315817
121526849
164936596
150097677
108574617
128857734
90849644
52495981
163733761
86503370
127801192
194127181
94440035
150109246
164923124
156949750
150641763
144287982
146075328
95574080
126508115
82712906
97148557
123533836
26187578
121595070
111445162
116711809
108391667
43825187
98982434
96783811
106664547
100627840
89475015
83251233
87963339
87270045
69432367
82694969
69380090
66269329
55210400
60124787
55730337
38948005
43220825
40434613
35015172
41601220
13095706
39584797
11708274
13346154
13162452
38047756
30003018
33159851
35468093
36823144
63037181
56264320
43583735
52416802
42863919
50179685
41437633
64151033
77307696
8914962
5494103
48173978
51944496
44880336
52006658
69581864
36339980
40252482
25951761
80233103
111769740
104024481
75106354
95697621
98874803
122895946
101681930
82691744
69937657
79249783
65503858
72785511
90295615
89832051
86018751
80897457
77459736
90108690
114472877
88445768
132416759
105070551
127824274
124555866
96420837
85999326
119458305
91012053
110782452
215877271
115157829
137174431
134544886
186838780
123528091
214842265
149928793
37511870
256496754
270545662
118651493
3999622
77438684
370846051
101917486
91187250
202564827
200688479
110626951
197566016
240467925
853260589
119793084
117964068
160999168
60624203
132281646
122032196
178493165
176035858
161038798
105791372
154201772
246042321
161189260
444732973
84685875
69059999
98367131
266496647
441937090
259104093
131392022
157119908
445560216
144300038
89240220
154464519
223082155
167804580
255914025
234572032
166465558
103902125
106598068
146527080
60829772
126616710
297916614
160563643
107783947
143661393
110539989
310727817
128886394
103741025
135215284
147605059
119723506
124028884
144644318
182992804
65216953
204633198
112037416
129861691
149890567
90325103
110719567
160988845
39478862
124606591
113009747
149731371
117456689
188988514
121851670
133917452
91022102
91832454
209669247
173992617
166883137
143586036
165209669
231852184
50743678
171660628
82722135
59666948
134786696
161189159
133014867
90191412
122714689
147762402
95719746
77847395
89045801
163858004
117578279
93764535
89961988
124656234
203162278
175268384
88981454
145429994
120657429
194233974
160096925
101815303
136632793
131732085
114308814
143159933
101637627
162308645
199469223
8443932
122576053
159869891
158966546
152646451
166883752
106484216
