121521161
149242798
144013029
155820463
160764938
123538874
184717019
123404361
139772397
52894870
216221012
105819026
156922391
182809899
134600051
191577827
148771336
120147809
149246622
129835343
171688393
133284205
146482467
159877703
151569628
124238769
147667681
94955120
121162937
145887250
85974234
95139379
112586008
156369156
89565432
71172059
249265498
183075097
194056382
126582322
200513698
171794810
97125677
115431403
119509977
171992103
151675667
88954246
183924896
152491972
131515202
135764002
74556955
100035914
143905268
108832152
159334219
112773415
95586873
216059490
174554748
126340134
96531340
150306862
171769557
180413983
192200409
72056835
140440703
177725755
132130265
112333871
70395418
117750878
183233093
101741751
138349533
41946575
115545447
173125981
144170381
105332043
117985596
163236676
80075898
101842308
156596299
129481345
146304734
205802824
160491072
153204126
85267293
157814909
111113857
87322701
129304274
158501435
170819150
171580490
186841825
80132170
159163208
106052399
176913772
144501117
54798955
176713890
127156929
52383091
71589875
165901385
166023814
138705054
172987562
106714963
118414858
110758106
124107192
113732913
119771446
118284499
147839144
159294507
137178937
127343463
102424019
142217439
104382603
144382103
153086647
97614527
160775799
177821544
178217239
161530047
140882151
132185821
133550059
129195427
124765880
124019851
110054794
66745360
121251843
119715676
116541116
138533753
48106269
93631816
108689042
83200430
122347132
113085752
102049214
90408308
106313305
95861643
94851934
74150007
89652295
85202672
60099544
76601773
62816461
66376922
61653440
63398142
50816012
61101086
51318390
58495420
60789468
32773593
60663073
66533571
63411114
51948486
59701691
52096483
63497291
71493074
66201293
80702888
72806089
71227726
69294486
61918412
31270249
83551064
83326063
91544468
97077235
75540575
90580118
96712555
85521496
74459535
114025875
83903573
91972873
67045803
116816921
107263744
116890615
110980025
106685705
92907873
106927403
82312468
100564437
101404110
75163117
108713901
94504880
129141429
123570984
120577130
123206849
158717859
151716556
158515425
155097354
101451768
110325141
120907260
142660259
142098004
185725557
104931304
132383505
154097021
211845389
93180742
220581644
166015730
57836099
156051131
242900401
94541848
36933220
122873660
284257406
143478488
83204890
171104602
196261222
122099474
173704686
218971908
551123949
148321851
122106487
161042899
104416160
108791379
159177940
192745669
159347967
143925065
130166277
179150979
228051921
173193716
340409726
66946276
82595101
104275246
236506220
327771423
227044504
185182196
140336954
262089038
121028437
99018371
143158996
203073935
172105231
203270490
223904455
123392209
119053323
147655938
73966956
123559491
114564863
238110142
203692690
111878910
124817125
151052392
231594190
134309703
147100723
183569357
132921574
128185700
141791463
135334469
221189592
87373912
197141680
138265042
119471361
133042833
119359007
129628640
169583490
43422781
119301836
124160967
110368511
105801157
183567002
203948809
114265598
71744235
113059585
243383841
171984280
169921632
89664849
133624661
211222931
50014296
157452483
111846839
39807836
157799471
166620499
112075414
118297294
135930407
143213059
150139812
113190780
140888667
148304680
168995326
107024065
99172072
131977489
231464451
196386407
66361163
146605819
157771675
172225151
157694391
126251860
106265103
124154102
90638878
153539119
125018481
165936826
217775421
13583198
138031486
158859262
127549750
130298862
125105397
110132048
