21903159607
27682266828
25758040875
23969420789
27098900807
22343241211
25781374608
27735966412
25680399675
24424723861
25337774361
24573642137
24534024501
27861303415
22550751741
31187555506
24891790102
26846887489
22340299222
31072850867
25336410045
24144422738
27058371208
28525139503
27026174760
29527356916
22716602962
25780347317
20516518043
23922507946
29714323692
26011226667
26738659593
30927732042
21681427956
25256713349
26371653949
21145787159
28399527181
25623391727
23552251495
22426367560
28370240470
28836625894
23882044581
30620470397
29071894539
23370840099
22836804885
22776122590
24430670635
24712744651
28097621049
26191406979
28732351069
21340187569
23053488968
27225469328
26759358157
22153585495
23861874341
26017685934
26226482115
25519013922
20733703483
22707999817
28538833464
24617029060
22726896072
30760754543
27142473351
28091246701
27649800742
27217979293
29034942805
27739265054
21082237612
31097787116
23491196221
23017412596
27751322557
26062465325
25649244968
31665036294
25312263821
20783280891
22685909398
21613522223
29286306514
22946507347
30865042809
25340042451
26978889874
24380053574
24812318741
29433996418
25427604329
26461159872
32014138043
25862642161
31595114562
18694980298
17935027535
24251938398
23268653163
27460537548
25261847350
25859202765
24047973110
32532061389
23799516796
30293236547
28018601435
23882757070
24858821966
28493947888
27385004042
32344456267
22745683353
25730903853
24415295160
25973111953
23604836284
26569745528
31359550860
21150252129
26511767292
30513266598
24182893413
29572958336
26929637747
25740884273
23038840339
34547124795
25211150693
28661266610
27381975502
32443542716
22813360444
28425382854
30047283279
26680653962
33268323081
25871643131
22928665583
24215311492
19741644722
22402308093
28107384067
29429353829
23803805505
40695730133
22658369563
24517660277
27645800435
21079310407
29265965806
26708450827
24944963250
29887204626
37165104376
22345675729
34428654134
23120738300
26471510773
33728294874
24900775349
31339109355
26227923581
23873298975
30709976844
35217541506
30493972951
30775256675
29232563305
28269930461
24575247592
30105373703
22578983839
30458289565
30552130803
27553193106
31095871477
18867249861
37616450812
29861772235
25469947213
26300185256
21018139697
34585280150
27309045213
29304679472
25978434461
28548992239
23312427103
28138676236
26281736398
21595405426
23489437127
24953989539
24768239251
24141431075
25392295805
21179580324
21941391983
23183740023
23302322791
22690565775
22948665969
22916192715
21884723423
22835635278
23028960729
22079401270
24304338966
24494038516
23525335441
22591000163
23246402670
22530696516
22057923495
21194898544
20378865488
19862017976
18493244355
17864303783
17124280855
16994485508
16300798099
18647274305
17327372292
17279602811
16604939714
14050725679
18592166156
18142377505
17339057686
17792038767
15030127791
16877397009
15904680097
16194686100
16712024745
18516373491
17341082343
20628751380
18562466003
18342902823
16508960776
16225738156
15154935381
15345936672
14278250208
14701031328
16916839523
16418617612
18020559718
17777603769
17724713514
19582553925
18336080632
20309210062
19579005319
18127568666
17987053076
16957454786
16365258134
22350208142
22044923645
18926271042
22982876387
22048326089
19506045794
20557118977
21138441887
23081006423
24190433005
24809398264
23584692861
24792822642
18406310173
25422460990
22129194274
24489386712
22645905149
23591371387
24652084414
23905749630
22512151103
24873802008
24092705452
25912460938
26835265922
25317844956
26783521052
25939336170
24145451722
21688180054
27809647957
21363416108
27006938194
20519585714
28205128675
28189574437
25181238348
23286106135
24150414447
21016036971
21681906212
22468172328
27311078665
24014939518
26797390999
26655788935
32051918763
27479219575
29185446345
22760954854
25964600203
22341467371
21383554643
32658425637
27990643274
23457517660
22410418505
26556786128
27844264537
23853094279
28164731863
21294506809
26656998404
27432044924
24767887015
28482823483
30288749779
32276520396
25040620937
22667269281
22669818278
21107501114
21682868176
31355302179
26583849666
27018105574
28065834194
25491639190
28121131666
24937475502
27012300481
25129136350
28025376761
31421840777
21260019937
24606850291
22720883719
26982414239
23897201050
23735140748
24703602813
28144527766
22163680624
25616624204
30836222388
29933396895
32060431372
