27397338707
26611230241
25120373694
27277690188
26036092873
26094102366
26414925826
26452352474
27253836275
25414744165
24834625125
26582010428
26554513137
26327920599
25717866700
27322689556
26149428017
25355728506
25990483974
25893956417
26392995096
26335346750
27977771392
26359281192
25365545847
26257943172
25053637553
25804309906
25557061199
24986655398
26390483006
24920152126
25318853037
26095702047
24959568140
27444396575
25349583595
24124818913
26431453662
26968937481
25608356371
23950470840
25387543856
26915980620
25979931749
27619026783
26866514148
23438370633
23592270611
23123234705
24868258786
25214031931
25890166545
25444235592
27218076396
23815525993
25288225391
25319344099
25669591663
25689492356
26268579034
25779020155
25452946938
25192216547
26341952948
24531050316
26074725116
26264390579
25818716752
27435439280
26382642433
26701991819
27065843354
25890414572
26637913649
25986829281
26598470157
26941324710
25832064359
25930402166
26532917918
25599699414
25166894562
26851896521
26194578988
25100934577
25027878554
26972144081
27030344404
25430647764
27236283760
25509277342
25192144149
26928252341
26166840497
24374966290
25203580844
27476331808
25966300428
27100526247
27510712716
25163435421
26290720999
27796763452
26629032162
25844772373
25628120669
26906379513
23996704416
27284188044
26570017747
24880531669
27058676594
24995308763
25883385609
26021463185
26769235654
26656890142
24874515332
26631905397
25981742328
27304205032
25178932246
27055373135
25097044775
25341408237
26103587128
27660134411
24626920192
25944678503
25844770379
27672235000
24740101251
25534792482
26075126196
27164241733
26369555763
26139185724
25980801686
26571879018
26107169071
24947103237
26935603577
25973224962
26579864767
27412328368
23819198676
26105342927
26475034785
24884907921
25785910077
29469726259
24372161604
26391169621
28113577422
23856169038
26863822232
25550837126
26109790934
26151123332
27796868838
25299552721
26529778049
24834776733
26063181678
24063266936
26198736588
28779672366
27981019469
27130452600
25832754091
26233853840
27329725998
25427194021
24752777107
26780632775
25586021227
27248716813
25432671927
25792916710
25584769055
26562118233
27866577212
23089848836
28296379523
26576131471
26440094458
26839340647
26587398119
28625323249
26330103348
26328939106
27004030630
26042938186
27320021508
25910332879
27252348292
26737793345
26801693459
27191355969
25933421764
26057980841
26185694078
24855863740
26327631635
25570029402
26978579670
25181288436
24038992086
26401688536
26783063081
27011876359
27479205460
25793957412
26257008217
26003325478
26417477430
25577782477
26856039591
26281968248
26939952550
26858824949
26134243509
25911123506
25160946639
25711354245
27180444993
25653005975
26565340234
25669728302
24914647384
24296656318
26349713868
26166622053
26328926176
26787755494
25789381093
25597749472
24781445290
26290644852
25305012178
24758326583
25369941512
26277519154
25937387141
26472959890
25092279156
25033582090
24295736389
24628159613
26449362127
25915764872
25250418749
25710655938
25054110844
24921302895
25137910290
25913359088
25662465592
25176874398
24505703977
24688737985
24749111197
24445852998
25112836678
25002699543
25352826071
25088696740
25928034301
27162524592
25651144781
24306774026
25083145609
26604879016
26397641311
25996151731
26436468629
25577856592
25746559397
24333762333
23998606211
26880595338
25182881900
25726133485
24512619305
25006633182
26372581889
25885532664
25204466555
25239221822
25584452739
25723746087
25804762892
25440118085
26709076129
26132129707
25560140537
24842002029
25774549961
25432261883
26392744458
25851000514
25991883644
25744680264
24409234789
25608861344
26313479483
25432037521
27231717534
25115622623
26919870715
27085505269
24938664362
27828346250
27139862874
27344158842
26864486247
25275978981
25675482198
25679151066
26045352845
27226441378
26691191936
24740314424
26871839429
27733865229
25766573465
25992543557
27017294888
25446888138
26928876451
26427535114
26358381176
24820684893
23849485482
26276468020
26503452755
24597971478
25250120922
25574634403
26006992886
26543117873
25480443130
23921665923
27144476779
27265856043
27600318026
25483446623
27211981446
25965577166
25669971929
25988474588
26720350604
27214251599
26179066440
26254241126
26775833300
25525392233
24650828549
26402019965
25618236969
25437879062
27047717533
24685748213
28374042745
