21392446149
28184683851
25737817962
23840696596
27234248456
22365513060
25249694480
27699375587
25388534463
24027663949
25019971288
24363301089
24351355030
27909621661
22348602052
31719252031
25013686495
26647560006
21175736589
31577814067
24414792555
23948962709
27112675150
28392376487
27165516658
30113068471
22309434843
26294215732
21445941601
24109168323
29816547156
25644955369
26928075589
30862412086
20760633423
24534757210
26129396809
21746160466
29520790951
24878775276
23355385764
22108861813
27863082332
29149834564
23697964021
30841752019
28834811507
23285856876
23971395139
23227255427
24813705867
24241031500
28188151826
27114694997
29160954420
21222979667
22369517126
28166472535
27620317830
22189627944
23875927185
26021694323
27451391019
25079064804
20650278543
22386931314
28809931140
25378685114
23297729599
31419588558
27086030896
28135061480
28179784530
27105370833
29112464824
28045790403
21712321141
30713019725
23996538296
23030411483
28230564833
26468299858
24733312022
32341371068
25429905365
20317627571
22237616922
21938589963
29741620360
21926581214
30974679654
25090606940
27386955017
24451319905
23824622743
29103692159
25675764857
25892746127
31227523428
26636414781
30315667609
17771930632
17530135211
24131442680
23395535651
27910831892
26237170596
26072631551
24537076551
32834328055
23544626695
28907424380
27205466367
23215129834
25241762690
28609419456
26717859108
32059741478
22233931569
25898169332
25204059292
25404467067
23571914822
26180634959
31471401302
20779455565
26446195010
31198375181
24269165456
29739458192
26998029844
26080942049
23398747040
33405631890
25095149551
28867589610
27627400313
32412569980
23730964831
28288314953
28961577117
27318115097
33363310850
25639547654
23958434142
24213071997
20142960119
22858184678
27403307997
29296263801
25734407150
41516724931
22812432970
24609431632
28302355412
22138091869
28539084871
28538527447
26359695877
30425433277
37591092143
22769968397
34768918499
23265951080
26304930577
33630706554
24133234623
31204653702
26824884079
24007482396
29789546667
35569001491
30781913947
30238957833
29943782295
27698511242
24939635558
30266405009
22746701284
29162772177
31172778948
27826987447
31809886175
18813844135
37918009269
29929341427
24836356790
27136993786
20743768876
35219412084
26196657880
28170424023
25992018365
28511263053
24170694257
28481817147
25800355975
21217052203
23175081933
24626239561
25247567021
24480467173
25074714072
20131091879
21108382359
22979760929
21996088691
23142227490
23234750603
22968955674
21396571838
22827367068
22353093181
21353203610
23976656672
23219652691
22655389534
22497837422
22761010918
21546817294
21435961525
19673934582
19014226337
19328250497
17726191048
17070211675
16703705616
16986453280
14900316028
18347342052
16998723496
17004981318
17844354091
14163786323
18141202118
17571743319
17550780463
17139480210
16360597120
16240529719
16097482156
16182620939
16409011461
17299915158
17366335958
19497175953
18245519116
18185044356
17052342269
15880137911
15176473370
15225466464
15199691842
15438850167
16620486392
16368987189
17648649941
17232044523
17938291808
19421933595
18165644117
18738970408
17859125716
17534093113
18436195139
16938502411
15490637641
21904342905
22028739368
19099167467
22590183245
21388609168
20851271196
21423584047
20844427748
21772273992
23271767066
24317097241
23702592218
25396737677
17838676603
25541807799
21933416563
23656113336
22972669815
23390362334
24365297426
24051970684
23032764042
24936546399
23915005396
25968754771
26428930831
25855357143
26398845473
25636320552
24542472184
21694876878
27329406175
21632251470
26794841108
20017560795
29248447794
28024485900
25740397423
22569571354
24238582639
20449323629
21457023183
21789653868
27277024462
23105194846
26371095999
26696210155
31199799275
26389801865
29803324908
22292140054
26371483671
23042006356
20050029144
32442735745
28223541672
22954812628
21683343375
26162982114
26861775316
24879047185
28220630015
20924403025
26444035080
27704958174
26050041117
29449943441
30101477523
32257053598
26000139584
22655168564
21752227302
21722199615
22062938970
31067936854
27274042204
27391175717
28106833634
25220492355
28672631643
23383432453
26903476795
25671899436
27282727395
31060974000
21881208542
25432001480
22368390310
27026189206
23471567508
23698716554
26003848698
28737953483
21863464129
25122627562
30529222325
29125152250
32352509476
