24236519460
29036000561
23985253223
21547680160
25404863783
22239947044
25264603305
25532189962
24949309349
25821737584
25832543796
23849637747
23918520145
29073258090
23198317632
31505401904
26643794626
26102396893
20846336265
31571315078
25501858291
24274420303
26001139515
28451149956
27262609960
29456093934
22516571811
27867772022
21579431212
23563515125
30523954932
24559250942
28040846329
31439533800
21294061637
22603842515
25095979815
20403593488
28584621617
25522785677
22158477305
22899938774
27863375940
30102529927
22211389116
29640085880
27015741836
25766348184
23806809672
23535723404
22030900937
23110281790
31334872901
25067698379
28462185483
23199847085
22205174337
29143918702
27096295387
23130484881
25354567994
27256024161
28646735751
23796693088
19851372206
23308827967
27381965673
25249630825
23198943691
31967223370
27337737404
28529119549
29123090398
26064320887
28798981316
27690034620
20552770475
29784814974
22574058029
23255292788
26912633177
26904474523
25638405747
32988448050
25409401511
20644761300
22466591097
21121560144
31128445152
22229887796
32675226198
25231413961
27466530503
26129038246
23144240901
26611629710
25270463618
25390079713
32298847765
25052281848
30431459041
18301746802
17067936213
24898236486
22974401809
27168027492
25038626255
24886603580
25176708972
32501520104
20870560569
28891735271
26661653710
23745386338
25891467047
29558011931
25299732649
31751599876
20678600180
28066111147
25548229703
26602043496
23348057125
24799333652
33268850355
22222423315
26076730548
31694936763
24622894927
29652842783
26509689260
24822010280
23333527535
35256134142
25665004200
27957445762
27589248487
34016643513
23154805068
28393357388
27938095413
28147873626
35683265597
26397323362
23442614352
24058912331
19758304463
23001960672
28286089122
27714816766
26199455444
45556413583
24361749696
24935057987
29819822047
21555537747
28036296089
28556459440
24955315711
30503465702
37313948955
22883425802
36698031955
21495922562
26561398926
35433155629
23517615793
31221431442
26914405667
25361427182
30282030222
38328862788
29849295017
28461099264
28558433114
27193358058
24000344041
29888788021
23867318338
27531864433
33304005974
28337722294
33987359018
19003706220
38901749198
31943761666
26775170211
27214799688
20869899685
34702845265
27913808873
29139581937
25206774581
29732916392
24577923009
27111280080
24202732035
20011632843
24363422797
25604938917
23846856971
23668479700
23733393491
19081953507
20427648757
20843357852
20709914329
24694771464
20887361388
23539554916
22274692536
22372559142
21267250387
21232163051
23239272234
20243532717
21870546706
20568333364
19405526163
19538014170
20432186339
19179938059
17889642886
18319424247
16953136533
16410833212
15580560035
15992629599
15157375797
15325123424
15009810618
14423913810
14737104755
13920113798
14827179711
16901619355
16114784225
16122790843
16125675859
15326559364
14093286522
15938547737
15178577245
15412924565
16522439378
16340585988
16389637085
16157277371
15314537360
14510537118
13918718082
12925811424
14429910018
14036784417
13685287041
15302791464
14404007956
15359294093
18095496186
16804415361
17630097901
16989138769
16249089210
15287119715
12885870090
14042929237
14726011243
20526707066
19305453441
16889261190
20794446106
21903396127
19144468748
20277911702
21829077656
22829752253
23337575383
23221974878
24289633596
26834300521
18794476320
25138931754
23500224338
21802245936
21955654139
22372494752
21164743429
23159441612
23191259011
25258875991
25087930049
25256497753
26849407995
25919082088
28003744902
26319222086
25461705468
20530465557
27963829695
21078089258
27284977008
21106693982
27967928445
30085424500
23939626813
23279772273
25137241696
21202251241
19434904571
20086666785
28487586899
22963264124
26758088245
26753878428
30758568604
28330828460
29827116026
21689922368
25390888252
23099874334
23242663358
31034831115
27856967776
24807316941
21397138443
25653534139
25568954016
23768915871
27637487550
22586758617
24857788009
26575036489
26134555059
28566748030
30983755265
33718122619
25846732257
22786849821
24410798628
20667968469
22704589539
29796637243
27389794342
26311140394
27224023925
24325029459
29510466531
24772107404
26854642269
27669303126
27297034181
29712964659
22160125159
23336067800
22751637770
27124918095
23520456564
24800066087
24653809466
29913309059
21206531724
24889418815
31400138989
29224551783
29596393565
