27942645156
33158054170
23069492025
22641169552
29268584757
22194887995
26834046864
30691649622
29617481765
27406994804
21202176442
23776222946
24102986008
27374973154
23470719084
30245614409
24003164761
24968450496
18991679956
34370773395
26679077378
21395182592
32687988789
25008912529
26638712574
30173403627
26717186425
27450916423
23476979847
24354136878
27398549414
23082920092
29731150341
27609213139
23490068123
26430715255
25537667017
20258417334
28906931497
28713639789
23041802755
22379148969
28684877751
30903293028
23083435045
27645846125
26854659893
22753710713
21088109486
22191291790
25526051310
24855291531
29270359857
25452452470
26189164070
24456347298
22605782153
33212434949
27122555871
21103924427
23742882416
27913264180
27287506741
25327242799
20293917410
16645754515
27874405840
22270140387
25104673170
28167250551
27994152155
24669242763
27657802626
27440058829
35684206619
28011781568
20285787889
32966298806
22915160068
21514962150
26253954147
22435691476
31584191932
33722373224
24555902861
23495189938
22182465594
19771476908
34195736351
22729038324
35042825307
27387463890
25306479642
24721084555
24372591717
25123730149
23569193886
21731223919
35103476942
27811611884
32953880214
16753233070
18078589177
26295894266
24652826546
26696755237
26239017679
28007820193
28927723243
33077008707
19598202863
31709683347
29097402823
25407929095
20515188386
29470122922
28443490763
35374069983
17270142195
27211340846
22890537227
28189043813
24639755460
23863234647
39482469352
23801877783
29365806412
30522903226
22941000012
34412020534
30374240667
25842579519
27253230815
32531699513
28020232447
33018054368
28089637881
34359308196
27507168238
29541404505
26025267628
30558325260
43564329447
29206768765
23890125660
21416446023
16939574417
22951599213
25476752128
29978951236
28170794078
54056450397
25726271719
22937091049
28489715254
18909783094
25813270480
29980029258
25876900046
24935671057
38111990958
24229156712
41135511452
21005916753
27225488815
40798655159
26470421680
30580517200
25190960231
22032499264
27771818675
46536231707
32959284597
31602566330
29677740032
28445325942
21888424341
25506026429
20884036248
27756871312
32118581503
32206053775
38094204022
20476278132
47507873795
30221053960
27252096895
25380214442
19076999361
32324362723
30284400050
29532664065
25654092601
28729651116
24956045767
25351777470
20934402590
19688521568
24238384532
24864134997
27024800670
26048620162
21823162088
14245151597
16361113765
19919311858
16149441609
17208219435
18844206065
18232235715
17663667769
18023090634
20142795868
20084100662
18589794893
17326058140
16698232781
15852778299
16677946409
16096337466
14434056705
13979892669
13820976843
12993402000
12010615629
9654129300
9795313732
9894103862
9864140203
9401628044
9656325710
9731516131
9270512020
8519693216
7451152884
5843030503
7797603771
7274723467
8827151695
7988336207
7191099805
7051354525
7079112613
7529527982
7757102102
7733561823
7618139751
7717079422
7705399372
7859986533
8243252302
8161649461
7999530541
9147742546
8456824149
7436665384
8859146789
9516437676
10354251439
9472967592
9516478311
9388937123
9690249404
10161259472
9286961313
11224206682
11922643944
17249630131
16906813811
15519483059
18675077350
17967555473
18778699666
19912749426
18028592492
17154404608
20914894219
19791313307
25720095683
23657140761
22854873021
22659118446
24651731072
20397399662
22029393367
21539023154
22377312199
22567264258
27033428188
25311173167
24702283117
24992106516
27212077398
26251031230
23281795984
24712220271
25569459019
19029690727
26890011430
27069311299
31231399846
21067148415
28881177612
28886572484
26277953290
21301246277
25547024369
18681677541
17105594446
19850475577
28921355975
28383140977
26867310403
31527405243
30327242143
26675808819
28269960322
20705471275
23334023208
24966744326
19676146041
29455013982
26313110371
20067336260
22687418272
23911056775
22375022958
25314101020
28428801801
22972583451
26025316211
20287478087
25848917713
23159746474
28503490485
30021017278
24101542105
23929955328
23006005550
24501993318
20322225007
33854772225
29668852076
23782206206
27807150612
26072131715
31423620122
24305647045
26492340609
28545280724
26449454041
24812461378
22659787250
23755482152
22746842683
24174741033
24592442383
23833014168
26089456616
30636370394
21888956811
23221047165
30291839134
28077160059
31247479521
