30453740744
34629208317
23752947881
21981940925
29350800356
21902957514
25361698896
32370443056
29980024448
28153490950
21059281147
19290882408
24887088956
26861996517
22881632645
28511292965
21876520084
23311114700
16044666837
34274710466
29956455968
18634023951
30141916647
24946580386
24867795851
31470701855
28732136475
26294960307
25905210277
22163451325
28435517363
21151136443
25604891669
30591140703
23176010458
29298762363
25759242528
20513830414
31287356627
29750556317
22983474752
23027326828
24900100287
33013989052
20110002137
28430252381
26329550400
21897720240
21130037118
20926687639
25692636863
26563301489
27205920637
23460014292
26514245142
24526543102
26052171023
32068402477
27784902054
19258073991
26185274486
25411762331
27708305029
22340685166
21983513317
15507690916
24377201837
22440267199
27450065600
27426350660
28625675028
23588838471
24007888837
28922857525
33277906229
27228204523
17178241831
34464780768
19703198484
22421218763
26094841296
24232709017
33187649231
36574685061
19954361318
26670838640
26466142321
23785440529
38315762290
24476551987
37242010162
26340951422
24690684702
26426347956
29051612356
24372315119
27509038089
21670720040
40599594924
29044625122
33113945251
21496344684
15854310193
25244252198
24487006254
26125883311
24665617381
27725000894
31224930674
35581721032
18718429802
32408212816
31071023417
25823575403
19697741315
27700083539
31403448295
35266082422
15711526273
25961153653
21160428573
27840612360
29022067163
21901401622
43614815123
28004523761
32587571693
28597351358
25658327476
40384685915
30373110835
23435973487
23821621312
30934733007
26020884836
35534049992
28727550472
36939654669
26940249122
32063972179
27152019369
28505659798
49001273248
29747232783
21848460105
20712854575
15642340163
22766010281
26068297158
30624072278
27569428495
58275086313
26840679014
23148050589
27420488231
22118346763
23821182267
22536584476
27517424997
22798887145
42810838961
25393703686
43678317320
20494503944
26954933873
43871044624
28737357430
31561335481
26203329596
22296407496
28566659369
52281749715
35804587014
32937943877
33061774765
25875761982
22991363826
25103338588
19831964725
27854123859
33248293963
29857739938
35619506497
22011120847
49853839630
31914923373
24264534551
24512659945
17734913051
33802291889
28495503395
28677757390
25070515444
29787565934
23282570080
25133252733
21032532625
22381780706
25833148675
23572325807
24225673347
23610449729
21882127304
14949057440
16117575659
16841420264
12680736580
17537358718
17927238510
16520192748
17322010610
16361310649
15728059638
16758016917
16457381718
13811185756
14850378790
13818898960
12395402542
11415506947
9921556611
9937717680
9603763485
8572369054
8612104646
7966016714
7153578840
6935943494
6186965494
5962606301
5777871726
4737951401
4999510278
4194450138
4321205005
3636426120
4028636401
2730896161
3731217564
2831794632
3373515805
2635380608
3030360392
2849131317
2711650479
2400404312
2428819074
2226741289
2454150620
2307244732
1356318863
3594037043
3851167358
3355433077
4065846171
4424988857
6079011137
5556333141
5079743482
5123970505
5135871983
5538233073
6282758824
5060019482
8142576946
9067128540
11148262406
13247632012
12403671165
11416978245
14891618868
15687312356
15712645000
18495923582
18402892804
16658718917
18358359244
21067229170
23981482873
24735085638
21645221435
23001030237
22831428939
22034336641
20931208356
19365442206
21638276277
21268630641
25803191460
25833778646
25329494056
24254798312
24897333537
24530317694
21084065935
24019014811
25115884952
17524254991
28092545043
24679089107
33060721890
23418719356
29874490271
30302324482
21309606478
21737672410
25860257183
17327753048
16520394837
20440765767
28438188117
29934508178
28208196108
33948812563
32962821641
26779882074
28094415516
20519208429
19129238221
27008560356
21204746321
29893783108
28973480991
17608599610
21263541050
23226920416
21629643458
25682145351
31622023230
23302960480
23945009876
21527744375
28084226419
23228152694
24167683645
29089873981
26213322092
23344993271
22944701687
24911300711
23160447389
34178987775
27845426124
24229738069
27230925436
29707842399
32944258347
21547148411
30464700713
27508248328
25163995435
25269761920
22577986068
25291936244
24476489232
25720753042
28466933331
21775630196
27926420965
33260190921
23766361005
24383704582
29559396201
28178603964
31561671769
