0.26064005803645834
0.24944624050288264
0.8186161425634394
0.757358286160851
1.1563659382878446
0.6974787800784518
0.701386479704191
0.3939385946755717
0.4720474531474914
0.6064835761301185
0.879704367063918
1.0158325954298102
1.0205946161976223
1.071105752908672
0.5793685159442779
0.5227916688994381
0.05105999663479871
0.5041571637412168
0.38516167369333587
0.9328279109132306
1.018538459997994
1.2863053774741937
1.1308602595658517
1.132199856004402
0.6735799404548887
0.6778056618682984
0.17261848684768213
0.5698008107096272
0.21345904992936754
0.9410191064720501
0.7376134210099926
1.3939446733919332
0.9836117724215512
1.5710765346938067
0.8595216878784223
0.995316109887165
0.1130876105444446
0.09447775218738697
-0.29216699870347335
0.3991887901211995
0.4059987720843584
0.7034707166264687
0.4615910972152717
0.12287796178552945
0.09200820165988666
-0.3749561741139395
0.289768313982987
0.2013142735076301
0.5189152046959947
1.0062747930862364
1.686327765910591
2.210600564833136
2.841264861728048
2.1011697820202815
1.664529525172338
0.2558672290991627
0.2864111067563734
-0.014822660831381021
0.700332795517074
0.6400705776954247
1.1560257855978082
0.645127505063668
1.182822249383338
0.7715337533445165
0.8719247242125616
0.4650146832522241
0.28345639261017147
-0.04091555244269932
-0.12632424421949495
-0.0866815085989611
-0.05062356804163453
0.03153638718880228
-0.0777867670874246
0.014271879006559712
-0.2018917133169974
-0.08561497429272652
0.018129701183810687
0.04029074158610577
0.45799590625440884
0.940355699889166
1.235533147195062
1.7712062461831188
1.2703796641785456
1.250896434327368
0.44827055948958217
0.29161885967038514
0.0272878334979317
0.16131675306914214
0.17948065056178858
0.47602385584983564
0.36515378419390576
0.49661135658720396
0.3760617013621047
0.3724558698137852
0.39415388904153004
0.19853273603584723
0.18542810759973333
-0.036561437738696495
-0.009761148380579914
-0.06710866691268438
0.04819351483212793
-0.013465547021350222
0.047574438164261115
0.0675083685628452
0.2659986514796657
0.4367687424139042
0.6902117721585457
0.7644551852612521
0.7614085815336339
0.5503779037642115
0.5161837922043695
0.336249466096564
0.3909125905993702
0.3640253284917423
0.5616578536675656
0.5045712482480418
0.8198279658080013
0.6340913910268849
0.6402142332369574
0.38098998241917936
0.34950767891194207
0.39121071782237293
0.4743285093929056
0.6609730468111923
0.7268777730140373
0.654314796955848
0.6873687768172918
0.7175836747515278
0.6041536877295676
0.6347228762654055
0.46211743690323326
0.49125945452588204
0.4963128320669522
0.6961621947881164
0.8206050618935903
0.9143988102098126
0.7845055186931061
0.7115717085378634
0.41547781062720607
0.4065701117036745
0.29371008334420834
0.4546473716488689
0.41990136966725844
0.8052573582139658
0.8076221623405734
1.1667731364593417
0.9212702632745278
0.8869410707460577
0.3946336608641359
0.3377804221990526
0.10198540523280367
0.4064130611912134
0.3513046348835558
0.7697967140968605
0.6625148074885587
0.8211407469403758
0.7404597870375406
0.6818920991762888
0.6238596799861984
0.4698600640809992
0.403786131586777
0.4982195360985745
0.5499099414062062
0.9169801195784781
0.9900767372885352
0.9330705100755705
0.7833261252066314
0.3308319322302226
0.21270175782766054
0.018146309004019173
0.30546030801897905
0.40369184037162537
0.6284553087488151
0.5912570811255374
0.7523824003393582
0.5448656366929915
0.7248510990543346
0.40912474335572563
0.38269886483236687
0.024133361196749584
0.12502629520377007
0.05242486954442951
0.31528907544436
0.3304809449783848
0.4472705856336933
0.29416417543965534
0.2600555281260332
0.15600811321403232
0.1134962040447762
0.10751695007704709
0.2243872550215921
0.25859434834155876
0.4617366117777368
0.586875701345148
0.5856308448185567
0.5356235904789072
0.26967965870556415
0.14959962040189162
0.0010651293798209088
0.05528073399585065
0.16057188173642256
0.21044542874658165
0.26436667137262654
0.30556712729536356
0.2019894847533142
0.22980991768121156
0.11447171107924035
0.07212736021453796
0.025582728094864275
-0.009122785122022664
0.044986506701548294
0.012114038240875605
0.0407389696062558
0.045509177893763464
-0.040367841206618994
-0.04537085578042445
-0.07229817069297736
-0.04957544610362428
0.039967799194588316
0.15247172833405712
0.24153694109116042
0.31534075659982114
0.29925147822818293
0.2506982052035159
0.1378886555253146
0.061856424562231
0.006653533550985365
0.015702755200552827
0.004636644906551756
0.09037532506982973
0.048321154668463415
0.12323163267082884
0.062492872674755624
0.02959391117313817
-0.05949028221687548
-0.05624575592058912
-0.09509891468767889
-0.01499332495173622
-0.033571318563029626
0.05498363394208743
0.012250773899402035
0.038519411072115026
0.025068246358565385
-0.008561135763731298
-0.042315538868834116
-0.04848805189528967
-0.06837203377483755
0.00494198117649914
0.10016268737863074
0.15214737496818667
0.21354342712178567
0.10979553314604258
0.09304243195192459
-0.05819156788215625
-0.07039122312271841
-0.15602062991567897
-0.12346032188859023
-0.1764246890676675
-0.07836296981063573
-0.13138743808636946
-0.0498542574739721
-0.08438893247164109
-0.04543621843898365
-0.09912724224025538
-0.08227635701607901
-0.14004744245537826
-0.112924619139079
-0.1584389815890477
-0.10537072455690552
-0.08265388099279218
-0.03128232652686504
-0.004052713746417936
-0.014701731273507499
-0.016495642741459204
-0.03889534622813682
-0.04748001535524649
-0.08208144134201714
-0.04793080309423042
-0.05776605008685265
0.023870285615452885
0.01790107128174045
0.07648498603752953
0.047243083696949725
0.035322082227749844
-0.06279657340844809
-0.10994654911286336
-0.19099007881977487
-0.15881800281487402
-0.17175669350048012
-0.09129319316335645
-0.09626465357579644
-0.017840499313987037
-0.02716793560815377
0.004944875783405774
-0.07550023932950753
-0.0808455329544203
-0.12295519639347385
-0.09865283195715363
-0.08338207304761598
-0.05972453150420866
-0.034768426444500844
-0.05200142896174223
-0.012997372899959118
-0.025916775543372274
0.036899943673613864
0.0042368635845602375
0.02054749229688189
-0.05099963739619649
-0.00564254448972892
-0.0021879989358400374
0.09488616040424941
0.12861641073673435
0.15354852826201848
0.09012865479280592
0.004957918950883242
-0.07300863642704097
-0.11786464735596236
-0.10342105244437681
-0.04111906786423577
-0.0007275883177810813
0.06390184950017518
0.05064314056878742
0.06885735769557307
-0.0070230748989276205
-0.007991867024270502
-0.025494887373314144
0.01641446815012336
0.04388007797688162
0.11091191833191828
0.15291108334388342
0.1546745786444359
0.1737193252580268
0.10198987404396037
0.09957628717118672
0.03457292247170017
0.0370782401461798
0.042618336065382595
0.060069448585507126
0.11372952665910485
0.1283782478186728
0.16035506565355936
0.08851728490789963
0.11443333755119134
0.04036988553952086
0.09442257329060369
-0.023895765026053187
-0.047593011796547464
-0.09496825517635282
0.003373372307059974
0.017715768073720783
0.17319229948080628
0.12000461285150166
0.19395066433923866
0.0026899943458849607
0.06951127616096386
-0.05896206338688643
0.0941517528618738
0.08395084227899607
0.2894236164541733
0.23960355600863392
0.32681331296255267
0.20791050476831624
0.14113970788342128
-0.038618468210181514
-0.08714605745931697
