11.834688190767764
11.291833827573218
10.793847020506075
10.268852510586324
9.785090666138897
9.994488956995626
10.258595707948134
10.364922381598612
10.003955601012215
10.206419939463245
10.379538252432003
9.567228515558746
8.17287027423874
7.7665869279005815
8.640760179436278
9.838860875820373
10.80950928023367
11.639689772997333
12.424837993079892
12.12888873482601
10.683626373189938
9.45964644240249
9.124647533137528
9.59290002668931
9.321189977052159
9.184086881402141
8.719745705761879
8.68105526934965
8.542101733076201
9.287342963968454
9.229573587876688
9.006326391596682
8.32150725389988
8.03498396741336
7.5956424282681105
7.364407092248142
7.984355753493673
9.431039548006153
10.80541780530619
12.267255127494039
12.926430257701986
12.84435448500836
11.957452171774262
10.990398352134658
10.633095788347145
10.543941285198239
10.698720609360867
10.860006038226183
11.134578980111044
11.069462434730896
10.531338402891615
10.273285813248151
10.671640762708094
11.192066813842331
11.468686722780134
11.427670693235562
11.878145814485844
12.44577670674542
12.704902087175217
12.128767415038197
11.842041895397756
11.751421881338052
12.507936510612364
12.143555711277132
12.024668483050842
11.812138849143626
12.32280046098266
12.34013237491503
11.906371870336383
11.34130682771464
11.465394209148965
12.773502504215957
14.480637869957079
16.049719326567114
16.51492326609959
16.477477608745808
15.483716054741912
14.418592608308026
13.332577802005261
13.008776489373343
13.284006823644463
14.622646483292673
16.341428389294308
17.960664578088043
19.392137607170284
20.047418612780984
20.007968634045547
18.707746528985723
17.8591449338558
17.18421762390902
16.95573454145328
16.642718776958507
16.835153343682954
16.664940812105506
16.64824058655695
16.43911414210936
17.229850704005834
18.0381818570271
18.629698737122453
18.607779396018344
18.73504380602938
18.771570790216472
18.838305821136974
19.19707318410795
19.894122818724135
20.36350547904766
19.65901437225459
18.980257276620335
18.860348051449595
19.07977622045759
19.762736823022966
20.906295855713445
22.23299087219641
22.444615878742415
21.74952061947839
21.061535756287665
20.273274406180917
19.97544957649879
20.764735796764207
22.825854198896
24.767539834072483
25.191247619274787
24.87788229545732
24.431685610718645
24.007667229653315
23.162884134020842
22.399095055609163
22.338004838426706
22.819016738472257
23.018568077744426
23.068012771055287
23.449849132125756
24.70493014957706
26.33310723524054
27.084364946427733
26.710133958261377
25.476420555694148
24.892555807197013
25.097793701851838
25.855537840045404
26.822507200046672
27.658936999599696
28.053509730076758
27.58921346806541
27.10871380008331
26.99334407196568
27.059266415954543
27.015370913812433
26.687631584725704
26.63204866894995
26.733227596918432
27.08187603448003
27.717513997450446
28.202160494071848
27.98129180908014
27.170108127181027
26.97468540885834
27.860133442537787
29.178117872537854
29.85012184841837
30.08728423872042
29.864760394115038
29.311901091936818
28.790750251082986
28.831057525143795
29.466114867936206
29.881856855022814
29.76992216980744
29.466953767616097
29.209142852342644
29.6624182364839
30.08548415606242
30.56120279943317
30.50548585490698
30.51872528537526
30.835864197823984
31.4418358142347
32.026209144153825
32.45864234987896
33.090518988232276
33.36704754738562
33.453738534537436
32.89055968659716
32.70916048741033
32.5103235214634
32.33888421535999
32.017522661949236
32.06847125010468
32.23034521415909
32.87492600226252
33.54761351493803
34.44911967135988
34.92492045172613
35.10764557796199
35.05844654895054
34.5448858410585
33.96650689780062
33.62865447718704
33.94323904145136
34.135758415300906
33.94144323417383
33.42179807555553
33.0187140023085
33.25588219179864
34.17961968425801
35.39586198285195
36.09573830615038
36.22876974865136
35.868031118802065
35.3245164731021
34.23082154443937
33.189097582375126
32.89527622122556
33.622827499631
34.397361942635534
34.642028687981416
34.970322220266645
35.48979238134734
36.19978421929892
36.402744478613684
36.62824780973296
36.815705716634106
36.75709042306963
36.34483513874804
35.44271556113698
34.084718307077
32.881487032643726
32.912098746138156
34.16790599323826
35.47863583168517
35.841890329034456
35.85597445017033
35.48913689440106
35.05818654226132
34.240359119668256
33.85186158465509
33.79255394022002
33.849597767433764
34.15179654981221
34.52923293966579
34.59820312401342
34.18993901518536
33.852574990540006
33.84832617341267
34.02826351695231
33.965644362798436
34.0116275882
33.58247156666547
32.66644675145184
31.38872486746144
31.106634731621472
31.582930110451063
32.541718728686284
33.11568613959692
33.60038587888498
33.654533222166584
33.274742952019636
32.629746648896
32.00269969631928
31.421121711743943
30.750049854593556
30.13667384725351
29.913762624526733
30.00064532760265
30.4668613148136
30.625477693616876
30.40208071112759
30.20275274736813
30.52181192606304
30.775121312591626
30.272057592151512
29.017978264865697
28.33248196062972
28.362201421314367
28.90273137919446
29.480904235618713
29.918542262602333
29.870191499699008
29.194115324136547
28.326823103696576
27.679070808935155
27.097192069322574
26.613969264379662
26.20436081762231
26.213434034375314
26.26930261535228
26.369343994386842
26.66671135582987
27.06066529186905
26.6991028174149
25.78685579468707
24.45897366932725
23.94876433188143
23.601169584535214
23.69768433027483
23.27367412969941
23.101790841938275
22.431655146445934
22.458353966730243
22.509679117145666
22.894451006518285
22.97367336952061
23.233398574548588
23.381554291742113
23.10401207297402
22.08490221377499
21.111943836885892
20.86224370331278
20.53728026318571
20.25002141161508
19.86576485991839
20.209453368379876
20.38764758232228
20.37764499767296
19.993048651134437
19.45342032277241
18.812027536715032
18.215334493548685
18.085868543358217
17.83502928432592
17.6553770091264
17.348915641641376
17.83363791585224
18.054732801094453
18.244472766172507
17.784985819009346
17.320611830586444
16.189422076393893
14.829853311764595
13.322471795980817
12.832623676724765
12.707384374761983
13.289694599660761
14.0006887980768
14.485477789261015
14.563974716773266
14.332439777354008
14.348179174481155
14.337509755256054
14.195333705715367
14.060241763348657
13.96231321613779
13.640737554476424
13.072733714111331
12.42328290059149
11.698351677940053
11.263438383635204
11.176265484407704
11.494002805090108
11.739347604491305
12.048498294122286
12.404234063613254
12.674203143484307
12.771102205903714
12.505366746780648
12.042879377081494
11.067708706823458
9.957728393930996
9.121350791813875
9.027538236994486
9.024137516906267
9.303856946133696
9.96516897461182
10.936595916026718
11.70166903632908
