11668448021
9254676129
14775917719
9606414751
6302263834
7100480762
9302331779
10693616998
12632287619
6204578809
14417178003
12249602969
9700275526
7460045242
7459639812
8578227445
10388533893
11541748067
4998325038
7710581951
15764893221
7575539425
14079721296
1306071951
9311025785
3277433703
12640548610
14058827517
7453240919
7913332156
10738120953
9302602567
14372253548
11348729017
13557775276
13072740016
13278540872
8960240749
15068811271
9132353281
11115547988
13663598110
8783429814
1198871483
2930693396
8814271964
8842039101
12129683658
10947444322
9371989582
11206071522
11322240991
13098024201
13296951316
11103157234
12555118905
15025942823
3690368557
4367778684
8574361236
6519583901
7400583357
11357948010
9852906199
13870106252
14223495936
3651104984
9637836815
9225696766
13848033169
10427850442
11100982326
8943024799
15231600017
6079874764
12586335407
6882498621
11885583017
13373525399
14241735826
12829631766
12237380906
18119395493
11352563737
7657318607
12355794062
14424559272
6960732206
12079846626
6619190382
9621671844
19101177936
12502574528
11845887257
7692806354
10162604437
7849118355
5524262206
6400777620
24580718180
12802556058
9780422866
8535687626
10920230679
5585073189
6390183819
9473794707
8134632641
6031505350
21421198631
12400565765
9990083656
15591987174
8325904548
26959489695
10705606746
9180486958
6784091531
10205190286
7440371083
8136532591
6524489203
9127984894
5426550523
6661747986
9527154948
9021184006
5982608252
17746151095
7072704530
12603664348
31678156026
12662866204
9172985320
11320091334
11085570509
12714508246
9413527554
8149257365
12626061201
10128462815
14031544502
21148387136
6364757116
8995738826
10751976940
10831336072
25119708872
8915781841
11056443115
9788821921
7279187963
7179988645
10331285259
8618965397
15354473280
6463324563
13392052686
11170810406
13839620020
19579190579
9388711855
6101247532
7715700319
6990665591
9231764063
11060999828
12933802304
14380136389
6678026017
18856407368
4525018630
10838575621
8798497085
9462689926
11059744685
6205321515
12784693253
11330029377
6252714046
11717866473
11024091426
10365613592
9672588409
9001945457
8368937930
8134764198
9387256928
8786045394
8229267220
7732152667
7039688314
6801070687
6333291321
5935167479
5569934031
5264859622
5011833310
4745606215
4476601580
4217510579
3692890917
3710997167
3448666709
3208640231
2981872149
2778568608
2584133382
2404286552
2231010313
2069666339
1933634029
1795087136
1671287467
1557233303
1457901130
1364168718
1282752034
1224878225
1149168342
1083364154
999213504
935980277
878725004
803601988
768845406
698695694
620184667
615190273
582198298
548321770
515702355
483799908
438476859
413296942
391748075
303555507
310064583
291618983
276412095
282371222
240822169
154621112
98268722
26926567
42796782
64982727
173116989
61981792
65729025
143977655
91552947
49283460
27375721
99084899
96432945
14148723
39489804
60969237
58674239
19555704
3581169
61385272
52185488
5597188
41741824
20294151
12461241
44091802
1253658453
1241441288
1208557678
1166629725
1134533912
1116280557
1101358195
2215593082
2473963056
2758479694
3214926137
3713881002
4082248691
8065841597
7774052794
7957825863
3657631508
7491286597
3535615411
7978309176
6015670485
9914912799
6462816623
7441405293
8910428832
13100849345
6834025523
12245526227
8599859848
16019529992
10463633995
8789071232
10867921098
9358848041
15641528772
6644430712
12117762772
7928690793
11594682017
14951147868
8062525917
11970175968
12504328561
6984751774
8409945191
8005419773
4259305819
11297369317
8621029181
5087658265
2277123205
9375842681
14823932084
14357256575
4596236716
10438474426
12982851612
10553902232
10210026964
13292151270
8668874810
10021017589
11559718834
13512435225
7419320769
5820061408
12512052556
14671491333
7821928976
10353405954
13835661723
15938367315
10711403931
7532146617
5362652115
7917581738
8081246362
7767977372
10989909951
8107549888
10994499789
10023490568
6366456008
10110113611
9862151288
5779493046
9503828805
11626504533
3270622488
13929448716
7481918656
12807107761
8844998742
5269274304
2079225185
13446571429
