11661018707
9245908101
14787600861
9569654334
6275331566
7055949382
9296098108
10704629462
12644266983
6262773646
14424795453
12231595322
9758013470
7474339264
7421079783
8596898978
10379647867
11559928466
4968387298
7734302514
15775149046
7585834431
14039202535
1329982282
9332209984
3289985405
12630913822
14077420705
7461589008
7923249134
10728420914
9374860014
14383026732
11339938480
13599378387
13089920059
13271670711
8975591897
15096037243
9120395784
11088360666
13664174797
8766480393
1209802999
2940180601
8808394534
8839321064
12104373029
10965597693
9391749593
11252044420
11315140145
13109178705
13308660193
11119236834
12494382994
15030406585
3658695702
4393600844
8570825795
6488840847
7418020159
11355335776
9855113134
13849847616
14112071320
3681714897
9640961000
9215600456
13806226374
10442589060
11084350611
8968025224
15162663851
6046855516
12582678881
6885906518
11881417806
13319518370
14180160215
12814452541
12204754004
17962328422
11359769158
7664882180
12360134830
14388637413
6951138868
12132281362
6586138156
9647824369
18943972904
12471873113
11856286654
7728001866
10167199532
7797567996
5504267054
6352379697
24259283152
12816690019
9836139864
8584488954
10908869745
5607511628
6416302327
9422020173
8103167261
6045721534
21256882077
12315481850
9939575383
15562237392
8321791016
26453378146
10672935413
9186103556
6812034577
10166594921
7458753521
8152826390
6543909669
9100509095
5508172627
6733412020
9509129542
9031744861
5957982364
17595941424
7049433176
12567109587
31253800216
12692539357
9176408433
11294050417
11120480805
12692840821
9462193301
8189382971
12605012453
10153980664
14077185670
20952378126
6304386626
8955814222
10710075688
10844488550
24888159975
8867538967
11080980093
9819034918
7252931562
7253724227
10337470110
8616617516
15410513971
6423900524
13387632410
11187204243
13777802821
19570729740
9357359456
6094009955
7774573965
6997931043
9217825051
11054054670
12903541645
14398720400
6668395964
18947888674
4551578181
10844214428
8779600435
9437802897
11030408132
6216392984
12920117002
11325824725
6275622185
11799290353
11094371368
10438616879
9735991687
9079755090
8399767820
8142866661
9616957553
9029485666
8664278638
8140385614
7024662647
7159985236
6665837862
6246723516
5858481841
5541488628
5273216139
4994925966
4711165290
4441111308
3663788031
3909347709
3633453728
3378218994
3143599963
2925724545
2720174299
2527322622
2355635067
2184536319
2033485361
1888542509
1758166796
1641902513
1533535512
1441293496
1350952807
1277966859
1209254645
1128012996
1051940582
992856770
897131781
867959608
816441345
745053263
703441663
652028551
603060425
573183114
545245785
512963648
478981743
438727761
423109895
395731627
351260205
338740523
317098575
286232786
257293532
130821335
134578215
35605950
56047558
112265090
158985221
28933802
43035756
147905349
104520293
23350194
6305494
106086299
40656084
31675078
57188504
35125237
32941668
33962390
34648861
51119934
53384036
17381817
37427006
26986667
11148589
291002111
1523724805
1508573001
1462987546
1401609264
1363921333
1335121844
1296207949
2426137027
2693272196
2940063247
3343346957
3761839376
4182830057
8198475152
7799364847
8110241074
3692279298
7553049654
3515492442
8080877346
6011468030
9951059523
6454213545
7476106224
8911745894
13175623281
6840415472
12280559184
8607805584
16096328840
10502936932
8769213050
10820427788
9356271077
15591389486
6612368993
12166098001
7933729718
11597275397
14916503550
8084923261
11980437145
12505989373
6953383841
8393471754
8032684880
4298115249
11284348857
8645626588
5071946600
2280368642
9388593479
14801842870
14396758241
4587833754
10416954105
13033082967
10548461490
10286006548
13336674398
8682453366
10034757641
11531240339
13518536030
7403415482
5804200885
12554938072
14659790297
7774431780
10404733651
13829542074
15928894165
10729723946
7587919698
5320816576
7868303299
8072303154
7783366664
10936200935
8124855400
10983724788
9991970980
6377174171
10168993601
9875525385
5805214562
9582028362
11670629668
3305284508
13916108513
7519166655
12846235257
8799717604
5207893904
2092862864
13422333739
