11647693328
9237326696
14770598486
9561239876
6298619086
7057991232
9286179937
10723787583
12648183109
6266183484
14408743555
12223667175
9752564655
7470796709
7431340448
8585442624
10388135536
11550965948
4979853070
7738740347
15765689594
7597413147
14041266726
1328083761
9331786812
3272791482
12633379192
14094122961
7449470234
7921525738
10717264034
9355618552
14377701140
11339242286
13582692281
13075979099
13272780679
8977895728
15090659316
9128906387
11096963769
13665527422
8788607675
1221265401
2949778713
8804778889
8835116633
12119945437
10981234686
9420951810
11264462223
11307411554
13116092146
13304119862
11107398384
12520725584
15048385722
3664199305
4383315684
8566583750
6508389483
7401190581
11356138310
9835439618
13858007470
14136004359
3667019509
9659607132
9211206048
13816478065
10422408506
11083997589
8962792161
15157367326
6031182993
12575691784
6861031712
11870526125
13323116312
14205949754
12798905935
12205554752
17999971827
11383221552
7671772113
12354287891
14405607534
6956271520
12127789299
6597738138
9609805063
18970755661
12485837260
11836867441
7719638626
10171756960
7821660551
5518947094
6363412313
24300659120
12814656504
9810017484
8562290148
10914479814
5593626832
6412116723
9446460058
8118181124
6036752423
21285877834
12350931534
9973152926
15548771046
8326242353
26539514116
10672953896
9193550244
6803409298
10174385190
7450072826
8148681002
6557118030
9111341664
5487056844
6726112834
9529535970
9024705763
5973592447
17636108704
7072175855
12570506509
31344043163
12687834627
9195119019
11305262983
11101575167
12712358364
9459680191
8195028124
12583950669
10145035611
14071603372
20988698576
6325979455
8960392656
10717260323
10830386891
24910943267
8878928593
11077018918
9802082900
7260597029
7239454833
10334867765
8646803679
15406242049
6428363107
13374739913
11185889844
13796542401
19581027009
9384624010
6083692193
7778905115
6980936671
9212710556
11069156966
12897012166
14388941423
6665644529
18945828274
4554828589
10851402680
8782657712
9457587000
11043041453
6196562097
12888482024
11329638079
6270191036
11790227177
11097291387
10421208762
9702871121
9064302291
8380561158
8158341247
9579436430
9015696638
8578838560
8060238676
7026966566
7089778409
6602368564
6187716087
5804187782
5487538167
5224912532
4949021678
4661310158
4399862454
3674195495
3867435138
3599507056
3346268885
3112670185
2896821290
2695844574
2509225091
2334798583
2168300446
2012754495
1872835539
1741461646
1602130084
1517680665
1424944957
1351076168
1263488709
1201832655
1124325862
1051578721
970298001
911046105
845650306
804641616
746839392
698783298
642534549
607317241
566553147
520132652
503023242
464067217
444660858
396164705
387566520
341430760
335174318
320813090
291350068
280016536
141614830
131986925
30141810
51377840
119411131
188621059
33547495
56643261
144434415
100341211
23477190
29390401
113088016
57987421
4547657
31861313
52635258
31105838
24182087
35925003
60192743
47559015
5055781
28347089
29418699
13238471
242647927
1477412167
1458772234
1413558642
1370435359
1334026681
1301400981
1248614865
2384483155
2677223605
2925370449
3310361755
3753713418
4178543345
8182200083
7778671878
8061350501
3681028361
7534583718
3521997972
8059125771
5985445871
9931897389
6435452850
7487585543
8924192890
13166234020
6825633496
12272148450
8603747491
16076517125
10486803028
8768838014
10840074148
9365596303
15605033559
6610937418
12139931127
7907765275
11598770355
14922343195
8052274454
11966758563
12497665644
6954472995
8386885769
8028684666
4283922442
11302760635
8615093422
5078846186
2277652526
9400548827
14792122143
14381607019
4602480979
10424941209
13015935295
10536978729
10267578863
13331169370
8670493507
10027995312
11529784929
13521294584
7400264488
5799368050
12554631251
14665122342
7771498540
10379370815
13805736597
15944128545
10719829152
7571576112
5322707559
7890290261
8065886930
7789455199
10946879954
8121454838
11006923131
10004056011
6363048123
10163384766
9867587294
5811973482
9548751235
11655861191
3297480203
13930808994
7510590637
12850718156
8807563043
5229032357
2088331456
13431204798
