11668513794
9257266200
14769535665
9625026765
6277476071
7129402536
9301064948
10716597560
12668032529
6241148616
14400443628
12229270744
9721940316
7491614538
7392379495
8601427043
10332199573
11592072882
4987765603
7727264935
15763865953
7708477673
13969003199
1313865457
9338610386
3184905871
12634368001
14115433715
7395745271
7928387594
10641723012
9326173362
14346868327
11315997513
13589768104
13056527140
13246367592
8969204807
15087458112
9149783928
11110247775
13642127138
8773914093
1261003764
2901062277
8752016548
8851701425
12096922737
10926682504
9390074769
11253825225
11306106408
13074071031
13251928139
11167013282
12519408980
15025673406
3648457099
4363470506
8633044148
6509077770
7436218045
11436039359
9850178229
13850345400
14036292482
3667514363
9675726869
9212793476
13790998782
10459326374
11073787132
8899161901
15083457259
6029874400
12504994167
6875986548
11826698828
13359747045
14179156480
12787328084
12212901033
17820345556
11349124820
7633318942
12375786606
14426858353
6984768784
12064611807
6550323869
9676657434
18768977826
12453771949
11902336415
7659856003
10163776859
7844735246
5545246457
6328215932
23984990415
12858908087
9764231345
8556687098
10929482242
5660475844
6374891423
9418446398
8073951174
6009882917
21087397233
12280437473
9944619370
15587162351
8303947421
26006276810
10645167056
9146758774
6862428681
10195378098
7495428237
8241145711
6564248507
9062340410
5534607124
6738718900
9542075065
9006816056
5961746429
17480546762
6981375630
12531545369
30838726595
12668593210
9204001756
11317413528
11072864611
12663259204
9480323102
8138358667
12599039938
10131232618
14074504294
20790953979
6328098171
8943764950
10680341121
10833704678
24644835846
8824363413
11044503613
9906151796
7228177999
7345931773
10354427367
8623503526
15454004139
6403211528
13444525027
11146403235
13803015731
19553102055
9388420850
6097546067
7785404394
7059683210
9177297587
11075747699
12905153659
14423826652
6680051093
18991023404
4579551622
10814180198
8810173281
9361720533
11014950792
6226308046
13032636025
11351485976
6223374803
11932325598
11260860839
10422392842
9809296515
9127879370
8474708444
8175089790
9715679746
9092148644
8744561865
8298099473
6992333050
7567799315
7050434459
6601700891
6190449743
5856245015
5575574481
5278369586
4983987522
4688443522
3702591023
4131156760
3842349385
3570127378
3323528426
3081314822
2872280647
2677063480
2475610552
2303663429
2153236824
1981189192
1863984961
1716742592
1609495835
1511722450
1432713079
1358195165
1279604802
1199849510
1116604905
1048673962
945099460
919594470
838774891
781954878
736651860
695253318
647596470
567384835
572187300
513739026
460659112
467163057
451119405
393456498
356158780
354657353
316584425
255534153
291118626
140115255
99968735
106365879
69882126
119138373
193174750
10831222
44895076
138793351
137896683
33135589
54955107
108993409
74256170
43654710
87960378
69415938
5751387
3027330
34961272
37894486
68290073
44029705
53421001
39411652
3016524
577611679
1730427791
1729301626
1708241832
1644899561
1561046387
1535041500
1510433804
2660381030
2828006603
3098043873
3533722279
3882830704
4305813334
8339683969
7768993762
8193622806
3654933048
7632453360
3517452844
8127288826
5995333614
9978478230
6441313185
7522973725
8986040534
13229042653
6856043528
12363110362
8680874133
16150745271
10431560901
8756261767
10793466157
9380237836
15469389696
6619044923
12138411528
7946101575
11617956330
14934151047
8102110209
11950816442
12471611682
6942686500
8388774323
8070775613
4310477613
11341903349
8642207408
5117972344
2280978644
9390784150
14802715770
14371871721
4576016433
10399849462
13017337062
10584104768
10308378768
13340452079
8659556263
10030970586
11499822070
13529617107
7450388870
5742709491
12519227061
14655677240
7778852089
10398633118
13798208018
15879970197
10794459725
7653197860
5331817909
7887101534
8075684996
7791003351
10948609981
8125309258
10995074621
9977761952
6341025670
10117509310
9934482740
5824948377
9540239259
11617951027
3328679764
13862188398
7571948730
12770144086
8784688658
5171029699
2076522486
13474191000
