11659748728
9222872937
14774369253
9601362469
6292160581
7101475623
9295574792
10700525447
12624291952
6221906199
14425693605
12275325780
9722917184
7449243755
7467720458
8576698244
10378854793
11550957388
4982292880
7726611808
15763866471
7588725414
14079843010
1301717866
9308826888
3272149468
12635808037
14037557353
7455062172
7895829700
10740494418
9309100486
14384433583
11341395074
13572194521
13094144538
13295917537
8962692598
15076771454
9121820885
11115764708
13653039446
8794193336
1215765898
2930071040
8809281118
8846284337
12114283501
10969204541
9369905939
11240591813
11327413025
13095015098
13306763580
11087091526
12532602330
15020651120
3696182100
4366917863
8555701947
6528378457
7426054611
11368808594
9869338410
13889017157
14226021868
3626333232
9636471120
9221678139
13827670810
10430192795
11084317033
8947918549
15207236726
6076406307
12576589748
6876821113
11875440576
13357793880
14229465593
12826068581
12230756027
18101156724
11355493450
7646854354
12354644047
14407064343
6960941490
12093755737
6621651007
9601275472
19072612340
12507825639
11828588167
7700586206
10174338800
7838455817
5521983358
6384658638
24540320937
12820722736
9782363068
8535581914
10928040546
5581109619
6409223398
9466995315
8114567520
6021764864
21407445779
12393700967
9976531127
15579561624
8332956057
26883489986
10686276224
9181010359
6792896414
10196856769
7451889729
8125579890
6528113562
9119549882
5429346698
6671149924
9526817766
9019467086
5976842794
17726839173
7081081466
12587354729
31641327060
12663980223
9163207694
11311542164
11086689850
12726650976
9419210733
8144440979
12603587067
10130139558
14045455155
21124072808
6357267654
8988180824
10732743013
10839640789
25088208968
8909887665
11057694479
9783982250
7276850360
7196538993
10324531083
8604801781
15355001244
6462263570
13399528862
11177966701
13826056475
19562721973
9402572738
6095887806
7725074317
6984159272
9229713723
11077383420
12936551231
14395061637
6663911361
18867714813
4536907141
10826104573
8794813046
9447964067
11061067838
6204385262
12793486461
11317340644
6243540589
11720108691
11043460601
10382794433
9686774679
9015286338
8378094549
8155790950
9434862679
8840807631
8281645304
7780289695
7063018706
6845345686
6375742244
5974370776
5606926765
5298049251
5042055389
4773494869
4507946071
4245661844
3679535845
3739208270
3473432970
3231233571
3005448333
2790522021
2600051383
2423791542
2254490970
2097109901
1946308952
1811014648
1679952240
1568392668
1468433865
1376501081
1303793448
1234419417
1157260774
1082094067
999461088
944632293
879719343
807923117
781453967
706762530
634150652
611560846
572852623
554527667
518253943
477273533
443245247
416033408
380827122
316120203
297787143
307987823
276650025
286422524
243301838
152674973
113291399
29924811
42483787
56929566
177069593
61959669
64404089
147593810
76932451
49783470
37922082
90908781
95430517
9339508
28310153
77465802
44030449
18617164
976687
66734658
38055855
5495779
47081327
1245406
560262
42084556
1308484237
1277642876
1239540538
1214767151
1173694786
1170742409
1130094018
2261838648
2511563613
2795396787
3213446282
3709176450
4074356288
8099121143
7780243078
7970261218
3658323825
7500976224
3538027858
8003047943
6027511379
9904220799
6466514026
7430598842
8918150578
13105800209
6839434552
12258093025
8589607528
16036351650
10471665634
8797024247
10864711657
9363227533
15626879168
6665142841
12129378805
7924792346
11585414038
14970300195
8062561798
11964157084
12502371463
6978524807
8411238111
8012474947
4257311606
11288994671
8616564050
5087413627
2258885049
9379871914
14811321804
14380688687
4602392110
10439808798
12989664048
10553836865
10253044784
13306852660
8670195629
10018975127
11568197521
13527853335
7397261326
5817449276
12508411386
14678785973
7809826248
10360730661
13843992065
15935246817
10703869236
7527658905
5335078975
7909787809
8082056065
7779448916
10984928648
8115136645
10987250821
10028330275
6356144799
10104659046
9848908954
5783577825
9515843380
11639977797
3278853301
13930154481
7478774243
12813488992
8840836603
5259834792
2084670708
13437602704
