11660800399
9232337226
14775708943
9608776724
6292271115
7091348296
9295385681
10706893456
12631467432
6216097195
14417792071
12263472931
9717769437
7454989402
7455367467
8578491957
10389154366
11544276401
4987521099
7728570819
15754454867
7586178655
14082798609
1302146390
9307758498
3272781148
12633604136
14046702770
7454641866
7898797411
10748709250
9304789623
14371942824
11339096355
13567697325
13076255026
13276968098
8950665485
15074406985
9131218150
11117382328
13657117148
8785648456
1196345108
2925202321
8807605318
8857022476
12116698075
10956550734
9378833283
11213608824
11328643298
13096228401
13303668269
11105173261
12550419302
15027740969
3690202979
4363285596
8561890913
6532432187
7408281238
11367107084
9858643856
13881990771
14217439327
3645821127
9628077173
9226863474
13836675311
10428278538
11085660825
8938091075
15221174739
6071937386
12581843952
6877192801
11883710134
13360265652
14244950240
12825450687
12234210478
18116290487
11357707130
7663799539
12341720661
14422932007
6965077428
12085842611
6623162482
9603021691
19084073564
12512260098
11841108746
7691113920
10166399722
7844555669
5522947708
6390447575
24562666063
12813167682
9789958958
8538371956
10926772351
5575392589
6399594380
9468566281
8115713365
6021163044
21414045889
12405775418
9988392444
15576451357
8329183949
26903121038
10703019817
9182600682
6793921208
10214949352
7444634500
8128533919
6519630787
9114726192
5422795434
6661594728
9529287021
9015371250
5983420361
17738711188
7086783905
12583532734
31652001261
12659807520
9159089197
11317138508
11086565317
12726069560
9429360242
8156560046
12618137227
10135210328
14042038937
21127733756
6367399812
8998506236
10745797267
10832633149
25105892500
8903617694
11059619706
9781119909
7273175558
7186673901
10332289396
8608847975
15351862894
6464271405
13390348528
11175022072
13827876260
19567581051
9401931406
6104815101
7723877634
6982038490
9223248060
11083319247
12943213991
14397737672
6667063636
18854376278
4534916556
10829946608
8805389182
9452461940
11052999434
6199154619
12787736319
11316620567
6242819015
11718388361
11034187867
10373170422
9682783470
9004425277
8374404125
8149793812
9417923469
8816267872
8255197114
7757700009
7055497892
6824726295
6353480876
5954686769
5585530808
5282037147
5027584976
4762287447
4492268251
4229297433
3687511987
3719626672
3463695258
3216773806
2995684562
2788566771
2595185259
2405349857
2243764445
2086855433
1938985498
1807114288
1673024620
1561271890
1460792505
1372843990
1289670336
1224113862
1153849884
1082752866
998771075
936505669
883196336
802199203
777251735
709665971
626131106
618329606
581710328
546302504
517236756
475435777
447256741
410106945
383879290
302714832
297941922
298370800
288952771
289463439
240640893
154783989
119031918
27140370
42028100
68045490
169961797
66082469
67952488
142064434
72289333
49810976
41727824
97975648
94391091
15047330
29465892
64044761
50047526
17433197
52542
64121454
38349278
3370178
49812726
10369728
1563299
42113485
1282214521
1264871158
1234213577
1187611110
1156054528
1149743838
1119965718
2242970954
2490077870
2783816815
3217859941
3713523634
4066638922
8082163727
7789460773
7961944942
3662374402
7495858793
3534955693
7992503905
6030849467
9900955786
6470664093
7439284340
8924435326
13110108036
6840120987
12245767525
8587384844
16026318813
10472392496
8797564495
10868039207
9359109342
15633560768
6659667426
12125184926
7927212971
11597674947
14960562833
8062345943
11964007566
12498839968
6980936671
8412000747
8018078469
4254102638
11285469745
8616845422
5094241799
2264927676
9382061617
14813590291
14370713210
4613565179
10443635048
12982070233
10544963340
10233904549
13303118220
8671370574
10007475419
11562322988
13522868319
7414843406
5817094425
12521800495
14678601185
7809399866
10361356467
13849780749
15940398931
10710537964
7524777324
5344072706
7911718928
8081270079
7775352156
10981845291
8120529738
10984344384
10022134218
6353137465
10104918103
9857211944
5790059282
9509901441
11637598353
3275179421
13932909006
7470599250
12814898063
8858412550
5261283032
2075699209
13440433726
