11807380054
9215314090
14864931472
9664730118
6370509015
7243811482
9354113650
10593133841
12707099181
6212436851
14280030997
12165675514
9898844423
7627237704
7512288544
8802672816
10184690935
11525403599
4914445777
7856002864
15765928937
7564327063
14090783565
1196362804
9404227148
3145865413
12621558104
14009513517
7439407829
7832986611
10735264510
9345361960
14345339475
11209732130
13518328486
12968748272
13323368233
8997754372
15033339597
9110825616
11077903831
13771232270
8908955991
1096034521
2784463143
8778935734
8739822741
11970954159
10867608603
9228254783
11221553082
11344706643
13089242801
13283146263
11132740853
12431401409
14766950817
3544697757
4547986479
8511925659
6713230826
7568233401
11618121180
9644699735
13548267503
13703395539
3439960561
9625150832
9129791239
13583019162
10419956948
11007298216
8823117710
14486696780
6054866866
12455170007
6864970047
11847332035
13218607761
14055092973
12728575493
12041425177
17016780702
11370367751
7569511865
12353909026
14382025597
7031935400
12033055160
6606587024
9532766203
17891534226
12482341278
12039980200
7639187604
10233030605
7558096941
5540744716
6099145718
22127037043
12738904005
9626152007
8464547630
10845880090
5651469008
6545814451
9445571552
7935575051
6058912885
19873533448
12078651052
9937906375
15593506660
8344639495
22910744330
10819818799
9073012304
6775402261
10124763010
7351907375
8302882691
6517494792
9072115712
5753150157
6722039437
9806429195
8783156962
6045366249
16648732736
6974426141
12580283874
28178503601
12820093449
9128388369
11348574934
11175314608
12680096155
9587521983
8071406928
12620102806
9937249662
14140194897
19888414551
6270113436
9064579060
10645294782
10590569548
23122235940
8964998809
11206867270
9904202284
7231655047
7398821861
10642458695
8720910658
15074784285
6527864936
13701912603
11153074859
13987730823
19179115199
9551363991
5962864688
7830830908
7033596141
9210995313
10967271600
12988364900
14560064012
6869027527
19175875136
4576123249
10842273092
8862229194
9483324063
10942807274
6412723088
13196412914
11421950062
6389278168
12697195887
11966952271
10495579307
9904655499
9145387605
8381334439
8613134339
10835600841
9184735330
9713290304
8586565073
6838595250
9459039336
7149649135
9062701431
8507803924
8042777602
7656388175
7249430694
6378978059
6445338657
3673975513
5663479508
5062506511
4899088849
4558785473
4232520981
3950184079
3675416108
3420324883
3166877571
2956655270
2744873363
2555862326
2378470588
2200581774
2062504521
1956023257
1861190571
1750790335
1644428154
1539723391
1394133457
1296197702
1243883041
1173045023
1101808416
1003730928
946198941
888623315
840849276
717661377
736717326
667486422
578425888
617612330
579598245
535205192
492906585
473688195
426096683
397682169
358031588
245773011
314581269
313061214
243768133
187468916
231383584
225635020
182447222
178601343
125252523
89744027
78081948
88236039
109976709
100146166
42604205
53415486
19564657
57185248
17514785
11963967
77015727
47611398
70132751
243383584
2200632552
2971553371
2962992749
3043250229
3008491578
3002610214
2942459395
2932931726
4029459978
4197988368
4271418812
4408206259
4704131306
4668116594
9185614526
7828222550
9082296794
3622576798
7629179855
3417692665
8388699684
6244355151
10258878471
6587081501
7566966118
9087934016
13315573604
7047290250
12671680275
8597712352
16239851419
10482834643
8542788675
10852784077
9437802322
15426871931
6341011210
12250810208
7730400042
11712218401
15035844900
7998942808
12031802411
12162514755
7047938827
8288818347
7976683576
4342290334
11551554734
8631814721
5069193758
2318498567
9230950346
14874106088
14356125672
4550426019
10243901505
12879112040
10546578381
10426446486
13232400290
8592243189
9960333660
11548057302
13459091646
7179478114
5818471059
12580601501
14650588577
7879463337
10141805402
13808032090
15607643807
10778222777
7471833399
5322643069
7769800878
8207316373
7939271900
11102440954
8054710576
10685915952
10015939373
6380604954
10230189107
9756982410
5768849976
9416734389
11542583958
3366071577
13936477659
7582739830
12849213371
8606707430
5098484538
2159869930
13439486364
