11682121262
9256332620
14757868934
9627362461
6277767792
7117067236
9287315121
10705691128
12658876333
6240093179
14390075090
12222818500
9719759254
7489673187
7391151345
8604439851
10333828861
11610937421
4989607813
7735036149
15767854935
7697988895
13967228960
1325467222
9347982668
3184793328
12630600961
14111604877
7404723382
7936340000
10650782963
9339593256
14346008241
11318224497
13598166902
13067173582
13251074683
8972025683
15093689079
9164108192
11109128438
13646980243
8788184131
1263367711
2888846568
8757412641
8833231918
12091066799
10937071914
9402413920
11257786147
11308796518
13059951591
13258915174
11164807778
12514740753
15026509968
3650820039
4345055650
8639268552
6489448220
7434751212
11438477860
9853833612
13846604091
14041133499
3671831525
9672595557
9218423006
13799695619
10445191336
11059141068
8916238505
15090460607
6021925847
12512578164
6875819148
11836197533
13343872012
14184970463
12790949765
12221083281
17822111901
11344641095
7632694877
12386897525
14424946444
6989845399
12084135322
6572951147
9692738126
18786890388
12464636994
11899493108
7668494306
10156384816
7839117220
5547130316
6319244290
24011292960
12868788313
9774783199
8555267852
10928165320
5643939451
6368745463
9425782896
8088320925
6004392361
21092213432
12280073509
9944106917
15589553250
8307276765
26019066734
10655534869
9141383120
6871846960
10192982337
7498718803
8231305722
6563097007
9062758223
5522562013
6717807243
9538011132
9033352191
5956678399
17477133910
6983024859
12532486840
30852922862
12644858408
9192721373
11326295105
11075768596
12663359427
9493193005
8136153602
12607348628
10140371510
14078280351
20806356231
6328266636
8948626986
10669918169
10826781587
24666023626
8824093899
11046595133
9890415702
7244589624
7334650856
10365988492
8614001047
15451822594
6404712662
13459528696
11160979999
13809658820
19548528711
9384957792
6100932510
7780230803
7047482361
9185311629
11082511702
12899521408
14428366885
6680373684
18980699450
4566419452
10818876192
8807454945
9364271186
11010045760
6240779826
13021439558
11357493289
6225313204
11931774137
11259156280
10419363766
9807742262
9138356350
8466206449
8160148370
9707725715
9087298363
8758348516
8297000792
7002282775
7538747158
7031848793
6586058570
6183007058
5841591673
5562237897
5267317334
4968478766
4663403873
3693795995
4120116345
3826810377
3559898318
3310350426
3085171142
2870961141
2670548304
2468483793
2310737437
2149891152
1978465245
1854510197
1701778923
1611290415
1508457844
1438328229
1359196711
1273907862
1193383695
1124741992
1039781350
939532094
904709899
834069722
790705550
745534154
687492187
639288156
581059599
573076938
518871590
483877387
468500445
450896837
398969451
352109339
365219439
318258360
254555535
286549170
138052055
130033997
97366370
62574421
117983244
196041333
16493503
42511128
135582997
141654452
20922623
56822248
110628619
78746510
30731443
97131099
71721223
1278838
2943501
46632974
38188117
66855949
39606948
58759541
43778809
31598
560991614
1729558352
1722029156
1698735825
1627952839
1542495127
1507652207
1506964428
2659762187
2828648710
3099149883
3527848610
3884216352
4298493737
8343895894
7755625574
8183650504
3639293493
7638195359
3510059326
8136850566
6009087245
9988719014
6433968792
7515756088
8994204987
13225934404
6850155020
12353464889
8674764965
16161218145
10451515610
8744573818
10788154743
9385684911
15469405786
6635708584
12135422097
7945661396
11618509568
14940212682
8098125676
11968195286
12466954014
6925491354
8387957864
8057740570
4305782321
11349803851
8647128430
5105687982
2280857167
9378645564
14801577761
14378058913
4577859058
10411599233
13026432748
10591135228
10306244712
13342146282
8671407985
10029606801
11491944736
13536168637
7453857835
5741917101
12509324557
14666820574
7780302935
10389595481
13798140760
15902111897
10791240675
7674101976
5326657905
7886828261
8067044581
7778253807
10952871343
8120253016
10993095738
9992749045
6342929799
10130860635
9930891497
5818102480
9539414286
11617093956
3317692769
13870309128
7568167119
12775892132
8794067274
5168256318
2066873160
13468065942
