11799496481
9136919037
14861549539
9666749950
6374383747
7246773294
9383268053
10710576043
12694329901
6172061158
14278228955
12213756549
9891334147
7624475215
7421396701
8797422660
10188202285
11470851581
4899316874
7820894472
15774976884
7518272914
14129691781
1333985268
9335454064
3218182815
12595516903
13986498028
7455546082
7898864967
10724596222
9389745419
14423961554
11149220407
13529307785
12942155096
13356240839
9000142262
14998528617
9110045400
11063202337
13788759515
9000064499
1200272466
2824492262
8800518892
8673825229
11923192619
10776900733
9200856655
11237151268
11296190433
13077311052
13314787316
11119200307
12386154707
14813736523
3506014400
4553771021
8579529004
6685138569
7566789039
11583817401
9621639168
13531299289
13682639458
3465871134
9641317239
9184368439
13511837640
10442269539
10996835917
8848964015
14442414736
6006385992
12465098894
6885062905
11943968943
13229416309
14088726278
12703410261
12003017747
16920542947
11284854653
7545427938
12403607388
14321853675
7006902013
12141238417
6655639994
9477909767
17694509852
12482784011
12011282803
7625586740
10227509519
7597758229
5569844711
6062736005
21908342905
12766896028
9590356928
8471218318
10823328807
5683891831
6539231139
9527524057
7880731759
5979686810
19702155429
12246197360
9963875773
15633471010
8333119099
22488443773
10781159379
9039967451
6773033013
10165343905
7376251769
8227609627
6550445112
9089856268
5784979775
6790521838
9971531830
8812360336
6011719476
16575629878
7101818528
12617598469
27839151549
12836156238
9037581993
11412067914
11225741664
12642858038
9568593587
8116003812
12551855142
9914017587
14123808809
19701552526
6307240549
9114110559
10627214956
10528495152
22865483765
9005225421
11109540410
9984976267
7236328236
7434507328
10654014436
8701643964
15020437053
6532883502
13702751405
11135386912
13981154283
19019625362
9611788986
5963884019
7872626963
7009329004
9224673383
10907422619
12899120711
14583382417
6850201323
19128202769
4608177297
10804350921
8872922854
9502718964
10969054724
6438553191
13109199915
11417969673
6450984356
12827593363
11984821902
10461635293
9961931332
9241559319
8363353432
8660308769
11005285284
9206352208
9855066699
8600331126
6849162742
9580960208
7139975780
9370802565
8793451599
8306961982
7901931430
7466969220
6462039507
6678736603
3673464133
5878957429
5077429315
5061227166
4730081884
4378387638
4092571134
3764912285
3533955261
3299336607
3062873261
2850448507
2657130667
2467636324
2320082809
2220179883
2139784241
2023286279
1900081568
1786248971
1658114098
1557078935
1449941151
1360090773
1276204375
1191316177
1106535832
1031516022
958478687
909669912
850120535
805121875
752463029
701745211
655103720
612457441
591406704
548834009
510561785
465843786
433386018
393359783
265513893
341745902
314524934
320420157
295918725
252548730
244070790
236890137
212792969
205809027
168387736
57493970
119085428
138488715
64087241
64111547
113763568
65684798
32171232
102685811
29302104
76491395
88087440
70301711
517565938
2377247598
3194750624
3087159102
3289509102
3238156141
3246135304
3137132718
3021715961
4321865330
4292857792
4355130127
4610800967
4774674928
4782017685
9331782763
7862960083
9231353845
3637072538
7613372866
3450129026
8484485290
6288044663
10300693052
6458711715
7563224542
9091001699
13273708856
7046374578
12734195147
8602387154
16247839894
10491653286
8648184345
10850810124
9432315567
15463046583
6275128251
12346485615
7779659221
11759450182
15066475416
7996230057
12052019323
12164873178
7146647797
8342373027
8031689956
4299050917
11597648319
8598044561
5135685851
2223703687
9253072581
14880596601
14337087160
4494816128
10338217677
12937154042
10520046816
10417944513
13200127604
8462589268
10004031052
11599110261
13369379939
7234528445
5884801449
12590490765
14683264205
7863800067
10173187450
13857615941
15604798746
10805724350
7513360181
5331069702
7868933054
8205434289
7972200294
11157240151
8036713257
10626522572
10057059314
6362365358
10340200205
9851784923
5775815648
9432260784
11579447059
3421962111
13979352275
7651905402
12926673499
8667440968
5240898973
2210934349
13459132852
