11660858264
9228331529
14778860204
9561735824
6276848182
7087649478
9280196718
10685526906
12633888023
6257650158
14400475817
12256292664
9733302945
7444662038
7456736128
8565311368
10381765366
11559529883
4977845070
7725469902
15745150790
7602370900
14073422483
1311846801
9322782595
3275102688
12629216189
14035787878
7430585318
7885132968
10742789323
9337495149
14394893562
11328077986
13578419373
13097294406
13289015710
8958859580
15090031618
9107918722
11106123853
13670596705
8812255384
1228820503
2947478589
8808677496
8839875049
12111682831
10962260276
9388028432
11245774349
11317891446
13099534519
13289979599
11098161673
12527510996
15019293005
3692760265
4363912857
8543573348
6510117455
7419041325
11364841836
9841339585
13881302824
14207622361
3645250917
9647999754
9212149333
13821410402
10411504333
11083238755
8929617927
15204889570
6069602420
12564846278
6878467313
11889148627
13332377854
14222336961
12830791245
12215114083
18071267625
11361248459
7651224757
12352627586
14394210215
6979335582
12126813580
6635495275
9609597639
19047098316
12495683482
11844312726
7698883005
10177057602
7832144438
5515714741
6378774602
24471331126
12822950476
9807529258
8568689432
10914698418
5594664950
6417908992
9445387295
8111913304
6034885614
21376272019
12363022615
9984583005
15560435632
8339580854
26766860130
10681496539
9150478619
6799314830
10209441389
7454365119
8132270331
6529238416
9129091550
5436664946
6714598226
9552180608
9017505339
5965021005
17692200604
7067034701
12579445096
31536915839
12675132484
9178185463
11311000420
11072651881
12731036655
9449164444
8179177047
12598744241
10144529252
14044778564
21104361216
6341344559
8985377224
10718979713
10840612774
25033145957
8888831139
11088286057
9788732152
7275368909
7209744447
10331153254
8616366925
15383757971
6430814512
13383004206
11178590243
13827365607
19549636091
9400404906
6065911259
7749471132
7002391159
9236128944
11068128376
12928191455
14381263467
6655067996
18887887505
4557012412
10850952161
8766478270
9463291128
11075976455
6202744523
12837246740
11346465885
6262564545
11757728822
11075802362
10393062336
9699685063
9033123122
8389847794
8178746448
9458300314
8940187856
8375853768
7867821251
7051107769
6922994646
6444534875
6036385092
5668895438
5358710313
5099838295
4830086832
4554806559
4290813522
3663095663
3779504501
3511482300
3266682125
3031884916
2820756165
2626462148
2448559372
2275944693
2118945638
1968116305
1824136350
1705192127
1584169070
1451532032
1386681732
1310144921
1243082561
1169838262
1102547742
1028925048
947496834
893660867
804765035
788675040
711333125
658142658
620708957
579764561
558267594
515099002
495516522
463889674
425692750
398680221
328422218
334057664
334049801
284965577
289377971
257034212
152938159
113299600
46290168
31101941
74639622
155276700
43319942
49785882
144423269
105214071
22863044
36500664
104643551
82896300
8772763
27390365
44027861
45807758
3030664
25949580
60945689
40915187
2067554
24153351
29841695
9051391
89136048
1354253968
1328278530
1298924021
1272797082
1241765110
1192170997
1149703328
2292178313
2547772386
2834039689
3246004602
3716920102
4106732217
8098689182
7791734998
8020187034
3661584104
7510141600
3552908927
8038402248
6005238240
9914693085
6476141464
7457309061
8926852906
13113811866
6833305126
12253981005
8596469763
16038559297
10477482629
8801133338
10831201169
9350296359
15628448461
6649933238
12134660794
7909158413
11573725993
14964565950
8060577236
11956987270
12481414355
6974052803
8413968296
7989590532
4271444639
11286559539
8625578300
5083267312
2264791511
9394913217
14803470438
14378799326
4603116264
10431724998
12995949195
10548537060
10260751897
13312653050
8672141745
10040852307
11556648467
13510835028
7401781888
5801244506
12518493799
14666508769
7804231900
10368826341
13821661947
15938587542
10698996899
7533863672
5352194093
7923629307
8074449727
7788174207
10963176932
8102956007
11004876798
10022125323
6358476102
10133792901
9852712576
5781987566
9521373448
11629770321
3290955316
13909077895
7506261506
12840644750
8828830179
5262314373
2102415019
13414293522
