11782211542
9164834486
14812837880
9627415491
6323172886
7236620060
9266143726
10616367011
12699326911
6204593428
14401292026
12286482233
9777082147
7601759207
7357015232
8575373112
10351619932
11566062781
4995022007
7555111834
15785440936
7633388406
13987819148
1324080754
9322154487
3183569064
12530587316
14082519604
7434743922
7900465942
10772926990
9353631959
14276278985
11343436755
13578792998
13041950735
13295473842
8963886392
15065258803
9078227408
11031937232
13718674962
8763122952
1278892088
2847891575
8797784375
8753355128
12076412810
10939039113
9313292424
11246748716
11375350760
12963769475
13170850735
11192592555
12459446531
14851099003
3610250655
4485808780
8630076762
6627606801
7491343665
11523543840
9773574194
13701071070
13888058999
3658356740
9699013286
9183418575
13719955877
10327789190
11130636473
8858912085
14784113411
6135021075
12456077838
6863723473
11868436911
13393533183
14205578468
12768786672
12210531448
17407434334
11212773381
7537492798
12402373414
14348301454
6941260057
12104864696
6499581763
9593717339
18494810053
12441235368
12023903183
7597013566
10240931825
7737041199
5560969638
6195159706
23245372186
12801595646
9759258763
8487686090
10881640046
5520801956
6379667326
9373832371
8053245104
6122696930
20549945703
12203884363
9940658214
15613620940
8309279548
24561603506
10799578255
9115525308
6826393758
10227676391
7463752638
8116357492
6476730479
9063488099
5625060055
6778566847
9671205435
8952641047
5981218335
17229652445
7015557994
12540905445
29773090961
12761599337
9117307862
11413451086
11093561053
12632141313
9468624711
8132616194
12548102898
10136546972
14073659325
20400241021
6335601789
8959349928
10619989025
10742247179
23844351449
8901478605
11135587464
10029739030
7211096037
7421000527
10411981488
8633607089
15331691097
6487170311
13497415840
11207462319
13954742089
19445397222
9374539023
6090792894
7880884060
7070134558
9180900004
11127270082
12966356783
14515654287
6804076009
19134783579
4598033808
10828353564
8878854345
9341598392
10918964033
6311761850
13050186598
11400037622
6336777909
12303004839
11572522483
10431870583
9793804381
9202135112
8432291197
8371915280
10189462970
9112026365
9101411800
8600853169
6919433687
8654114073
7361756849
7626901028
7152147335
6763288998
6440417252
6086164887
5732167684
5422830675
3717413299
4768654919
4431791952
4124877785
3824229310
3567831276
3324812943
3074580854
2876320266
2661991056
2478986974
2313640364
2147709466
1996850459
1867946220
1751239819
1651173297
1562112015
1483470477
1386532196
1285169168
1207963575
1125076817
1063067917
957870026
927951080
782551653
766460106
735955750
707733335
635610914
622612206
511891801
549163534
486326238
456039779
431238301
413827792
383919712
300011617
338668598
233859240
88943545
147232162
147184160
158608284
171628928
107452598
131912782
132317248
68995347
45534416
29300018
84469916
35833648
108950043
111674503
29592684
26616240
21889520
503285
74228623
15890826
46052296
21690575
53234925
52125303
1254701354
2387760741
2340842372
2273494923
2200809625
2142962821
2096377020
2093401926
3320294163
3482780605
3624363935
3786738245
4330010270
4498174923
8698833895
7791562444
8573820427
3665507538
7723579971
3400039918
8117797605
6002766305
10029254777
6568425461
7478520372
9121241223
13166694153
6947404693
12557361691
8681673991
16157518646
10427025790
8647422938
10911603977
9425053512
15417714677
6416059982
12112097097
7924472631
11779905210
15037456483
8082869893
11965453602
12404109990
6988585285
8273362147
8029753785
4298659961
11396598605
8654609736
5118725244
2289986760
9333970302
14728347031
14278365248
4663265327
10276948996
13013791784
10604527158
10405859406
13293640384
8639408350
10108389381
11545647207
13513227819
7371243391
5791225163
12457561313
14622264672
7870329614
10352736244
13722489806
15809131603
10762038158
7549302291
5310270147
7813425708
8227348148
7793804412
10971116955
8138461450
10797318611
10007873041
6320225812
10174243224
9880726756
5759991857
9528659201
11614841937
3361248819
13981705784
7639531744
12800311352
8743880668
5155521716
2175607105
13432801075
