11786841753
9092814799
14874342032
9657099218
6379223592
7299515100
9387919873
10717988041
12701291053
6134006932
14240745711
12274562233
9935975252
7633084311
7391737733
8789141249
10152702457
11438457457
4933096642
7850819123
15740351708
7521558877
14197461628
1376738193
9281469873
3208908346
12551259614
13955861561
7425780745
7848797983
10767569300
9370727706
14428184263
11130384448
13565535860
12968725604
13403626068
9018533540
15005681962
9113603049
11114159940
13757792189
9028617556
1206621006
2765136153
8843703761
8661341580
11883480889
10743147796
9180521977
11225801833
11309450149
13108655678
13291531450
11082232732
12386287701
14778220513
3495582688
4595621331
8565263885
6711133471
7659129440
11565130588
9689173396
13502169983
13666942379
3526364753
9589004042
9193943040
13399798542
10488257518
11014157166
8808328807
14410325186
5934862390
12437305720
6908437243
11936725922
13252099264
14065032324
12730098682
12000141743
16847781840
11226018828
7555838916
12423541559
14367709255
7062089761
12137511983
6659703808
9474984340
17604154522
12505942031
12025436522
7634159741
10213564267
7654599875
5541952341
5999215392
21762121450
12787322866
9624877174
8495852978
10850515129
5674909859
6545199724
9528568766
7888303220
6014377807
19696113786
12189042531
9974031948
15634887944
8336692191
22297297198
10764131299
9074020673
6736291868
10202658426
7376434420
8242535391
6479493285
9095942250
5772502323
6792582366
9985223799
8840851822
5988726052
16536204470
7132367571
12644483340
27572546789
12804698426
8994014599
11362815212
11128750455
12595500125
9525614447
8074013893
12556202855
9890079947
14098680495
19600369684
6335140960
9131275100
10700040072
10546581911
22739607896
9009461125
11081350485
9913597570
7253384905
7401004276
10645874782
8657842067
14929288628
6501067485
13638099359
11133686163
13924751912
18965665004
9596853072
5905671897
7922473863
6952723844
9263128026
10967372631
12877927002
14567862042
6858387939
19019849015
4567205566
10759606452
8893796222
9519217702
10948407842
6459135226
13150332328
11349021135
6416945297
12869399255
11919756617
10430170409
9941218824
9204989742
8415709581
8718611913
11041253280
9157851509
9850574311
8525815620
6988285030
9595050762
7197712910
9504918715
8913709820
8418797292
8021297235
7448783927
6479629900
6762620814
3633679004
5949514492
5107225714
5115543191
4740802045
4442126631
4145289239
3741857695
3588715296
3337083971
3108125344
2891550945
2692033594
2533524145
2381063614
2307787227
2210991086
2170708496
2135373724
2009738115
1878409748
1747268299
1628082771
1537339815
1438905770
1339993033
1245138205
1159619837
1079440597
1022609415
962795913
902220924
848652507
796801494
747459743
705461624
664721945
557187718
562371006
522642910
483701944
427575102
261138180
404110689
367816126
360675610
328982239
298228953
287515464
242536567
191676818
167479057
219676020
19253825
181176800
127379186
5427478
53456909
144224224
39974669
21373071
124078296
94287903
109187105
84718602
88606023
660030528
2460906356
3227815848
3177657363
3378463973
3350007182
3312556693
3192310114
3119814456
4470662657
4370345229
4419587109
4679632711
4840497298
4796480270
9341002415
7871906104
9310672017
3694048117
7623735086
3402173846
8415914430
6257087959
10318362155
6479870919
7584466053
9100649879
13293429837
7030144485
12691036340
8574133854
16327797284
10501519751
8664155403
10927947292
9454695356
15497966854
6254734455
12290836663
7715068751
11803525436
15078986683
8037726347
12059121987
12103178757
7170240423
8335183788
7953377933
4348971371
11574384129
8595037490
5154339588
2273828253
9304396133
14840948102
14299369733
4504477854
10303879157
12932073284
10554972855
10400524956
13180564931
8442293273
9995659684
11586311975
13375645247
7155098772
5851779109
12552582286
14663792134
7824656916
10261015186
13829180825
15628251254
10874175016
7476583855
5338217043
7884890168
8243046225
8016101616
11146594925
8063491617
10667785164
10076052522
6256035928
10324442726
9880518832
5785225983
9442665092
11621093823
3381304852
13985036066
7674222311
12904432977
8628255632
5232844856
2166344462
13476278147
