11676751113
9256757539
14763662458
9628150083
6272299623
7126625704
9297176184
10711889069
12665384679
6234020678
14391068367
12211107313
9718143046
7489277374
7399510438
8608599905
10332936417
11600907765
4990988270
7726753841
15764969358
7698124939
13969423325
1317627343
9342297424
3187452732
12618346164
14117338145
7397238244
7937703526
10653040428
9331925543
14350363236
11324563147
13593180033
13061959395
13247557545
8967091445
15095254967
9160036328
11113184575
13649418364
8779608181
1258527033
2899366466
8758195043
8846329843
12094983117
10923656055
9397893856
11247118865
11310013425
13059390444
13257227451
11165893640
12516516246
15025526459
3650959036
4356141396
8639187965
6499347174
7432961206
11448151924
9851418200
13853003082
14040695508
3676181638
9671422220
9216023620
13796203916
10450310209
11066355500
8903033733
15090578954
6031778486
12501407022
6875302505
11826771184
13346683312
14181048201
12788481404
12219667282
17824169537
11342714502
7632996389
12380103486
14430244373
6988196901
12077064917
6559460291
9694920862
18774550258
12463540747
11907858873
7658429725
10156380035
7837792850
5550216651
6317096225
23992864579
12865741424
9768183986
8560523609
10931933655
5652535097
6377702925
9423359276
8084847299
6008307626
21087706188
12284172192
9940693915
15599992696
8307395912
26007864621
10655230800
9143399261
6867314507
10192305558
7497729280
8239197464
6558520811
9065026894
5531091422
6733181411
9538689392
9022818596
5955956276
17474556846
6977800997
12528970427
30848590763
12647605546
9190082544
11321576802
11067791527
12668164964
9480182703
8135528487
12602918874
10134491530
14084320162
20792403089
6319431708
8939585876
10675388819
10833480023
24652131299
8813064007
11046391454
9890194877
7243107883
7334458519
10357948470
8614884183
15453245772
6405692535
13445810796
11151260046
13811990179
19553199964
9385417055
6095433966
7791267960
7051579098
9171916982
11075652398
12897012379
14426322176
6673702496
18986142776
4570499037
10817789705
8813609597
9360731852
11005812564
6232373968
13025826003
11355951444
6231293516
11928903315
11263517863
10421579036
9803402562
9129185575
8472906128
8157844255
9704844607
9089866048
8749599300
8299583862
7001058809
7555055718
7037084634
6592740974
6186881162
5849531600
5567670977
5272628039
4974946193
4684743925
3704863221
4125167970
3833386043
3557805854
3318777572
3086316075
2874628727
2673753281
2463215071
2310348522
2147930474
1981404941
1862794695
1713953815
1610029246
1508114896
1437141326
1361580461
1281496750
1199669942
1122555003
1045532920
930383015
907543891
839226878
784380489
744995333
692646002
638390352
574156197
575714059
519650150
474643350
466555393
449008111
396829592
355300561
366164472
321300517
243528667
291016296
139361500
107818480
98984892
64051844
121556403
188388524
17878981
45867492
138900801
131288932
28696121
54211220
108380046
74249979
33289876
97461032
73741999
5475857
9086550
42220336
36496569
68114449
42031325
58994510
41543896
9917981
569568094
1732474147
1724340703
1694656670
1630958252
1559567289
1519110365
1506151575
2659168375
2826996502
3097807248
3537908489
3882296823
4300259372
8338953250
7760408750
8188038600
3642552778
7637117326
3514567082
8136876918
6002619978
9982577352
6429388191
7516085160
8996118234
13224482240
6847493133
12362166103
8681576468
16156066311
10445342900
8759213426
10786238135
9386169897
15465661279
6622578968
12130351454
7943319828
11619154767
14938500020
8103818989
11960543216
12466284212
6933655960
8391536479
8063643051
4302869933
11343508553
8652561871
5110769687
2280864485
9382348138
14800249992
14365413833
4577650348
10406594082
13017305446
10590286998
10304987785
13348813987
8658441912
10024131806
11487845126
13532185105
7462109594
5739259873
12517177851
14663459074
7782288967
10394854124
13798646755
15893034904
10797695244
7670114971
5325006043
7887614036
8067764535
7785104216
10949211868
8124303672
10987021328
9991256593
6341127178
10122348102
9931020122
5825541736
9536494083
11612825712
3325914685
13870174022
7576166128
12765015395
8791147271
5165356781
2070936145
13472024106
