11708632746
9226277597
14773614131
9683937108
6265802023
7164520801
9256690605
10704874684
12641351148
6258091545
14392110931
12249074047
9807089783
7476985426
7371536601
8557833203
10332463895
11545846221
4952369103
7692829222
15767016342
7686970976
13932193003
1297039972
9305478604
3137453575
12624817339
14106596496
7403709445
7934092965
10689507004
9280452298
14380745991
11331166556
13636461918
13080755485
13232504861
8931411082
15039400721
9168743876
11147460421
13600954673
8741149266
1250241329
2899938315
8736686135
8787507064
12085572848
10875042814
9370137322
11285583761
11311994106
13044042387
13268382429
11151320310
12534516233
15007386712
3598782574
4398978808
8649217831
6508851566
7392972673
11456586602
9840494397
13822084635
13984294163
3676431750
9727770929
9210013706
13732339341
10406819940
11079911533
8887190426
15042729558
6017771194
12431541790
6841021560
11880169188
13409847553
14161578702
12796160003
12194479223
17749934870
11309912944
7592084284
12396240031
14404165110
6937336316
12048524822
6558624642
9663172409
18662132917
12421576090
11993007814
7656921032
10193376565
7819820629
5498607694
6279798304
23811457705
12816007251
9795073129
8550755498
10890654424
5653208884
6399096120
9361505260
8085425862
6050212388
20952123425
12281489501
9912835351
15596138545
8329216391
25675267198
10708845010
9125358441
6845736662
10200229640
7490315858
8200389946
6511364232
9037417688
5618200967
6762885238
9594781487
9018519532
5952252721
17431775245
6965197861
12548784856
30606506813
12688403328
9194694909
11354986790
11091467458
12637337861
9507396491
8100290976
12582997349
10130982244
14100198767
20674655490
6337937816
8982773381
10691153817
10826705324
24447815863
8870679913
11074291327
9907134883
7166633115
7386202134
10304236156
8654933268
15443849253
6438397462
13432939325
11127809385
13846760270
19547073536
9372818295
6104516988
7774052878
7074850303
9193630518
11058017323
12930625303
14423216819
6694012340
19017932057
4562296492
10849121237
8809803396
9315474105
10984670831
6269137547
13030271833
11344666727
6226436574
12027039484
11312166059
10374721932
9812134949
9155925224
8478994287
8264461446
9853779999
9067763362
8826157345
8379352201
6978118443
7837327682
7297099572
6837705240
6420303825
6068430630
5767889323
5469223181
5155086653
4859500131
3677834364
4275308018
3975938996
3687385447
3438834414
3198461732
2976445204
2773834197
2561432329
2398256615
2226577093
2064758642
1905612184
1798696890
1681164615
1568216793
1478298165
1391248029
1330427844
1225811892
1163186951
1084011326
971553802
941479417
852097686
823327342
717626173
695523773
641742884
581155488
589296512
558617320
482356069
458210918
455446010
426239913
382197123
368482974
343056835
268911412
305437707
125760732
123214635
121334848
137310113
102245777
195148500
61918717
73064843
136544400
145338326
49407615
59751115
119149143
50076961
31695405
101712409
93725081
66431119
37451352
20034434
14101932
60168496
15943248
49473940
26650901
21431264
716337874
1911754871
1880738315
1828600830
1772730165
1700622649
1666228667
1670795042
2817864345
2978407395
3240395233
3579430961
3941052745
4372526016
8403453266
7744810916
8270978656
3634664977
7661504560
3558215563
8138111097
5994722648
9990774938
6527596990
7485792301
8988735852
13205996993
6863837778
12445987903
8663939657
16116261607
10465407712
8731613197
10844898378
9377090072
15495811252
6593593365
12128045129
7930548636
11652704788
14999010855
8103081157
11934101641
12474127487
6938857326
8377049472
8083469002
4273186148
11335028835
8636888763
5127568149
2197209981
9350374141
14800486085
14347475013
4659979831
10373922186
13020085738
10620683446
10327322055
13319020130
8759039340
10075725812
11498475891
13482066849
7428415678
5759343009
12500363508
14638239938
7785088768
10377867713
13792731251
15849490730
10801241304
7594244853
5331423176
7912531448
8137472581
7815218021
10971036368
8147665923
11030149842
10009647934
6352285865
10175271834
9975259195
5770536307
9541274986
11624490784
3333849989
13893656945
7625613690
12722163497
8768123913
5166569406
2180855026
13470739838
