11656536666
9213118665
14772758697
9586713870
6282031226
7093121490
9291659388
10696188313
12638189405
6237341263
14413529721
12265907565
9729136624
7457972459
7454688497
8572531347
10364906935
11566597410
4976972257
7721598819
15758597513
7600759394
14060578064
1312430788
9312991494
3273216827
12635270018
14033756922
7443218124
7902129973
10736765161
9319715363
14381189168
11338271778
13576723870
13114196194
13296286045
8962642140
15094686276
9118362499
11116859037
13659989906
8799000048
1218611269
2933271808
8811266454
8848051934
12113732566
10958607899
9374411131
11231140840
11324018210
13088321599
13311237937
11098610691
12534151812
15021576614
3680984454
4365382354
8549494614
6516276352
7434282281
11358128614
9867712126
13893373647
14218556134
3628057566
9623905290
9228858555
13827337741
10414066526
11083087736
8936617325
15205130402
6085158769
12576561459
6896413310
11878791142
13346039426
14241747017
12841861042
12214922120
18099347980
11362524276
7634752809
12349710116
14398401159
6966312629
12101458576
6613828266
9595571149
19054911615
12497188599
11838869395
7691662201
10164349495
7831187290
5504872865
6385757430
24512136823
12822092386
9782341425
8538927218
10926900139
5586442423
6414229656
9471614710
8124095514
6024094276
21392793203
12371191585
9982357495
15566321757
8332681315
26837080118
10678671615
9188403232
6785932083
10207343794
7465406828
8123464130
6533279561
9116223618
5434453295
6698130199
9539696597
9014396187
5964338216
17709473915
7078329459
12570795410
31601239970
12668174092
9173409857
11318664460
11085905239
12731290349
9435287277
8160391452
12592469552
10133212095
14036024440
21123785893
6343561510
8980012131
10716800119
10840323197
25072919212
8894085169
11057688853
9784811640
7276381178
7199707353
10318622940
8611836558
15363295776
6443369003
13396688268
11169764946
13830660590
19554471780
9403590754
6084114094
7728138942
6992814509
9249157619
11075485887
12925373526
14395070271
6661223077
18871592565
4542781499
10832548098
8774590059
9452319078
11079983946
6209979947
12821188621
11329294819
6252764940
11728573621
11054068740
10384024387
9690477441
9014716327
8385897458
8162092779
9445585671
8870956172
8319027584
7817864020
7051556490
6877726359
6402287558
5999840938
5629634589
5317466474
5063018958
4791738708
4521662043
4264896385
3663016048
3754596593
3485950844
3242878260
3018790679
2803431192
2613160441
2432014908
2258643054
2105349352
1956612638
1818481007
1694281708
1573369374
1468351058
1384368252
1298022892
1239002851
1163416072
1089639571
1014843031
950112451
869203801
804042887
780688537
710049276
634977406
621985137
588742348
555617556
514814094
485986008
444088152
403190224
387349781
324996899
314950872
325631403
268781928
291936319
251023947
144044561
109293092
40480747
34835315
62487292
175490706
52530015
54416877
144469713
95680632
35418355
35461752
88890792
95144788
9625244
32303530
64909058
39449449
2492943
13914731
65960714
39433922
1091958
36622398
7966311
7040994
67332202
1316467546
1303318240
1270368558
1247886280
1201265496
1184834583
1139773535
2267576014
2532228435
2807855456
3225542420
3718263264
4078774342
8096507570
7773459366
7983044083
3656780518
7502110429
3549477376
8026737602
6004691517
9914969730
6480931950
7433931850
8918955188
13098276050
6827972742
12261758898
8589044286
16028683971
10474923398
8800920327
10850703488
9363821711
15632946478
6654720075
12135410746
7920924507
11575142063
14964480680
8061190542
11946639555
12502132219
6966668672
8412522909
8004163514
4267311732
11282450090
8622517868
5092784830
2252845306
9397102956
14809665473
14371224885
4614971212
10435942444
12999491371
10556626366
10260996588
13303552376
8667410234
10020043952
11558275778
13525022616
7389946294
5816486149
12522575596
14676971581
7814414015
10368884439
13826849965
15928801842
10703416580
7528966597
5336506151
7919781590
8071603232
7784635483
10965834960
8125502145
10993465391
10022761009
6372509084
10104764568
9850461907
5783238138
9510393083
11642768529
3281544735
13914522401
7490139680
12816171756
8822117640
5255319845
2095893652
13426879285
