11650984405
8593828111
14325395577
9530453227
5798294662
7104841976
9465498967
11153267784
12498595676
5820832554
14175312369
12411236279
9494264100
7480121640
7314261534
8853238232
10246453400
11618964147
5243892546
7026201111
15687906674
7237449181
14351083535
1825959025
9509934849
3243090580
13290338865
13667001303
7687564440
8188680979
10640227821
9808345131
14273754452
11272255116
13399876957
12627632157
13799036444
8818283139
14955499684
9346428597
10662537283
13784951448
9035221028
1624400974
2977183213
8701501748
8566169527
11287319709
10984499166
9297366860
11008071603
11499839779
13084828730
13443453745
10997043199
12234737838
14057082291
3928579610
4997424279
8959329378
6559503656
7265411420
11556908864
9757080971
13525113162
13337323542
3565557494
9845636772
8730322492
12982080517
10503433285
11178367888
8624692895
13740000763
5552904735
12358555579
7282174134
11764161687
13112470132
13448084298
12764805715
11777140765
15995949803
10921688289
7488201462
12216778063
14320686738
7410154307
12288113099
7115553303
9942028890
16716284671
12750217349
12110024217
7798291710
10180219316
7832701106
5454400235
6183566834
20370934682
12644568772
9533047097
7896428088
10345640744
5674778929
6592081184
9398945715
7601169795
6302455999
18764297109
12101045623
9764566748
15281810633
8175484690
19775740456
11204945713
9473542937
6449123691
9763737850
7615727784
7736792981
5834447852
9067961998
5619730981
6789753095
10216815984
9524185898
6009521238
15574085145
7017785413
12835390331
24917792658
12241848655
8891227627
10621246454
11434205708
12497367241
9493173044
7830900159
12622529348
9722415076
14272818570
18346406111
6063191480
9051625598
10949896016
10661645658
20826672553
9311304860
10742929727
10467972173
7271804287
7404343555
10930544549
8622392905
14375145941
6258231825
13304573378
11102633986
13788119936
18287526569
9726399465
5597470901
7915068710
7181285219
9616968940
11326606146
13211277322
13845409660
6333887420
18240679989
4197221521
10991914067
9459529479
9819347743
11018164289
5943675653
12604703154
11202840403
6503414673
13036024992
11399567030
10246331727
9834299981
9376597002
9000570320
8978505124
10919516047
9541781307
9777965667
8988793874
6499480804
9687115653
7140358541
9575849906
9666140560
9247311440
8630159464
7444022667
6291055350
6724371872
3689600330
6240894757
5253540316
6238260629
5536407630
4449807807
4992992307
4021731206
4553080868
4415183176
3914766565
3892528813
3672917538
3120765684
3220602424
3066532295
3036303093
2609596878
3561753577
3432675685
3544580230
3371416413
3204475179
3253671928
3032319567
2883243274
2658109586
2156353335
2398744297
2015513423
1774933799
2393992624
2215559536
2052528930
2010281270
1845909199
1762580757
1718211643
1570467658
1479684741
1253094384
818828087
1571853918
1587503370
1556274389
1489640907
1364672188
1251290633
1229133763
1090255243
1038074754
937995209
843196974
825538745
869460234
642424281
1219342583
1374410758
1282651674
1191629962
1245815119
1266345530
1257270125
1176978227
1167454312
100124833
2164405165
3583369292
3938806332
3929525594
4521905113
4306157331
4256222626
4918867329
3776590474
5756964785
4765899155
4257058571
5725505938
5492784382
5075298139
9731724122
8703813575
9746341933
4207211431
7230923165
3836150725
8859490956
6315948574
10913336924
6327578989
7708035854
8817197244
13612677563
6376698510
12978316351
8224791799
16299461753
10136951709
8501961685
11156364763
9471018188
14863669513
6223423918
12232456829
7595421537
11428096321
15026403181
7905809351
12325975927
11839487482
7356540838
8965827873
7831730078
4560251435
11414136122
8785268267
5425011397
2428047716
8493762573
14678219566
14388315827
5043341557
10585388497
12729331567
10363677470
10498066163
12972203021
8164887566
9615010929
11678834608
13356154801
7534924167
5664118856
12820906315
14561973061
7869151095
10671768621
13739665929
15262682104
11175968958
7515152345
5510717339
8199162558
8324976490
8403334051
10613048563
7668777114
10739261984
10256825141
6069844960
9977066968
10181599647
5845772535
9757280523
11267256245
3573791056
13974696696
7882995178
13347280746
8467444763
4860473737
1885979553
13145806699
