11677840107
9232716699
14773116074
9581095671
6269573422
7097314363
9319540807
10699304125
12635781843
6260499302
14402413135
12243433207
9741723432
7474881693
7394685858
8588682709
10352627773
11561096788
5001780255
7750512253
15772867264
7626582611
14035770197
1314628023
9340867474
3293645755
12648358661
14078034948
7430958644
7930936025
10721330758
9369612654
14361328123
11329336190
13626711641
13049478630
13265459764
8966096756
15085074971
9132615751
11105947814
13663716056
8782810241
1217186124
2934273648
8773870878
8825042096
12096468415
10958612029
9392088256
11245767511
11309892042
13089843207
13294993328
11107974531
12494958387
15028855257
3658184636
4384837341
8602133803
6511565256
7402875466
11381332837
9857787418
13843545158
14090651263
3665153642
9686563880
9234952579
13798524821
10445557089
11073543639
8936586881
15161478806
6047684132
12592041210
6868367524
11855301018
13339765140
14174538597
12801115623
12196304738
17909834929
11366331536
7629395127
12398369911
14396501395
6989639385
12135404732
6610772513
9652328414
18882944499
12473654312
11866848001
7730965386
10179007293
7805230379
5519114334
6351586520
24178668081
12841374043
9811993273
8557732782
10896436962
5638058605
6397555532
9412925161
8113665257
6029002323
21184888702
12309159973
9935599259
15537802496
8320511691
26292436213
10663560480
9183436402
6846982040
10155253176
7474432070
8183415576
6547906268
9079806183
5506177308
6756834073
9515126307
9053402221
5949586724
17557184022
7003480430
12571635713
31121105385
12706374825
9202849814
11286781155
11126069145
12680862829
9460587363
8185463247
12605223080
10143771773
14072825245
20919010431
6309638809
8952138575
10677537742
10830665676
24836535390
8843335240
11087217943
9837981173
7265265508
7262681442
10332865343
8618730781
15442076215
6409574934
13434791477
11180775961
13788204388
19562799479
9368246830
6112151752
7792609316
7004956345
9233274936
11085804779
12901608509
14419692850
6691719483
18963048047
4554296905
10831082706
8812855850
9435336593
11003005574
6227503411
12933569547
11347409582
6229981967
11842205157
11148915974
10445193814
9775079812
9107463391
8423686751
8156888780
9640702508
9059300356
8720322690
8225335422
7013891973
7289359394
6786464130
6358887285
5969183934
5641863127
5370829714
5086054862
4796927073
4519164896
3688654121
3974645964
3700352164
3438046988
3201103966
2975592750
2773299152
2580681368
2396455111
2232302234
2073506329
1916360008
1796908496
1672047349
1559501787
1463055830
1383108637
1307097785
1237682779
1155607553
1070509457
997713364
929503109
879885950
830668553
762482491
715023777
646548153
610859426
590734972
552568221
521407635
467528325
435475454
434455896
407190624
363738949
352876382
316659699
281590581
255456958
138524137
121847137
53849795
46246164
102558965
170565027
57927650
30409869
146044949
129555951
16156038
2068082
117363172
45256150
21502468
51645955
22777138
40935809
7214698
24060471
48617220
61938373
5808695
35390457
13419121
39458094
388063306
1613722541
1590589139
1538494577
1473125885
1445967771
1402454107
1368933700
2514404115
2750833106
2981217684
3422769649
3799868336
4228777365
8224685005
7804318480
8154749706
3691803407
7582219024
3526675987
8099036554
6008890456
9970912267
6463157149
7476169099
8925412812
13165526169
6842810500
12291304566
8633491513
16115384556
10486351699
8766489382
10815495914
9359489163
15547064260
6623738474
12179455463
7945916391
11611105310
14901331795
8088042367
11963627260
12495507546
6931556006
8393674438
8035099738
4283550435
11306369659
8627719988
5070695713
2288961725
9382646051
14821016230
14392234099
4564552906
10423461106
13003139500
10565124655
10302904994
13327340037
8688619584
10024463900
11542922988
13560897881
7416963406
5747179507
12572837791
14639706591
7798213763
10404767135
13805983809
15944062944
10737106128
7631646772
5303776405
7868082872
8085356850
7766435265
10932057597
8127070223
10977259708
10008138450
6359919074
10153534032
9872363785
5802240116
9584727421
11645031995
3282967992
13919293086
7531422099
12825719793
8783702904
5196501296
2113692748
13435480772
