11777756805
9090376165
14889918813
9657761163
6348141564
7305854535
9397406043
10736071428
12732899639
6147544589
14237367390
12286004332
9902280395
7617552501
7397940324
8768248885
10120880026
11414684261
4932626212
7874721672
15739253969
7554449877
14183458680
1376684873
9268479940
3189091716
12578699912
13997302740
7452057143
7858513203
10687229846
9389500364
14380200272
11105266775
13565208267
12974467523
13382956961
9005674307
14929866390
9081649524
11151161330
13734519259
8947572873
1184418491
2835557024
8818208755
8672632783
11879982686
10796949655
9220492398
11235409048
11337487355
13152866496
13295305743
11131750769
12395177397
14795966750
3500730564
4611592098
8588829150
6750405326
7633362082
11576863805
9698900892
13494772297
13643587115
3558072436
9636456725
9142679958
13356672721
10458584906
10970738324
8834046549
14401107129
5953024872
12430447185
6925800342
11867957891
13241183243
14054450141
12732112692
11981108605
16813491937
11244492378
7550951165
12394896743
14379343355
7039682425
12112834924
6682725730
9532695841
17550808149
12518078761
12072495975
7596525210
10212062867
7685024568
5537868665
5952499083
21680066963
12785819672
9614162432
8456039448
10844473870
5660954670
6527267022
9494415014
7949346334
5999400683
19622878320
12148585063
9973661052
15623218933
8292992706
22108158596
10787551368
9047388217
6741685976
10221269920
7375456838
8260931422
6455980110
9093065676
5813740635
6778164189
10022200876
8835473140
5970130331
16439878049
7124080623
12613063362
27413060924
12789964009
8968225012
11360195259
11106144839
12637471864
9507683527
8082823937
12587107281
9924086537
14137758301
19471112420
6382468762
9104116618
10734202235
10509791755
22658679502
9023041575
11099662054
9884365050
7227013983
7433314307
10608069816
8681747258
14883235049
6512610438
13569585955
11144892093
13889362144
18924963437
9635463000
5931331044
7911891830
6998874705
9277808208
10958539552
12853853889
14509541741
6828157719
18967829869
4551366703
10814349108
8925378434
9506739402
10941738871
6459287017
13168287534
11337121573
6476893726
12930046704
11923505977
10376502997
9922503366
9179351771
8447847742
8701598973
11065392193
9186492569
9864846122
8524928454
7004750642
9629521642
7210915453
9543525875
8920746398
8473999132
8065588240
7401513710
6472135021
6791423561
3617984502
5926839653
5121279605
5170747448
4725858421
4435856498
4099350593
3739282162
3643669141
3397310588
3150177548
2937007717
2758699598
2598820684
2459290858
2323773118
2255109254
2186422772
2321875549
2181372947
2038164672
1897517666
1774155236
1666737823
1562541328
1444329097
1351807958
1253478301
1175439582
1109934213
1044419449
979752679
887537998
862611376
813925986
771824455
705176976
603416828
568492198
577981199
532707006
500994725
309656227
439187666
376121341
380295935
308517217
314582496
315213325
289014036
252492594
155521354
220253913
9315253
188328063
123534910
53120950
74292772
70584625
87909560
32621066
112760910
77354361
102535334
97472100
109947764
731964543
2491778241
3348835660
3221998736
3410240968
3426800548
3394241766
3256950694
3206451367
4561024017
4391191391
4418683903
4746101534
4881209546
4848199361
9432712357
7901743740
9368032025
3691114520
7628199622
3435485238
8447177836
6268036477
10303741734
6472587693
7575883639
9059320549
13358502647
6984960778
12693004486
8528493986
16358060908
10510254796
8702794132
10946591130
9492224436
15440035917
6254011017
12317325870
7722456117
11818859222
15065413883
8051833774
12108450502
12073674741
7146141292
8357593302
7954198802
4340016345
11560222387
8658358033
5189294951
2280787342
9271820844
14832604638
14364594307
4503742018
10333164348
12891777723
10579089628
10390622814
13208304952
8409495753
10061986972
11604349104
13358553822
7153243280
5800161342
12516466840
14657991680
7865979709
10293053516
13844725141
15599323156
10854196552
7493379452
5394098212
7929687564
8253775424
8023087726
11086644474
8113638692
10688807103
10097507647
6170295763
10306726562
9905595410
5773696614
9462711764
11696457863
3393597361
13954818158
7706345680
12915833871
8608974881
5205413144
2215351499
13413570652
