11772727723
9252068562
14870377662
9679332224
6361197709
7217027220
9375051799
10577688452
12699547345
6176500671
14208978447
12210198471
9852902554
7596299944
7469067555
8765254360
10265877298
11523395892
5009690651
7737595100
15761990488
7590492799
14011202391
1239665848
9403487747
3155639983
12615300190
14019387413
7439062681
7872182884
10715596568
9415804733
14297015822
11305490971
13459239157
12997556785
13265838222
8926850250
15067642167
9078796879
11074126361
13732112341
8947830174
1130702202
2813965829
8805742575
8696918151
12021070098
10936567786
9292277738
11237734149
11348562832
12997276255
13201749884
11136455844
12431977397
14746510758
3568363804
4572779145
8511357964
6745846854
7518285905
11585160769
9656236340
13609594850
13726182005
3459386346
9622446738
9114869829
13560546104
10403543700
11020073880
8849634964
14571694152
6013316329
12474261551
6897000084
11847323244
13303619955
14143054639
12738091290
12052886278
17186320005
11414249958
7549697776
12378825409
14411518376
6941015526
11989611298
6525245172
9514708666
17957078287
12458321184
12046797980
7649880865
10219789588
7585842495
5507158358
6067505522
22460079308
12763699538
9635662818
8408557385
10857227705
5544671847
6522190193
9499831757
7915275737
6134490860
19969487613
12042047349
9941547638
15586253986
8349694267
23281572187
10741016754
9077718036
6817726086
10204581486
7429827451
8234811670
6531288182
9052640292
5702021510
6726347554
9763084225
8815828356
6065654622
16848710042
7039163403
12479161420
28586369191
12802935091
9122961225
11352697069
11175306530
12713221189
9532811752
8034172618
12694897887
9967081527
14199972408
20025175863
6332881036
8962508507
10677423836
10632279145
23324773587
8989388135
11158168936
9953959370
7221544713
7345190346
10602521009
8648513906
15120720779
6499149034
13687514727
11160478393
13986612856
19276214705
9482296100
6014170844
7869687780
7083619038
9167342805
11011509309
13060888731
14590204511
6879826434
19133799515
4548919070
10837328134
8818307842
9432917318
10961381468
6406693888
13167070626
11463991528
6429858292
12581945624
11866959059
10474191825
9841919285
9183915815
8371906379
8556969922
10622569927
9187938574
9553896660
8610409337
6937006745
9276769458
7287336519
8722726671
8183786367
7738713659
7363212705
6972757095
6356812239
6195536018
3697294095
5446248813
5050819597
4716351811
4387515105
4064310319
3802295444
3536485408
3285796017
3060517078
2841661573
2643168030
2461690641
2279090011
2134521993
2010177482
1896312333
1781901250
1684803279
1552201610
1475117166
1339554542
1287771184
1192715710
1113949592
1062100183
891387601
789645917
839272390
802811355
752556096
661335601
624283579
632859210
569284555
553116043
510216952
449070618
438789505
403102228
299981004
357750481
192120075
305718955
299092973
249228183
240068517
210012707
206667304
205631253
79904169
27203821
19116552
116818683
125569562
111213043
118095713
85852893
77146902
43758346
84140574
64106145
27119585
16311224
49266893
42102217
90846109
1908066079
2866531084
2876876041
2803748268
2794419438
2763278565
2726570553
2652649053
3828928262
4019835510
4077734775
4289826269
4572375506
4624496538
9087947769
7837571752
8998569711
3592339540
7651665111
3388623873
8290550518
6182287199
10207890540
6555244103
7558221679
9200627670
13289014136
7016363992
12609108444
8549619599
16212990998
10435325962
8539479471
10908596444
9500516859
15463098062
6319513071
12191756821
7829296959
11811029536
14964004182
8038735245
11926173066
12177146332
6956550292
8320147071
8012932503
4414761309
11489629856
8612868937
5056990235
2283048453
9254587510
14857499980
14327990723
4545375507
10234104934
12915828344
10518256571
10400397966
13275374409
8606519607
10053803849
11566785156
13484381790
7218074602
5841385484
12532055349
14627255237
7832977781
10208552884
13792425806
15688444234
10753772445
7439232734
5253803588
7769551860
8173382658
7934319153
11009421429
8116484396
10752318261
9920937030
6375317443
10153506349
9880254526
5687893514
9492175469
11502295859
3393819966
13966655525
7627967886
12839122463
8578457913
5012528087
2116629404
13447685343
