11796761202
9140044371
14867746709
9648268235
6362897692
7271279363
9375735963
10728646039
12655820672
6175183879
14258263419
12215847748
9863909431
7637945610
7423320729
8835557949
10163071393
11429580245
4905723270
7813846665
15757032204
7530354289
14113222861
1324988416
9346984839
3159402168
12591161645
13970860777
7435414539
7890490121
10744018106
9398411154
14416143435
11114886728
13524806565
12947864064
13332305846
8992513829
15029106089
9118813114
11063227929
13849419608
8980011184
1190746863
2813396517
8839083834
8705673050
11935755975
10824816606
9198772480
11197632059
11306932459
13083532108
13260699908
11138613129
12408153815
14793689893
3494485118
4546093019
8557326502
6667783606
7581016303
11564431099
9614686378
13517076548
13678899132
3421020312
9666225629
9181392749
13548172337
10406960160
11026643768
8848580517
14455846420
5998269217
12474740359
6909816188
11899802621
13186641354
14099644326
12708077844
11981250289
16920514773
11310181771
7566738990
12434478649
14319955308
6993062125
12117994234
6667870340
9504191818
17754472799
12481967571
12040651700
7616409441
10212093620
7601494424
5553846670
6123748489
21969490957
12756905950
9565315772
8451422268
10825475706
5691754231
6539346616
9480439076
7887828637
5999423781
19683569107
12192534450
9958609959
15616219579
8350722533
22594917937
10790485683
9034118055
6790829181
10159808350
7394857883
8236247802
6515682811
9155556575
5773184974
6778970838
9903143055
8807609830
6016851186
16600307470
7067682967
12651919506
27941449010
12834632425
9025023060
11409776766
11229983123
12666852419
9566519106
8124489678
12592845514
9908305545
14124519020
19756896583
6336522901
9107586656
10651433191
10555788461
22944539074
8992706577
11137241045
9958318078
7175321340
7396655496
10638326450
8687792407
15024204684
6554723102
13694505269
11125224406
13992038708
19071340547
9601764839
5987545232
7819499058
6984525374
9225319187
10904884031
12910161288
14569595370
6844952754
19148146187
4561401320
10819219834
8854487178
9484616365
10961582325
6438651560
13131611769
11455817819
6442466002
12776374561
11963796623
10472155241
9982978421
9209146334
8379847462
8625371774
10968115164
9194005541
9791870554
8599365749
6881814532
9561887900
7175204875
9333019602
8763171959
8284416370
7865738045
7460442379
6469900441
6620647368
3685805735
5842758350
5083778116
5041015106
4692570274
4375628991
4071581494
3766183668
3512329283
3264677124
3032471528
2801980020
2639370550
2447895207
2289704033
2161561335
2045884960
1931839536
1822401042
1711637842
1599396168
1490636384
1381043601
1300918448
1223942965
1141873817
1059921130
976034955
921773235
862926013
804843498
765197741
715022608
678309739
629850659
600970595
553501840
515546578
481120836
455444868
425058178
388215599
229943218
305106910
304886771
300985770
264823357
265036136
247560988
227009833
207865285
137800406
162632409
41333729
120324729
116086670
67441912
70395860
33857406
58074997
48980119
61575604
43940738
65421262
49518451
85955408
449990072
2368951358
3171474193
3049605949
3276302487
3219199405
3205321330
3107217655
2980321584
4242314081
4274589621
4315089390
4626781260
4773932522
4758661639
9315657130
7834284170
9209302934
3626802537
7651184966
3440954367
8486219399
6286510547
10298937314
6484428218
7536398638
9112890544
13280503085
7037642359
12711267937
8598164192
16267195958
10485059232
8621367585
10829101319
9420475458
15444752805
6266014479
12332317028
7787571728
11760595200
15112392355
8022297415
12015420733
12177840371
7118075965
8312842906
8064618519
4299528904
11559249180
8616777776
5125178114
2247738319
9265563311
14895176012
14374355747
4490647530
10346156232
12905203700
10531495477
10431431751
13209518057
8456358175
10036297454
11593651381
13396289109
7269641364
5875561105
12598618628
14667432740
7872545866
10151851057
13886982644
15591177288
10811804708
7493042003
5304430903
7837412342
8233769195
7961931760
11147462955
8038090419
10665159605
10002400673
6375826801
10334770287
9841173098
5764328733
9411301569
11556683036
3416871034
13958039666
7635778599
12915327513
8679947303
5232116856
2189615073
13445348505
