11664335628
9231632420
14779029270
9586573990
6269858232
7074389952
9303656488
10698145638
12654586142
6253548580
14426764682
12224652342
9752998727
7475461538
7395854608
8585630329
10365435568
11558296593
4988534296
7759621935
15785947150
7589506643
14040916495
1319477265
9347299898
3296912689
12623212495
14078711273
7439575773
7928224260
10710086382
9366227309
14372494263
11314731983
13622130261
13052625213
13265196156
8968121598
15082485076
9133884071
11101679369
13662588042
8783349761
1220217545
2936512506
8813350638
8836898468
12104796237
10974474366
9384680687
11253552364
11296714457
13097243055
13303691851
11103793219
12488619385
15039665989
3668527531
4384329455
8597286486
6505695254
7407583087
11381448946
9861777236
13853958297
14102087905
3670033803
9663753517
9229953623
13798862395
10454222178
11103217013
8962260472
15180316180
6039703502
12569811121
6867241575
11852959664
13339617641
14171153298
12815722701
12196982593
17928950764
11354643907
7655477685
12386468673
14388068939
6972982258
12146072806
6607977566
9644022031
18902784300
12473539663
11876488970
7745853134
10183697692
7793885754
5511467186
6358945558
24210508745
12832002035
9828499446
8568698261
10888174444
5631637447
6397643729
9414084469
8100348629
6042125622
21209811457
12322669019
9928595590
15544004465
8323291588
26364563212
10659962949
9180027434
6836521311
10168519903
7470092057
8174412566
6546800217
9098243367
5508720511
6742462647
9502371892
9040815785
5933776165
17564799895
7031039246
12569935064
31188791838
12692640486
9185195928
11283921822
11144949970
12688178381
9468664138
8192621089
12597353912
10160700501
14081904926
20929910577
6313808335
8975442782
10690538368
10822018546
24849322182
8828695252
11093139394
9819806701
7268015104
7257997804
10325560828
8604162523
15417419599
6414796202
13417435851
11183333257
13784412193
19571972054
9357064522
6111087639
7788819374
6986972509
9215675120
11068573271
12904736773
14407394695
6679920203
18956156111
4567416212
10836259311
8783282646
9445330249
11019346167
6220510927
12933896033
11317414033
6270044372
11821859065
11122604889
10439375303
9771433914
9095283244
8426425837
8152274352
9622670795
9035379192
8695582030
8181197391
7011231142
7235652412
6736289791
6313663768
5923599270
5600373853
5332356276
5048349671
4762931102
4490704912
3673601080
3951445967
3673142774
3412526924
3173916347
2948225697
2740080298
2559350579
2379869508
2215139892
2059270154
1915605749
1780046486
1653982733
1551558982
1456518717
1369212488
1299844495
1226196793
1138220306
1064889540
998918740
932849017
879001731
822107923
749238375
702949330
659080583
603919594
575361428
541126838
517903241
481252691
442483184
430378909
390666084
360686587
341066644
327262844
291070222
251317759
134143663
133508231
44128076
50919555
108949647
159426651
57069128
45956859
142390578
116373430
50564322
14978043
107898552
43084057
19561956
47944858
25186757
35651867
9321610
19617340
49880105
64458678
7627664
33609686
21087283
37230075
354466967
1567696411
1541192480
1504990048
1462578049
1416769840
1375903198
1337645124
2485059862
2709705219
2957889852
3384531731
3787756321
4209086973
8214997439
7789262409
8132878592
3696054842
7577307080
3510805274
8075526906
6007513380
9968719626
6449060106
7465510423
8920398985
13176586346
6846939142
12277723822
8631703752
16097176748
10496778297
8761744289
10814604242
9354915020
15571888795
6640011709
12174276991
7939200270
11618119382
14907408196
8082414370
11973201624
12493056706
6950856807
8382889155
8036099891
4285520589
11296565311
8621720839
5065851425
2291329812
9373617040
14822458625
14399439264
4575420774
10435648094
13013276899
10562038348
10299637491
13314174767
8703299433
10038493004
11540320628
13532046465
7404179335
5787606800
12565805271
14649502383
7779166188
10406100484
13805305084
15925552495
10744831172
7615476970
5313221989
7883830414
8076799725
7774247623
10937111099
8126709393
10987985658
9997782913
6362677988
10157097295
9875966439
5789019890
9588794563
11659884899
3280435380
13928440232
7520806429
12856853767
8799500889
5201409439
2124235259
13436435767
