11654431854
9228083834
14778696830
9564070188
6283199423
7086763776
9280925711
10679984873
12634179929
6259932333
14404540551
12259329031
9732758821
7444067711
7453584713
8566759521
10381830621
11557532799
4981419969
7723806224
15750563943
7601458539
14071698189
1313439428
9322928848
3278971368
12628498993
14044719075
7435353627
7889210550
10742896221
9327722092
14398310398
11330461712
13584827159
13101017242
13299032584
8957180727
15093130399
9106171092
11097681541
13673243912
8810505337
1230840242
2950077665
8807005869
8837989136
12108762979
10960927926
9389468538
11244051042
11314498557
13103447120
13288639762
11094797651
12525587714
15023098273
3691139102
4362048437
8544977242
6509272313
7415619982
11367656122
9843079491
13885443944
14205151677
3645836433
9656510900
9213712653
13826247509
10410091541
11087431154
8924333211
15200951648
6067653457
12559677515
6880833362
11885763086
13331027204
14221572932
12829752166
12212883658
18070480149
11355572647
7650070976
12355127156
14392324378
6981715290
12126308534
6634518279
9616199256
19050145359
12491890457
11845203910
7700150981
10175822490
7836499158
5514913035
6379710203
24467784900
12819812947
9814761860
8568565055
10914767374
5588552214
6419725040
9443256120
8110529597
6032368848
21379412154
12357798097
9976000441
15561079868
8346840615
26756261035
10674593945
9146212414
6792063552
10204268457
7452434184
8135016726
6524560479
9131077547
5437170577
6720796199
9550902958
9021644276
5961984469
17686042706
7066744715
12575442661
31530527368
12673637822
9173477107
11306208794
11074608833
12731645775
9447306192
8183120111
12597721679
10145474565
14049092536
21104926578
6352921190
8979553527
10718045383
10847346449
25030187766
8891048892
11088864842
9792926795
7273207328
7208487640
10326731239
8610835208
15383494345
6432730544
13384060429
11181005315
13823688609
19548625581
9396032693
6065320264
7755683355
7003922518
9238650916
11064512180
12933797152
14382647048
6657584656
18885552101
4553501152
10855960098
8769791453
9462489989
11074854774
6204448284
12842017301
11351588880
6259807532
11760560932
11075923085
10404543732
9697873544
9032078080
8384829888
8182045769
9461057132
8948477900
8383442716
7876092780
7047885354
6930105238
6449322923
6045416622
5674771087
5364378075
5102902605
4833317330
4560601239
4297606297
3661633926
3776257965
3509676635
3268735522
3034840941
2822556889
2627610754
2449971790
2280316745
2115229460
1972344114
1828336652
1703334443
1584267100
1457539440
1394265100
1317602259
1248990431
1167639979
1098872400
1030648755
939266486
897896553
807217784
786143646
712319377
657797801
624870742
588610141
557744266
518401905
494649814
464423449
433653277
399352182
327925293
333588476
339911541
287267583
289428885
258419155
147771692
117589292
45811605
28960988
70343294
161181700
48371261
51497675
143024841
103886201
21804341
31935905
108528882
83808590
6098015
31427189
45955741
45649310
2472513
26908591
64061930
44125103
6118528
31001831
32794683
7048680
101807584
1364535947
1339114280
1295662225
1275477017
1242354989
1198851772
1153851838
2296193190
2551559041
2842389906
3252283919
3716369738
4100882665
8098382783
7795124204
8024465292
3665263981
7513946277
3545479472
8034051278
6002828929
9913012213
6477300605
7467636376
8925846508
13118342832
6831596063
12252451241
8590732418
16038255373
10482598099
8804186253
10840168875
9352295677
15623879403
6645707744
12135781955
7912166378
11579245777
14961029343
8057077935
11958041283
12476576943
6969848608
8412308622
7993121835
4271104485
11292683497
8628948457
5086972392
2257110112
9394879452
14801013623
14380147992
4607902439
10436347032
12999116678
10545837129
10259895290
13304700558
8679522766
10034859689
11550507155
13509044006
7406890277
5811183032
12525792413
14658534762
7800442538
10362206198
13818682057
15940031117
10702979827
7539603161
5344621953
7929441175
8076515648
7786234050
10959197418
8101884904
11012811200
10020274245
6354478263
10138935016
9849253071
5778848263
9519119826
11632510110
3289561516
13916975670
7505018420
12841005132
8825402989
5254090032
2101107955
13410696378
