11661897821
9268316164
14785121570
9594753540
6299074531
7104956037
9295047720
10691692521
12630796951
6233795049
14403315536
12257665494
9713879055
7458400651
7470179234
8584438076
10383935435
11547684405
5015150947
7721003724
15763620425
7574421419
14081747264
1299013418
9315737038
3273955605
12645677520
14063857031
7466152287
7916289478
10733921691
9297831685
14364931002
11357421843
13558118457
13066478474
13266965160
8975214948
15065919098
9139802173
11123048640
13664116686
8790744317
1203251893
2934319539
8813817420
8845508909
12121174336
10931936922
9364125963
11202018927
11320946604
13109158788
13305408890
11101758165
12563341508
15023939723
3691958165
4367731942
8586976229
6521543812
7394664773
11353233435
9851012694
13869329984
14226602019
3655010404
9644091882
9215204364
13856655319
10428041364
11097053823
8943826433
15235059096
6073167025
12576608098
6882639284
11893552891
13359578311
14245078751
12826265388
12237402761
18129141298
11353180803
7658042077
12368401899
14418838599
6955378236
12064878118
6623609055
9625439177
19113444840
12488930163
11846005515
7687934611
10164199369
7842495767
5528260582
6394163307
24596251206
12819228926
9773701093
8542326693
10919322948
5589481647
6406397911
9484230763
8125317188
6039020312
21431713118
12401426006
10006534102
15586454136
8332081182
26997609868
10713742006
9180564666
6789865319
10207016291
7446735955
8126468345
6535979392
9153302717
5420347923
6673018183
9517353660
9021773479
5991054633
17766328303
7085750685
12595968375
31703506724
12669885634
9170471143
11333787820
11093075961
12723334529
9407025499
8152075575
12630065294
10138974060
14028393187
21162412344
6359075868
8994130495
10755530913
10833520564
25125326518
8930228180
11044633132
9798442078
7277348561
7164148718
10335122302
8607171499
15344890408
6446380434
13379519515
11156141174
13834538713
19583524695
9392214871
6097851909
7727392482
6979809821
9231166524
11075892286
12938285300
14384537572
6682340585
18849567086
4526009676
10841998644
8800435555
9464328076
11050489543
6211219890
12778673068
11323199092
6257516184
11710440892
11020953302
10348176270
9676645448
9001047075
8371990321
8132185162
9371557662
8759805692
8205132459
7708231443
7027185226
6780528053
6306477842
5916775335
5549467839
5249435655
4994482183
4730629730
4462801240
4205983036
3693928317
3703040287
3441826571
3196966011
2972591995
2769669947
2575595935
2399836789
2223438823
2062479571
1922066537
1793186755
1670778442
1545882218
1453391302
1364832712
1272072932
1220980895
1150614287
1073891027
1002198444
937197300
878772972
822244019
754206822
697625278
606574148
623038663
581857322
533891444
508019842
475415645
438952899
411345633
386914776
298929061
311406640
292684594
285873096
282368405
227526624
150840093
94852644
34606104
41916416
60650883
177843673
63398822
63898686
140953988
91474358
51311287
27627705
98890109
83837960
16156304
44484486
53007737
60698237
16854556
3489862
59263770
60068414
6199155
37328444
20963779
8921199
31822420
1238317955
1231914733
1191220859
1147292665
1117458753
1097523404
1088321821
2200148674
2461271252
2752714843
3221403284
3722889205
4086537015
8057746536
7786105619
7953719691
3651684497
7492676075
3535483360
7970344616
6018499001
9907820239
6459407288
7428358101
8904661699
13095861265
6826116801
12241106399
8596319626
16017469418
10468233554
8781966224
10869700142
9355263373
15645417408
6643711545
12129068556
7926664387
11599659228
14945235086
8063229790
11973597446
12516326547
6987343868
8421721928
8007683340
4262922473
11290914620
8614817138
5090643745
2264700253
9372180738
14810899814
14364417495
4597367175
10444013925
12978580124
10559664987
10194764245
13290483049
8677203377
10013552688
11555043277
13507147760
7424355012
5825111583
12510315519
14667396107
7819485747
10349378103
13843189087
15930265465
10710192771
7537772066
5364531087
7920440256
8082654891
7770307989
10993923806
8110808183
10990246294
10024722064
6371895678
10111254673
9856462141
5797320398
9501101242
11625684078
3257352379
13928757355
7489799327
12818407582
8845406145
5266854287
2074147718
13446569105
