11769453953
9096632102
14870129842
9665216537
6375575645
7286568476
9368979479
10696068062
12712258444
6115177611
14239531306
12247929569
9933425237
7636880321
7395910944
8789432845
10181858569
11440206584
4938563849
7849735847
15750977943
7512265294
14202291907
1371320586
9304788612
3190853307
12506932322
13960223923
7415254647
7869413696
10771414346
9380984922
14409308012
11123718434
13553946076
12946999343
13395435836
9042191838
15020621785
9105924444
11116860051
13773433682
9015587594
1187466154
2771450080
8849671844
8646647844
11898691851
10725366538
9163786523
11212667110
11316838354
13103515287
13306534083
11132616955
12337974886
14798640381
3522076531
4602688916
8568275779
6705201137
7656914996
11541120420
9660671952
13498470501
13674441966
3518405832
9612049477
9174494965
13430842963
10455743957
11012814846
8819628063
14404680817
5933346314
12436422290
6910653964
11928956130
13236659606
14051423726
12716395145
11982728772
16844266456
11225172040
7537751730
12421824070
14352818856
7053283608
12154600027
6660301252
9498624197
17636788796
12513872337
12032696809
7616243867
10241712388
7648874945
5550660394
6031852834
21774783862
12772423392
9644877466
8490065148
10834999836
5717847715
6519205537
9519305924
7896206149
6010790841
19674654491
12201873152
9943900546
15652990568
8322449370
22340536685
10744376479
9066490178
6752731893
10184887191
7370493102
8218344550
6548625997
9086750197
5779630699
6782672756
9957614149
8841990583
5988948882
16582444944
7116484440
12639764295
27653477604
12826348116
9011694071
11388956042
11154545150
12618434199
9504357956
8047542777
12561877038
9887569264
14106522949
19632910779
6330032119
9131356994
10667421891
10532960831
22774043585
8990272873
11080651421
9924184951
7267701054
7381583193
10647517441
8679684721
14931506610
6503780943
13662518535
11133439730
13932607445
18984269562
9574311189
5914202503
7925124912
6973199065
9261654400
10919168183
12889813325
14577541454
6850799562
19023034932
4588249549
10775198045
8886339308
9502229854
10971246202
6463814805
13144747285
11357259259
6420835369
12882296680
11942505493
10431040596
9943114589
9210672475
8420216572
8698710195
11057379987
9182571735
9841725222
8523321855
6971147923
9571085121
7199208897
9464988471
8883430912
8395820286
7997475245
7469404570
6485337179
6728866947
3662281859
5916212227
5114950639
5104939167
4717794336
4406063619
4107701922
3736580544
3573827931
3296342210
3093244542
2882593152
2688582235
2522519524
2365919180
2268250342
2195197079
2142941908
2067320479
1939831474
1814028676
1688264488
1580232764
1483870217
1389971296
1296332861
1194271587
1115637197
1040520257
984218416
930624203
868455743
814976348
769004559
722788017
678490800
621442099
588262905
540908924
502976222
471522727
449106162
273072956
388832246
338513499
339443710
327078580
300564190
278618278
240204018
193850198
195116871
211836483
26023613
182089398
163021291
26309626
55031011
126264522
37383899
17468833
94099386
75621304
91407749
96266511
83674375
588995903
2445425449
3229773397
3146426390
3362077401
3319954619
3310540211
3173559806
3067347299
4439453278
4335130510
4385221363
4665425150
4830732184
4784965154
9383965014
7858851006
9339956223
3675920534
7617349346
3412872166
8413045578
6257932632
10331325120
6456438201
7590485572
9085683459
13285877792
7060237767
12678155793
8581950368
16287392417
10496802193
8632290007
10922551462
9420160015
15478282054
6242163492
12332044363
7727614266
11788198363
15085615350
8022736913
12050705916
12118089788
7154539964
8340930788
7990027989
4324707530
11555539894
8614030541
5128627715
2263274281
9300208684
14842899283
14279342947
4492709284
10330825371
12916746890
10540126266
10436778197
13183298456
8425527437
10005219995
11586176571
13375497890
7199159244
5882888303
12557333817
14672024044
7810383900
10247153770
13821609288
15625099293
10819899671
7514826004
5350856042
7874980699
8259652779
8029806954
11160112976
8076435874
10649842812
10042172667
6275190305
10318438634
9877021439
5757996171
9450131244
11624478473
3393830850
14009725650
7675159969
12913803239
8586557310
5243124816
2167579381
13462589192
