11655862365
9236101091
14788908505
9566588347
6287033403
7056213539
9294002721
10718278206
12640807932
6260863025
14412932407
12216180625
9753229734
7467614498
7427665178
8583793965
10383150189
11556120449
4980597129
7739796514
15773377984
7595326330
14047600484
1328464434
9337917120
3275365383
12636849088
14082005191
7436522393
7918748616
10716914914
9356251038
14381757680
11338275271
13582959031
13083139467
13281636008
8982600304
15096295618
9119172336
11097664380
13668909164
8772472099
1211950895
2956450112
8812563103
8842963606
12124085170
10968580049
9400201092
11263102782
11310008302
13121637042
13308483418
11117627193
12505388300
15048535111
3654601056
4387186898
8573170032
6490759644
7400376874
11342159350
9854077284
13843830920
14131225751
3672338670
9664642713
9201624969
13805453348
10434932560
11090278445
8965168657
15161713311
6046619129
12588841824
6866854795
11869191938
13321223733
14209280916
12805581324
12203267654
17978305238
11372750684
7677910131
12346387401
14388041930
6950267412
12134354221
6593064715
9617161325
18955526282
12485613981
11847311885
7723437572
10169862511
7805070415
5507380284
6371554167
24291538930
12825730769
9815816727
8565045848
10906344760
5593501859
6414744594
9445076944
8120636861
6042401322
21270414133
12330505060
9953911402
15550293573
8323656732
26510270729
10675498920
9190336316
6809194435
10166958692
7448616288
8149959237
6557524400
9112682919
5487199126
6739989342
9518516303
9028003652
5973871848
17626125522
7073706430
12569189398
31315784578
12693976568
9190592841
11292718977
11110944973
12707131977
9461204733
8192969283
12599345654
10144242411
14065158650
20974696699
6315076935
8965708814
10708954581
10827305203
24900084881
8866788290
11084528296
9813534519
7258113261
7238725949
10342790124
8634335648
15405977450
6428088481
13371730303
11194659645
13806350912
19569496819
9382918388
6095011688
7776337628
6981867671
9215056284
11067178761
12903058022
14388098907
6663258489
18945029536
4555009044
10846112036
8779490844
9450701705
11036347043
6217462323
12901309668
11325318789
6275808493
11797584857
11099329426
10430534554
9717386791
9073488025
8386655216
8152062172
9602884679
9032581483
8611539340
8090340684
7029719942
7117894066
6627549610
6210934510
5826022501
5510621436
5243774979
4967565315
4683168968
4415298997
3670537752
3884941878
3610442345
3357971561
3125369860
2905129325
2704023612
2512081314
2340378649
2179500203
2020072981
1883985624
1746858910
1611271402
1521432597
1432900181
1354127991
1281441861
1208481929
1123074978
1049929128
982215007
903481795
855185683
807542966
745870302
702543225
653538329
607516266
568479767
522455726
503642695
475584202
449282401
408837000
386467034
349104430
337205260
317608086
296652722
265420405
127847523
132320638
27014298
44060827
104628992
180190044
40634834
57447637
148225402
102853320
35151853
24889735
109160513
46325829
20540162
35778012
45793955
32073072
36376812
24859663
66326453
48136567
2557533
34701207
24181351
12395310
251757354
1498146283
1479201775
1426143687
1384238592
1344811325
1307034697
1263842366
2398310847
2682600465
2934805149
3329332979
3756239424
4182201299
8195655101
7783870603
8091508622
3688149946
7539517734
3516069421
8081261435
5995328278
9944019638
6444593311
7488115210
8919288690
13180880263
6838545303
12278390254
8605653168
16084440966
10489412354
8769971855
10835710973
9372784348
15597803568
6619923078
12160203154
7918599379
11613609484
14914679476
8064093367
11973268381
12505930105
6945180741
8398129551
8030742844
4288028834
11312353880
8637573319
5076401762
2281013151
9410208720
14795495698
14390252511
4603510495
10423557856
13024024726
10536235030
10276318363
13332430841
8670678317
10034408408
11539188053
13522879397
7403233595
5818241351
12562689313
14651049820
7783694894
10391335885
13831910157
15951046262
10734405691
7573474789
5319816713
7886181298
8079053800
7789618632
10941914048
8125121022
10998520821
10005269641
6373209884
10168907625
9874314995
5811441970
9559082811
11657918719
3304828396
13928200345
7522530154
12850326533
8801476949
5226427974
2095599812
13420869065
