11730177618
9169966935
14864426601
9643808244
6374272411
7213253772
9291031339
10553984858
12689572732
6179017778
14295376230
12245968168
9735210549
7615367126
7431213451
8743240254
10323224657
11574576635
5012519027
7734864113
15767417126
7648801146
14049832373
1236523744
9402406633
3103519385
12618532726
14125135846
7405056370
7882815096
10749018563
9414784123
14249540672
11268349967
13565357991
13008949758
13286136766
8932352899
15080937116
9075634063
11100575573
13735792702
8839612884
1184758560
2760447268
8767357323
8679926242
12012763909
10896233652
9296797364
11232729842
11438982010
12928846090
13246378352
11193022616
12462067331
14869002774
3566598051
4547948637
8478786403
6705988170
7507434077
11555265327
9691071659
13663451466
13755322387
3538976876
9715660764
9229053415
13660788545
10425581921
11053829825
8814523880
14595061636
6037947900
12465942280
6895291736
11898322626
13341582077
14107494915
12771067653
12082159546
17225404286
11322825546
7597247007
12340684568
14409671366
6906710323
11998429393
6571758883
9538879521
18112556296
12464836361
12043095862
7650055093
10269837817
7637508177
5556562043
6125203058
22631310849
12822087488
9638376137
8484436475
10942995852
5517232446
6517133718
9500386956
7928148347
6137566725
20128936573
12071468512
9926616773
15624135294
8350616291
23603546208
10757779236
9067378635
6780824988
10173613686
7432579931
8222838638
6506101410
9029907079
5680644371
6746992083
9758364784
8886213646
6021642514
16967632660
7093421168
12538199108
28894586537
12806542029
9121199233
11414788832
11127900024
12709512956
9540435129
8050757310
12611523253
9984856974
14117353493
20180915000
6386941853
8905348311
10686437950
10680539016
23452711888
8958567355
11124006303
9944966479
7189662212
7395413052
10531888840
8568365454
15218631924
6486612210
13657920153
11198545498
13936672890
19321696937
9536494397
6045414704
7842440269
7088088726
9212049061
11090622165
13046578736
14550931025
6880747856
19170500618
4657431457
10879230490
8802073614
9357009465
10937829929
6379331349
13137970433
11472947705
6431953082
12543758242
11812520986
10454216036
9770825751
9208202371
8369773937
8518657830
10472890385
9162767451
9329031618
8617066642
6893491140
9088685501
7375438734
8441413159
7921783693
7487882399
7122660799
6748852127
6367835513
6002851583
3688650508
5278087983
4906298998
4547474789
4231625891
3950068925
3673667377
3424069225
3175277849
2956664529
2749112139
2553761834
2378130240
2210867799
2065189163
1943619621
1842113032
1732223823
1580052493
1519244828
1439893397
1312173367
1251218350
1171242567
1091877022
962743735
842378345
854481402
812587454
778130490
737754999
691145701
601642277
604615822
573419020
541508348
435849984
452246956
393221529
371509091
316744142
342530923
178641913
275258079
236544175
204604543
224649020
170993197
153341952
193471641
43223737
2031696
2666285
140812235
138411502
108467616
101866684
55062543
49471443
56353851
79157633
48388458
83882482
82299651
34546174
71759148
30663205
1665917104
2708839368
2728997311
2689757694
2644799531
2582152657
2542034687
2563522099
3638018222
3836154231
3981053349
4149897884
4471391972
4591423150
9006076954
7823843489
8916528113
3582156920
7665675153
3389808906
8257866316
6127898439
10163767853
6591883008
7514391904
9207081101
13314931877
7049469851
12520596859
8585552648
16207123560
10442992785
8591559290
10876235680
9433816115
15406399056
6329112533
12126878092
7952009313
11832418066
14988689011
8066528504
11971469548
12265376609
6952235364
8229938493
8068677277
4340910305
11495057797
8662492378
5071783778
2267387978
9309178541
14786368976
14267305666
4582907675
10288116283
12997940153
10630584423
10401961156
13286134864
8600580535
10081515441
11523134912
13461839891
7207783342
5778700493
12480157708
14589593065
7863391973
10291717973
13819458094
15706806497
10673114843
7498659364
5310990299
7739504698
8302904305
7853980161
10944197065
8148465954
10686075900
9912466798
6336300405
10123335193
9895548668
5741001214
9541964626
11544427625
3431596715
13921881462
7575485476
12879117399
8596720945
5066632588
2183085014
13377546990
