11667903445
9230669708
14763946832
9666550048
6288765168
7140374628
9290187297
10695998877
12633232176
6277068637
14404103361
12235041586
9735509709
7491202023
7378635593
8603628372
10318048530
11569411595
4967639760
7704736621
15754676229
7700707280
13957043553
1292401000
9322428124
3167815431
12627468420
14081382440
7396857294
7918186983
10648304449
9329883782
14357644452
11309297797
13618599760
13091343687
13241079012
8969935853
15054499358
9153815540
11148736872
13609250849
8768274397
1244108146
2876134494
8761700650
8806378507
12098629320
10857138968
9404730881
11299599323
11296682077
13043034144
13286534941
11176076402
12534148343
15041281101
3598163984
4377961303
8629173561
6514948601
7436380658
11409927605
9846490016
13817674416
14012194839
3660574293
9663213991
9201778028
13782847545
10437178899
11083624530
8934013378
15079352118
6033507660
12510334585
6871322414
11821460554
13404798461
14171974112
12778648434
12200982409
17775008973
11346394541
7616743925
12403991845
14417813791
6970507082
12072267552
6533766927
9672894853
18725060100
12428769240
11960236829
7628037725
10193702307
7811610355
5541634579
6315538441
23894262690
12843902994
9798001827
8565160826
10927512585
5644060214
6371088024
9410504657
8070281388
6039141513
21028446606
12297351620
9923043295
15544632804
8307608800
25851418725
10679800161
9163077366
6861636252
10219131735
7493942658
8196584378
6508971600
9044433910
5572956782
6754745932
9578687972
9028203085
5966633680
17464990183
6976344863
12565818073
30728632791
12701722861
9164234529
11342941895
11088233995
12670555773
9488750338
8146300807
12601960015
10158568851
14094622996
20726459139
6311576818
8964342819
10681921210
10848973364
24560170978
8841942384
11048402485
9937873151
7211913311
7339948286
10338643832
8633076037
15403683011
6390554757
13441208590
11125031693
13805027426
19546692782
9367553200
6091900153
7785127433
7056866991
9180032850
11059057842
12884709721
14400443042
6697082027
19009149843
4556949045
10804999158
8834652240
9340229359
10968671291
6231533763
13026495147
11320052823
6210351584
11985597438
11283331362
10404089514
9823477166
9106671609
8452636489
8212195300
9777824876
9072907748
8783736222
8363634207
6997705439
7692331827
7165920029
6712779285
6299411044
5957400347
5669770215
5362642604
5063540023
4769031407
3707187376
4197615940
3906325877
3626574229
3374864459
3132916904
2923218185
2718850748
2530591910
2355486994
2188283996
2034281621
1861764243
1759845493
1648969707
1540350242
1454204245
1384836618
1303894666
1226200526
1144785672
1065149990
989601210
917568423
855120068
809955839
724869906
700918098
634507852
569094174
580290173
532307389
492807438
435922986
452277056
397798063
400360244
375405916
322266443
249381777
301899258
144856674
121285786
96489714
106071665
112779696
199405129
31596674
48114916
123190847
110838144
43679713
46737532
79442109
77056618
56847577
85840445
60407408
23146141
31110071
12776451
20155524
48573470
57496692
31219396
55607233
8476465
666219104
1838851741
1807211703
1751931033
1686772559
1659804782
1595851245
1592763269
2715169637
2901717021
3142311689
3553833310
3930758007
4348590365
8363604275
7762093832
8221503784
3667320008
7661506900
3524778487
8155179890
6022198425
9995958600
6485550363
7503749791
8986888279
13225821465
6860497641
12400216487
8686051838
16134020691
10428619576
8767901930
10812024842
9380951322
15480774312
6635400541
12122382974
7943111148
11647103241
14951984739
8116222279
11954641851
12476279422
6968483699
8374821248
8056623988
4291044343
11336672555
8620288682
5136206090
2249009070
9370736177
14792726252
14361438324
4635554131
10351996561
13009567535
10616164734
10318988166
13337129401
8702015126
10054721157
11482543885
13475592456
7429843698
5749890691
12521829419
14656123776
7794612174
10396283590
13846144666
15885162551
10816313816
7622123658
5359886436
7878920465
8088511614
7798130190
10965935774
8146094603
10990859909
9985544249
6365988437
10132823652
9946802778
5791211661
9520642149
11632579309
3319249180
13875960778
7583545621
12765529062
8788210899
5183450966
2106393294
13471422406
