11772388048
9135719084
14811585244
9651903881
6340673340
7210697096
9264662836
10614165168
12692059291
6220318526
14412188465
12276512345
9792652773
7590649379
7400998187
8616965405
10350444542
11525607835
4974440230
7539131264
15744142336
7624422282
14019715264
1274658826
9352069730
3183486594
12540072972
14092587857
7489845725
7882428264
10781485581
9364083895
14270445858
11349978506
13557285642
13084008257
13290676361
8961602731
15054321810
9048368926
11028108166
13712687885
8744211252
1232889816
2842593598
8806589765
8736209083
12068115938
10923766149
9323056640
11278802505
11384741429
12953295448
13183557751
11148103301
12495087875
14872017411
3588169140
4493314754
8650566054
6645080128
7487391433
11557502581
9719314089
13699146013
13850193621
3647926760
9709367672
9181925956
13717132715
10311887931
11103054214
8850921681
14743791284
6139677935
12464582217
6857012097
11867465045
13367182205
14217320152
12807434722
12188189540
17403744309
11197649061
7531618125
12420846970
14371937593
6948273036
12084092963
6475527267
9610615939
18439528546
12459425446
12030471042
7595800972
10203028584
7716366717
5574849172
6197766033
23229577058
12775462384
9731498898
8533497873
10854912793
5487696951
6416149223
9367086936
8040908292
6093929790
20474779293
12183435515
9982923493
15598947809
8299191577
24476007842
10767887155
9097870147
6837911958
10247663512
7451235085
8057047235
6466502548
9066222863
5614032680
6810363531
9695313807
8946304357
6021279385
17177211973
7055077892
12571748889
29680531002
12804640721
9112048393
11393267141
11112158299
12654407014
9487473829
8123169839
12579431390
10151892965
14082913237
20354822376
6374069928
8957595014
10615662869
10710534111
23817499517
8901963600
11177578116
10006825725
7200731408
7380688615
10433590371
8649024616
15320104299
6517531717
13504874623
11234969685
13964968135
19444236999
9381757980
6106228296
7879842057
7099220793
9219560786
11126128722
12988707406
14545009220
6807243978
19112970824
4605940851
10850027089
8854693362
9346897582
10946600949
6304454123
13049778302
11398269077
6349820117
12285310033
11583670827
10462499739
9754504592
9224290092
8438808144
8349461380
10261784159
9127191982
9126058214
8591398664
6913422418
8679263718
7380239704
7717500974
7245371517
6843163991
6517129104
6169794251
5822925610
5488434141
3703894930
4829192164
4488157950
4170808499
3867903840
3614144931
3359388823
3127839783
2912047350
2700810773
2516581756
2334743027
2177982716
2021337836
1887761999
1778076776
1685599602
1591029820
1484114959
1392207686
1298398095
1224278795
1139530667
1063496103
996771396
933535711
810918824
778444386
741009355
712117092
645026871
619109219
516309633
531882114
528984358
463120012
399839049
387640781
378459992
292541261
342523342
274956592
105608709
168755185
142032710
170994368
200506243
155553467
158125669
108416599
80439103
48526217
43871991
69797448
57155940
86400171
94548433
60604705
49572500
58147883
27213689
84249410
25498831
76449308
3090908
53002161
63838056
1246172109
2411805248
2380746840
2313533006
2270608674
2243362234
2160316410
2120572626
3378401990
3529500799
3665128229
3846570621
4360498598
4541824788
8736421875
7782223102
8586638471
3681095990
7686122339
3438108363
8122922707
6000890204
10004016232
6574283940
7475932017
9066446595
13201266132
6937743417
12550107015
8633939770
16166999002
10415885718
8648866559
10947891516
9450225178
15408052278
6421810035
12161671453
7958398379
11782640058
15018684070
8093614258
11914840491
12386446947
6977223950
8277356000
8046147126
4288592838
11411080375
8599905608
5076251165
2307680806
9305657019
14759989512
14253680160
4643770747
10287347408
13022732509
10607311807
10427014889
13311907555
8594654995
10079122422
11552800990
13547794135
7361142871
5816409945
12505174870
14620500881
7840174272
10315743349
13741008899
15763630210
10755010553
7544738842
5294074696
7799665096
8239850581
7794734934
10979173519
8160959293
10809476863
10005309190
6341843039
10163664862
9867602815
5779017101
9497705442
11635274115
3375142321
13991482172
7649214810
12834527304
8741334341
5188960368
2161329467
13414350570
