11661842616
9231747015
14789196670
9565223170
6274514937
7054906277
9292782676
10709913398
12646483391
6257218334
14424627450
12229488592
9761453835
7479000308
7426684870
8595873120
10377779085
11562274559
4974590030
7729945976
15772153303
7581102082
14043104075
1336276736
9323801210
3291015157
12634854515
14079169989
7452377986
7925645324
10723693279
9371560270
14377483482
11344724414
13597415889
13085190841
13268931087
8984214705
15103342187
9115448141
11087490870
13668105525
8772550607
1209713157
2934632468
8812453603
8836342979
12105769254
10967717943
9393538085
11253365708
11312276742
13114457364
13311930144
11126288697
12496089375
15030907370
3661455670
4401370626
8573444706
6492082334
7415253039
11354510981
9851398146
13846182832
14121205630
3679831627
9652058387
9217149448
13800619664
10444102166
11085079160
8964758095
15160993437
6046338188
12593523677
6887098436
11876042332
13314638819
14187676249
12810453677
12201882726
17964136919
11360602186
7666046195
12358004766
14384556838
6951176978
12140573749
6581391539
9637885376
18939278045
12468912687
11853806024
7724397301
10169057323
7801742151
5512971970
6355663240
24264914685
12821616432
9823710922
8579249975
10908149976
5599165554
6415982721
9426448547
8111886803
6046929695
21267751084
12319124512
9943026718
15552823376
8323558357
26462026956
10674501351
9196169178
6810415237
10163836425
7449339830
8157712179
6538040295
9101236355
5504468471
6740140007
9515096397
9026742721
5959470890
17600684757
7052876537
12567311933
31264415523
12693839336
9182042138
11297357025
11116296995
12696617420
9459869389
8196246217
12602530031
10147628985
14075981998
20949509154
6300033872
8960289317
10709545256
10833729486
24897159926
8865315227
11082702153
9814899008
7255569057
7253952275
10338609650
8620765683
15403590662
6424254076
13383769838
11192630990
13787476629
19575540160
9359288176
6097368901
7778003136
6997203127
9216767923
11056733408
12908990888
14401844068
6662268508
18954169613
4551694933
10847767263
8775989564
9437527110
11030336418
6223559012
12909546125
11321942718
6274415218
11793558045
11098004652
10427699266
9728909976
9076498619
8403104001
8142074941
9618630152
9035090946
8646685179
8130603748
7026043891
7150847370
6657099996
6238284219
5855645753
5531464100
5265648494
4989445915
4700494922
4437540589
3665353785
3902639345
3628138102
3373765110
3136502253
2920083677
2719460346
2526721937
2354744828
2185146555
2036038241
1889968305
1762648240
1634213167
1528730662
1434026874
1359356343
1281074557
1210409506
1127640224
1054169295
987823932
896898781
864735465
813909789
747570778
699764248
648914544
606957003
573755673
540545632
510131550
480442148
439286947
415496264
395681748
344701932
336750341
319392554
293229386
249834650
134231583
139808541
35836477
46853185
106048806
169352840
26087597
50266740
148843662
110459036
27219510
15558977
107554431
46326965
20733913
47417336
37167883
41136145
28680885
31903909
52870410
44595608
12780046
36850589
20854360
5846016
288426452
1516319743
1501991182
1445709993
1397758651
1357485892
1327454872
1294823529
2418418672
2686279126
2936342214
3334572643
3759628825
4172193479
8199132618
7794111195
8112116822
3698490981
7554755063
3515021091
8086070331
6004933071
9949099923
6455380995
7486296687
8909082719
13175337983
6840335953
12283164990
8605525825
16091565853
10498609198
8765311741
10826188031
9364987481
15594307046
6621067302
12170616164
7941092482
11599624941
14917604201
8079886686
11983459231
12511489676
6951613304
8398120221
8030106719
4293311199
11288005531
8644996511
5076941263
2279511740
9394110690
14803658068
14391619611
4586627036
10422608244
13027246604
10548862957
10282453347
13328866427
8681846838
10033637652
11530977197
13528522926
7408964478
5804536413
12555798158
14650737336
7775648924
10397462537
13831058856
15932515727
10727041134
7576075043
5319707333
7878597546
8080365162
7783798433
10928824868
8128339442
10989325837
9992250797
6377021517
10168164875
9882009372
5810793469
9568874938
11665454694
3302992582
13915517366
7515406527
12845283009
8800598671
5214267505
2091236802
13418961725
