11662887224
9233789293
14790485791
9565345388
6278484236
7056358725
9294387004
10711698249
12645056691
6259386770
14420507439
12229794874
9764138247
7475199718
7429712745
8595938935
10376515563
11559935534
4976568333
7728647751
15777734826
7582416579
14038818707
1334740523
9325533741
3293911085
12638259924
14081462212
7453461025
7922539932
10719084695
9370043760
14375351694
11343892927
13598088723
13086776834
13271526512
8987141384
15107011526
9114911099
11086392080
13667029166
8772601931
1213680646
2936968586
8815030472
8835099910
12106214272
10968642382
9390536765
11257207323
11311010824
13115955013
13310851621
11126575666
12495439639
15033446998
3662861036
4403847128
8569499025
6491638718
7412348709
11353456325
9849840989
13851679963
14124370997
3683188306
9655884848
9213670422
13799513542
10444541341
11088504772
8967472512
15160888244
6049889716
12591681260
6884314405
11875949806
13315642114
14187586048
12810560302
12199770318
17965047230
11362599076
7664094358
12356877677
14383612055
6950825878
12139020023
6579543183
9636431527
18940613750
12468451728
11854067111
7724073794
10170801336
7798752692
5511901162
6359113755
24270187179
12819178916
9825415797
8579069309
10911274487
5602716801
6415554491
9423204701
8111003709
6047548679
21266833921
12319737917
9942371036
15553830222
8324029002
26462738424
10679616643
9196931697
6809882790
10164453533
7445515335
8158174993
6539972724
9102023114
5503998259
6739451292
9514847844
9023049215
5959519676
17602179157
7049803799
12569537531
31266530935
12695335069
9185829143
11294950620
11118593727
12699904001
9458371453
8198151145
12602021159
10143910334
14075050067
20950483774
6305357677
8958849196
10706500153
10833372721
24897539057
8868075946
11080683283
9811866848
7254453473
7250055397
10339375251
8623524884
15403181432
6424692336
13383225225
11196308668
13792408689
19579176564
9359292163
6100621306
7777621590
6996029078
9213716024
11056328809
12905771198
14400377229
6663389549
18955130656
4552404345
10848469570
8778342696
9437052586
11030848431
6222109257
12909321864
11324740639
6274920741
11790024563
11093944897
10427447534
9729183162
9075048031
8401967989
8145282848
9616651167
9035153478
8646222351
8128201712
7025409651
7150608328
6654651996
6239074319
5854539258
5532284776
5268024139
4987917953
4700154281
4436146735
3666859942
3902171797
3629148230
3371103204
3134917202
2921219170
2718612920
2524965542
2351954186
2187271073
2033886773
1884537174
1758748939
1632207473
1529764148
1433356065
1358210906
1281223403
1210075674
1123896161
1052098755
987593228
894233808
869642951
812708371
746171594
699640254
648586185
610945528
573954711
541228929
510234107
480588051
442294478
416670180
393663358
347727681
336557741
319849174
292097847
253586954
130567722
142061478
36389361
49537211
106138185
169020936
27645302
52191003
151741061
108970355
28623941
13088110
106069163
48961731
18481236
45678151
35373871
39986947
31665161
31142866
53860150
49409697
15420809
40772281
23004398
5236859
286922198
1516527425
1500666085
1443253227
1399162992
1357330521
1327461587
1295288118
2415873410
2684909518
2931828782
3336660398
3759504927
4175732249
8198463450
7792874683
8110659010
3698267921
7551766024
3519446309
8087226262
6004401977
9950789602
6454433957
7486246844
8909538742
13173986947
6842191886
12283732495
8605683038
16091096168
10498888095
8767829270
10826346370
9359389968
15589093623
6617438805
12174114655
7943621321
11597239647
14917234054
8079611448
11983444534
12511359485
6953249892
8399175611
8031707875
4292696936
11285875420
8644600794
5078311716
2279637543
9397715062
14806780552
14388370510
4586717218
10424578191
13030716532
10547601459
10281680254
13329829836
8682782382
10037515607
11528586452
13527163546
7407776874
5804973846
12557901852
14652645902
7773635556
10399238400
13832734528
15936341211
10727856484
7575934508
5321225322
7876306551
8079690175
7783638847
10929176064
8128245401
10989561743
9995987683
6371600727
10167719149
9879424603
5811922661
9567696432
11666138863
3301805658
13913808904
7519128807
12844240544
8799859807
5214384692
2092114950
13416161880
