11652550700
9242850771
14786398377
9563496362
6293480559
7056707049
9287363005
10728290932
12652495998
6262716774
14413199136
12216036445
9749567114
7472459375
7435633562
8581605569
10381213733
11561350457
4982132914
7741849434
15765471092
7600359057
14043105185
1333492494
9334812480
3264733506
12629155333
14079852428
7438928397
7924017510
10727152926
9354536441
14381152592
11339701094
13579090723
13079224034
13275084001
8983058834
15090928374
9119600318
11097851568
13670225170
8781821658
1211560819
2953830070
8803130699
8845345745
12123148921
10977890062
9409533477
11264537100
11306566366
13119335050
13307503667
11117294707
12511718782
15046096782
3657253566
4383731052
8569902981
6503599811
7395993464
11349169971
9840958288
13854422587
14140156115
3667100479
9668563698
9203268893
13810261619
10433912631
11093493296
8960851528
15158156641
6035333215
12585440560
6870614196
11874182957
13325260267
14211612294
12800096162
12204621051
17991247700
11372665378
7675657746
12348214642
14398731485
6954661034
12134370177
6591352170
9606012551
18963394794
12484329780
11845438135
7727014354
10163460579
7814972481
5517475933
6370859283
24302802587
12813012829
9819273932
8563626043
10919644688
5594880649
6411021847
9447913476
8122223831
6041105400
21277407806
12335969241
9967177164
15552219568
8331739137
26525004921
10671019776
9182542551
6803756306
10166966208
7444284478
8148811956
6559045401
9118786099
5483950466
6728754478
9523283803
9025376727
5969877914
17628725688
7077204879
12570661868
31328789889
12696378104
9193255231
11295620249
11098269216
12716174400
9462740033
8195097001
12591596972
10141855131
14069653529
20984327474
6325046734
8962101869
10715513657
10834701942
24903970782
8873933590
11079572014
9812542015
7263840392
7235300857
10324227881
8645908997
15403537422
6425023510
13374807074
11190253608
13803076112
19580891420
9377388229
6090359735
7786006439
6989670228
9209106052
11069814512
12897986700
14387639875
6660964161
18946398749
4558568295
10851887222
8774747832
9456494307
11036617214
6206513909
12890168560
11329654140
6270647750
11794437620
11095569162
10423178633
9713865673
9070223766
8383296211
8159719679
9581384150
9024015699
8592282357
8075481404
7026732334
7102674598
6611166510
6196106472
5816177973
5498406767
5232104890
4957092628
4675522050
4406485131
3669467092
3876974382
3603169198
3350574021
3119434727
2900520130
2698221935
2511825754
2336829081
2171631146
2016058833
1879402694
1746204190
1597346223
1522256959
1425520336
1354571791
1276073877
1204968320
1117358242
1050663272
973535359
909859449
852245515
798900248
743447796
698220774
649838751
607708059
573449556
522979618
501582950
468644071
447272245
406106568
389047016
338756236
345103215
323449462
286189310
271242008
140066272
140819418
33095642
48162147
112695979
187506164
32507921
59499990
144229020
96235049
29419587
28725174
108278095
48238333
13526780
33741569
47306783
30241917
27933488
26371241
62748100
53912164
5284124
27342540
24006290
16175787
250345456
1486676125
1473367448
1419577396
1375391407
1338102904
1302695387
1256266025
2396043106
2681414908
2926435903
3319662325
3756762714
4176188273
8177575238
7783880593
8079148555
3680173433
7536157014
3518872271
8066924749
5994432756
9950419171
6438926202
7490135206
8927408511
13168883188
6829241994
12274280129
8613466294
16075805800
10494553684
8766592713
10840395786
9368465333
15596671753
6605869429
12145745384
7910693468
11600989696
14920842564
8055385278
11965496280
12503463472
6948368703
8392997543
8020267769
4292340890
11307739986
8621684393
5081958880
2283136264
9410667572
14794472623
14385354157
4611371743
10424362058
13015635747
10535788040
10270748414
13334446624
8669427614
10036842190
11535456738
13516958264
7396229927
5807876405
12559219368
14662009305
7771012856
10387766106
13815666533
15953193555
10725006426
7566914655
5320826989
7890129616
8071746766
7792795928
10940933095
8121779823
11009542800
10007236131
6362711069
10163077211
9870264880
5813377053
9553094876
11659251521
3300440176
13927340848
7513809709
12849515126
8804778888
5221635874
2089222458
13430791170
