11646840361
9234546809
14773986402
9566691583
6290212874
7088068665
9279035291
10687534376
12634156140
6266977847
14396171739
12233275226
9736930242
7451848179
7460223202
8562118844
10379455029
11552855669
4987638012
7715984402
15762878601
7597978553
14067972348
1313397229
9323227325
3268582143
12630257152
14038969340
7445707980
7889678529
10749763026
9340599795
14390346558
11338000032
13590119478
13088287299
13293832896
8968980467
15097431991
9113310487
11101218410
13672399973
8817324867
1228654351
2944119704
8820277486
8843425986
12109325416
10956676426
9393228399
11240765633
11299032988
13103250099
13288553966
11102196871
12525691338
15028040316
3692500757
4360096515
8542362258
6507565619
7433006180
11368919623
9845835161
13873451920
14195864907
3655344074
9643621940
9219005022
13824802541
10413633965
11084611671
8931915983
15199346721
6071871116
12543163616
6874142158
11886304268
13333848576
14220750349
12819995669
12215098086
18046589663
11366884183
7661713578
12357438459
14393193395
6975409565
12121855930
6617831572
9611367264
19042702988
12496733236
11838520674
7698553608
10172552585
7839487358
5523088420
6386114919
24450492307
12829970209
9804351212
8558536940
10914164804
5575483709
6420226603
9438069090
8121728702
6030463435
21370206853
12359094693
9984342457
15560631239
8339000572
26725565039
10657233489
9144730335
6794610648
10204847601
7460726210
8146919983
6518164136
9126697154
5452153215
6719755447
9538692868
9025037258
5966117741
17679760390
7058065696
12577869570
31510583823
12670939283
9181147700
11302942547
11073306589
12719083182
9449043593
8198347589
12590199887
10146913822
14066109773
21097307868
6351073813
8980283125
10713465764
10840021638
25021993106
8880885851
11087759847
9789887423
7263924534
7222970701
10317330596
8621088834
15389299920
6424667675
13384954565
11178108053
13811424301
19550832194
9390779977
6075690136
7761368495
7006017636
9240271646
11061388764
12920575163
14398453350
6660534236
18901141162
4560474145
10856484085
8779043778
9480490630
11066525370
6193463225
12845710552
11352076880
6258447168
11773288906
11088896878
10422033463
9719857842
9036152586
8390438826
8185515755
9483174286
8965987304
8402459757
7890684715
7044963186
6944824944
6467312088
6060135170
5684394732
5375428502
5114796212
4845288997
4571152750
4306159379
3661401802
3792331141
3518646504
3275443607
3049945986
2835862052
2640782044
2456962111
2283530177
2124445724
1974096768
1832005920
1703684938
1588373567
1467834445
1391882311
1324325534
1252453911
1174665843
1092662790
1031294931
945315241
899796889
816028258
783754852
719101187
656523784
631621976
582869927
558003807
520686260
496655132
456725546
429788684
386949193
338685920
340294623
327975551
292722049
283763010
268630710
145586615
126284679
44465960
26471137
80648746
162785069
46917724
53921219
127110739
106205989
38041553
36162060
108554809
84952516
8811437
29704857
52924284
48556693
3088182
38117548
58672545
43333021
6197202
32792174
29557665
17992545
123879851
1377761770
1354512262
1310716600
1280440626
1256564311
1212197639
1171770154
2307503068
2559008654
2853320420
3246645381
3722910837
4117402891
8105877429
7800125207
8018082290
3670036353
7520640153
3551056634
8035219288
5994825142
9914207680
6458651077
7468402768
8918882040
13125134318
6840475253
12256712608
8598469422
16049220875
10471966371
8802866105
10841655248
9352789905
15635911309
6639989103
12130257363
7914995183
11573633002
14953964010
8064059775
11953836913
12476802657
6963131679
8403366067
7989318935
4277426869
11279389030
8631392498
5105382681
2268797372
9391693521
14791267510
14378917872
4602229535
10432505851
12999570950
10549191964
10256925765
13308200605
8683807111
10024479377
11552470769
13497897049
7403709184
5807890074
12525727229
14658013097
7797006438
10354561242
13826891583
15927663747
10709986102
7541872576
5353606122
7934241539
8082485284
7788526692
10964874806
8090070384
11009231062
10025421461
6361323792
10144887376
9857896932
5792824472
9534236116
11649507267
3292139205
13912522976
7503911506
12839578275
8819684795
5264191428
2092553589
13419227345
