11623014419
8909255450
14842022364
9616475786
5985962546
7073239352
9655699171
10812817061
12650290612
6006416369
14264214341
12275876921
9843055505
7613301899
7236223066
9151311324
10255475526
11491571788
5114159855
7773243256
15530544573
7344875286
14194680948
1637363641
9338293283
3210567044
13060619551
13838064883
7636719341
7999519671
10686480955
9477501199
14367268610
11077433023
13596727883
12748131270
13292047382
9003448043
14721708511
9488369598
11206286590
13804596478
9044105969
1304973180
2595842108
8910625917
8782822094
11803311856
10870540192
9310731170
11270323475
11436979656
13023069631
13198628971
11043770048
12467875108
14413607388
3546869828
4755201412
8875453584
6544352087
7459197653
11469748589
9690997530
13620096643
13744243422
3709024286
9682664327
9103202413
13104374184
10539586301
11012178532
8811893617
14160047631
5791770253
12414658104
6979541561
11591187422
13327876929
13763404508
12929913346
12026466636
16640673954
11037196680
7440901766
12843247065
14391154440
7180332337
12246720011
6532708759
9652194542
16880540657
12673819873
12110764716
8049699193
10313865192
7549133096
5606197187
5909324708
21200548166
12811647769
9350149629
8378900085
10884765773
5684840780
6463526381
9418714198
8062289027
6084662133
19217871129
11917856681
9702480526
15705650887
8356833097
21381772756
10784944840
9007003241
6852105819
10061282275
7597750993
8124765376
6185991477
8922679883
5729214300
6932424592
10045675904
9001408450
5928419187
16277607491
6912238163
12603129493
26500926976
12351771443
9105197316
11150502229
11425046412
12669068063
9248107802
8066914174
12899935395
9859313955
13928422872
18997987167
6449653255
8974025881
10621641219
10626086862
21966325997
9085146522
11104524587
10043118682
7253528947
7243612082
10761363851
8752374012
14577164425
6636442736
13660671275
11092102785
13870954408
18608255899
9559023784
5748705449
8179578967
7157438089
9172660173
11338552362
12967751485
14336989641
6495463582
18633238026
4175232662
11114293701
8721271068
9570496981
10811790865
6380163972
13151665175
11572920152
6258927319
12804645239
11955258507
10365799383
9809699575
9539783991
8534955020
8757474043
11209143243
9337351658
9739396883
8798981400
6941564557
9831579176
7189142215
9574698935
9263133618
8811001384
8386391645
7671338324
6533187444
6744566364
3684596898
6077919501
5236541654
5375457377
5054769246
4376502933
4437008295
3851629325
3871325249
3613274129
3436536074
3183109449
3051051913
2853519585
2707496177
2718811266
2661892837
2425732210
3056705496
2814286199
2884528547
2749416189
2596386170
2455353671
2274827040
2169939676
2013668360
1882603307
1730763824
1597988373
1563933690
1434116475
1373493249
1161334174
1075190327
1113543497
1011722693
976655155
888979245
839786520
761096972
435108481
692171735
650956619
536673544
544888394
545913910
486808547
397260895
432870837
345014913
395501975
217936706
68207374
217812289
228367467
373051373
310677703
296233062
366886521
167030735
284189654
214093010
286283173
204488961
58356593
1141472987
2922233795
3542082754
3523009523
3645929977
3812164169
3640353810
3992421190
3525929836
4863529633
4593866921
4648230720
5143707265
4910663391
4887863801
9620998316
8155993284
9565508512
3680845579
7391141648
3892304295
8717735243
6417098027
10339491007
6697499493
7603129077
8898479823
13548604552
6865780242
12810408956
8486775376
16216923991
10253976981
8681093898
11084041598
9586742948
15260411308
6310460871
11985601102
7626894142
11566832693
14920893960
8025500798
12303020466
12086975637
6954959207
8421595591
8151671007
4498723697
11408691086
8630444499
5222890382
2198040996
8942292544
14788019587
14298818226
4275822106
10203240965
12846844652
10400426036
10288877426
12840045236
8457732412
9661123367
11602324803
13167311202
7525652117
5631420954
12638613148
14912981375
7551046283
10560394589
14064247158
15435509433
10873524234
7547220610
5220995187
7585568783
8397703559
8278809696
10828084325
8142968285
10563408683
10241567867
6375701770
10340974118
9858328421
5768276207
9281457068
11699944941
3241246815
13803905649
7534025848
13266315572
8263227071
5224331142
1985363882
13162415943
