11314912565
9262051360
14195939237
9111118541
6529294475
6627841852
9369614540
10183553729
12553317469
6203544501
13831297945
12054620106
9906426244
7694315161
6767490504
8568187332
10890997634
11500007298
5352415578
7975369979
15981725458
7760515831
13911731068
1552748961
9226929613
3218413799
11965412473
14455206241
6710725522
7331859444
11058495833
9526504749
13908040864
11235295660
13784300883
12923266226
13162686239
9489650142
14834512896
9069119551
11655940551
13769180300
8495454738
1753582296
2830361935
9076227407
8364468172
11709701749
11086941743
9999124114
11223857507
10926018007
13469432748
13247233935
10845867541
12493386393
15075594405
3558194281
4456964297
8730686755
6699459962
7173604950
12048318345
9667998635
13532172619
13894012175
3868042427
9396533545
9029265746
13802980419
10747538894
10646918634
9513489368
15016619284
6468647850
12724674383
7431608945
12079899653
13799384494
14187188500
13002405473
11269054471
17874663054
11591834786
7645379108
12718429768
15023400782
6936867467
11788009511
6737782382
9306900925
17872368968
12348809349
11789121532
7496688142
10970891204
7415930293
5947420379
5733631573
23628937162
12674198215
9682205576
8564937191
11665701488
5609759792
6286900867
9499204957
7625011255
6587112423
20763665594
12152417317
10404346659
15474945141
8199680507
24678133722
10579438939
9812750318
7293217115
10263422070
7737464487
7972132902
6451826289
8973530157
5194541914
6713463584
9339768788
9394052955
5838131883
16235242172
6594925311
12302055082
30724875916
12486618194
8912142079
11946440647
10295158784
12999987370
8913645479
8827432025
12408259889
10032859762
13890023698
20240443643
6072815142
8882548450
10342717991
10332078561
24159508433
8989139367
11124314722
10316035844
6801107159
6764761830
10330322185
8389672520
16316868572
6131870000
13991516096
11612826108
14275994468
20239315489
9915586185
6611099836
7650675728
6999943050
9045705875
10881838496
13224550201
14189970193
6980218222
19637685578
4303624354
10899053505
9188231004
10263912994
10542989470
6559238213
13588451188
11716242326
6645378529
13062650820
11862206641
11136851382
9665591136
8755743667
8741918378
8289091332
10854017700
8811999767
9596142460
8423164100
7646051778
8830604790
6646018553
8891098768
7330669882
7572010112
7032848353
6114236508
7033248924
6066375744
4342308089
4876209535
5139362885
4299952893
3755120857
3982020881
3959660419
3670205097
3132836714
3597433275
2157984108
3073398599
2327602940
2199894535
2258182951
1642097251
2495815022
1574837214
1586974665
2018816253
1153133128
1471642891
1847094446
1429330982
1583852303
1384651105
1025554201
545776698
112774696
777170333
979547750
663038114
243407385
826263499
831441050
-344589650
90794239
365379102
53025329
333929627
340789620
636514770
-457086399
401158615
191780212
125079453
700657902
308167363
-329828666
-7484129
43480240
-567279679
355150368
-106931215
444567395
-446098266
-412083459
-571680108
848065876
155154148
-22966919
-58369660
334785984
12629913
100185988
360802314
-643015780
910102188
3093222019
2207647104
3069417137
3254812955
1949608781
2257129455
2765283560
3565293892
3862586804
3530978868
3671255142
4568120376
4003176431
9055701960
7716787479
8609484221
4190747976
7000585036
3497289480
8049974571
6445468300
9606021949
7122804811
6835004570
9111088615
13253410367
7153708901
12898143225
8191492329
16490803617
10183883901
8847126851
10706239179
9426634230
15282135168
5744539221
12318753028
8238851461
11729543217
15284383470
8740852603
12462638926
11497712590
6827716808
8954548535
8773676515
4329906443
11670673517
8720010351
5185319155
2343931704
9011636864
14818711917
14159867459
4097888227
9778669694
13146497048
11424878623
9946039034
12892660382
9094940199
10154835666
11078519766
13347798454
7004715077
5463322078
12060096070
15242709562
8360651451
10286455308
13431894364
15347784976
10537325021
7889822915
5462667768
7552409432
8094155876
7803793194
11234134465
8084055960
10421648241
10392336370
6736155823
9617801560
9900814994
6260777073
9620485108
11774492511
4171246530
13288005890
7854978573
12384801679
8630836424
4952620172
2292779485
13453863267
