11703616508
9217829763
14772171810
9682678377
6262393789
7157428315
9259074336
10705516282
12642168188
6249115778
14385796191
12241597090
9803123749
7472904037
7376840909
8558162488
10327451513
11560381513
4943837505
7693480784
15753264043
7687167293
13936057074
1301471658
9307138586
3146661565
12628310631
14103393167
7411117014
7924816183
10687029670
9286002972
14387601900
11329705348
13632736561
13078881242
13223343313
8938561455
15050471905
9172981447
11156681749
13602034009
8739921463
1254900585
2895966528
8741089552
8783317690
12088479390
10866166397
9373307503
11283679618
11299355694
13045784380
13267480522
11154434917
12532807372
15006382674
3603640702
4389962050
8636881684
6510136416
7407599061
11456132212
9844314573
13820794030
13987679328
3673300290
9710138754
9211449542
13730827637
10418286773
11079629743
8892015294
15026375335
6023798831
12438886835
6837271824
11875566202
13410376600
14172065458
12801563864
12190926502
17752761395
11318966952
7590044464
12386756534
14398229345
6925578588
12050075851
6555247022
9656813619
18661322606
12422714790
11985275937
7648361072
10193140650
7817408167
5495912136
6280643286
23817877212
12814463973
9790288028
8556761005
10878412582
5641228826
6390125499
9369553121
8085242833
6051316639
20955368479
12285430195
9917796854
15596053323
8318982403
25683635778
10718062785
9136838766
6841694707
10200615859
7483607125
8198772663
6516468089
9038361497
5605875963
6756771212
9594252517
9023802943
5952708626
17430741060
6963557070
12552054950
30613593229
12688446724
9195704547
11354792293
11086301465
12646699302
9506193273
8103508164
12586193952
10133004385
14109529740
20676711256
6337161944
8985364643
10695779490
10827961034
24457488546
8861201701
11075426982
9913098258
7176824815
7387731310
10313949213
8644280820
15434456328
6437705697
13428916520
11126113915
13841454846
19551641263
9379316046
6111411768
7771972572
7068001740
9201225783
11061245639
12917794092
14423294200
6698482585
19020298801
4554326917
10840880595
8818211548
9302235695
10978132492
6260580890
13026823627
11339248881
6237488641
12016198234
11310137539
10374316461
9823245048
9147089529
8466156929
8252470151
9851030870
9068186045
8827570273
8381395032
6983231357
7828251686
7293001881
6832398511
6411033675
6057119232
5769890547
5462198167
5151894907
4859257371
3674760256
4269834042
3972367985
3684519760
3438487432
3196884576
2972793594
2768666342
2550595413
2389103261
2211996990
2054861676
1897534349
1794979170
1671486866
1572560563
1463118473
1395295609
1325282032
1227587736
1162271011
1077588467
977145087
946312708
843646133
832242846
711227279
699585787
632789156
578581794
580703637
557170827
484093994
461573551
442068493
426041062
385298198
367540997
334109722
268584589
301009408
117275873
125318227
113661276
131160135
109826294
204508411
65920286
65768736
133553122
144398271
55118940
51588598
123167618
48458486
29466649
98860835
95970107
58312059
39599056
16846048
29059727
62121888
17435811
44386880
32812787
10730454
723632697
1909434353
1869335356
1828893416
1772948476
1704881063
1661604657
1659280098
2812291673
2970051516
3241779947
3563967223
3934278413
4365862034
8402084361
7755216708
8266835045
3645573106
7649862570
3559110892
8136372755
5997327440
9993816983
6531950689
7494193578
8987502323
13204765743
6862494343
12445778692
8666710067
16115047538
10453525589
8733164471
10837442582
9383184867
15483209365
6588786553
12118942352
7928511344
11642232674
14995175349
8112293388
11940025622
12470962408
6935267466
8383492836
8075401437
4276223484
11339749477
8629365670
5131267772
2206508799
9358226196
14801575120
14337786144
4659286543
10372985685
13029514755
10620253426
10331793643
13317955630
8761360659
10069965171
11500104984
13483535828
7421023375
5767805965
12494916217
14636050592
7788116348
10378010164
13796337327
15849345695
10800589762
7587454715
5334208720
7908215506
8126036318
7813648417
10964435582
8157283899
11030730626
10016709752
6355874679
10168774495
9959574914
5779546499
9543187211
11628747217
3333501887
13912488158
7623148959
12720406186
8777978567
5172516930
2178559300
13470564645
