11804187293
9231893606
14863488063
9665290567
6342633285
7233032078
9345801819
10568195295
12715112959
6217166227
14262601285
12200339390
9909510598
7594147871
7484528733
8793303319
10207445035
11521265108
4972049665
7864001465
15746304164
7539739120
14072771848
1231692270
9399677032
3156812408
12638448757
13975247099
7469721354
7834028669
10748369144
9396055617
14343320260
11258657473
13498631525
13038327569
13320070353
8995466757
15023539916
9145912529
11069946930
13751170852
8864577558
1081686445
2780662001
8797610798
8740201338
11980205520
10884894583
9239378019
11199441092
11336387981
13059759368
13286333848
11144822201
12454200806
14785518961
3538523987
4555991330
8496167698
6748164586
7525859562
11623736607
9631579852
13569113139
13747766144
3466387484
9639680836
9153666749
13521658261
10412564128
11001966467
8848389607
14537144571
6045505120
12465412993
6868704537
11892342435
13251636013
14071686370
12719149547
12030591574
17048690513
11362291343
7611203077
12408741732
14386749578
6976694337
12056844799
6578780263
9529901429
17933638885
12489716246
12037155397
7613793468
10255569407
7555341707
5522324683
6120396965
22181466913
12725185837
9631578230
8446522155
10806775868
5598170280
6552466461
9471065800
7914200449
6111743599
19952096394
12084233336
9964154264
15557295764
8354629423
22975408021
10762654079
9102704574
6806345487
10173160465
7382187495
8264513146
6528090752
9025262376
5764233236
6720387539
9799357057
8776111877
6079727714
16729343493
6984769990
12565477170
28253300998
12829812517
9166037431
11334199188
11214624856
12700601550
9578012049
8072963537
12652324257
9920630317
14190730270
19921690444
6312340423
9037936396
10651476746
10614348123
23192608649
8956205879
11186038813
9933467739
7206639879
7366170489
10636015093
8670007387
15088660685
6534060183
13683624556
11115999317
14009036272
19195211000
9523049243
5968231338
7831855224
7067894182
9167586456
10986949387
13049379306
14619838486
6855085777
19148133722
4568660458
10865013271
8819647813
9493270788
10995404243
6384358536
13181919924
11434060659
6405086389
12695963585
11943843274
10510069992
9920007041
9154964812
8385124476
8582003210
10760729942
9205900746
9712064404
8586678709
6808709927
9390144523
7206438349
8981739657
8427041068
7953699450
7569384172
7176287028
6383828207
6387530371
3655362310
5608769957
5066524066
4842287800
4518924121
4202564321
3914773250
3639764176
3359103747
3150837072
2915978649
2723157009
2518885382
2351422171
2206262118
2049512207
1940041846
1850474213
1743398091
1637929793
1507206697
1354965807
1329430840
1246498214
1174445411
1064972415
975347448
927868176
854623327
813882706
726488614
712721489
679151508
582760695
584556292
564725988
515712529
451559412
437663544
423908183
368695166
376486292
219704178
326850076
280938274
266268543
209108543
242871469
218184676
186656379
160293074
86916502
65610484
99638659
98923126
79302428
129560930
48772093
17523221
32574960
97654838
23138466
9302933
75074909
47753008
48428126
132526808
2116061848
2965189405
2924996750
2970235779
2984732052
2952962682
2885048305
2845933140
3962707061
4153437053
4246621273
4366393946
4632164581
4633975656
9170510719
7806962866
9047553051
3661305678
7607682556
3382131221
8350493771
6212130366
10262580734
6573790728
7561940641
9091671923
13307707359
7035841727
12693081203
8593947914
16238838193
10504913562
8549167187
10852545990
9481513574
15436662837
6292861936
12245208314
7749574577
11718387005
15042920750
7997191747
12004368035
12160540510
7022508475
8283950790
7957241946
4355045673
11591808601
8619387382
5067487025
2308001487
9217157162
14875145506
14361250838
4519606125
10221036636
12877089222
10534536147
10409165088
13237820265
8568891845
9963500363
11555351131
13485159016
7172514920
5801837125
12546645057
14674905347
7829275689
10195990945
13798729657
15626633160
10796478051
7486733504
5320998676
7751362331
8229381643
7916607800
11086137495
8066229051
10732791356
10004425969
6399711101
10213957279
9813555897
5736186464
9464208138
11542798856
3396413931
13949175497
7603752815
12808521241
8598018351
5072166508
2159172609
13454168851
