11666295957
9233038754
14761594783
9670158691
6301168202
7139076529
9294872421
10701935904
12628362371
6271141074
14402880110
12233235445
9722933374
7498599157
7378854718
8612575945
10320304771
11568566932
4970170428
7708564939
15758020558
7701090930
13951486544
1286177347
9326453322
3160756984
12620217909
14084287910
7392210078
7918964363
10657777278
9337258219
14346631087
11316520463
13620584703
13082901714
13243617624
8973134006
15052117961
9165288214
11146461501
13614328464
8767823871
1246002000
2870662785
8757644035
8802643541
12097126677
10864642760
9400410549
11301216232
11302992488
13049125437
13283311363
11170511141
12535422047
15043004800
3588720777
4386461820
8643083881
6515167495
7436627056
11407382862
9844295187
13813449439
14018912936
3666980986
9669483748
9207277245
13793039770
10448465018
11086973785
8938703544
15072054432
6021235447
12513325699
6871457022
11824652965
13400551937
14172857935
12786181260
12209184311
17787385764
11342548279
7618726270
12402529849
14422340568
6967428038
12068821900
6525873334
9680722954
18726514535
12434831120
11957181713
7628120517
10185963492
7815709473
5533312345
6310160464
23906273034
12849616900
9801672428
8565963593
10932676269
5649277347
6364638972
9405894522
8068672310
6041271740
21037768814
12298338114
9924777297
15547740778
8301361983
25858882499
10673793114
9154449654
6859515463
10218693282
7495416453
8205160893
6509455415
9054906216
5564722380
6756880527
9573336919
9028108566
5968771405
17464316152
6973446477
12565591472
30727294712
12697657582
9158474951
11345341528
11091012581
12674730307
9490747164
8144802285
12601245086
10161934406
14084768796
20732363821
6312264140
8964975263
10681001139
10839189231
24573110418
8835412420
11041017965
9928362025
7198254857
7347394593
10334381125
8626372609
15401722448
6390520235
13432262186
11130517431
13804920868
19546036416
9369793829
6097541482
7784205275
7046689932
9175808980
11052712194
12881324124
14398120654
6684141489
19005461113
4549464398
10807332910
8834332578
9350885845
10976572245
6234957588
13026151895
11327660866
6225320848
11986670675
11283331676
10408540348
9820483647
9106673935
8454169552
8212247884
9772166722
9076494004
8788809088
8358361684
6995896447
7687425339
7161023996
6700908872
6295849238
5950534440
5664424786
5365173794
5056337257
4769638488
3702996264
4191895411
3904550174
3627920982
3374451709
3140954186
2922883949
2721594992
2528637888
2349605316
2186187517
2032907986
1861502368
1758333025
1643457243
1541041312
1450624777
1379058144
1293123758
1222875619
1139196547
1063178721
986432439
915912056
850756925
804068506
727226031
704109548
628527904
566761865
566737950
538723317
490229710
437234547
444385801
407775054
403614082
376829385
315600802
244213986
290586184
144474807
126066580
95708622
111395508
106614614
193069016
27536553
48614603
127634103
122834691
35639585
54070235
74806442
75168356
53620584
91972730
55984267
19563248
28717409
11036014
11399549
45626419
53428743
30464274
52866106
11051955
654836802
1820296904
1819162958
1752065569
1693151343
1647796157
1586148599
1593131243
2700968337
2891519491
3144346088
3551511726
3928715430
4351798898
8356636732
7778553798
8219977874
3674950295
7653456886
3529799082
8150218510
6017668641
10003897949
6486835194
7508351475
8983748189
13220778075
6861492814
12400262709
8681336196
16137188563
10425464670
8766295506
10808506695
9377677226
15482819111
6625371131
12120427213
7949251414
11643798952
14958923876
8112301040
11957560378
12478798419
6966890970
8376621711
8057046433
4293027136
11342660768
8618339859
5136643664
2248083434
9369576006
14795748797
14358870604
4637241541
10351853155
13014480992
10614773234
10318880912
13330658422
8703374997
10038842417
11492653274
13468503865
7426561687
5750599742
12520150755
14659775285
7794167959
10388648251
13849998526
15884684723
10814580304
7619560788
5357600389
7874034749
8091153326
7788292256
10960159128
8142763044
10991287028
9988415548
6359286491
10131328683
9952641618
5801099102
9520166602
11627600820
3321027031
13879436628
7581637624
12760489566
8788998337
5181391858
2108695735
13470334585
