11663270268
9283580398
14795033517
9600951843
6295345095
7112285049
9302920381
10699169749
12643720615
6232220121
14405708924
12271433278
9716991211
7464154842
7472522780
8579657774
10390266088
11544609801
5022040969
7728000742
15773948418
7572601894
14077230076
1297715321
9323027045
3266713999
12644301012
14063128154
7469289635
7921804062
10743983295
9300937553
14374718517
11359389422
13553467474
13060195108
13260228965
8969190901
15063085030
9132582503
11129811200
13664921164
8789330064
1202246590
2931705690
8821532121
8844890852
12124362265
10926004532
9372453448
11202919157
11325952405
13117710212
13314384824
11101536080
12565501418
15016840377
3689225337
4369656637
8589536193
6509585044
7384466797
11362013501
9857263259
13869677034
14213860901
3647398730
9650393072
9211488664
13860025377
10413694397
11093410505
8947606697
15243036039
6074429687
12583527619
6884327390
11892903071
13366755726
14260559298
12825424150
12244846218
18136070780
11350117769
7677399757
12365014803
14419226082
6950253506
12055886958
6635905490
9619688078
19117706035
12492123322
11837008247
7672700085
10166135607
7856798511
5529627388
6411507352
24611550294
12822137537
9784314846
8545402194
10916102882
5584641313
6415206071
9476876059
8113788001
6039279198
21442327088
12399558882
9999579837
15592184442
8327660743
27028641508
10716851482
9173615905
6791815245
10209919043
7449099576
8126611701
6540011015
9146591054
5406333557
6676366307
9521491332
9013315876
5993832554
17777283945
7081863039
12597015771
31740893798
12666709738
9171998116
11343960816
11098832829
12729631451
9418306287
8159950319
12634214347
10140044299
14042181242
21166998694
6353697264
8983216332
10751279664
10816196342
25141355137
8922012646
11043463897
9786651923
7269404568
7167384534
10318511451
8627488668
15355105470
6443955752
13380624812
11156262501
13843087048
19574232825
9385996066
6095419656
7736276473
6987805525
9244433455
11067685041
12929057967
14381353078
6680298293
18836424254
4521154292
10845452746
8798156775
9463990041
11043132802
6200845538
12778029447
11320419116
6251305058
11695596116
11017414329
10353085756
9664583413
8995908158
8371574056
8116791808
9339820339
8730564981
8177771506
7681792683
7032797775
6760045294
6294616653
5898013305
5534740938
5232033048
4981588076
4717036483
4445374052
4191675259
3698258627
3684253792
3431945081
3186492800
2963691121
2762193219
2570982011
2392701386
2223780567
2069141230
1915121002
1785349250
1651692299
1533390720
1449620660
1352139083
1273721687
1207581523
1147350518
1071706302
995988358
937451879
874062771
817675362
752105072
688956291
614502757
617645437
566072555
529896328
514755045
473925622
443416441
425940173
389382443
301863509
308380226
303465968
289102541
284402452
230786225
156610847
94805412
36257971
57440228
72005364
164886596
45085316
64171355
135980723
99437185
52369148
24080351
106217696
99887767
21216872
45799848
43570714
60441836
16506413
585808
60722832
58906553
5308870
28321596
26679745
1521739
37441920
1220474074
1218238657
1184019289
1135549410
1109718584
1077192546
1064430885
2176760844
2445632623
2738899765
3214691049
3721116013
4079402907
8055199939
7807337764
7944932789
3639595300
7492811319
3547904706
7967576825
6006336181
9892595742
6443349343
7427495360
8905758634
13099612257
6835929995
12241699994
8612994375
16009600386
10461476053
8780663521
10866362009
9365171170
15646593379
6656909256
12121586738
7921115305
11613800989
14952116217
8062200227
11971131670
12507762214
6990795188
8412692663
7995658528
4269737273
11301559765
8616925190
5084832356
2261884556
9395928515
14811567306
14370425132
4608208776
10434653498
12982337652
10565571671
10201754631
13293205651
8680708356
10014279261
11555994345
13508477149
7423023911
5828409393
12508463650
14663323992
7815622444
10362428820
13849209452
15937431213
10719667476
7526641314
5364346966
7921996831
8076672806
7764874601
10996499624
8115490886
10998942176
10010397414
6376344577
10106304858
9864132583
5799627311
9490662520
11625737701
3261559818
13923041612
7484450086
12819171381
8845306513
5262660984
2070233521
13447711187
