10102065859
10177491019
9744857931
11702024526
7546790353
8877059371
9785859531
12276716035
12264561646
7281031309
12725379149
12296028218
10676389293
7562088827
6075318752
9906437877
10506477283
10762855906
9130837579
7834050507
15822162306
6762906684
11849577691
5439227408
10028368085
5356041328
12521955030
11376177650
6568967829
7716507911
13900864108
8898157667
12546313771
6256449653
10907814589
15789187183
11542004441
10371203392
12068371194
9017364450
11286220095
12818684863
9027471449
5712083201
6375397253
11522160033
8655057622
12741304992
10949828205
9498955310
10782821985
10051573985
14053830961
11254700863
11339969268
8839637770
12276881632
4664028986
8786142283
9969882865
9900579155
6781918023
13785462072
10910084274
11904907596
11016150448
6347315487
12897421329
6987021982
11384186179
10232342738
9301562145
7157699560
11776464585
5059849682
11148724184
4260623266
10380051615
11720259504
16007246668
12840551221
10770806625
9418460759
10998812860
6920594736
7422042255
12357384336
9027731633
12880492138
6437880328
10885539093
15904600223
10681204083
10918969083
8777669190
8996951942
8495701051
5488542481
6120180993
17618789133
11348296814
8072533381
5918053889
8772741400
5123463508
8629982310
12763789403
11588578409
6220321131
14958601788
11316011014
10849471580
13673937010
9099444609
15282566108
10511484870
7156198161
6964999569
8863111209
11257995747
6557213857
7384999801
7979305908
6516401887
8260352184
11043809719
9175631794
6038846092
12524470787
9977414612
9202619250
17809612141
13264247725
8854623075
8962566509
11263700273
9291489146
7697638472
8090312529
12067588613
9444810077
13013096788
14983049878
7730919183
6777482454
9611850516
11597237230
18652537595
9662495939
11104583276
8943259603
7955345411
8113743686
7181385263
10478046857
13029159115
6517690833
12769349387
7575713921
13354377771
14306843533
9656413721
7257136616
9603313187
6624183399
12790878300
8721779549
11286208622
10485263762
8705132539
11999741276
6220169964
10622777132
9826972525
13276016972
9950832767
7388070169
11189398895
10405565557
8319492389
12764096460
10575814910
11289545560
8725685346
10303468669
10113612860
10875482020
9983652882
8009138592
4899518050
8383667306
7546402600
7950795136
8485542721
8949541371
9266409929
7901378821
7712995831
7858073958
5513521198
6550976500
4361987092
8590977590
8489854715
7431666757
10018073050
4701979544
6971451505
5806030654
7502438803
7663213604
5402352757
6547300838
6287656269
6476991496
5424317646
3561101417
6382502312
7474376354
8447096617
6493507791
6760411095
3970802600
6826000488
6573880673
6211720274
6436312914
5272852467
5676520417
4351108534
5595701214
5717203707
5584067247
5203999250
5494419927
4844749979
4857939674
3555749978
5426068251
5050482728
4627393870
2183969541
5047959923
4933581766
4389606855
3767770913
4027445689
4971902429
4897844641
3752609464
4169996625
4348203607
4277670201
3857749300
2321721176
2555794644
2384288407
2435326785
4176426904
5139916349
4203549935
4078650773
3888164810
5388773121
4449496388
3071639353
3065548487
3823562301
6219030222
5937211166
6388852167
5892536999
6611601158
4735602375
6239610613
6199284696
9334252590
7043384860
5201863180
9551730934
8502244386
7811807593
11174463780
12146109516
9711153388
3431545167
8198723905
8063160674
7453461569
8141562508
12690893920
7158922440
10055343532
13650978791
11515357183
6967612229
12029247816
9142523491
14781844608
9860421050
7832508469
8247614871
12081318547
11589171460
7024401221
11296133302
6947024782
8661177847
9420033218
7872131900
12365431275
11288719273
8451991872
9912502262
6964011212
6380447547
13096485255
8602876593
7187887932
5344203264
8637493516
10992758269
11920416074
4074344001
11229200599
11354563605
9001567502
12553686563
11595875941
9369855904
8134444148
12372478407
12056267661
7779610185
6174895767
12764952295
14467153231
7590610281
11386601374
14894366905
17595807104
8637301111
8001310680
5786193977
7383102309
9076368972
5392396807
8827554231
7857654105
10225974780
8893524850
7263444054
8890945729
9027109485
6614724945
8666307592
8455340601
4743991028
12112254457
9785539334
11247279857
6091697792
4702679467
4870940316
9684101848
