11689210568
9221626871
14767317670
9584214175
6261605354
7111890939
9321384508
10706323286
12644755193
6259476976
14387355450
12237081177
9734302870
7475189382
7394044532
8582989705
10350409350
11571397852
5006045262
7750684106
15777699559
7629189127
14031058827
1307446793
9338293846
3288866690
12647439091
14082735260
7435803908
7923631804
10718305308
9363227014
14361151562
11335977762
13615165559
13063366338
13260916834
8947983685
15086298929
9133577004
11098690262
13664377128
8783245252
1222107656
2934120709
8753997157
8820956595
12099298934
10957648258
9388652766
11252349017
11311719760
13088397636
13298256531
11096125122
12501788822
15018835205
3654991374
4380341212
8601083374
6505460721
7397018048
11380938104
9848792593
13841504591
14074721862
3659692612
9682164459
9235734799
13804211069
10449525296
11080147038
8935185794
15162665025
6053772777
12589550477
6866290794
11853869202
13334765523
14175644770
12789649143
12209924076
17900811838
11361067647
7627884213
12394695718
14401089441
6997169705
12138423432
6606195074
9652365541
18888535284
12478555900
11880428435
7726673283
10173440237
7800924380
5519125667
6335172923
24154874933
12843423983
9800245526
8563605039
10881704215
5629036232
6406142381
9416666157
8120757703
6023073093
21178028123
12302488181
9931430400
15536057649
8308007621
26279576486
10659222494
9187595641
6845533179
10157525681
7479817956
8183293906
6539306764
9086800208
5513530905
6759927925
9521530967
9035716669
5959681658
17538137134
6987346660
12561416684
31088357219
12706674088
9210710784
11299537636
11117155140
12682107058
9452402919
8184732695
12600003280
10137549859
14056998180
20900932667
6307457698
8956242413
10682559465
10826139113
24822315743
8835079336
11075503830
9838635460
7273126365
7268875934
10333765470
8608337876
15450184662
6411313254
13428969751
11172529186
13802315317
19557075808
9368425998
6113696015
7795093412
7000340422
9233237546
11085765528
12906946538
14422219651
6686512079
18957676072
4542701522
10828925321
8822177586
9430440321
11009561866
6225032112
12952038254
11359517161
6231801928
11844136892
11149656087
10437018675
9778711392
9129902195
8415431282
8164863042
9647386155
9048829129
8743784061
8234100265
7012854552
7308039621
6805624640
6375870621
5984320987
5656423947
5384370192
5099402124
4810602766
4534699688
3686592965
3990093181
3708489915
3448169893
3207811511
2983826110
2776506222
2583385067
2403033455
2237327542
2077322894
1931495896
1798851020
1669932698
1565329907
1467159362
1380180281
1317381977
1239568442
1144903691
1077495353
995890558
935115584
884692565
818479494
769581991
717244146
634068351
614264844
589086861
553358676
523940062
458523008
443007603
434734288
405796108
360152563
358016577
321945507
286819288
263242863
139528475
135569170
54308664
45608357
107766934
160796143
50991207
25443333
155769116
133138555
19366220
1416618
117800930
40935970
26014803
53450056
31098735
39655154
17255931
14505282
49122068
63715397
13651819
27539128
16446879
34705602
405195690
1624851939
1604182478
1546330245
1483044940
1462064209
1410514985
1369720496
2526772525
2743066039
2989805306
3435978162
3810652740
4241072859
8235097531
7800626515
8158820718
3693114908
7579597358
3534113533
8093908119
6005771157
9968549170
6463063176
7488542418
8929480919
13167469685
6841528362
12281156823
8631050823
16117358454
10489842551
8777456784
10810321780
9359248630
15547292628
6608648229
12165118974
7947328810
11623380280
14912642556
8088473356
11972195881
12490622186
6937474686
8381088151
8018203079
4290648403
11306404407
8627224602
5081219120
2293309466
9393425079
14811004111
14383275125
4568465301
10425313319
12999787841
10570305082
10303430254
13332982249
8688834745
10028013609
11535979669
13562806314
7428930525
5735888450
12575508947
14655830976
7807259625
10405088070
13809223144
15941278049
10736191705
7633625098
5301905816
7858559657
8087759341
7763650712
10932991518
8122304150
10974466573
10010868680
6360493744
10155538182
9886229297
5789239043
9576421233
11642441252
3284536515
13911680143
7530220485
12824538598
8789157445
5184908888
2102160551
13435648050
