11789562542
9150712792
14878785363
9649908083
6357906452
7258663208
9359350476
10717370902
12626273317
6174584293
14249649312
12197789697
9867446243
7634781735
7421534672
8809771142
10178164488
11445027121
4879247820
7812374246
15748096593
7532641272
14120818768
1315207669
9350285284
3167846889
12596055763
13981825638
7432198342
7895352212
10767792480
9397808196
14427973437
11097007002
13506959489
12934374175
13330203490
8990955135
15033229039
9109724238
11059089806
13836726406
8967635981
1178586248
2808698889
8847111869
8711436098
11941367304
10841974743
9189360019
11184460520
11304461751
13094724412
13256298584
11136677774
12415213113
14787249191
3502698902
4541109371
8541199158
6660649847
7568340153
11574297689
9599726570
13512796038
13674176010
3436076102
9657626434
9165880092
13552260976
10407388704
11036889544
8848163014
14465959439
6005059555
12490938600
6918036635
11883939962
13169775443
14106767449
12709527314
11978184017
16919853855
11312884008
7569643074
12405871918
14323098433
7010915120
12128697081
6675673755
9506250795
17768248541
12468844434
12046057427
7627226096
10222325165
7603553569
5571280777
6126503779
21957022581
12765398065
9565010298
8458179918
10838056173
5691454180
6540898314
9486215141
7904284569
6008886722
19686071729
12190363891
9952506872
15596668477
8356283620
22623288523
10778955118
9027815636
6800087140
10154989628
7379428734
8240440037
6522828841
9153718051
5784197427
6781129213
9887315366
8791099870
6013669387
16595072987
7044766464
12648305937
27969482080
12836647536
9030407408
11403704352
11201993288
12665899794
9547358559
8116348957
12590851815
9901405373
14105863883
19782332829
6321190305
9096229359
10646588945
10556359682
22949829470
8976371717
11153991807
9940107619
7213191220
7399457506
10622308500
8685392698
15021502988
6538714636
13708722787
11126001949
14003797702
19087535679
9610172569
5988898542
7811641692
6977545068
9236200995
10901911123
12899457231
14571430295
6844430006
19150173919
4552394790
10803136993
8856400083
9480734329
10971590238
6443841533
13138653097
11449062242
6422999716
12789087559
11973828982
10482890718
9988797831
9204825997
8374828973
8651325399
10976785954
9197948812
9765296849
8612439643
6868376194
9553932271
7188851526
9318916799
8726185000
8268350568
7868153009
7447881814
6445103105
6629236741
3676868937
5830699775
5069386114
5031475226
4683318633
4361026943
4063292332
3771173251
3517154228
3251328235
3008530416
2800701683
2632922650
2447496260
2283372674
2142331691
2033894927
1916772337
1813408355
1692931497
1588326771
1469147230
1370925583
1272731092
1216709210
1120482387
1051673857
943446405
913311741
864393726
802938653
760536732
694332276
661045094
632119349
587238647
539377929
522012936
477295957
447992268
419586801
377738853
221249321
299648469
322032079
297177609
260202717
260323056
233374715
221965361
198371299
147368877
168777029
64812976
130254452
125467062
67253169
62892947
35656966
57746519
25479568
72881048
19330805
81248035
47144078
82616005
449240413
2347152413
3157258004
3036813692
3269067653
3206158887
3165293825
3091814233
2971746909
4230128755
4288445490
4308463233
4613981695
4753258448
4741094543
9310915321
7838840202
9200433074
3630492274
7659560720
3441331116
8503547563
6296492060
10291397142
6486946075
7537377850
9107206437
13289719535
7048914232
12715670423
8614906992
16261341657
10486064934
8631740519
10813902786
9406511613
15449392379
6271692176
12317192618
7771950259
11761510622
15077693277
8005232560
11988452197
12161930716
7119002258
8306000048
8075672977
4312404921
11539880218
8615095707
5131528200
2255350327
9248931764
14896747567
14359382102
4486392365
10327383154
12905730714
10539851768
10436730407
13189375865
8454603721
10027607138
11604358639
13415679231
7261909586
5861819686
12610445403
14661522356
7844510514
10146562925
13893111798
15607326381
10815368664
7497162245
5285630424
7836671267
8249579649
7953744055
11162334173
8041729018
10686820510
10005076069
6368885315
10318946350
9833383649
5762577708
9415493071
11549498953
3416857959
13931075746
7621250439
12896681189
8680165368
5225596269
2171563695
13445505494
