11652628990
9233995765
14787615853
9571352831
6264536132
7061700171
9306750978
10695441516
12659319692
6261360613
14427615352
12229914726
9743378513
7463499236
7404231623
8594209338
10370744553
11554896808
4984428024
7764167107
15786273242
7588187262
14043522751
1318886053
9339378179
3286727899
12619933267
14080382288
7445398892
7939413834
10714651544
9363886753
14385240724
11318871861
13616567435
13062793167
13270395437
8974211471
15086414892
9135342031
11089185501
13663685252
8775599239
1214925553
2939244918
8806326349
8849690792
12115226334
10966068406
9384684199
11246822951
11299744287
13110319343
13306083925
11101190346
12485427578
15037817795
3665730767
4385489126
8592625361
6496440996
7423075332
11366800661
9862639711
13844762960
14093673965
3671943937
9650754406
9227548789
13795190046
10448355336
11095603540
8960501860
15185496489
6029648439
12569400108
6877343901
11852011236
13333840116
14165290275
12814710639
12201207584
17944946692
11354316487
7652022641
12373781473
14387308640
6964152514
12127319085
6601032379
9640123400
18911119455
12476754972
11872596149
7743088839
10176741302
7791797521
5508357856
6360232715
24220483276
12818810184
9839711800
8575265970
10889538587
5622125592
6401091073
9419482497
8092995038
6043504765
21217325881
12323341288
9928505194
15548235956
8323720061
26403528162
10669031563
9184803437
6830210545
10165787951
7476085796
8165867540
6546935741
9102429013
5501082793
6735539557
9501574778
9045661968
5939915477
17568499597
7037362957
12571501326
31201837820
12688164638
9172166810
11292730935
11138151688
12697396033
9470699758
8186318575
12596021245
10165808144
14078393629
20940484401
6309867815
8961406087
10693714205
10820667409
24860108429
8837902807
11083927143
9820393366
7264941264
7257214591
10323345731
8609785459
15408753830
6420885638
13405844676
11178869104
13775382714
19564575158
9364196627
6107022533
7775643810
7000562389
9218703822
11066160427
12909558716
14406982864
6679189623
18966105245
4551862264
10836094062
8783920199
9447057960
11016132481
6213525858
12933912996
11332660119
6283368598
11813265769
11116710976
10429509300
9761982973
9086509350
8422162864
8154891563
9624146178
9035109068
8683934073
8162906932
7011279445
7214850302
6718702640
6296607308
5906150961
5582398672
5317278461
5034025561
4749798630
4476827534
3674026639
3940454052
3660822472
3405339232
3168506424
2948343931
2742260379
2550445874
2375784187
2210079556
2051407775
1902290709
1774564759
1648838000
1546763121
1451634626
1375098483
1298354670
1224364076
1149451287
1068934295
992849357
914630014
877689555
821664662
754759496
709256961
662759192
598578450
569856656
534416415
516486145
483616569
441622686
429033320
386657548
351228885
343293411
323472796
290915855
256852923
131019751
136496311
40701228
56219789
110032367
159532435
37501146
46074964
153693373
110205594
34953344
21525019
107164495
37011728
26179188
44292387
31245060
37692343
17335127
31089348
57580148
56742004
14123991
30055767
17915384
27465706
343432719
1558684122
1531367880
1492579798
1445573435
1403050214
1363837182
1323386078
2470202686
2703306387
2948339293
3381463547
3781018215
4197445104
8219152084
7792678751
8119616929
3694914209
7567576307
3517017890
8076777403
5998153160
9969406547
6456764490
7465412842
8915621896
13172377993
6839953689
12276799786
8627094751
16098005293
10500428542
8759393514
10812469901
9356189286
15574140128
6629657302
12176963643
7932841652
11613662532
14901645687
8084614500
11974175665
12498776742
6952461070
8381693543
8038778147
4282164444
11290927239
8618450410
5061501475
2284302571
9375016819
14825648164
14389134223
4580731229
10435322013
13019384755
10551166239
10290009932
13312536570
8702925389
10038732432
11531955406
13527513316
7410126946
5786913079
12561431123
14651896342
7780033670
10398166888
13807940096
15914224470
10738905827
7609898643
5317275551
7889684953
8080092750
7773975988
10934588716
8128344871
10987195837
10004556562
6364068024
10147189544
9869794612
5788847846
9595215485
11655815337
3283428590
13923266190
7525817782
12848592724
8801468572
5206767617
2124229561
13428022098
