11653777271
9243270843
14782292262
9561732663
6290063158
7058273998
9288750859
10726542431
12652908020
6262736496
14415082371
12219372995
9748240423
7470447327
7431962634
8581529127
10389401362
11553763228
4978845361
7738991791
15767245519
7598070807
14044068724
1333069539
9331729379
3271469308
12632261673
14084627024
7447225834
7922268526
10721224267
9356280745
14379759148
11337584560
13585440912
13076536361
13272605787
8983185919
15085916510
9124913286
11100336049
13669419564
8785959649
1215806041
2952736391
8807741972
8837679026
12120245070
10977531934
9416839359
11268296727
11302088760
13118889890
13306843268
11113703725
12518273550
15045539860
3660323976
4388576302
8567858833
6505452084
7399662145
11350963105
9838194873
13858179988
14136669493
3661469606
9667933871
9206073860
13806776897
10430134410
11091012161
8961444200
15158685777
6029350624
12578339206
6869816143
11873201102
13321104759
14206725099
12799016514
12211971731
17996678353
11375375749
7673375739
12350716175
14404403399
6954943478
12132887564
6596864193
9610464362
18968129091
12485818688
11841153614
7726276353
10170026505
7822764588
5520524642
6364364482
24299098979
12819597300
9818322303
8562496835
10916972485
5592964080
6416097734
9446352384
8120089400
6035144694
21278935970
12341498234
9968538503
15545803667
8329311618
26531854449
10668814223
9189231864
6801575047
10172292869
7448999533
8150293761
6558905906
9114651052
5490052474
6729609551
9524692637
9026672238
5977517726
17633414241
7073933163
12566673367
31335885745
12691754542
9193793569
11302584157
11099102293
12712588613
9461011425
8195226363
12588702940
10142877428
14068336638
20985872519
6327155373
8961471289
10719790843
10829707196
24906807131
8875406794
11077500528
9806774058
7260676550
7237317460
10330490658
8644011267
15406141681
6425208179
13369565009
11187968313
13803858968
19582503122
9379573063
6084598426
7780894637
6986295404
9211911788
11070116141
12894120018
14386664355
6659390405
18950322126
4556519724
10854776785
8776516344
9457547323
11038375521
6201107939
12881997245
11333135615
6265464244
11789315849
11093407076
10420315558
9709032504
9063884419
8383303215
8160481144
9579549096
9019177376
8587727602
8067752617
7026836585
7097610370
6610593843
6193798289
5812221716
5493726701
5228572291
4952843768
4667909407
4402955576
3667535705
3872829299
3600387004
3343629119
3111858443
2898992404
2695944527
2507133651
2337370464
2173228702
2013310057
1878594449
1743124028
1602554427
1519749827
1418011149
1353305770
1265513713
1200942520
1122648345
1053525163
970566945
912414698
854277692
801478202
740802127
700589651
652898441
606772862
567747768
527461026
502253116
462641524
448049105
398379682
385421048
340831672
345165901
320610495
288136063
276013416
136826770
136681468
31633127
48400593
117646708
189919220
34133614
53283567
141668042
98697127
31337142
31828994
111798088
53504218
8444837
32951486
45956437
28579123
26588443
32701094
60757257
45543194
897864
29131580
26898306
15991003
249082899
1481324989
1469454236
1416192863
1367282504
1343267438
1301889683
1251594683
2386592098
2677089530
2926123513
3315234658
3751888072
4176710091
8180394840
7781746163
8073563237
3678965809
7533590616
3521360566
8065492167
5992877282
9940625390
6442010929
7489971771
8931910166
13169335885
6829305704
12274015786
8608441452
16076271536
10488350496
8768789487
10837784120
9366993323
15599437766
6609322615
12145063789
7913028636
11598997846
14920436254
8057466145
11966826756
12501690927
6952463131
8392405959
8026288327
4284293255
11306071059
8623015831
5075888096
2285066086
9407973057
14794259283
14381086488
4609258093
10426238254
13017671551
10539291419
10270638155
13333064304
8669069301
10039347844
11533737029
13526003285
7404156413
5805451570
12556208733
14664879167
7776122523
10379211814
13809642850
15951061382
10717934126
7570359314
5320813395
7883546363
8063492592
7790702117
10944621041
8118234269
11010840145
10005871590
6363989453
10164983590
9867616499
5810888500
9551543014
11655749217
3298716140
13931733587
7509710359
12851288971
8807134837
5227414795
2088978139
13427841570
