11640761251
9009698487
15002370364
9658802733
6290325000
7121395058
9606244596
10917576576
12784448096
6012704082
14205601975
12356800457
9869144228
7584001330
7502253272
9049030164
10181259258
11472646056
5206777634
7771271516
15569187105
7365562967
14244675919
1492102621
9294722304
3403437114
12764623932
13907420307
7528145823
7767301727
10650847098
9599773652
14529759555
11052431935
13499813435
12822980883
13414319354
9041914674
14865973909
9358108948
11262912064
13766434102
8880080995
1220578568
2669305598
8890765592
8766107069
11849917070
10818809774
9304971376
11260645317
11348523335
13002183979
13145847538
11129046221
12538549984
14705044422
3479021222
4649531627
8626722095
6747152721
7559101080
11552776504
9733027634
13692245311
13832060312
3555970333
9605415327
9043147764
13170072523
10571418724
10976828215
8797568124
14231467960
5937326856
12446774910
6943566781
11709635846
13226370797
13863434416
12743294490
11912621843
16693268949
11111243231
7542921794
12546620487
14492333511
7099621730
12207786532
6736388892
9468224847
17089945812
12519626403
12197769025
7911477642
10260695953
7598547699
5553171661
5978643790
21259447960
12976389256
9534840335
8299778110
11050139197
5730547650
6666759587
9491318015
8014983874
5867931539
19316675007
11969177494
9861022197
15536315545
8398766350
21485732189
10940935676
9069989299
6763118496
10265383099
7585285736
8117209968
6308026011
9009170108
5867433550
6560792490
9993527709
8834173634
5886370762
16165488107
7039505285
12822148974
26855210381
12511212507
8971946932
11248964061
11230115097
12629491607
9534745325
8053583024
12654175021
9880883480
14063591949
19073522164
6382871067
8931036719
10552501975
10507202354
22243193019
9098948434
10911479187
9913517113
7358640976
7302359372
10676178336
8643143413
14684003526
6589604237
13502446280
11004229287
13813937354
18723716743
9417166214
5724747853
7975095983
7086126749
9217816862
11173825861
12978333652
14489725175
6742546858
18880692151
4457774614
10985346516
8770960085
9465725594
10746033666
6525554421
13101748910
11583878770
6288607432
12951560530
12045746474
10408094240
9730097524
9373218280
8510098991
8657852958
11296962470
9291112761
9940662855
8684411540
6929714412
9813703864
7161349757
9649190194
9126942108
8634540729
8247566405
7464996568
6506113858
6760080188
3471127845
6049810734
5253968004
5274394015
4831429301
4340672698
4252815623
3691271136
3740691783
3553488661
3356008097
3037548523
2905873456
2630972085
2534228074
2585756332
2509166351
2382468496
2921376409
2730424389
2699671311
2511237401
2299203251
2188419296
2044850596
1872747976
1775637588
1556898366
1367162207
1460697789
1290480269
1296436219
1056193213
1059067984
996449994
919780238
870172817
777984906
811729941
746740381
610448604
519111700
608971146
477520193
532509002
397632595
311669976
390119186
349617042
284636290
362262577
359973086
198793402
84392515
134415622
145777251
256792382
252744029
222805643
207183735
20084663
163566089
84012868
247667250
126084575
14454412
1052876024
2718023141
3560220510
3463861632
3549630837
3597303566
3685779723
3530028266
3335701430
4759225573
4586122596
4492129838
4873912458
5033719082
4966854213
9589287959
8110448265
9427680523
3623418142
7418932164
3651449875
8673585462
6304532031
10259700909
6581842832
7587607453
9010050435
13609655581
6924621185
12589248598
8441952618
16166882333
10255627090
8807930400
10993598931
9580692255
15148855648
6204475251
12105092413
7782261923
11777036082
15055939006
8158592232
12070892260
12119041078
7149530495
8348013447
8020912722
4290872104
11521408200
8797586198
5277396156
2189720767
9110958978
14571546594
14424544501
4416325956
10428845845
13023071905
10418786295
10389034684
12943081329
8541121400
9751527713
11517744705
13274180398
7380377333
5736636512
12437782976
14694438492
7795692967
10550358910
13860412435
15464597062
11010796733
7378331602
5145178552
7944357256
8282848282
8088272796
10870254477
8211374302
10802029207
10087942363
6400467533
10276753903
9897764076
5696226939
9299985024
11640968048
3365285887
13913480731
7455581995
13066703373
8423682473
5182053560
2158796828
13446225326
