11735904238
9193637297
14781331666
9632692365
6243189148
7201026610
9297908279
10668443606
12676331075
6242446208
14440294009
12231835358
9757247988
7535265675
7366370237
8586960098
10319470236
11587198035
5014471161
7625650304
15763728465
7676662491
13897216606
1319785036
9318259667
3147133439
12596431681
14087651500
7433355916
7907817486
10707903714
9227168901
14409495205
11333226053
13607864399
13052938354
13233305461
8947810571
15102713032
9126476892
11115478238
13623225289
8770973970
1266170049
2857013394
8761843009
8760089379
12126009642
10833857801
9373827870
11299589358
11308951972
12985490895
13223361936
11189804569
12487922552
14938404977
3596199939
4431206555
8596034229
6592350786
7472935321
11495537765
9780350181
13786206683
13928068914
3649097542
9753161772
9191562452
13696199767
10322948398
11109817658
8832615329
14975308689
6034078867
12462099841
6871977599
11835550202
13449738267
14164418260
12703337016
12229558488
17577664861
11332894984
7591396354
12383456309
14369052831
6934772228
12013082752
6572701423
9676986307
18579439839
12506227117
12026678870
7693714465
10210936200
7812390207
5528308563
6240683271
23569364313
12847023779
9769724948
8526728897
10906557045
5566447129
6374527068
9336618728
8066164054
6090035623
20740606149
12278848357
9863993876
15637099219
8291410119
25219050996
10730554016
9136880274
6863420741
10214227431
7434156502
8130339994
6543225740
9040456990
5599748116
6777754179
9566813098
8935771726
5930536778
17324436919
6972227624
12584420620
30290374909
12711191984
9149252968
11347410101
11073416976
12581844335
9481793046
8073011669
12610935976
10200691932
13970315957
20607643148
6324066266
9001265716
10669778047
10809739955
24252848922
8869553273
11084125249
9906250778
7232698922
7477095816
10341712129
8615887871
15386099334
6441465787
13494479393
11129153004
13917300709
19482645288
9409374056
6102380237
7816079324
7054838878
9150561802
11157037625
12928808283
14480406095
6690499763
19038828204
4566679570
10817497060
8872972281
9359765423
10990501581
6319327929
13011814858
11376191268
6245401006
12159220361
11443296533
10444415763
9785006088
9155952760
8495834809
8280362924
9994268245
9083198124
8928966469
8479000827
6983116914
8181834973
7376485380
7137930469
6699596500
6337953015
6028668668
5707877900
5384968413
5080809561
3740960176
4462660100
4156053080
3864368730
3595225384
3334887827
3110073951
2886560295
2694930893
2481837594
2330787135
2155431879
2011004308
1861811498
1738487338
1592381282
1556225300
1470971391
1374065107
1289057977
1215280497
1120118246
1032840121
982518837
841262806
843815410
684104573
732420665
655149549
592652057
607567130
564279401
530045678
497452979
483647813
462476369
405203319
391396923
364211351
243256826
272138455
124199311
133645647
163388001
156174089
164103708
173297654
69951022
65740472
166192803
75370680
21073351
22079082
71060008
75419498
36211441
78099110
78713897
25592905
88355531
50800073
75676663
14718656
69091348
8984345
45258397
14016273
940441439
2133430022
2077802948
2011545527
1947283936
1876860358
1818059441
1810432044
3042995432
3226255461
3442672898
3696315060
4075349447
4396830279
8571013694
7758216826
8443849513
3569537015
7704075138
3521399222
8156464172
5988475240
10015881768
6612143896
7492557219
9116763890
13216446351
6892385717
12517299620
8648448552
16131910357
10371480891
8706271926
10886116029
9392464209
15502609792
6495311369
12131867746
7981920936
11674241062
15010827156
8098760407
11911386802
12505892948
6949965350
8293720319
8077613706
4256805875
11399751072
8609438595
5150575944
2242245912
9357442351
14765533747
14275445307
4623216860
10367054565
13033687821
10607439231
10402135182
13280263847
8679860591
10099020117
11524827187
13482897260
7366944247
5755283776
12447553736
14599889782
7798384098
10325826213
13752222945
15821157126
10822129743
7588481760
5346758726
7942417693
8183199193
7851353079
11042966580
8212900757
10944601643
9994520872
6317571226
10167181446
9937754908
5742589189
9531508788
11670233909
3284293473
13941765652
7608068638
12809602485
8727174748
5154318501
2159090367
13472783667
