11744025974
9157716774
14862871063
9639169956
6375532840
7216612480
9281703987
10538472089
12689001347
6163898027
14297920042
12243139694
9723844223
7602495924
7418288218
8732925587
10289043934
11581695805
5040267359
7693093696
15759186252
7639049228
14032762847
1268981308
9406749580
3089820841
12618789636
14139728889
7418135803
7849217137
10750889641
9392503600
14245580309
11252204180
13576129810
13008736201
13313913267
8948787204
15078744819
9063305028
11127509181
13745536562
8841145623
1199950681
2758984412
8769816164
8677884883
12009120147
10901025812
9314804540
11262818507
11444920812
12909322655
13250734719
11195171668
12444545948
14888489321
3553565985
4551491391
8485646711
6680598234
7499538808
11556197410
9696051609
13656308465
13776646308
3552877038
9706987410
9219491213
13640607184
10421618855
11069332795
8832459773
14596557518
6049252738
12487845251
6890553789
11910603656
13343108037
14097105067
12762556968
12091469046
17230312903
11326657095
7601075972
12342388543
14417854038
6889633164
12039257917
6595010728
9545686482
18130920920
12475710602
12055034485
7685449915
10285524081
7636364992
5562228806
6123197076
22669269610
12800492635
9646511784
8478871554
10946746157
5500979000
6519221507
9463662861
7923167561
6144674469
20151546047
12102087068
9919958843
15640691547
8363935149
23639968733
10776774318
9069634016
6801967448
10164475898
7469065007
8223864297
6522069755
9075060090
5693623142
6757788889
9759401333
8909835951
6021558073
16991350493
7083887576
12504531174
28942448595
12804780849
9152880482
11414433178
11126363993
12702734465
9537793771
8041283320
12616364669
9996460300
14121924945
20179072424
6394047730
8916395396
10682179775
10680206892
23495975726
8968120157
11107731666
9933591249
7185712164
7395857474
10493763353
8582781321
15241227969
6483969945
13656541785
11185979422
13948184166
19336135225
9530252400
6055271147
7819371684
7077270157
9232906016
11094845525
13054397235
14527051251
6876029585
19151110698
4638734077
10895863337
8813619830
9368932206
10922202103
6375965374
13108193301
11472284230
6459292115
12540358974
11797828927
10467810216
9768059557
9204651717
8378954974
8495598523
10445731102
9124908728
9310974149
8606377299
6901566572
9068019955
7389890944
8396860149
7878095072
7448429990
7091016149
6715737471
6330657415
5953081877
3708456157
5254285472
4884838084
4541179217
4220842829
3931882281
3651503347
3393017843
3164399933
2933199165
2737723909
2536830661
2354260731
2195053439
2059235026
1908334506
1831651302
1702391879
1578580314
1494070441
1419459456
1331987700
1232990831
1165196018
1082034454
960415616
842489940
840160822
804561524
779576359
721285668
665183472
598518940
594775729
566739641
540053241
441261188
456082877
372542087
364314182
321150793
340744785
166271039
262959543
220189219
204251633
221473023
181280481
152370070
200701691
32431261
2556016
5268886
141858185
129379401
108345790
100981029
40621885
58376076
52930728
90293322
66324271
88461709
68727009
2218814
52533921
48331649
1642931981
2702758813
2718105288
2669886991
2622681803
2547433073
2505061612
2536031149
3621454354
3785435549
3946639789
4115964981
4471848587
4606452678
8975183723
7844970511
8874491986
3592564053
7698215209
3405367773
8255714130
6109389074
10123277559
6551207612
7493690737
9198032170
13310309698
7034613761
12522823705
8564273956
16216694581
10446200812
8618851631
10905002987
9448868645
15413034363
6341996041
12124146576
7957656331
11812875032
14995952251
8075495321
11943448898
12264675317
6948275855
8245716432
8069021549
4349302194
11485776037
8660185759
5091448552
2286250140
9311755346
14767325410
14278585602
4608955281
10316566331
12996947772
10615459601
10396369319
13271664581
8587639521
10081683795
11502637173
13451033549
7191043414
5762322894
12477584274
14588076821
7856388863
10297464420
13814306091
15722986311
10676736755
7482441916
5298098596
7730745323
8284873461
7854409994
10927052330
8160981440
10704251397
9918542124
6331625702
10143499730
9896699585
5747449903
9540870089
11557432236
3435558173
13923548276
7598423073
12885797162
8612922682
5104739649
2149036094
13383558544
