11773539527
9191262942
14852028698
9671538989
6321866446
7231669052
9325258859
10561804951
12702550255
6203957465
14269272840
12194812721
9904730510
7598628574
7471388431
8766967204
10233581348
11473147298
4978621854
7834988567
15757984227
7554420879
14052383860
1230192960
9405726639
3166136209
12622433724
14002568243
7471699020
7861343202
10739032465
9394290032
14321297002
11276100736
13503616195
13024354532
13308702360
8983969196
15021236713
9103178303
11118723371
13752748603
8874905292
1092014954
2794408520
8762848898
8678413947
12005154027
10892662733
9246045254
11207584324
11337021553
13039072409
13207201023
11125809541
12459614991
14758366128
3519491900
4574758689
8493345033
6781693067
7543103688
11619914109
9640099226
13545503804
13729316342
3474102857
9645430817
9144082989
13554439197
10419662290
10994607507
8854219177
14550196634
6019779125
12468442502
6842193870
11884342025
13282222654
14117073755
12743612809
12039139010
17063835837
11354780776
7596579886
12421977035
14402024340
6973327283
12030299872
6554358828
9542681454
17941638652
12460019013
12054087895
7619522971
10254281584
7536150037
5526805764
6123641173
22209886712
12753548477
9678286572
8451777388
10808990463
5568061671
6546270951
9447635622
7924796794
6139517348
19942732084
12091307033
9944655366
15590630808
8354441968
23048154979
10762219312
9063831306
6821104416
10169914009
7375861351
8251555276
6522666659
9045734399
5730852709
6711488309
9777648545
8762471990
6047378772
16782464214
6997187552
12573600003
28316674885
12841060761
9162245113
11336236707
11230592791
12670349673
9556208084
8057190791
12694419712
9949387141
14195914369
19952680770
6342192978
9018026947
10675753430
10641145320
23231274034
8928311857
11200148973
9950800460
7204331299
7336486681
10609257449
8661969151
15080403215
6543325674
13706740346
11119458019
13988314478
19219388802
9517489357
5990116983
7844071692
7076267735
9142949420
11003519208
13086323080
14607126228
6885806537
19145212546
4561630096
10834402360
8827674823
9490323172
10999188153
6411144424
13165682544
11441636812
6399582870
12694351597
11941805167
10502330501
9905303520
9162384694
8364415946
8596115196
10739676836
9181807319
9692245191
8563490627
6827647558
9350537753
7234134729
8915108614
8367332460
7907735981
7513331056
7120884571
6360721904
6340106882
3614098310
5571274749
5053657811
4822969437
4486794533
4169865050
3886338419
3615678847
3352937537
3109749971
2903948453
2688721234
2508638448
2331621403
2184016232
2056683841
1906824948
1834366834
1732639870
1621560824
1492139895
1341036034
1309447148
1224801208
1137831618
1069230636
957478885
912603712
837060189
825109338
730969366
716207527
669019491
600046312
610065866
566936383
518674895
453263224
413461639
431124012
338075857
369994769
227332886
309194889
287792141
256891628
220796195
248570205
194081995
214169390
125079595
42661934
72589332
121565237
120807409
83277171
105509642
43808696
22605992
31684308
105424671
29063067
22866684
32836562
48640750
52755596
75698322
2077034976
2955911674
2921344486
2959369541
2943695342
2903763306
2864667167
2767737161
3909583461
4125495760
4197034523
4352321133
4619264486
4602310297
9148864334
7798631628
9018485663
3625104459
7633715111
3393916091
8345230807
6189137985
10236018726
6595493956
7557908695
9115434423
13296280987
7025718254
12701369549
8570544200
16217112301
10491015544
8528401973
10849364394
9487910322
15430685924
6313918956
12251993453
7768109031
11752318589
15026634576
8007105324
11980266762
12182684993
6979595436
8282555400
7951770006
4338465840
11548753601
8596414557
5024505978
2298913889
9230859914
14868414647
14332778258
4542102093
10233350493
12884127299
10547316175
10428062753
13236330737
8537147233
9986942561
11554099891
13470804015
7209783463
5841105253
12578899831
14648738851
7818275418
10182626500
13779908551
15635836452
10779425564
7493649468
5304803930
7751669670
8205749233
7901901124
11074391957
8077286929
10718022068
9963284496
6366678331
10182885329
9812218136
5780010288
9470852374
11557748992
3406170361
13933348983
7621756649
12824179910
8604201165
5066378106
2159369113
13456256931
