11780885215
9110763222
14865522831
9665355517
6355919118
7287225498
9370726666
10714761077
12720068107
6131007498
14278320279
12245796238
9891284738
7624080389
7402221545
8806909924
10186571465
11433589136
4924680680
7823474748
15768559315
7521946526
14160439141
1359887975
9353051987
3197457683
12532255645
13962265414
7466901003
7882547324
10773566487
9407750379
14434379610
11116526123
13556355098
12966610334
13377968338
9015550793
14997843391
9098615397
11078831393
13797606147
8996410231
1204510464
2798162048
8844494117
8656655908
11916774832
10743753464
9169719493
11230439180
11329352541
13074068294
13296050127
11119247693
12372138766
14773724456
3535609447
4565926282
8585767141
6690836309
7604041326
11553763783
9655096564
13522965140
13682611838
3502396540
9647778334
9215362218
13463627550
10458757813
11000210263
8833631026
14444784838
5951643835
12451010223
6908663811
11936038248
13226426131
14060037724
12717178580
12005200679
16875607872
11245726372
7536154410
12445708843
14335418710
7026506715
12132135085
6662556956
9493663141
17657475658
12523325189
12030336704
7598043070
10213101353
7636055297
5567288997
6054118684
21810801807
12756070304
9626589525
8500735437
10834310309
5713676413
6537441252
9513527831
7860817392
6004441277
19692232121
12226315172
9963181670
15654953617
8345244907
22426466165
10763257548
9051694038
6768624275
10173077492
7369419472
8209114432
6540143012
9084800471
5795691412
6783352977
9986008187
8862224953
5996727642
16569207696
7115348207
12630914015
27713965832
12832238489
9024126400
11384784210
11196331472
12640067955
9499776472
8072113234
12565291433
9900161401
14102348455
19673602831
6313549204
9125933392
10625055870
10534371053
22791284545
8951947652
11097887103
9915823945
7261815577
7407496433
10654131052
8705865410
14988406440
6527948510
13661529787
11147486634
13964099114
19000110478
9600889529
5943858973
7910904176
6993138125
9242871435
10902799899
12913074853
14576242413
6844878882
19044012150
4612414801
10789141213
8875325489
9479839155
10968783377
6460148731
13123800721
11370677534
6396247934
12858830469
11954001209
10446964758
9947824582
9219625861
8393133326
8691638708
11031954603
9186581698
9871182310
8556274329
6907710837
9568704454
7190490154
9432456134
8850881729
8367946870
7955059792
7468343609
6465442241
6702357969
3676469534
5895672895
5066985760
5102161742
4690432887
4415699207
4090846690
3743045771
3554927979
3288054227
3085005395
2862340126
2692523942
2493440340
2339259735
2255091116
2163762346
2106731715
2001116051
1882747420
1756952227
1635219833
1533989896
1443013047
1351610309
1257978595
1161376672
1086899510
1013338171
958548157
901508422
846302225
796362992
749862805
701347595
660466093
622986842
578676065
517413856
493828337
447418505
408483834
271128286
363359536
345912296
338134591
285270276
286177406
267142174
254972036
237966055
200656400
198727729
57891964
163327878
164986068
41993795
68309336
133629674
58318644
3478509
107704197
49587086
89955929
87584495
84004134
574427232
2408504413
3186636733
3141505216
3350151972
3282816028
3305029124
3183154613
3030727821
4409122272
4330596767
4371237597
4640375512
4815955235
4775398783
9370769561
7839808445
9296209626
3662888960
7643831998
3436927209
8441902559
6268771505
10314137352
6468461345
7585759993
9116956134
13292251732
7065633603
12696770384
8568051460
16271856370
10512161858
8633982932
10908249100
9424172056
15469209283
6270026704
12321289379
7762635703
11768574001
15061305500
8005699336
12033967529
12132203521
7145535060
8344414369
8007867549
4298385377
11589229293
8611587591
5135597740
2232807039
9293262041
14862991744
14323168534
4504189922
10335948148
12919689556
10558908094
10427503856
13174277716
8455428624
10001264964
11588898259
13368735430
7192241790
5871906966
12573514250
14677754653
7849373163
10222095922
13824794129
15622410313
10829798985
7516234911
5345337861
7867534809
8238236730
8016798750
11151592708
8081221157
10640913958
10050174971
6321556179
10328356510
9853063217
5799908141
9420840615
11621076527
3441300216
14022963882
7658006669
12919753486
8614956104
5223798837
2184244571
13458816495
