11758842077
9213378796
14868808883
9645824918
6371527581
7229338476
9357233464
10600662098
12729212322
6136039018
14270260946
12261887510
9817088300
7597675247
7484464904
8789338865
10295988360
11559005900
5038504733
7731921191
15789782761
7590558781
14027547956
1280896049
9428863179
3132479236
12618150959
14034281041
7434460121
7863699053
10708827154
9411923648
14268530446
11251723545
13496163537
13005113116
13278383318
8919252671
15078078474
9049400873
11047886201
13766800043
8869556742
1187668965
2757948163
8789795568
8694363186
12054505961
10897103929
9349254997
11258370297
11397661396
12965233353
13252344783
11149759473
12399189404
14758818935
3587526010
4548309199
8500587827
6737063198
7500552617
11586878877
9647608122
13644377008
13716983663
3490220920
9652767292
9130419440
13612511414
10397433959
11027237804
8859438652
14622833994
6023915944
12470375720
6942580497
11874515597
13310867370
14127408421
12714904689
12066709889
17216750287
11358846756
7588275296
12361461397
14410042189
6891068419
11966717343
6538388519
9530977065
18014434808
12448958076
12024807839
7628970015
10229481267
7640007759
5528178754
6053814318
22521325332
12815171235
9622231679
8455576103
10896958198
5533860993
6510736861
9470815413
7935651085
6139121189
20039727231
12045597293
9963248228
15643117852
8366176190
23364372786
10725319719
9106004120
6798245133
10182482517
7425335767
8236909659
6506260020
9074568161
5675227024
6735368191
9756501427
8831735465
6012425245
16913801682
7064410449
12483689377
28686737703
12818186511
9144505077
11348090031
11159655702
12720230233
9526058527
8015459290
12702837282
10012726031
14147671660
20110350124
6334493760
8930669684
10656986898
10662986756
23368767330
8993382301
11122621472
9951425833
7194793865
7392200685
10586125751
8598879004
15132941854
6489283400
13661548862
11205645713
13934696300
19281800305
9463750333
6043483520
7841394944
7088705735
9178196526
11011977624
13044085136
14597478769
6888830040
19128994221
4580300424
10888775242
8798453591
9452802636
10954156806
6399548636
13188482298
11445488895
6419909015
12578937198
11831150548
10440152240
9806605533
9190761838
8398641982
8548787402
10589361202
9156506446
9433977587
8614573429
6927360509
9246945229
7341345738
8627884847
8093952309
7654289126
7283040150
6895068443
6405072942
6134579809
3691371998
5383608545
5004784076
4659401964
4328886408
4040641986
3755398927
3498749416
3220856724
3017914926
2808589468
2607563622
2436788471
2267745906
2117212092
1980283977
1879832570
1781234025
1659597714
1546457199
1456808413
1333732680
1277136466
1187747324
1114950886
1050459083
874591239
817384808
812456834
790881123
749675946
684416711
627110241
622798819
591600874
530906820
470812438
482734183
431075113
372894870
323308004
337998964
190046568
316630687
277540199
252792653
238063334
209244629
194121072
176473056
77079021
49183206
11240740
152323423
139725268
116216822
126852113
123463425
100970398
34582983
81689152
93062445
55613933
49294320
45372285
44941126
69851986
1798072163
2826673497
2792967000
2780249675
2743125265
2691491250
2648311171
2621462356
3803706671
3941019981
4040541737
4225367071
4530953020
4618386399
9043088738
7808320806
8962750775
3625192484
7691673695
3405455931
8283231171
6183608727
10206504719
6568693549
7536932559
9203338769
13296384321
7051600428
12555858981
8565149056
16194006025
10427936059
8538060514
10897466692
9470187289
15456180254
6317154573
12189313926
7850697746
11827562358
14997754594
8066286120
11964075535
12191895519
6948366901
8298232434
8087566179
4372047860
11479989622
8687676501
5040737491
2278890947
9261696406
14831680353
14300543080
4571317127
10234478727
12965014160
10585887172
10409569136
13313058562
8627229449
10013624478
11589057875
13475365241
7223111304
5818356799
12523140644
14617262498
7840836045
10230499529
13808929177
15710567630
10728530710
7453129981
5255860461
7768081474
8183423897
7906506669
10997658856
8132812413
10708171134
9942136884
6355148564
10165359730
9869918058
5695072554
9535938122
11486988631
3433049589
13979986141
7648390345
12835853049
8590770633
5065301672
2142478826
13422493295
