11678024268
9238417787
14762803762
9667046595
6261474325
7150613719
9276661990
10692515730
12627846296
6279329194
14383316360
12249145965
9765381655
7485185036
7394668251
8574572273
10338438255
11583054326
4951575771
7699313048
15747325520
7693159875
13939639088
1316341755
9328270179
3177083019
12629476002
14078610306
7396679353
7922426429
10669076892
9313126334
14396914646
11312314465
13623109020
13086198927
13236658321
8960027966
15056534882
9158883719
11149262870
13591284751
8750615282
1261520420
2882037108
8727119131
8790084716
12097395078
10870673603
9379688280
11290687551
11291838907
13049755851
13286687755
11162535410
12526661040
15013376561
3610992886
4389553432
8657775109
6526674333
7420247548
11436055089
9847705986
13823277978
13997168077
3669392885
9688850102
9205514685
13759823890
10410652185
11083051337
8911700333
15052944918
6004938337
12494037066
6847830974
11857760784
13429826369
14171454756
12789476084
12195055005
17758545222
11329662436
7598455815
12414260083
14405688178
6977930769
12041042015
6540613962
9639651207
18701874197
12412219529
11978279282
7643472471
10175685582
7829784598
5526766574
6307574572
23868303613
12814557466
9805803517
8564640419
10905924353
5647724891
6362868952
9368399402
8092164600
6033764174
20996172691
12282566178
9932282277
15580696928
8324908684
25761919418
10687085960
9148698661
6835507493
10214122880
7473473810
8190266118
6494457055
9056989792
5595734977
6752025386
9590247590
9027358497
5984846868
17436364823
6970196466
12545544553
30683641695
12707803686
9175043912
11348897365
11091883375
12652415139
9473625068
8126421252
12593778026
10155385166
14138753349
20712045058
6307518432
8974192728
10695874883
10841031726
24516355282
8854023843
11064493038
9947325959
7193112337
7371618514
10303957824
8654185227
15444680503
6439957900
13453758951
11096489768
13822181551
19551340282
9381156003
6107219274
7797209580
7075674350
9173481558
11069479992
12882786969
14402904080
6691736554
19024569384
4561827984
10808172945
8833304820
9309751467
10977783144
6270490867
13023348601
11313649664
6228428180
12015990220
11310496338
10411992295
9837214004
9132832761
8445966902
8230773967
9790211278
9051535515
8800502653
8407231406
6978814926
7747502567
7216906519
6762178450
6345390221
5999595377
5709335195
5404494303
5099705405
4804824638
3680456172
4231268891
3923399809
3656077153
3403849590
3165252051
2943670391
2742512976
2516913798
2369216270
2203030660
2050819334
1893772353
1766076199
1649551358
1523292033
1454547441
1396575647
1303514577
1211253157
1134375931
1068871815
988487970
943939991
854970598
816952964
723511626
694115114
639951238
576652862
577202484
550634722
462233530
446430759
445593165
420686218
379162403
367751979
353674148
247046619
305915980
153051077
139389234
99743193
110624230
108687306
204470238
48373671
48345694
121734003
127488050
51347212
51593792
114900305
69043802
27838068
75558737
70156241
32356284
17572624
13274567
14658615
71233181
59812837
57917686
52609871
13069494
709722891
1883221330
1802102594
1776986283
1732372173
1685481288
1636293182
1612898587
2759363993
2925722321
3203030476
3575837006
3924759764
4365392890
8394744030
7757715415
8236067914
3640839246
7645019728
3523879929
8153395262
6023445271
9987465686
6530687738
7496290441
8996190746
13200588420
6869851691
12415496752
8650562071
16125692256
10436161565
8719599463
10800058240
9392016830
15458742534
6628411577
12134362399
7920745606
11648832334
14963837756
8107320118
11926195772
12470442522
6944380962
8375147244
8070848288
4279996056
11328814686
8616254370
5120407393
2224155765
9356579806
14782788714
14348533618
4643335591
10339802489
13025921623
10595706758
10327491360
13350908442
8741680115
10070975548
11493745056
13481701312
7432537124
5739643840
12512462065
14637313398
7799804799
10387550676
13805551762
15877389806
10815080066
7597404462
5346569357
7884902093
8111394562
7824557823
10957048609
8148343268
11022599949
9998889671
6357669402
10165912799
9943519140
5783468300
9535561352
11631608404
3305980781
13878892664
7576546675
12749550864
8784689903
5180444153
2144636428
13465278163
