11663325245
9240779963
14775189453
9610925797
6293260522
7086727047
9290035424
10703859756
12628515834
6210633423
14421416752
12258102714
9714488753
7456920652
7455236008
8571817259
10386454981
11545445026
4995246396
7728418796
15761326573
7581780348
14084831543
1306729571
9307652218
3279156800
12635981083
14048526106
7447948231
7906368801
10751875810
9303675286
14380382063
11345755269
13558620801
13081752273
13277299808
8948963439
15074099746
9138325382
11118968866
13660348145
8782888208
1194488949
2930471773
8810458229
8849347512
12117808617
10953001288
9375698640
11204617749
11324515739
13094002141
13305890416
11100509364
12550915580
15018247759
3689854033
4369250980
8563115482
6526385247
7406706936
11364219562
9857708631
13880238176
14218804659
3643626630
9631987516
9229872798
13840070093
10427186295
11088242937
8940447508
15229043620
6067100353
12584130617
6883736327
11882389970
13364057244
14245729070
12830532624
12231376819
18114120276
11352637767
7660281819
12345325758
14423062238
6964702082
12085078571
6618105115
9615249589
19094855394
12514864499
11846590504
7693774132
10166613743
7840022189
5523370056
6390275414
24563054896
12813449743
9784201384
8529202435
10931971365
5575033401
6396199337
9466609591
8130294901
6022522987
21423764865
12407706758
9985493474
15576941221
8322726432
26918772566
10703398369
9181628432
6787833515
10208832863
7442882755
8128222362
6523755004
9118086828
5423726955
6659788281
9528295675
9016244562
5983637778
17747773726
7081710916
12595958661
31664772337
12656462363
9167341571
11321159247
11078254618
12724722312
9431550255
8158964934
12619061216
10138418609
14045417675
21129407843
6370201340
9000762850
10747132327
10836372559
25115393151
8905447528
11057930763
9789413375
7269646441
7187316297
10334193671
8613270003
15351219273
6460814372
13392056534
11168451399
13827256600
19570114721
9401913940
6104038950
7721697615
6981606208
9226784121
11076133381
12937980967
14396959477
6672017185
18853518648
4529402277
10827960346
8801394221
9459296812
11059903366
6207045855
12790063838
11326161881
6251081923
11715003117
11034408063
10372364910
9680244360
9000357985
8381607956
8141822883
9407056675
8807633509
8250880985
7752855895
7053116473
6817013960
6346406384
5950389431
5583296179
5276164080
5024785333
4758197370
4487391716
4231711543
3682689929
3722730422
3462014286
3214917015
2993836100
2783822879
2590909857
2407733945
2242960575
2083593811
1928535529
1801098809
1674012343
1563205103
1462411813
1372750552
1287192889
1228464267
1156401465
1081538036
1003503077
935681011
878410440
799303679
773500895
706004796
625895896
618429888
583739553
552518295
509226279
474001554
446084031
410097576
377785920
302611098
307607016
292671311
284766611
282707365
240261265
151367984
113923597
25540736
43303845
63965015
174108572
67018010
62889488
138774601
78728744
51747817
39340980
109552671
93608571
12518055
29591391
58075589
52776562
15000199
1462224
60403820
46762669
5417993
51616494
7905241
6157100
46340059
1272343683
1255304730
1229303258
1186964018
1153523700
1144380044
1118875453
2233180724
2490252486
2777222687
3219103220
3720634886
4069087453
8076164773
7788332656
7964893453
3656167267
7494457326
3531631551
7982706327
6024286645
9906807319
6461889247
7437590587
8921345735
13106670018
6834193539
12247267907
8583089383
16026590656
10462411877
8798841081
10867842841
9357749990
15643277782
6655537682
12120537100
7922875055
11598774175
14962751264
8059455375
11959476837
12503920092
6981575612
8414110270
8007783650
4258012368
11283191499
8621774599
5092063411
2274854367
9374118238
14814919597
14363995421
4613667353
10439767973
12982651710
10551314923
10229976235
13298102281
8672389164
10008419144
11564434913
13518458230
7417766959
5819906065
12530326584
14678102902
7808195682
10360097912
13839295334
15939785901
10707803476
7525868059
5346622028
7905463091
8081076734
7777038628
10985834235
8112640565
10985894470
10013122151
6360999394
10105090582
9865216634
5792120533
9514166410
11633540096
3274416602
13928906187
7469100602
12808509662
8871426636
5261999694
2080232269
13448893453
