11827921753
8987732939
14616294680
9530610160
5783837916
7296097650
9613308396
11061182434
12619383718
5857993396
14323473070
12458886099
9752531875
7702526540
7506662710
8936267375
10125342528
11670536552
5377622421
7244467163
15546391404
7315459226
14295530035
1875018692
9249283548
3489356037
13376208749
14027477848
7708126094
8038604948
10559970521
9632074053
14459419221
10977925251
13455524558
12658398154
13535385245
9058429470
14893570154
9525235584
10770399260
13726452175
9117489392
1639728305
2655852017
8712961671
8451817171
11304125928
10831859371
9257545220
11258765196
11523982507
13119843216
13386450880
10836813065
12453647996
14185212734
3763230818
5026552367
8821002618
6539290468
7085936490
11450053128
9845884511
13332181853
13230339334
3740790475
9729534623
9099121532
12937740111
10564449340
11353050402
8789184167
14034342619
5699250528
12468298320
7146725108
11750305887
13075990045
13756311526
12712289282
11820718751
16161603348
10936358618
7585465167
12583671724
14281139187
7327775644
12101648811
6796206541
9627590097
16927902612
12559221121
12000011625
7904940371
10400618079
7640044743
5375483240
6035439820
20622275875
12778702333
9572184468
8090405909
10879827283
5724743622
6454983394
9571073987
7659426938
6046093342
18838048305
12094191345
9780108382
15453152811
8277846601
20293767588
11261652552
9228659430
6800939877
10044759944
8039132521
7992076330
5738318235
9313155257
5707041892
6486832281
10122428929
9270831867
5779306791
15934469294
6979020710
12683780350
25489246656
12221899117
9071737525
10909501369
11504200654
12636042957
9294252231
7861098254
12910947906
9898758662
14277840357
18643190088
6143449442
8912448162
10737488672
10759382589
21435031516
9331627226
10944712614
10609871230
7364359307
7550333692
10901305704
8667533336
14416865596
6504430959
13419663478
11090957535
14134073158
18467621726
9674191459
5540439533
8222161307
6781427762
9674913884
11421978525
12993076561
14045543655
6331337058
18336272335
4274594657
11163392014
9136149195
9902981360
11006729000
5937570100
12868935206
11590632823
6327924365
12973766217
11486689770
10233576456
9942348146
9587321856
8852489406
8911257029
10917539177
9735364918
9598652917
8993193663
6769099024
9654658803
7417889914
9604712787
9638490025
9212910509
8571244093
7667911904
6443945474
6779840686
3812527869
6121241920
5463638728
5908713882
5524356440
4303527242
4986175791
3855059568
4120894223
4197250905
3916955653
3598010788
3121865087
3008835922
3093650414
2896915476
2858396864
2507865010
3434121283
3273065491
3106357567
3065372484
2957804874
2822439722
2795360526
2454898961
2391163345
2252953133
2065680235
1983981326
1782692527
1894901687
1932804638
1824410288
1752262912
1607956331
1506058799
1463084950
1348856954
1125054252
1147014720
734714121
1021992093
1146698813
1071711404
998804798
955903202
772824363
819318425
788409366
745543433
620849806
696329014
641401814
669145603
497984923
831067726
838777850
867438721
954498228
908749974
884801693
861499960
828990958
830720640
432175131
1862332824
3483266503
3845471039
3938362390
4100967108
4142115852
4040888906
4519927294
3624597606
5369167252
4898366492
4288948564
5623659257
5066476275
5008760310
9889321845
8378563612
9589241688
3866833137
7345145237
4090326516
8995707257
6591765635
10572719973
6221803713
7588590398
8935419148
13538619341
6568715687
12857782700
8212750271
16241130507
10037698640
8712268139
11318014310
9506397681
15120743456
6356072082
11891413857
7613954487
11510262667
15206519021
7613501547
12176577016
11914918052
7166888230
8718050908
7917334269
4417872506
11428478960
8648328075
5121522083
2494829410
8560896561
14681174593
14090964558
4782098050
10352819388
12736273408
10293416028
10645073166
12688137594
8312932474
9761283438
11780199687
13338072892
7651424474
5472740828
12747692396
14762933039
7758218986
10764170395
13866111534
15273085622
11180983445
7521475335
5446657622
8069886340
8319164409
8308013836
10381066669
7841262231
10465619068
10393898998
6223468719
10138934718
10227130585
5832403121
9821716989
11642159650
3472413890
13763991906
7766139922
13294119473
8282243900
5128174249
2213330861
13098636684
