11677073220
9233991102
14765810937
9671669601
6302819459
7140789968
9295361305
10698555065
12627662745
6282610265
14401002592
12233433271
9714861294
7495734652
7388964260
8620029180
10322977806
11568597826
4961293444
7709862200
15766953918
7702823145
13953678683
1298378514
9318012150
3161014642
12619520597
14098399141
7388515035
7914876796
10652373745
9331176105
14345570544
11314718955
13611135341
13087688323
13242520701
8959202720
15053952332
9160417542
11138323832
13606113217
8760675325
1251766330
2876335272
8757151494
8805539563
12097141343
10859161817
9408015826
11304240002
11308805280
13047678139
13287541902
11165624059
12540691155
15038571165
3591071586
4376531620
8643878848
6506080319
7436415179
11412431386
9848541788
13815157491
14020977921
3671966012
9677478640
9199543321
13793754377
10463095268
11086687068
8928372730
15075546112
6020654833
12514466265
6873637927
11823617633
13383345292
14174993010
12792023329
12215104833
17786310999
11351010684
7618851764
12393997341
14416152382
6972438015
12077965232
6522341499
9681856543
18730136284
12433792242
11939922534
7639543581
10183265842
7833927384
5542690001
6311222825
23918466452
12841391985
9793536715
8558551527
10928809606
5640605826
6365738195
9415586908
8069193242
6033470287
21050941133
12298142679
9922110445
15555225182
8313415555
25880157350
10660444514
9153337403
6853814686
10217058757
7503845223
8214963349
6508865309
9048157321
5554793980
6752782611
9564828743
9011869646
5977961204
17467451011
6967589549
12556089210
30742154095
12697836430
9158674746
11344393839
11083319503
12669680216
9493960449
8143402904
12594940294
10160531802
14083992483
20728773158
6307928752
8955735512
10677265881
10840114676
24577319053
8840029879
11040766776
9921566790
7200382201
7340560658
10341961666
8621635722
15398158693
6392681301
13426378021
11134480526
13809478263
19551955386
9382816061
6100269614
7765941169
7045016662
9174389370
11063666050
12884421980
14404377660
6691839280
18990665003
4554842198
10809594489
8824357681
9353457638
10983228684
6233675933
13009214251
11331076249
6218808252
11981783376
11279353095
10414719223
9825971092
9109769565
8455048899
8207506303
9768167404
9077417661
8790831105
8346844471
6994400998
7678620084
7149891612
6695305411
6286747365
5939997482
5650487506
5358304881
5055690067
4764868287
3692449358
4190518904
3897752038
3622234103
3370472789
3129961408
2921179586
2716997481
2521724951
2348997640
2179561811
2030568649
1878996831
1740747588
1635528435
1542341160
1441529169
1372239611
1285988281
1213427092
1135372471
1063989657
965516709
904435340
847335887
810823082
723684268
698741347
638935155
559401404
562028383
527020216
489492628
452562160
441072146
414455950
395139865
368540159
316055822
263593814
301208650
149640911
127540006
86834939
103662170
109234763
198275472
29920908
37560664
130217815
138259915
39871643
49736434
82208774
79001560
40613777
88686460
52513469
15897086
19600187
12701617
10038354
51611392
54144357
25404829
44006482
7701012
651041858
1798801778
1826528939
1747214058
1699598369
1641288774
1580859320
1583223264
2695354846
2896642111
3151436401
3545561708
3921475815
4351325540
8351922343
7779709791
8215657324
3674042913
7656723136
3535169490
8145172918
6026451376
10008046311
6477541589
7509062691
8978273797
13224701300
6872019370
12402837995
8673398129
16136189511
10425438577
8768461380
10801315575
9376305653
15491002834
6618744167
12126710383
7962920299
11651762707
14961880081
8110822510
11957193506
12478106802
6964240099
8386260357
8062041565
4297685676
11333989837
8626542938
5127402607
2246010558
9376744143
14810074105
14359100562
4610945597
10356090167
13020068865
10604491436
10315415742
13334267587
8704711412
10033928019
11489483310
13483197753
7428281509
5757418468
12523453744
14661257377
7800667859
10395629340
13844150294
15880183231
10808002428
7625168800
5358862640
7861008345
8087210645
7786922841
10950434810
8132063475
10996101624
9992150993
6360409319
10129121908
9944736650
5814934030
9528814886
11622992173
3328377497
13874490783
7575947505
12759334012
8785114681
5174415051
2107706734
13478721238
