11786699959
9192992773
14863476090
9668974865
6295314986
7269983376
9350045340
10662845413
12655026815
6190831909
14230739493
12175641027
9884432106
7600674505
7444247243
8799779698
10196025241
11490833394
4889566316
7879652092
15757578236
7543975575
14112686459
1258166904
9389179331
3165527562
12619062266
13994919042
7439610854
7856870314
10765132877
9350312681
14385548690
11155274889
13506198824
12958124383
13288876891
8999182241
15037787510
9130063184
11081316305
13808367572
8970217741
1139756451
2805341178
8784776465
8765074516
11957534275
10831207479
9217946905
11250670250
11320360354
13082828478
13257614990
11146235392
12434701586
14781473385
3543829822
4560423093
8524948445
6651690130
7560810717
11600938092
9595305362
13540608766
13659528411
3419343015
9601530444
9153912303
13574955393
10402673999
11011084220
8833762019
14450491032
6016822585
12504508755
6899336275
11858351970
13217938519
14111421965
12734173064
12005752792
16991229839
11364071361
7575175821
12399030038
14368863865
7030481755
12078076614
6604551182
9533005223
17822688360
12476726815
12056298573
7592609065
10216481860
7587397482
5555695708
6092057535
22087741105
12719363342
9598379422
8465316291
10876185550
5633492494
6545026318
9438073622
7895189400
6013931087
19788688132
12156523368
9906975362
15554703057
8329044868
22830796114
10821887250
9059399315
6797944382
10130798005
7359958193
8296894851
6518358677
9080541047
5786744472
6749859761
9860981761
8776393572
6066143338
16637505421
7028994994
12584253876
28107354600
12859965244
9074670906
11379410065
11157386195
12669059027
9575380845
8065184682
12605282463
9882303054
14114332652
19822247172
6323513745
9087842739
10628289400
10570208824
23005547347
8963587893
11182057083
9873676295
7260563078
7374797546
10619683888
8723586255
15050390536
6555068185
13720409017
11174640073
13980400741
19181883063
9587554325
5949996702
7850409097
6978025843
9209579355
10954967738
12959085423
14574835191
6851161438
19169239203
4566154837
10815911063
8858995290
9502988598
10952309522
6448391300
13139310262
11475400728
6413927443
12718057379
11975197351
10454622678
9936858536
9194456354
8372295314
8633266607
10861751447
9176536737
9731001496
8599308842
6833253386
9512563775
7145829774
9165926196
8604604353
8134497169
7738824901
7314694282
6425040757
6522712223
3658975753
5735967200
5082745246
4910877983
4613877966
4288335408
3998791249
3693567785
3454374078
3197659706
2983514368
2760985040
2585880081
2407383649
2250319301
2096192955
2000509055
1885663655
1763591436
1646345283
1564506171
1445817635
1305643921
1230030108
1185153763
1104738172
1031593426
934845381
893711487
845783071
756428521
733089017
699788743
611064846
627986802
573555278
539788522
497034407
479258000
420392132
409037008
347068287
222420038
309083500
277517340
227999479
198841183
253852215
213924805
212358854
185213876
139838391
110767199
65708902
110608424
118078893
41151750
45271558
57433279
47558136
75398621
38896352
28483751
83996507
52035850
62490035
292113308
2227407526
3069148908
3014823525
3147662834
3069047495
3048665437
3015166441
2925440119
4131798273
4228112283
4270641920
4488235042
4710057980
4688926086
9228004392
7819108770
9126362519
3637675116
7656669412
3407702559
8439311006
6280348024
10237584575
6547741578
7541291861
9128175606
13324082844
7035560711
12682212762
8631833339
16216816891
10480946257
8553670118
10845043252
9442915877
15470607408
6313904537
12240077527
7743752938
11716857379
15073005719
8024557691
12064586676
12152276896
7018478139
8275438763
8020154407
4324482447
11544557861
8650469595
5067035037
2262481995
9190626013
14835405350
14365401211
4492084474
10307353747
12891309013
10547516253
10439345688
13215310122
8501165052
10013119614
11611130058
13450891703
7212164976
5888466661
12592263415
14653964503
7875289390
10127936709
13849225412
15603296247
10797573396
7513466598
5337319128
7784102525
8242421637
7970410289
11133658630
8080518033
10676029479
10038491465
6342820477
10269603061
9786688604
5772146956
9414255602
11533654783
3407637779
13942263619
7613505039
12858801658
8638799010
5128220107
2166928658
13416179837
