11658258429
9230791165
14780307965
9585205641
6265192219
7079083798
9305252417
10694217877
12650095223
6252466767
14429553586
12231331520
9755007503
7476251650
7393878438
8582196921
10364913851
11560275466
4984973217
7756250134
15781639956
7594029487
14043908245
1316908637
9338307722
3300023234
12624902096
14081395809
7438913059
7932475624
10715120374
9364261738
14369467763
11322063428
13625643033
13047023177
13261714250
8967537820
15086299269
9131414726
11100741839
13660573846
8785774305
1219870614
2939176205
8813417611
8843194888
12104747676
10975340140
9386547344
11253667807
11301668185
13095507739
13299578104
11104576319
12490995648
15033441295
3664621990
4379534861
8591356733
6506603293
7409043097
11383765133
9864279999
13865572665
14095997221
3667571333
9665189511
9227112877
13801126273
10452593206
11102290382
8958478007
15176219941
6040841184
12571417665
6867934418
11857748065
13340198021
14167264632
12811802410
12195968600
17925618787
11355957414
7654643472
12387233538
14390273833
6976994264
12140875819
6607340617
9644477866
18901987100
12477295919
11876446190
7743773551
10183782218
7794415299
5514062874
6357970601
24211039843
12831862117
9821993049
8562622776
10889769516
5631350678
6398908489
9413040084
8100458192
6043467325
21205462271
12319787508
9926894496
15541892316
8328356599
26355658204
10662109953
9180863582
6843359394
10161200794
7470699633
8174276087
6550596385
9092705784
5507906849
6738274753
9495761230
9040284373
5934739453
17563433169
7026606841
12562249631
31182649273
12694443221
9190109219
11287363553
11144545522
12692166901
9472956810
8193622732
12599149431
10156770786
14075895821
20927096782
6315460171
8977533983
10688514506
10819164537
24845342216
8828114499
11092789447
9815383111
7267237362
7262198167
10323921448
8606310304
15414150918
6412793478
13424670792
11182732233
13786608800
19567832987
9356251045
6116159621
7788864122
6985890117
9215380173
11065578533
12903896475
14410001743
6671239839
18955716732
4563439198
10830265806
8783854980
9439259606
11018361357
6221121323
12934246259
11315162069
6269394212
11825540625
11124205699
10436343350
9767152787
9096132733
8425849555
8150969505
9626364384
9039447616
8700015408
8184223908
7009686426
7242549443
6742577015
6318913494
5928800318
5604199954
5330550343
5050835489
4766490441
4491550669
3669666938
3952602620
3675895108
3417076406
3179517356
2953868065
2742990868
2560567919
2384111462
2215376089
2060728616
1914236884
1781927876
1653079066
1552035998
1455199289
1374260017
1297752264
1228478240
1142469495
1067256776
1000437740
936452611
879692394
819998460
747998767
702603204
656479085
603491171
573056475
546427239
516134073
476843515
442337549
432566110
397356915
355345101
343624137
327070889
287714860
253132205
135574777
131600265
42543487
52837620
113657408
154679973
59798508
44351984
147329685
116199985
46955382
15553736
105937388
43821220
17996306
50486967
22063680
35335084
693557
17290766
44793126
64864086
12118368
38254376
19963380
41126404
358667119
1570481622
1546589001
1510412217
1457026588
1422517753
1379371840
1340502293
2492693004
2714685577
2963528609
3387053435
3781510935
4211225640
8215716955
7789888410
8135487978
3695887451
7580360458
3511230468
8086575083
6013498136
9968592612
6451339719
7462039278
8921765489
13179089355
6846795068
12282942714
8640384475
16101893695
10503594064
8759566189
10812682600
9353536306
15569807510
6634896968
12171324933
7932273272
11611900574
14911549757
8083874378
11979061725
12492600630
6947094163
8386425170
8036303560
4286089009
11296840922
8620116375
5069400903
2292920393
9377711789
14817634643
14405257328
4575179538
10433128135
13013381132
10562396971
10292739164
13312205580
8704866284
10034727846
11541023997
13535878116
7405688821
5782039743
12568669679
14648460950
7779542718
10408890499
13808657769
15930093216
10743752694
7616857520
5304123706
7882661836
8079334443
7767376748
10939234629
8122688023
10987923473
9997341464
6357309352
10155548518
9876207977
5794079970
9584695881
11657532736
3281310936
13924518964
7517535136
12855123138
8799635057
5202370018
2129751619
13437603332
