11791664955
9169324284
14833161014
9651885826
6317969253
7272252199
9383352297
10695545682
12643647514
6211832983
14234732528
12199279393
9864650847
7646903581
7407151745
8789468847
10192943949
11462295986
4884186848
7852990832
15777056873
7542138704
14107421471
1301427305
9362065428
3178586191
12590046749
13969273491
7407104723
7873902898
10762241346
9365775081
14406495990
11105529251
13520850421
12969206208
13299050136
8994981723
15050881126
9120878696
11073846203
13817976104
8981029916
1140296950
2825372454
8813641313
8706722188
11959779535
10812095630
9190242096
11219242774
11278038393
13088897946
13257938314
11138201588
12442352714
14784128235
3498632506
4541608172
8526586574
6669974555
7569912570
11597253326
9595956096
13545487029
13681689265
3418834985
9607840501
9158200272
13580697465
10400461338
11025040362
8876140230
14484031618
6037067024
12485685805
6891465697
11872783576
13168341488
14096200445
12700090234
11982461400
16961904283
11348522508
7566104642
12405843556
14319262758
7040394416
12096572710
6638216084
9525118895
17781954193
12454430789
12063289689
7610130249
10216168547
7611562092
5572623394
6091021173
22044624634
12736237936
9558132961
8446318669
10842786271
5653246379
6530446674
9458834130
7901008401
6033913899
19721624551
12151479759
9936615943
15548842956
8326672712
22710917228
10805047206
9011567784
6791668025
10144226527
7356543874
8265767749
6519646534
9129454340
5790892350
6759018507
9889371324
8788538476
6022245246
16586876373
7006565074
12636145838
28053400513
12826197494
9048741919
11382264678
11180033027
12654234641
9553141714
8070622961
12595127095
9878905636
14114054557
19799331700
6324867317
9085950272
10646311157
10576306226
23008024475
8960289035
11162745739
9925131306
7215892633
7402034668
10650524236
8706828745
15029116652
6550351559
13714101018
11160533590
13971793432
19144343116
9570941250
5993256644
7807936853
6982156946
9216539752
10929277306
12936405714
14587991736
6870797796
19184543673
4568257092
10803848097
8837707740
9474484612
10972991447
6457838350
13112282606
11506676982
6450627948
12746627514
11991920793
10487398577
9983165228
9203605646
8393944362
8615656945
10910178976
9158695348
9756715516
8617601399
6825944745
9514586491
7169621564
9230262757
8663371573
8185668811
7795883933
7382208437
6414914052
6561853798
3645902351
5776318179
5048779083
4992888910
4645794078
4308960739
4020186303
3743534798
3482406116
3237232824
2994270323
2785357923
2606064557
2417147403
2263067106
2128919400
2004010794
1907191203
1793362446
1659328701
1574353547
1461580269
1358706070
1234466100
1205159736
1104950130
1044890592
937054615
885037599
857042102
796798895
759223964
679275811
625162764
618945652
591973751
556718799
515241400
470833795
429764965
400481479
376705784
209038507
321706589
304400655
279720586
249689964
248237631
229725352
199434267
201575188
140417321
171120629
60261962
145029752
122611119
38704831
52109322
24054959
81140116
67103723
77590702
16182728
57528200
45686439
54547126
388580324
2285913532
3090040311
3041869812
3192704522
3149528868
3098984019
3050591736
2963812919
4184385213
4251991484
4276555334
4540792595
4723771696
4718652791
9258273147
7852495130
9134459165
3598100585
7690192217
3408229715
8472919973
6309231727
10256456471
6549834083
7551083718
9105169607
13316557551
7027981303
12700500390
8615891634
16218193121
10507842795
8614710515
10860653311
9436315316
15465554556
6289854671
12306978947
7778624194
11757796102
15103310482
8013250113
12017496179
12156326928
7094188611
8276942840
8047436251
4303959809
11546506059
8642916013
5089087530
2274420245
9247923575
14885035998
14383503993
4478730500
10317946568
12897432493
10567595812
10467571042
13211157211
8488586487
10063392183
11638640806
13425843973
7241021044
5880990678
12589221218
14680441283
7858309898
10100734380
13875948850
15591072959
10783750870
7489781385
5312006638
7808462041
8245622675
7939509675
11167022072
8057097022
10683848734
10038032355
6342566314
10293417274
9791166769
5750834148
9417392001
11565606846
3392505592
13942702444
7643989703
12909340850
8670711030
5179650985
2189268517
13442078763
