11731932355
9191710584
14804482849
9642602051
6257867816
7196649161
9281259193
10642383960
12685554518
6253157017
14421213107
12195602156
9766142929
7520838508
7354534190
8576979150
10313900052
11600687078
5027262627
7593527846
15761133339
7664422648
13875060724
1288666466
9326422218
3127310253
12596325975
14071028499
7431990046
7906073122
10706694579
9240978088
14389953499
11322197040
13612774942
13033074043
13231481031
8940633066
15117500236
9139867912
11113387902
13623996605
8780092501
1276399526
2855902731
8789221712
8779726087
12123492990
10855003045
9379918871
11300759500
11322596283
12981222718
13223780032
11172877695
12490181451
14939962899
3566012216
4406337936
8594291471
6579185040
7476644339
11506881184
9789961786
13796909534
13914425978
3637274442
9766906263
9202805423
13691656376
10338642251
11113698761
8834339874
14951199364
6051008840
12479262553
6880330868
11834653454
13446312826
14181156482
12713231768
12234828801
17553546445
11317532680
7578787917
12401579037
14375519293
6949246969
12045884444
6561585706
9679647548
18562807970
12487113496
12027564182
7677167673
10232729184
7803839630
5552955176
6220738778
23529300817
12848645560
9777398710
8508607064
10911961701
5567267450
6391413478
9343695733
8049605323
6112535197
20740492830
12276737711
9871943517
15643940602
8310676978
25182142301
10732126599
9146297893
6869788651
10205222951
7444637433
8126708164
6552665412
9028033639
5609703136
6778432480
9584320702
8927763318
5932397724
17334187528
6976039240
12598830921
30226364451
12713757774
9145607309
11354791736
11074913671
12590219672
9454100778
8072757064
12602574819
10223931540
13980137178
20615737346
6333006440
8995763615
10651380288
10811485290
24211778319
8878598852
11106050694
9896186615
7239785735
7461737102
10352303361
8608082382
15374781335
6461991436
13507037004
11138224025
13898478614
19474696581
9400779504
6100634435
7822317636
7071047744
9130611964
11145587642
12924948201
14505138625
6714626535
19024416116
4564650208
10842777700
8856402268
9339854499
10974231971
6325463364
13029464053
11365328600
6252913719
12165598731
11474732466
10448075621
9776365306
9161446236
8476132082
8280576091
9993444003
9081281873
8964413327
8479143787
6989008939
8230306019
7399896599
7186134353
6747212284
6378142777
6064083310
5750276431
5422940402
5113637174
3739034811
4497916562
4172763303
3882821484
3616594951
3366474542
3127100585
2894317116
2711732800
2470395741
2332341133
2174806049
2027277929
1876210841
1752047238
1613388777
1564596881
1472753595
1395413155
1301684983
1217425878
1138005852
1061834830
987509578
840950620
843096880
678989392
746402890
637189828
606930381
607068872
563781628
515124397
502165923
456421561
455182972
399462819
394321039
366416339
243353312
276669356
120424865
142139648
168997049
144591594
174948731
173155972
81418104
87920789
166219413
72170895
31802164
11488840
69315079
61219910
27179456
84557916
58576920
26515205
84696013
35378403
71244185
4896275
68992108
2457081
53544117
19031694
954551211
2153391787
2077314645
2027063321
1968030811
1892649130
1828268816
1849596760
3075031572
3255612696
3473279455
3720026491
4100572409
4414824263
8556701376
7736142321
8444869862
3554837828
7696433603
3485916634
8187505418
5968465340
10027595391
6562673103
7483350040
9123925572
13199992959
6901004883
12536570897
8669969284
16156488308
10382841619
8704283396
10897209212
9406214359
15483081329
6491418726
12134175815
7982081988
11691459703
15017769594
8094203135
11928778809
12491759523
6969077236
8284215354
8071126473
4245653332
11389612241
8618935125
5143642092
2246804313
9358696577
14737046631
14279819568
4623859387
10370731207
13016406749
10603416257
10389567911
13279403613
8664024048
10095438996
11524369373
13465814590
7385570188
5755815781
12458253891
14586986194
7812291571
10322152309
13759861856
15825005722
10794907186
7576208180
5327290654
7946754197
8169663532
7873528109
11033500165
8193181712
10913955826
10004304485
6300471691
10163529207
9951834386
5743234145
9535642910
11646819823
3298070013
13955616192
7622450286
12817789095
8747059071
5166450198
2127777433
13463891613
