11707868564
9157524466
14792057154
9682832530
6254085694
7201044578
9270437581
10690124763
12631803647
6245810569
14413155784
12247237082
9757260459
7498630523
7377150808
8588838946
10355472648
11557168033
4987517209
7660981041
15753037845
7683403341
13910694742
1323561274
9328067476
3154162032
12617785526
14072471101
7404815789
7924340621
10690806131
9256733387
14410448916
11332241808
13624825974
13100404680
13202157835
8931429016
15111340343
9120153874
11090818363
13619219502
8739141209
1253535433
2890622527
8792827263
8772797631
12096676640
10888938274
9406503692
11245161392
11267790843
13025361805
13246567061
11173267940
12477364262
14977996304
3594139931
4428848199
8606118317
6566124076
7437692177
11450681615
9811988741
13753160045
13940504321
3627978368
9775259135
9207863619
13686874877
10388865977
11133000465
8872237791
14967150568
6013108251
12462675296
6883253612
11878166872
13442500134
14147932476
12755217578
12229157006
17685848848
11352931086
7592185469
12386257120
14370693579
6955696413
12035783292
6556517446
9692278791
18600087877
12469604552
12002420390
7685855786
10208726978
7825180364
5526138280
6291993758
23699640570
12846323280
9755097659
8583912481
10883079182
5579163746
6371675326
9352312827
8051833079
6046288214
20831530886
12269770910
9875680062
15595008333
8292851434
25430808316
10740012277
9119010020
6831910906
10225105267
7450520424
8134187866
6528762000
9027457599
5626672967
6767618940
9616589296
8983369882
5953158043
17396550420
7004302878
12584744041
30405819013
12686157120
9169229481
11330805557
11062613960
12626129810
9496046334
8103288094
12621188964
10185614945
14059933447
20642881439
6334593408
8975173853
10657766879
10817066143
24321907867
8886701439
11072446425
9891273269
7230361595
7407823655
10329719416
8620485368
15433228086
6417245260
13500639018
11134913427
13898966598
19506326217
9396819769
6086333932
7785137401
7071315649
9183906970
11127338197
12910901527
14458769773
6691739528
19047683416
4576783891
10822988319
8872794675
9329796637
10998204376
6294038990
13003118240
11351454275
6237112633
12111847315
11403449104
10379284218
9774327151
9146244424
8478309294
8286577584
9963661152
9084700666
8902316683
8433239433
6983320961
8022024697
7383195571
7001686317
6570746093
6209361055
5912129331
5594499700
5282294321
4978837991
3708014449
4377522012
4073412026
3783991412
3513140646
3277926493
3051849026
2839689371
2640605508
2443435244
2284573643
2117635672
1974787103
1836270900
1714350254
1606482440
1523831736
1414852475
1336199555
1270755322
1189958836
1100493058
1026985861
967772539
903046678
852015108
672127470
724230995
649598576
580550326
606489797
574027008
516541103
506484024
477205320
452885950
404041064
385910061
354597736
273262224
292876302
121792820
103085886
164729763
116803289
115860551
209506506
58874940
57141789
166615885
101035933
33382688
41720115
107130522
80339187
53600439
86856562
64954964
84753436
35198994
49758199
26627715
10839499
35151708
12342509
43030295
19794597
870468278
2035624783
2027777651
1945033738
1900278349
1802573498
1747084406
1752207717
2934094007
3150401028
3327417477
3633177788
4030677221
4426493261
8515909560
7780031253
8392771889
3589684642
7680986112
3526334637
8170074005
5987194807
10002843583
6611272496
7499330505
9045472026
13191566834
6889901007
12470489057
8659571022
16112671933
10414415610
8697472066
10865327832
9422018670
15498096961
6536654570
12117383611
7947867672
11685099266
14992626541
8108876938
11937571020
12453375259
6946341016
8313143723
8086748211
4256804219
11370128700
8596923182
5087438565
2244251080
9351249907
14802243538
14275363944
4644784445
10388752235
13040171107
10657860709
10365339988
13305197985
8710743365
10144024742
11527097382
13500477314
7408935331
5761128543
12483629617
14604684780
7750766747
10345695110
13751960893
15811038700
10784594878
7572423496
5341191537
7925005387
8148600998
7842231932
10973566694
8195039652
10953283098
10004814046
6317754598
10158853907
9960322213
5777105749
9546269553
11679028171
3329203361
13957755377
7605962825
12745673090
8747513213
5159601573
2179043958
13483152634
