11654658166
9238101931
14786155128
9568134357
6284500994
7047278097
9291729001
10712404897
12641754346
6261366325
14411452213
12223028705
9754236515
7473800728
7425909213
8583032784
10382775786
11556307396
4977928402
7739637206
15767752052
7590427003
14044946312
1332833740
9331873817
3276718713
12641418597
14086305498
7437177341
7920920126
10719258183
9358288187
14384488820
11339089717
13590917705
13085665150
13278093840
8988966917
15098158793
9118932130
11094192240
13669111748
8774359088
1208918480
2955752628
8813050330
8844995403
12120187357
10968040805
9395032508
11257933479
11314166369
13121762042
13306813296
11116514157
12504951648
15046468729
3653636174
4390828108
8573752768
6492713367
7403010808
11344399720
9851642795
13840117864
14134047700
3671607190
9661007329
9203906810
13804206170
10440817990
11084742308
8963693243
15164176788
6050672501
12589962793
6864696074
11870965236
13322728912
14212029972
12806855092
12200729228
17976990696
11365823720
7676946872
12346881085
14388628992
6948884827
12136815315
6589020763
9621809091
18952033030
12481619355
11847880278
7722059077
10174249246
7808706038
5507806544
6373445253
24292720493
12828942911
9819358597
8570488697
10907355185
5596921447
6411986707
9446575323
8116841512
6045622390
21267792749
12324052783
9953808439
15553651727
8321686216
26508969999
10673638478
9191503166
6810922337
10168448343
7448263956
8152443878
6554403903
9115309551
5492446325
6736527711
9524795792
9024087883
5972335898
17619649515
7071538206
12572983494
31311202913
12697886204
9182474813
11293786548
11110303842
12708317807
9455369190
8194668108
12603697698
10147041645
14065517693
20973172759
6312200674
8970281671
10712185912
10831958499
24896788335
8867845613
11084224878
9815717456
7259542003
7241339302
10340107362
8637524628
15406288439
6423721420
13368164946
11190329924
13800448956
19571296020
9376983239
6090051982
7778455175
6984029348
9214352617
11066602200
12908485797
14391570301
6665214345
18948494121
4553389045
10843234632
8777550130
9450766761
11035963443
6217913231
12905157136
11326563830
6279879434
11794351979
11097544156
10431000929
9719448641
9067852106
8387545062
8152397205
9605657268
9031085185
8615810951
8095113305
7031257095
7120481183
6631392607
6214153727
5831753959
5511575110
5244977087
4969796272
4684796315
4419875610
3669207165
3884292650
3610280880
3357088618
3124675867
2909078317
2704381677
2519546984
2345116786
2177655700
2016663137
1885602354
1753704282
1606131761
1525056852
1430634033
1353783538
1280581691
1207140122
1121105125
1045437688
987295254
903672579
853787975
811574209
742249367
700311376
652926726
610355247
570442827
525198180
500614671
472693429
448061243
413594710
392138234
349366092
338713996
319380460
300866091
261673868
133989551
137795743
28709288
40429996
105441553
179715861
40534371
58413601
147923120
107747537
31846042
23573554
105369682
46625463
17649448
33993652
45657051
35624227
31232194
25146986
65292822
48702039
3042064
32411664
19709972
15159011
255113736
1498407682
1475565621
1426254950
1388912786
1346053263
1308949961
1272384328
2405568783
2685611784
2933203365
3329311373
3753820790
4180136180
8199047449
7787867423
8097104704
3686049480
7537390805
3521633756
8079763749
5995511539
9942896437
6439607995
7490432671
8918371814
13183873509
6841295707
12276367896
8608880336
16088200642
10489546528
8772102384
10830788053
9369444672
15601856587
6614082452
12162408442
7924507399
11609271093
14912192044
8067408959
11977137705
12506176287
6950984670
8401179464
8032214660
4289663604
11302143793
8638787608
5074737871
2278591158
9405718596
14800238922
14388342471
4600122062
10423204530
13025456785
10534979993
10275238127
13329179236
8669951586
10034702922
11536155791
13524118166
7406386252
5818232942
12563004302
14645683134
7782961295
10386475041
13829187545
15949007489
10734221470
7571056327
5322313930
7886106051
8080448702
7789875044
10943288301
8129307589
10991831354
10001025750
6367604363
10168924241
9871860209
5814087949
9553175384
11655720539
3303724849
13930868326
7514335152
12848292192
8804244132
5231172482
2096070905
13422461893
