11839814831
8892363005
14438243689
9432975271
5809648448
6997878993
9455456587
10977548573
12557569865
5797575101
14348459635
12345770485
9680931131
7694183706
7399506458
8859195118
10096604171
11559112960
5339655440
7214539269
15449676473
7268756788
14338129341
1822948693
9316681609
3454512549
13384540219
13886712416
7683563907
8036672533
10526850388
9813874363
14379290034
11037308275
13526172336
12630531504
13663683518
9064472482
14857819564
9313181484
10712361263
13647729002
9159694938
1653081182
2671819650
8742235130
8543188002
11244325620
10882327737
9359044125
11077692061
11599490111
12967669224
13284522688
10977966485
12365672972
14127246805
3712941039
5069183708
8724186812
6657247360
7228023135
11452862504
9753440373
13364065665
13235927233
3633020572
9847208599
8975326659
12838753369
10508395723
11286937876
8785032569
13780894231
5705818271
12448858128
7197492640
11767873084
13163057612
13774231324
12710877078
11798962088
16069627289
10839320442
7438285452
12416478334
14316594153
7338618748
12219366146
6836444129
9654821015
16769034325
12615888492
12154358239
7868851094
10501170666
7648467779
5358836737
6009585198
20568506118
12736809746
9515788677
8028472277
10678404505
5608558154
6521876892
9524608661
7628488746
6245155889
18737262561
12103470803
9795617004
15448099079
8157770124
20120377678
11260285950
9390851306
6747709562
10150524150
7833930806
7916455972
5761910132
9319357801
5595581909
6619245609
10119354074
9314378401
5799660792
15801166217
6994735782
12762135851
25361158523
12258202580
8976911168
10830626902
11478306504
12511516237
9276754441
7905146727
12655975078
9787559688
14265301914
18614231535
5987558853
8838955429
10846685791
10639056704
21312188365
9541980368
10992810548
10552778677
7310037544
7523277714
11009299539
8672397147
14412851143
6264668502
13474779437
11141384055
13937285618
18452356867
9659393511
5562968423
8133733652
6846546337
9621161601
11268729797
13158925258
14118949560
6545749711
18387234391
4124654883
11062777182
9187459111
10016367328
10936039103
5988124525
12794838785
11378009079
6354141590
12962144332
11454899491
10346419181
9785451366
9551515336
8822873855
9100795899
10891292798
9586280149
9720916436
8953178716
6819930336
9720831576
7397035126
9647948828
9692682812
9221215858
8444345636
7509052072
6439736725
6673469720
3750776597
6005608257
5299683642
5992146697
5467436918
4340379077
5011155940
3887756626
4218164496
4189453488
3947607794
3656162179
3245936434
3175142948
3029676716
2704413519
2855087838
2548933849
3557926875
3254628174
3312331972
3136579108
3048808822
2947466200
2744889338
2716282629
2466868941
2232571972
2237393608
2075497549
1935581013
2150070876
2074615720
1940203336
1808631979
1724441228
1630056360
1486254759
1314903239
1392578698
1284934939
665413993
1247559675
1150459185
1109258478
1090289312
1066834843
939305746
938463030
877066940
860609987
804453644
757859779
649494872
560959328
406636722
1029772924
995996623
905535982
1011822526
989254491
976898489
907962810
912322769
857476335
287316871
1931818810
3606943747
3806399740
3657806834
4237812651
4296911637
4165957471
4721962415
3717319577
5535137384
4801208222
4311343833
5617903565
5160174178
4999050199
9802452596
8547564105
9744204730
3957709344
7330442998
4013235019
9021707606
6413760140
10630135730
6157605918
7555936200
8925647582
13593754487
6499654636
13097229813
8282461959
16346654304
10165804853
8678172522
11146592655
9309421808
15071871028
6417758002
12014370878
7598998393
11429254380
15285420317
7645581053
12170548037
11977961456
7302125184
8815104439
8009135459
4350416438
11474482070
8696532092
5272689217
2474192745
8455417665
14699196250
14136285227
4976200376
10524829376
12835171622
10338346184
10632217128
12686404993
8257606890
9688983097
11707431914
13184243562
7592423626
5314317916
12852630277
14771920711
7749558378
10755464137
13807321045
15170494429
11159788470
7361761632
5503959299
8033637381
8132966031
8328538176
10364180051
7806205177
10688326168
10320366100
6071572660
10098360068
10216022987
5867958017
9904501210
11553103321
3547417893
13840168544
7805207701
13335601953
8405897061
4979183376
2041251338
13083958716
