11736659938
9202685119
14840198499
9665687858
6353074021
7204307775
9254290664
10561578002
12718433449
6219167890
14359544269
12272261406
9781343749
7585432214
7393324392
8641452923
10344101233
11499162940
5080214608
7598108928
15724806870
7657649634
14021374878
1293630191
9406216487
3098433560
12561165114
14111231537
7460424440
7846216217
10763235399
9346492541
14244972952
11344719708
13579083995
13028082877
13299741499
8931214527
15069108237
9040461052
11015777577
13760673846
8790954537
1229578850
2838312695
8850785578
8759998420
12058659003
10896075889
9360078642
11246435727
11446845810
12935468944
13223774368
11199890083
12433947081
14857924005
3575471652
4485935443
8600365688
6611540734
7486412718
11585530239
9741815251
13648905252
13869128268
3641238052
9762527624
9199571399
13711006199
10371960187
11084232590
8838700528
14723944608
6089960172
12460467831
6818561813
11896506052
13358104957
14194893836
12777790124
12137741302
17387943666
11195234475
7561909778
12381536912
14391014623
6934460319
12111276363
6499824646
9610612129
18338761190
12464553011
12094003285
7605924839
10214797252
7708461414
5554940194
6224255845
23097704916
12743096136
9707801168
8526837551
10831985556
5507045502
6440405695
9415460165
8007225461
6180029400
20373238881
12110748060
9996679283
15557755830
8291869423
24219549491
10744051759
9144951275
6807928838
10179117906
7524748146
8128381306
6453165327
9096191543
5634908882
6769459192
9749537759
8929916663
6023893587
17148241323
7055242977
12582395325
29450844640
12777190754
9107880270
11437133556
11125838029
12701994923
9545310903
8093441424
12571238073
10133931307
14107615098
20320699969
6416560238
9016553779
10654295752
10689481120
23701159541
8896807822
11112313212
9989691022
7204476229
7369467058
10473442101
8640607163
15315005138
6459296431
13567432768
11259632105
13923282627
19390575185
9473462350
6111138325
7890641314
7133886779
9271260018
11114219932
13059375026
14539430623
6819580002
19143093342
4641770431
10878936184
8834141492
9337996683
10928383703
6322090745
13051826216
11425567177
6441922588
12392332686
11668418717
10476902389
9766114108
9229129701
8435483294
8406537044
10313382092
9135494061
9116139051
8632231167
6886085168
8807911745
7393687062
7918027099
7430472596
7028276283
6686876104
6332586226
5975868656
5632683079
3725591910
4937450693
4603078704
4267902813
3979471484
3707143045
3446438271
3201840317
2984312678
2780872909
2583140334
2394772873
2206783074
2058854537
1946495821
1821488949
1697277343
1624047033
1517403241
1431211064
1327233244
1244007921
1140991921
1101439298
1017626316
910808257
801572199
799736412
736440945
714558112
648070431
635297141
609403378
564323873
540874875
500624296
421893033
414944147
407793618
259874626
357117987
299525932
116254717
185274805
156593523
201850541
234980724
187671820
174279708
155578070
98318853
60557011
16784978
65281924
78401185
109768848
110745738
82060444
50898202
82600647
27372270
59622554
302550
44385480
7055878
53958803
40599333
1409739256
2485485382
2500177786
2425479411
2349375642
2309448673
2259745238
2211417932
3359025136
3573290383
3752641552
3942351806
4376229984
4627865096
8755774300
7839593308
8659957147
3589240619
7645744946
3452950500
8157041364
6015952487
10066868543
6574940788
7489458393
9138039540
13244362647
6952365628
12532074801
8600724153
16190371758
10437717507
8655972589
10940361052
9452811002
15430703455
6350179076
12148789920
7991135565
11755159498
15001043682
8106295617
11940222660
12357442832
6971495483
8284484856
8048419410
4323472122
11457109664
8586320860
5095767559
2341408785
9314480499
14731357497
14261618043
4629096784
10266048150
13025592862
10611145450
10436254988
13318008947
8600645977
10075280325
11550151004
13529254195
7303508701
5785904729
12569698207
14649883412
7870788856
10318180187
13788445172
15717779447
10730896689
7553297049
5329562527
7714451833
8250483947
7802632181
10937950272
8181651828
10786213849
9974610651
6338528772
10178828531
9904333983
5779480860
9585197087
11517948987
3373759684
14037762301
7624965459
12814264742
8694109718
5194556243
2207869104
13443714366
