11794864405
9084453841
14923214509
9669928842
6359817305
7333845750
9380182553
10741922148
12724669288
6131412594
14242043128
12282156111
9944463983
7616758546
7382871383
8786177548
10147222339
11446173139
4943345591
7850401401
15737772863
7537565180
14190390459
1368890688
9279272552
3193977043
12590523792
13943456966
7428302143
7867448106
10736884622
9376866541
14403555316
11163546272
13563405426
12986095751
13385482276
9005439522
14974259588
9120898329
11128431088
13732077341
9008886556
1212857158
2786350760
8821190398
8664819190
11882763716
10795552567
9209686988
11228418009
11298771482
13121269952
13264560488
11135369032
12400100522
14806686953
3482350540
4605138737
8555055532
6728473091
7633920420
11591449497
9701803713
13506512343
13659456975
3545879365
9620833664
9183067110
13381475055
10430048292
10985977527
8826303545
14415670541
5956015132
12424547804
6942250474
11923486181
13246801310
14052554456
12737868486
12013032063
16846777777
11239712523
7536777938
12396188556
14365262381
7005262174
12135542078
6665772544
9519441019
17559975672
12525802829
12047578440
7615123728
10199057343
7677498842
5550227934
5996905570
21721730535
12784754290
9601502879
8486302941
10832591833
5673959384
6504020600
9509474547
7937703231
6008250326
19670714417
12164500903
9969084888
15635089702
8308524700
22208430104
10770845457
9039481821
6724627478
10208504402
7392780427
8244492314
6461258548
9068675877
5775629180
6770656594
9997053763
8852271265
6016366838
16510551687
7123206247
12621969694
27505999062
12782300803
8981622490
11356199063
11125557883
12618319913
9519798630
8075663391
12560140832
9929705952
14103903004
19539340797
6350075439
9102591440
10682603532
10531317182
22698279052
9019213698
11079116184
9920765385
7221881323
7420498189
10647005268
8692626452
14936096543
6482264012
13630194227
11170621042
13908378216
18934705035
9608456721
5900096484
7929980776
6973734150
9268690178
10954714107
12858924848
14516941784
6837842621
18988318988
4531635836
10765469351
8885485672
9523848332
10961339732
6458689164
13176462703
11372232294
6436256087
12877245343
11901775878
10402441946
9948996295
9182464065
8449344104
8743690272
11080556901
9195578192
9831852722
8524198674
6965328018
9602459889
7207172226
9507589060
8924128341
8435026711
8024216718
7428159230
6484190973
6760957033
3657119449
5919045680
5102046608
5116289251
4740747365
4428037270
4125174808
3723341775
3613119590
3366384063
3106127765
2908276431
2735683019
2544986269
2429842411
2328949183
2259706308
2190835177
2224720733
2085923435
1951836382
1816935215
1697341827
1594583493
1497696581
1377226354
1289699150
1205566940
1116813328
1049446180
1000086146
924050156
876705762
808821419
776533244
738779585
685711439
577521746
554225517
532512309
492752521
461472101
265283016
412188960
380402769
371704198
337977788
309724871
289727742
251864209
225805153
165775706
214729901
20433873
194171136
144588730
12776768
49504707
92374474
62756912
33611331
113584525
71103044
118701296
110758271
103940806
684644184
2487762643
3255738806
3191273838
3410897825
3388357633
3335247219
3264330542
3155355309
4507855155
4382287197
4406842508
4706284262
4871331957
4824733510
9398941351
7869415087
9318490502
3702562884
7616515675
3432813071
8438198139
6252559976
10319314047
6464758687
7596786719
9102920938
13319497718
7029964865
12704946644
8546068201
16348280677
10498723861
8706311174
10916938398
9475362540
15477337288
6254019080
12315150396
7720210669
11810793674
15053298543
8022124439
12057837945
12098402836
7177212425
8332047901
7943005658
4346268672
11557779571
8660028884
5186275166
2247711549
9293782391
14856309065
14317594032
4516535722
10317430488
12894522200
10546413656
10411389038
13184653857
8433978286
10047171082
11579143717
13378990892
7173708892
5831404606
12533633130
14671740242
7853999923
10270353715
13847234180
15623560010
10896798797
7463782081
5376077054
7906144554
8257426761
8027490045
11145368939
8080510970
10685348537
10126995715
6231395270
10308566087
9885029610
5784153555
9442222786
11660548516
3397560631
13988707780
7690269741
12912601015
8629283633
5187458877
2170967080
13426540914
