11740196621
9194220807
14786594938
9635872218
6244800692
7193086160
9293335160
10666895227
12683054013
6243107513
14434335859
12218396927
9758646319
7532514052
7370327138
8583458244
10317050587
11582553350
5016627400
7617433034
15763322200
7667282593
13889838204
1317266737
9318263478
3142911534
12594342506
14085426705
7437665628
7899960421
10711534764
9222221079
14405090261
11338272546
13609771946
13050632550
13229590918
8947330295
15095570262
9124056336
11112990358
13614857181
8770072989
1268091476
2860919401
8758212718
8760344725
12120707500
10834847178
9372567480
11298176351
11314871795
12990366868
13219702493
11189162521
12480611357
14940714666
3587728026
4428257311
8595468207
6594447481
7480874089
11497050649
9776524153
13781216785
13928143535
3648873399
9753312660
9192221282
13703655872
10320065923
11109959628
8831355165
14972992316
6028319078
12457946573
6865106947
11837080101
13447867149
14171947955
12707041063
12231044202
17567034836
11326233073
7586412379
12383756094
14380026385
6931836003
12006221978
6567729015
9682530369
18575334534
12508172374
12025098816
7689468511
10213146322
7818640778
5529407858
6233306674
23564274289
12842022706
9776249831
8525335272
10906027952
5566161794
6380439197
9337766282
8063901267
6095062390
20740138871
12279659748
9864204999
15634180485
8293064512
25212483520
10726139767
9139165018
6865034235
10210590198
7430750132
8132616052
6543818912
9032575690
5603121204
6780058659
9566631379
8936179958
5927346981
17325059746
6975806743
12584821497
30283120732
12714435022
9147678633
11348398990
11078310489
12586804258
9479590704
8078462311
12615956103
10200905664
13975776790
20609281211
6328670462
9007177522
10669158745
10813984166
24244942554
8868809921
11084899337
9905030166
7238165074
7468149596
10338189643
8610117656
15384750800
6447841582
13497745981
11125391912
13918163188
19486027328
9408056467
6096536918
7813647349
7054805102
9151395049
11153287099
12923826064
14482716198
6696731080
19042122657
4567691365
10819308070
8879478900
9358552012
10992786059
6320078799
13013859095
11374557398
6243633060
12159071437
11441859080
10438417162
9788729637
9156629344
8495445147
8277954083
9996319762
9080167836
8937854964
8483236649
6982180163
8192225852
7375643358
7142648225
6701354857
6342105343
6032352801
5716257410
5387500090
5081564614
3739627266
4468537977
4153586708
3866380532
3589538934
3340501406
3117359131
2887397525
2698190935
2482616488
2333155660
2162531578
2017317074
1860994426
1740869045
1586506303
1561471098
1470912737
1377411766
1284573386
1215224129
1114788524
1040388810
981590464
835863182
837080020
686390091
739633543
652356289
587613029
611677544
556369614
526530509
496512334
481260558
460122829
401008062
395268306
366708250
248168416
266564236
127436298
132733791
166813535
151750746
162782965
168017249
72394925
60809225
169627428
74160147
21563632
19734949
67575438
75551382
38000250
76276932
80051557
22189027
88200121
46427855
73348186
16763403
67156623
9629860
48232650
15271310
939658505
2137651277
2081932461
2008194603
1946936051
1877825485
1821029818
1811618249
3048074203
3226136884
3440241001
3693784089
4076626113
4396711028
8571243328
7756441200
8446865132
3571118921
7700528493
3516542314
8158517679
5985896817
10023176053
6606368388
7487813153
9116404665
13218878161
6892270231
12518046707
8657584587
16129080071
10371138487
8707487622
10883477091
9396008082
15500449691
6496397102
12139103606
7979653870
11681890389
15014820136
8093579886
11908026043
12502506610
6957007068
8292876632
8082032404
4257050873
11399998681
8609908239
5144034973
2248704166
9354623964
14751296746
14271368012
4628702044
10381393341
13031770785
10610675735
10401660810
13280988737
8675505569
10099567566
11527586817
13480615164
7368316133
5754441798
12444619771
14596589208
7797830626
10322093738
13759435414
15820413183
10822865657
7578048966
5346630101
7935861523
8176957615
7856842688
11039517314
8210472466
10940054009
9991909553
6318854678
10170787323
9935139660
5738813349
9532165158
11662825620
3286976532
13941208249
7616866726
12810629952
8725822188
5161411618
2160030274
13476723266
