11733336205
9190793750
14780086589
9628751349
6246886569
7202027892
9300338777
10663745327
12676797197
6241411472
14442736765
12227003457
9758285715
7535185939
7367246506
8590128802
10316590927
11588867292
5011367960
7627283752
15761015973
7674621422
13903679793
1318574149
9313474230
3142979968
12597932281
14088361599
7434469305
7909583712
10706990390
9228160735
14403133675
11328905890
13602418495
13056405729
13233834475
8943075168
15105788397
9131025305
11115885544
13627527473
8774538230
1264688818
2861985258
8768786329
8761864657
12123696646
10838190364
9374019895
11298778683
11310731897
12984921535
13218686006
11187154158
12494609204
14937712049
3602647844
4431576792
8597076496
6595888302
7471690356
11494424134
9787957967
13785053106
13925071035
3650248128
9749871617
9189616926
13693978594
10328659972
11113596833
8835969004
14972539355
6032632961
12466087234
6875135522
11836005356
13448046469
14165645302
12709514958
12228815564
17575580258
11325559513
7590219211
12383220896
14365753424
6936407625
12017936147
6576336189
9683295735
18580785695
12504781257
12024011468
7692930461
10209778315
7816776185
5526772369
6241381547
23575853604
12847757302
9767496466
8528499545
10903808563
5571092461
6371153428
9340656629
8069660756
6085262440
20743815888
12281188302
9863304934
15634018983
8286294622
25222155788
10729307055
9136026726
6868530759
10209160466
7440310113
8129213419
6538532659
9035487335
5591157609
6775208958
9565167628
8938730300
5933341272
17326556969
6970383278
12582000620
30293369691
12709307827
9146282468
11345208831
11073423388
12578863527
9487321382
8074239767
12612587354
10201367627
13970505975
20608582625
6324882983
9000305506
10666736621
10812770136
24256933811
8872200424
11086159286
9898258644
7227244926
7475980221
10339357266
8616218967
15390175978
6441890601
13497328620
11127492956
13920006808
19487371655
9405549935
6101394006
7811840911
7054974790
9146743815
11155194749
12926446271
14482375432
6688364070
19032960035
4564452201
10823577771
8874048977
9358570901
10992105823
6329357522
13014670076
11377992963
6249340218
12157307296
11438946795
10440065725
9786389817
9153871938
8492350776
8282824952
9994684819
9083671264
8929087504
8477237176
6987703307
8172885821
7380109744
7140958503
6700072931
6334085239
6022141292
5706275301
5386961020
5079567937
3737012601
4468701203
4156384889
3860210229
3592096058
3330688616
3113852097
2884987203
2693502272
2481276539
2326535897
2151857518
2016039576
1862225016
1734344342
1583873457
1556840881
1473939812
1376067201
1289313011
1217419470
1124812868
1025792969
984481671
843107493
848504698
682111852
731266623
654001678
603347420
611788032
558056885
530916322
492264753
488398447
459659658
405223415
386543071
365076024
243371537
270750324
126690433
136200670
166512451
150784134
164820801
173574726
67894160
73142083
164353773
79750566
20453461
19718952
74405946
71090838
35138656
75978773
73246629
21256814
87090743
56116426
69738544
17466637
67967669
7741142
36233931
17067733
941598707
2135521749
2080321425
2007460243
1947041554
1872939599
1811262995
1809408664
3040750897
3227410110
3439085663
3689118204
4074445576
4397694419
8567875812
7756244469
8440080668
3570475615
7705970944
3515780892
8157404746
5995840889
10010681632
6618729640
7488039957
9120482921
13218412117
6893351879
12513903395
8644148934
16133377629
10373382451
8703868240
10884302401
9396830265
15507025616
6498090989
12131658998
7985590901
11670574338
15014480747
8091552165
11910236180
12510252549
6953699203
8294282648
8078818988
4252845785
11399421567
8609489389
5154469019
2239335057
9358266677
14770461685
14271811281
4614444816
10365519262
13041320712
10607221233
10403783006
13277992079
8684067009
10094542213
11527112768
13483003708
7362914309
5750824973
12449116330
14607423038
7796470477
10322085420
13757994863
15821519080
10824122905
7587077064
5352116450
7938147631
8179718808
7849132691
11041019066
8211870163
10937045298
9992862481
6322063383
10164883566
9937264928
5746630690
9526438913
11670876656
3292030180
13938769222
7607129227
12812301735
8727218215
5160491483
2163430068
13470856473
