11762190671
9196556747
14875643997
9661801137
6358897560
7236280401
9345808081
10604495608
12728577302
6152284887
14290646615
12266094977
9794463843
7614776798
7498166257
8796235610
10302491257
11564314794
5032582437
7724720829
15785708936
7621330303
14008286454
1269315496
9434433392
3123283187
12628792909
14033027874
7428107062
7905403034
10726344161
9414692338
14264542149
11275280020
13497852054
12992978479
13274829201
8909723985
15067690325
9041086909
11071078882
13760893202
8872477840
1165095731
2768690874
8791281281
8686907800
12035157586
10904627539
9336281219
11275447399
11399578519
12971853457
13231619165
11138626826
12410680057
14775157121
3555469057
4543536122
8487276699
6722655254
7502413397
11571360967
9652996192
13667486167
13734622927
3507537465
9659569823
9135903843
13635030872
10412200825
11058987449
8822499996
14620297133
6017726532
12454162940
6926874505
11884920162
13338214937
14124474434
12711198943
12071581100
17206151986
11341536431
7569769834
12372375643
14405642076
6872743609
11953359450
6571525117
9543130571
18037493991
12411731773
12042271343
7651561447
10239788405
7646764744
5520880217
6056915917
22516701398
12827669149
9634202302
8463522427
10898010250
5520309320
6497733296
9484410062
7944274947
6129887988
20043682764
12056706490
9958312626
15635574265
8371459666
23400452751
10730327047
9096878208
6783552741
10197263766
7431545294
8241348607
6495985565
9055158154
5676817895
6764264950
9749702303
8833035006
6012366935
16912723808
7084128003
12504262603
28736062528
12826110901
9148158725
11343469815
11143185673
12714445895
9547221619
8028873347
12672994111
10012138677
14152630833
20129049058
6362680936
8911810984
10680545637
10672962176
23404841317
9008581997
11131389003
9954694995
7209557746
7379304513
10573695408
8608031232
15176599349
6463299262
13657361299
11214809682
13943445337
19269166620
9486913847
6056093807
7827227399
7102932765
9199364238
11041153042
13045010022
14579252121
6888975550
19152307812
4579102169
10887131411
8775116409
9439913816
10964279121
6387719017
13153281998
11437831131
6411966363
12558859958
11820914829
10441975688
9829457156
9195182414
8397022732
8525878172
10556144613
9151382210
9398744646
8615967058
6914722977
9219651740
7348226459
8595231785
8063798471
7620681924
7257046570
6861893606
6402788261
6107839125
3701702737
5377123419
4996774571
4643058728
4321839893
4022163063
3746139241
3483018198
3187558306
3008356289
2775725417
2605346108
2420768597
2222297613
2100029298
1974561207
1862715050
1771415466
1648500166
1545177356
1460983260
1316395702
1262274959
1194368295
1097740572
1035688349
877693458
803609209
792808472
796964337
740399789
663082492
647473645
613237487
568889835
552780348
453344853
474606962
421898136
348194798
318014445
344939621
206852878
294907055
270278855
247015670
225925950
186084793
205722125
189812600
64820760
25129122
15882881
149830425
141113842
117299534
119249749
114472739
92955487
45756334
100754058
94466027
51723045
58652489
47227699
62097493
79341626
1740339644
2799581080
2764585372
2761154571
2698433229
2668173659
2642117554
2607217446
3760524668
3939733293
4030553463
4197442901
4520540060
4617487653
9019238900
7779557148
8959800844
3607902781
7693238467
3405141346
8237899552
6151541393
10213872582
6549330683
7521864412
9199325051
13300746380
7046019496
12559392904
8568361788
16213229736
10415500845
8568527572
10898563560
9479630908
15435001266
6328054381
12174901419
7853096540
11827828744
15009854392
8070269572
11974321386
12196977605
6957595617
8304056351
8087477294
4352376495
11468148229
8682470549
5070426150
2286165914
9274478189
14849019632
14303705065
4591981048
10250629145
12967785368
10605224919
10426922655
13304546548
8609124523
10024932592
11573371079
13502240396
7232720061
5794592240
12528300684
14639872454
7857422888
10241606851
13822339145
15697594237
10715511656
7482391398
5300244678
7752099470
8230509160
7908582537
10982114788
8124852862
10711989758
9947045479
6357308947
10164047389
9854792347
5718096266
9538764466
11484155690
3442721260
13969607479
7637139674
12827569512
8592146768
5042900032
2139633262
13421214481
