11760877091
9165475298
14820645960
9622263308
6351781829
7179772988
9291889036
10585624581
12712742186
6213547542
14388666460
12255570819
9791668143
7585728730
7406667103
8596589447
10345500414
11521968547
4987938074
7565004469
15728258865
7646314025
14004396423
1294677003
9379646937
3146114328
12533387537
14116615373
7487837854
7872690305
10764531048
9344532807
14285494408
11336870814
13553698662
13082942482
13280724185
8940281555
15063107235
9032137774
11039345000
13736396110
8738652097
1219568422
2832370884
8837589451
8776726949
12048959233
10891798643
9311765337
11274023743
11385680343
12954944227
13198453985
11169444677
12488368555
14853520056
3586370803
4506221949
8652371670
6648975743
7477959034
11557576159
9751252993
13675144805
13836534669
3640238015
9717464616
9190933885
13706496297
10328605466
11107108305
8857798168
14741619420
6133430015
12442705555
6863046752
11865758761
13372488615
14207119146
12810663838
12169096514
17404509184
11208878324
7519837870
12411628738
14377021699
6950596212
12101321942
6437287138
9601818696
18419672874
12474944806
12034314121
7599874898
10224489085
7724975645
5554563286
6215344040
23197851315
12740706845
9740701254
8535183527
10852788128
5494682440
6410452373
9380825376
8022229498
6090244135
20466099874
12154687744
9974399379
15616046049
8333503478
24436692943
10771717887
9098030757
6830553618
10229523666
7463156363
8079963012
6481345101
9057511986
5616941268
6789028997
9684413493
8946232042
6024028777
17175183008
7048132836
12567331632
29663333987
12784237679
9103031727
11399483807
11135753373
12676682923
9478881846
8133374349
12578697638
10131713866
14085598733
20357734644
6376688380
8970054430
10626135876
10677063934
23807922152
8894536569
11200838618
10032432408
7205589967
7352425829
10437078400
8643967306
15316438393
6497548946
13505767235
11241802688
13959637835
19431773687
9406285824
6109891962
7896935798
7100479559
9228739708
11129299178
13015569246
14547025893
6792614866
19104159454
4595100582
10842578272
8839823193
9330224249
10953437658
6306032177
13044069909
11422379754
6376404193
12331877246
11612802106
10489519002
9750546980
9228701792
8430891264
8348154881
10244048912
9122150639
9113168424
8584955315
6923136808
8706019146
7372212751
7754027195
7277395041
6882524726
6544172047
6197444935
5852194170
5516962924
3710098614
4852378597
4512155175
4179539779
3904600269
3632569199
3358358256
3134415946
2924264023
2717087678
2528959960
2348579985
2182100127
2031947596
1889050999
1783012750
1683474713
1601293883
1488088751
1387024001
1297353908
1219827404
1147531790
1080138809
997944122
936374923
802094071
781031936
738549866
710106082
636698127
635852159
511106560
537485057
526855054
484833404
395448361
386248871
374960522
294754953
344026729
281726765
96993813
189347993
138201583
166579772
219579152
144741157
167735567
107350330
101400793
63283314
17400982
60666889
50566953
96819760
101617313
58791695
49096151
51814191
12973675
72704839
18993147
44079477
12141601
67535945
54402950
1287279863
2436095709
2391198483
2335266465
2292219940
2257751132
2154941021
2129909362
3381335368
3547828131
3688586681
3857733026
4364862384
4576583559
8728175119
7779464980
8595356863
3686885292
7692551174
3429381406
8146101097
5987735080
10017573264
6548872177
7490651875
9089384323
13222127980
6954358348
12561915509
8623915248
16179869237
10425819571
8664339514
10948415988
9463235945
15402695988
6387466526
12156493722
7966381402
11784331819
15013314929
8103690793
11912096924
12394501192
6974595265
8279582942
8041116729
4306507770
11416810794
8578270310
5072694618
2300080789
9309225552
14772163392
14251948508
4651043650
10285048622
13000040276
10606370498
10410468644
13323652598
8607671658
10068764428
11538224213
13557486165
7356480064
5781682402
12507590455
14603253731
7829140158
10322495263
13737608968
15758908078
10724735881
7543142098
5283213609
7815506150
8250964868
7818735379
10986893064
8175296285
10820282332
9999782469
6360669474
10176466156
9857909108
5756667388
9506249309
11619506767
3375321096
14000731287
7644281294
12829581079
8736237173
5170448422
2146628310
13411359344
