11645274598
9234562822
14770042177
9568881062
6286392835
7090961379
9275820807
10685171954
12635721953
6269414043
14392192301
12234784047
9742173671
7452324984
7458028583
8565207872
10381159621
11554201185
4988570937
7719700737
15759846175
7598591867
14068497139
1316158429
9325926402
3265647879
12628090262
14041758257
7443991251
7892638251
10751368915
9341703958
14394982734
11336948512
13589750200
13091005283
13292127135
8966348983
15098947654
9110750848
11098818493
13671355373
8816777664
1225006839
2942798959
8820848781
8842539870
12111746586
10960193874
9396527241
11239692127
11300172622
13101512089
13290134106
11104605993
12525939629
15028934185
3694457487
4359529036
8540490002
6507600684
7435777657
11368270603
9846965049
13871033279
14192861171
3652582325
9646765205
9214484167
13826336830
10412347468
11079503471
8930846850
15198959751
6068523453
12546479366
6878144584
11888558399
13332327509
14221078078
12821455803
12215779533
18046464402
11367431719
7658666900
12355834924
14390698946
6978247230
12124444674
6625069781
9611171206
19042420393
12492757000
11839781987
7699488456
10174744352
7841102377
5526864258
6385044163
24453475313
12831015440
9805281659
8559067691
10914259628
5577467803
6418672665
9440664641
8119524242
6028287567
21368235634
12357654727
9983904649
15561047271
8336132312
26726721568
10659202152
9144442122
6797642537
10203400442
7458829959
8144874347
6518543892
9128798201
5451844407
6716482737
9536722553
9026766085
5966104847
17678734953
7059704053
12576615580
31513171618
12674032364
9175505003
11302238540
11072946958
12722153273
9444856798
8197038113
12590848455
10149877518
14062428322
21098055247
6350466293
8978487688
10715583064
10840648574
25023176699
8880791115
11087898499
9785589366
7264992668
7224205664
10316595591
8620221709
15389615256
6424399939
13386246803
11176272556
13813270225
19553138098
9387285352
6071993604
7763464767
7009047472
9240825774
11061367430
12921685650
14395126044
6660756641
18898902771
4558204567
10859294654
8778630931
9476492917
11064245208
6193005303
12846007303
11351490334
6261262254
11769216990
11087853653
10419576443
9718334582
9032433888
8388257803
8187618314
9484529184
8962426742
8399266907
7891711748
7043773386
6942117819
6464981496
6057450378
5684686959
5372822014
5114776756
4845141941
4564546980
4307403064
3662029919
3789265522
3517716534
3275805712
3047634534
2835351746
2640756355
2455499550
2284478721
2125813937
1974402332
1833448593
1704006698
1586307111
1466761441
1392126295
1323702659
1250261133
1173263117
1095137912
1033468416
942662533
897055508
818168007
786550699
717692563
659262375
631987078
585497212
557669046
522642564
495914444
459271209
432949336
388877904
339427298
338220923
325664623
287377805
282933844
266217447
145298502
128547531
45127960
26390671
79677289
163688382
47087382
52346294
129385966
111764750
35282144
37138996
112010399
82473282
7043112
29604878
50607525
50909934
3237598
37116102
59141643
42556335
1450715
30356476
32591595
15465966
120279294
1375330350
1353050339
1309231661
1280454513
1253737726
1207241422
1173458229
2308042562
2560747344
2850004619
3251368212
3721191114
4110791845
8106930512
7799941422
8016316802
3668792430
7521527436
3553728458
8036320338
5995053852
9912007925
6459192450
7468573836
8917037295
13121037422
6839978841
12260409567
8594488248
16046720262
10477278781
8802993790
10841813682
9350999488
15632151865
6640630878
12128882085
7915898189
11577120696
14955930502
8066669258
11955471496
12479150083
6961962688
8403952184
7990063101
4276823124
11277311202
8635490525
5105619769
2265188556
9393018555
14790921852
14381424912
4598795156
10431914813
12995305304
10549912617
10255929032
13306951062
8681886801
10025300746
11556281397
13502076085
7404440729
5807742615
12527119515
14657980374
7798029319
10354718301
13831369187
15926355341
10708549914
7538724645
5349821843
7932159697
8080795112
7787165845
10964604013
8091761681
11006020592
10029365500
6358771026
10143011440
9853388374
5786925841
9531682433
11645015240
3292222360
13910613222
7502614424
12840467763
8818981183
5260343664
2096284334
13413730097
