11707847226
9154939394
14781821291
9686901854
6248503208
7207650941
9274178082
10683993747
12630919722
6236587484
14410315018
12242732990
9751805933
7498780086
7370267638
8594987429
10359420961
11552984142
4993903190
7668078163
15759671290
7682251185
13907865964
1319192490
9326695394
3154276306
12614846294
14070164519
7403558202
7922423172
10692854047
9261545994
14413762711
11340847077
13624437462
13096179565
13200442975
8942183881
15099664019
9125798860
11095716924
13619472954
8735526946
1252565318
2889674241
8800193254
8789220770
12105614951
10873844421
9405426400
11254477204
11278965662
13014961517
13252523773
11171639641
12481776358
14985059947
3589842959
4430602726
8612969238
6553765223
7441118349
11454507891
9802237325
13748529096
13939873571
3633247665
9775225731
9209621145
13684403876
10403779381
11129984208
8880497056
14989431098
6014910875
12459485890
6874036355
11880371548
13445243519
14149618074
12764672736
12223821080
17681639418
11351586465
7597458716
12391908539
14373392067
6951774766
12043803854
6557006955
9680089742
18597065971
12462696201
11998154468
7687211186
10199646602
7823361386
5527813245
6277585027
23703234837
12846653051
9749874740
8574279011
10875588268
5585289720
6380637057
9341971551
8053905821
6041241048
20842713964
12278658793
9880636221
15599009645
8303798171
25439856453
10730445414
9113296370
6827547768
10217807668
7459295284
8135485402
6525860148
9016973004
5611714984
6770922610
9601864116
8974816359
5961509592
17399877253
6993635299
12566180831
30411611654
12689010675
9181425353
11333141131
11062275308
12631779162
9507342147
8115174389
12630157543
10179641475
14065346472
20645149944
6333765572
8981225597
10664771712
10813567966
24330781827
8873028924
11066524736
9889742540
7224861942
7401019481
10326938635
8628965699
15428234223
6418129330
13491881163
11140851631
13899833555
19501817450
9379105517
6075025152
7780878424
7070785763
9177182154
11121956086
12921505036
14452025056
6696370881
19040409321
4575780477
10818598364
8881479793
9338389525
10994741969
6289252439
12996060121
11353535156
6241106558
12106486949
11411177953
10374568877
9770452457
9155392996
8479699354
8282656039
9947900401
9077853116
8904993105
8430456006
6980080692
8007111969
7379497650
6983197034
6564261406
6196403879
5905536829
5592740082
5277148838
4974212419
3708980898
4370557355
4066684234
3779345350
3520665890
3267207881
3049631698
2827629287
2637706168
2448889069
2280986760
2114299455
1974079435
1833935275
1712014367
1600657951
1521478643
1407331087
1348202638
1264467357
1191879596
1108480611
1023604633
959054333
901444401
845938101
660170247
725797611
658696985
586319766
604061929
569147617
512078276
505587300
471422232
451030734
411230702
391962670
357583320
271295822
294675561
116648930
102008424
173233240
132900958
112195245
202248615
48901710
57000299
164099639
106955777
41108517
43025638
101240370
82576929
49224120
75553334
79388473
92798975
36742499
50760355
27583993
10212855
41159760
9613269
36311738
28783345
855595121
2024664744
2007993293
1938597498
1871573421
1789809351
1746162124
1753164332
2934655422
3137221007
3322361645
3633648185
4041424667
4423779612
8509965188
7780337265
8386028788
3583433028
7681665423
3538357558
8177830101
6005067524
9990057001
6608701220
7497376189
9046595169
13188663511
6885013819
12464626220
8644404536
16112401188
10419115308
8704654048
10872125334
9424869535
15507310149
6545352976
12121549008
7947164976
11680895520
14979168755
8104352967
11935238955
12457134270
6941815355
8322282242
8090560727
4262064150
11365284013
8604544142
5081733290
2246821984
9354007610
14807003508
14280309153
4641160723
10396577523
13037742303
10644883100
10350489954
13311943997
8713362072
10130954128
11530838401
13503405587
7399561006
5758442770
12477325461
14608018596
7743607990
10343599860
13752321722
15827263704
10782296502
7578732265
5338193673
7920410019
8144803717
7841469918
10980924177
8195149634
10970814326
10000799574
6310895628
10167710012
9965857330
5773951610
9543263854
11672499197
3324726706
13950887828
7604581711
12736665361
8748060812
5157154015
2176569471
13490092981
