11656289688
9229030717
14776651535
9564052984
6283382448
7084992839
9277151123
10678414574
12631097258
6258981092
14403403286
12255632119
9733578852
7446591619
7451910547
8567372977
10383975999
11558124268
4982975691
7720936471
15754439197
7597505113
14073061899
1316656049
9319070741
3277198184
12630862345
14043470567
7436287889
7888444840
10743742261
9335575487
14396729332
11334197765
13584802463
13097618981
13296330002
8956912665
15092717641
9105543963
11094153746
13675579065
8812917964
1229360624
2946431545
8807326581
8840818664
12111685842
10962433697
9390524998
11245876360
11314538802
13105193318
13289276555
11097805276
12527725834
15022668600
3688843623
4366681807
8542047131
6507330014
7418157453
11369695756
9843103150
13886802653
14202301314
3652374010
9654585922
9213803679
13826752444
10411381666
11087681844
8929255304
15201471668
6070689947
12557762271
6878901254
11887445470
13331890543
14227077243
12826069995
12211558699
18068608908
11360604996
7650194873
12358372822
14389885979
6981187103
12126776429
6633292633
9613666385
19048725573
12491035624
11844715579
7698040196
10176801650
7838577799
5516940661
6382473401
24466096254
12822735488
9811266891
8566415766
10915061481
5586615471
6423732253
9445732754
8111953008
6034007482
21381294686
12356317350
9975071166
15564803138
8342073816
26750127016
10669757842
9143279150
6794156404
10209119819
7455262863
8136081785
6522594088
9129433940
5442704931
6716974953
9547783103
9021687628
5963620492
17688581826
7066060900
12574490891
31529003080
12673021778
9174898590
11307918969
11077038420
12729656498
9445905293
8186051054
12598556989
10147926028
14054820562
21104476817
6351910542
8980294097
10721408271
10844279801
25029887709
8890623415
11084244974
9789814321
7269719943
7208460214
10326205776
8610957992
15390209848
6431509644
13385235609
11179539354
13821689949
19552064524
9396370904
6065428871
7755351561
6999648628
9240257968
11063259156
12928947200
14386904640
6662943111
18887867838
4555907198
10857917492
8769706044
9467863753
11075519056
6202140229
12836641189
11352052620
6258908099
11759254042
11080953852
10407532182
9700239430
9030798069
8381888853
8183178021
9466873753
8951112735
8384806850
7878509331
7046059572
6930798648
6453553577
6047600135
5676110893
5364737708
5102533794
4835057990
4562326971
4299745046
3662421757
3781904876
3510800087
3269550952
3042627886
2826536825
2631219561
2451033016
2281967565
2115635331
1971101897
1831676711
1702596435
1583570717
1459891674
1395966181
1319208090
1249601376
1167740754
1101238874
1028858610
940308353
896046939
808923955
785022057
710606356
657135703
623597347
589059861
558107355
515824569
493864201
465086238
429517168
396522740
328776957
335189994
336354801
285755738
287720271
254859848
147796606
118585195
43026280
32096453
70849098
160415534
49928425
50443314
142782798
103546218
23373903
36061098
108786361
84986487
4670219
34033913
49101863
46444498
4756044
26860256
62626598
45591631
8671482
30156188
32499307
5705795
107896821
1362484025
1342720254
1297738322
1273514211
1244248594
1195524603
1157152543
2298300284
2552855422
2841557769
3250869405
3718353318
4104662006
8096470999
7795835242
8023824419
3664258829
7512410634
3548148244
8034100740
6001270334
9912693776
6473701704
7467811840
8922736805
13115825317
6834914047
12250861972
8588996501
16032671857
10480316050
8803414903
10842178618
9351134447
15623994944
6642187773
12135824304
7911118599
11582381700
14960781717
8060366203
11953258884
12473063341
6970221868
8415223543
7988647632
4273918226
11290447841
8630434719
5086843047
2256490091
9398741997
14797368720
14379522842
4605468138
10439773816
13000068729
10546372770
10258461372
13302851916
8671975639
10034166107
11554840367
13510575305
7408596817
5813570771
12527369126
14654994155
7801325608
10363453187
13820178218
15940372493
10704873400
7542672758
5342742041
7929980844
8074994435
7783056293
10955562718
8100295762
11011241356
10021588581
6355099858
10135762475
9848740579
5781978668
9520944226
11634442239
3293824870
13914817445
7504139671
12842464899
8823332295
5257598209
2097421107
13411715183
