11739665640
9197923765
14808744122
9649163440
6239740060
7203166313
9272708926
10672419539
12645642422
6238702686
14428558140
12235117876
9749150649
7539440720
7347855963
8593319349
10335767334
11574658684
4997110577
7647322767
15770947255
7683328683
13893056905
1302955057
9307116096
3143206573
12594111769
14082333696
7426137601
7907149551
10688514339
9239436096
14363950526
11323895420
13594704876
13094734462
13236788343
8932858449
15123321119
9107661443
11119699152
13618368559
8773861984
1238243855
2862808884
8763882711
8775810647
12099565541
10854258557
9379836212
11289700230
11290808497
13002800373
13233018632
11186974514
12469645502
14947344820
3610524761
4422469810
8603311723
6586686303
7464427825
11489508644
9784188881
13775951496
13939059743
3633250088
9754014356
9190236333
13694045116
10340468623
11125115730
8836337177
14969330384
6036220405
12465408843
6896548006
11871916792
13437637756
14144758282
12722009020
12204512127
17617530030
11330569178
7575940448
12394493315
14346897401
6952491985
12025998155
6578546028
9664281524
18568813750
12503131610
12012910853
7702157246
10212982856
7824624131
5518559082
6256457238
23629944250
12842869466
9792225585
8554315625
10904698088
5560180246
6395749804
9352215466
8069861950
6067945054
20769460970
12272579953
9837322845
15614139723
8284889377
25267302404
10715710230
9121385552
6836601732
10213653360
7429313960
8140647791
6530589758
9021663553
5622028915
6784394324
9568829869
8949580761
5926513921
17337620520
6973437722
12569992524
30327777091
12689881353
9135025075
11333395329
11077115104
12598621042
9486527458
8087155078
12609543599
10195594291
13995410400
20610221503
6317349821
8983311422
10660164602
10786445227
24280563966
8859047584
11084879687
9889592940
7243026636
7444884639
10345468132
8616899778
15398595096
6425718700
13482633095
11129924232
13905896003
19505306869
9403138426
6078580788
7781628251
7047884020
9159283443
11159267816
12930778307
14483132370
6691091265
19039104383
4562852110
10823484413
8870819413
9337250437
10998841891
6318093120
13013757578
11374321587
6241398274
12137090440
11434973634
10410384159
9787585350
9151266279
8485264174
8299567863
9997754440
9074484685
8937307409
8476374285
7001660663
8120490551
7390853899
7090829661
6651420432
6289569024
5986099321
5669537068
5349055003
5036059352
3743383031
4432953683
4120467140
3832092013
3565595487
3320044894
3091359155
2867224174
2669842640
2480029005
2311603382
2150169336
1995467307
1851366913
1741865951
1597997122
1540655406
1456135987
1379184045
1275977279
1204241253
1124148623
1039157077
958118761
832902517
846232752
671367711
729115815
663014739
607364768
615425443
548078728
533468984
496846023
470990613
434901094
422241676
382828279
361648518
250593811
295939564
116215592
120485309
157365568
146797702
151190798
179578887
64390678
55327473
163482541
95495718
8521532
4082148
79177600
48135965
36850843
61906883
63338196
19994791
68951095
45990205
71996009
28125326
38899012
6911120
44348103
21492324
930122365
2119791774
2061243113
1968374078
1901277922
1846703371
1797481878
1806931270
3032189063
3197279655
3389433658
3666196124
4072388002
4397470751
8545860768
7772781938
8439479519
3565333183
7680029032
3510421778
8161896124
5979881010
10025331417
6622842653
7488628899
9110786849
13237657800
6881745414
12486079577
8643875323
16112283403
10393706930
8709094994
10866054388
9414919734
15488712681
6518107691
12126569009
7972604283
11677229285
15012243733
8098191646
11923193273
12500103085
6979697684
8309373321
8092621802
4264021379
11387423592
8592681521
5122070842
2237270443
9352339500
14767041404
14267898029
4617229951
10369195290
13051805046
10628854533
10381551458
13288495324
8688672614
10111097872
11524718774
13475830499
7375431723
5754198417
12461448785
14601866841
7801210745
10323592629
13757089213
15819003358
10806632683
7588788892
5363894483
7933055496
8182051787
7853820661
11022578719
8209597645
10949698220
9998651052
6326936440
10151885374
9941285586
5768167312
9542904081
11667358277
3290767145
13944297245
7607991810
12798101520
8757806978
5151288459
2158634903
13476148780
