11657875691
9213777538
14775391104
9582210873
6282538843
7094385560
9288608181
10696081489
12635326246
6238616614
14412985346
12264796509
9727831764
7458866504
7454049998
8570662290
10362215114
11567780057
4977125299
7721906301
15758679445
7601049208
14060359869
1313547283
9313900552
3273641078
12635075640
14034010799
7442317906
7900544352
10738267382
9319974776
14382372609
11340047570
13579770807
13112376970
13295788027
8961369994
15098571857
9117819683
11117202746
13656058365
8798167435
1216678081
2932971905
8809761968
8849314735
12115628874
10962540278
9374461615
11231566080
11321327468
13088001368
13309821854
11098941596
12533172981
15021093927
3684347501
4365299046
8549873250
6516664075
7433947502
11357101574
9863307660
13893312780
14220574902
3628528801
9623055887
9227617546
13828810109
10413848068
11083874418
8936069992
15206765685
6084505571
12573950783
6890627307
11875872663
13347360970
14239271360
12843199434
12215239475
18100547168
11364146774
7633331839
12350347764
14394470039
6968823274
12104033069
6616268485
9597597977
19058147561
12496062932
11837053801
7692270048
10167242196
7834917864
5508218104
6382581456
24510100881
12821188089
9784575603
8539562651
10926529265
5584833102
6414503321
9470486471
8122144875
6024352863
21393010508
12368517353
9981583228
15562061839
8335834036
26836022519
10678909416
9187854784
6785975384
10207408247
7464823724
8124177334
6532364527
9120708609
5435262808
6699867225
9538335899
9012117828
5963337466
17714339753
7081901865
12574181264
31596856716
12667607567
9175406833
11319725058
11083096592
12731788579
9434898207
8159455458
12595339931
10132430531
14034920410
21120630104
6342012901
8980628859
10715613815
10842523045
25072796488
8894452800
11057570048
9784319937
7274816605
7201229356
10318827455
8608552019
15363908847
6442861285
13397970269
11170561179
13830470251
19555899441
9403117214
6082641835
7730788474
6991995344
9248107531
11073286126
12925904385
14393686343
6660241019
18867396696
4542288478
10833427660
8770927165
9450538040
11079227381
6211112608
12821791447
11329693611
6249528273
11730091649
11054572973
10384865312
9692331357
9014485810
8385740279
8165403538
9444384067
8872408889
8322826114
7818753877
7051582400
6877562298
6403489865
5999341872
5630740904
5319271427
5065733709
4792693480
4520330002
4267748919
3665042414
3755452758
3490428843
3242408533
3020396485
2805205753
2615979253
2434504247
2258367307
2105555091
1956957132
1815835832
1695386903
1571958397
1469005517
1384908607
1298027360
1239918641
1164046250
1090408041
1013970577
949349974
868218605
806159344
778576702
710259557
631971902
624365823
590399341
556715268
514430347
487828758
443936085
406260929
388769000
321956301
312642369
325579531
266353944
289557461
250652714
143263090
110711586
41586137
36075144
64087129
176596730
52956443
56593055
146142395
98619411
32791431
33869535
88781120
94237925
6565203
35823314
63984020
40775066
4168317
9672840
65627870
40532980
739787
32171516
8249203
5438200
65935356
1317191954
1303204237
1273297921
1247067736
1202491291
1186633336
1140039380
2271672085
2534214984
2807773329
3224459518
3717518768
4080057212
8095674298
7773281003
7984281415
3659501679
7504300684
3550604140
8028319156
6004991764
9913771721
6481782984
7434938485
8918494249
13098843102
6831080375
12261034401
8589261516
16031686603
10474827390
8800160465
10851758184
9361875605
15629700011
6656565083
12137451470
7921153427
11574959814
14963226398
8056315571
11946497112
12502426307
6967342257
8409419860
8004805132
4268484914
11285519278
8623693259
5091679456
2252967798
9396616199
14809876724
14371881575
4615346156
10432994901
13002334875
10556887900
10260463598
13304638382
8668366716
10017096844
11556329872
13524800921
7390816200
5818888465
12523419537
14674741422
7813534812
10365769433
13827995285
15933170210
10700400760
7530458368
5334652566
7922324857
8069716150
7787411630
10971010300
8123787543
10997064821
10024250966
6373736457
10108489593
9848469642
5786732668
9515011058
11641384485
3283209777
13913113772
7489299802
12820424282
8818131706
5258559939
2094091798
13428842448
