11744018502
9152994385
14862322343
9658544108
6361724999
7232382934
9260190681
10545463826
12672070626
6181755071
14301452569
12228678002
9725819908
7585388543
7389254948
8684724062
10293321813
11557903514
5050959617
7660323364
15749605932
7661866273
14016154950
1255962081
9389098165
3117540360
12622991782
14148896403
7426120271
7859157148
10784234828
9401828782
14244930288
11244216814
13578898470
13039699206
13335172074
8966211879
15097748014
9039979860
11118225260
13687166253
8859392897
1258515977
2796809702
8778263907
8667440223
12017409923
10869582894
9352555991
11232720950
11487871685
12938873486
13244731909
11168391741
12500869708
14884981227
3562539081
4522404835
8521890240
6676213703
7480506691
11584502240
9725079898
13606605600
13764767928
3544265256
9686000808
9265152405
13624167641
10416435412
11090908557
8817864424
14646556060
6073185335
12510284374
6892162648
11864662713
13350934990
14119591621
12800038321
12110484420
17280500432
11312312924
7605440476
12355170907
14454546008
6910362464
12042005451
6580460465
9551114873
18212585813
12518129240
12072034192
7646995375
10264028656
7680172188
5560366538
6144996638
22818549539
12771248544
9661700798
8453664155
10877326432
5509595746
6449123983
9448428027
7937266985
6146995986
20267455522
12105259346
9929184069
15560004077
8373744674
23825377910
10790827916
9148329232
6812882327
10191051350
7440048525
8212288401
6545511073
9062983999
5722803585
6747094361
9748164321
8880739007
6030644468
17029098673
7073542779
12535522135
29134503820
12769978696
9144752491
11390243457
11141164863
12686565728
9513272003
8071578440
12609533276
10047668844
14123973042
20247991645
6391214768
8942524314
10692707123
10704923512
23574118064
8959443940
11093452807
9929404192
7157436505
7355864041
10514191898
8567387624
15238877267
6501544115
13588394967
11222776465
13932077823
19360829965
9492928818
6060469620
7830743486
7107276015
9237868271
11122741820
13048237767
14501473894
6857451696
19167896291
4637625713
10902343017
8815940460
9355672329
10940214809
6368757200
13106987944
11456675051
6469798066
12480638568
11758958418
10480116418
9769157397
9179019998
8423197865
8450776474
10367850077
9081976193
9273296873
8596442837
6909590735
8981713943
7367314576
8224427166
7724786729
7296778544
6955872575
6578932413
6210762115
5854281884
3706869726
5149436720
4790568885
4452874913
4140687218
3855603039
3587620471
3339935411
3105238857
2887576905
2681038384
2493932793
2279382532
2161075512
2015269739
1876852148
1798940973
1655289835
1578054402
1496297006
1405094174
1282038479
1204252038
1147573932
1068583340
915203897
803035633
824255870
791448601
761060413
721065556
645402575
632431534
585467468
534758206
531842655
452664565
455677264
395789840
316785809
313832617
324900039
160126252
226222204
231250104
229392320
250976847
149425247
201800130
170693591
47606116
16890582
485812
94174790
133731023
122992616
74910882
27276192
65295101
60061456
69433443
80511114
60664837
74614322
9064518
19017385
14030620
1593492687
2644402968
2665946364
2610123244
2542076402
2466568516
2433802966
2410458005
3539291595
3732820057
3861516611
4046395935
4459612417
4615948106
8899529039
7860064576
8769648712
3598829201
7681889269
3464416658
8239987801
6057756516
10132408840
6599321426
7485910793
9191190203
13246329005
7011887452
12508487157
8535144927
16165448958
10426096052
8616958123
10935880717
9447662959
15429849706
6354681853
12151603101
7947852229
11825124840
15001132278
8071813446
11925302036
12252984054
6902943588
8225139247
8062156595
4376172820
11468092683
8656007046
5123779490
2306269574
9334689546
14782889492
14282050003
4593111659
10328972846
12979883642
10591148601
10426391983
13285888539
8622699924
10090034123
11550801133
13518996588
7225807875
5814269960
12514664799
14587237000
7875284825
10330515372
13812860976
15697584193
10711005716
7518780825
5322506891
7741274588
8262970078
7803986189
10916782078
8165709165
10700615844
9935200729
6348155589
10172980783
9907980226
5735463047
9509914454
11523137126
3405020081
13983568169
7617231972
12845237782
8639649317
5083478052
2182229593
13407782303
