11744864120
9179479260
14817152414
9652165382
6278902233
7256000987
9267374830
10656711580
12658702796
6238453375
14416659456
12239312124
9792879778
7552220559
7351318054
8594652664
10352111617
11587065327
5040618307
7569382702
15761500523
7677986171
13906708652
1280064104
9331179337
3127097961
12570409526
14049231282
7422933913
7888357109
10718094029
9265664721
14329393112
11336122886
13616091605
13034049894
13256591016
8941544615
15114258890
9094463111
11082246410
13635739407
8778850195
1287467127
2814839154
8769431693
8760492008
12130123384
10842253057
9316235023
11338308792
11349071453
12996398067
13238848172
11160489858
12513489046
14887881666
3604530824
4429368597
8590341102
6606356443
7486904838
11539311163
9792134944
13753950024
13912366280
3640681125
9728111651
9204719421
13707278155
10298377984
11105318230
8882959404
14901279667
6034103639
12484954113
6856724868
11879917997
13431734250
14198530741
12756521122
12214858423
17523090582
11282095281
7577787164
12434476182
14350224969
6981409256
12035863488
6554799345
9637820311
18496821363
12485286787
12027159271
7633229499
10228447360
7768724289
5541793731
6230877722
23436310044
12835022560
9771931284
8536335801
10878045612
5586894522
6375690443
9353478590
8029407805
6145622566
20671337398
12271466672
9891318428
15653956805
8309200592
25002480368
10736981618
9131386143
6857586735
10234168644
7470039783
8133666970
6539706790
9084041753
5614179603
6798169903
9595625070
8918256326
5961977740
17300074988
6972642699
12570998362
30048841649
12734140600
9120152960
11359133874
11078241542
12585280128
9422886132
8080254713
12599162749
10152498484
14035382668
20567010166
6332834709
8973982509
10613477772
10799019447
24109163265
8911516589
11089404908
9898430090
7235179957
7422694836
10378169901
8606558989
15364593442
6440238179
13505115232
11164953848
13913317972
19443720840
9405477157
6077697261
7846112435
7079978122
9153889410
11114850147
12960267769
14505851121
6723797396
19037738934
4571883104
10861072696
8828422680
9364488511
10939931798
6371761171
13048939980
11385816704
6265017613
12216170196
11499942380
10440108881
9779359936
9136170565
8473181705
8268517888
10024288897
9072473303
9039631200
8521489214
6982545469
8375067445
7375478638
7336320739
6889549354
6511387013
6193316321
5863390307
5536718654
5218830615
3757227983
4590404248
4264613883
3956619584
3694594310
3429414390
3198514596
2977892828
2764599758
2575882477
2391429829
2227264000
2061786117
1928200022
1801077763
1693770430
1598458451
1495032114
1422310430
1326239421
1247432568
1162397021
1081839598
1023840457
855960298
858965382
685117679
732780737
660469773
636329785
607027821
555502367
497526659
526104431
474316343
443003228
441798085
396318033
378717596
237426706
304423150
134876986
138607903
166011475
151388800
142787405
167637963
71365782
141960642
152849343
82468467
61378785
30793598
55536129
66826627
32134170
73096799
59959233
36712893
71913509
6773727
56466881
18516536
61479222
117251
45967843
11034515
1073782993
2225478309
2170291130
2108954743
2047338602
1989576545
1917402797
1934570757
3193023713
3346351160
3507983842
3749192603
4146449138
4470449822
8606379089
7754990226
8524045646
3568714333
7704737974
3444007885
8186025411
5969105159
10058044877
6557780783
7466759142
9080025398
13206231199
6951093065
12546142410
8720115916
16156493767
10341759822
8685554270
10884156915
9450431889
15461868511
6468188739
12144892640
7955296371
11716820621
15007406183
8087269240
11930719376
12490127958
6933486931
8271433879
8045127408
4206855663
11422672044
8642368167
5147052374
2245125239
9284337303
14685301160
14272688998
4647260913
10372417443
13031773966
10614866568
10443518077
13308637945
8638355100
10111053793
11537661583
13485383929
7355171717
5756278570
12476013677
14652708702
7793708297
10342813451
13736335244
15852452557
10803524981
7531399032
5330775698
7911992669
8174011221
7829712599
11020225984
8219276490
10879634727
9993266283
6261479374
10161884045
9907128458
5759255251
9547583081
11602026548
3326050600
13946623822
7641290652
12839821744
8727358759
5164985301
2142473610
13447921186
