11775046682
9102303147
14853651873
9652631084
6370642081
7252076906
9377105867
10708268956
12700118943
6129625568
14279546372
12249864816
9893161755
7620748434
7415708621
8800302499
10175770318
11452830710
4915136311
7840146836
15775723767
7510480265
14149876554
1373918284
9366333495
3190695729
12557816498
13966856091
7487162022
7881803026
10762381796
9392540421
14448211714
11103482493
13548437240
12970789055
13368291044
9013975546
15005078058
9085575969
11075853593
13770001251
9008612608
1173923155
2804534587
8826775373
8668629757
11906912331
10750604145
9188987558
11238865212
11326979166
13085270069
13312995008
11121765660
12380396859
14777644853
3529288817
4569211902
8598506598
6691075861
7598496430
11549601312
9645224290
13539699270
13686152838
3498856306
9644107558
9202721041
13491438709
10451376419
11019469668
8853569827
14447302069
5958815774
12445260894
6922834609
11925844498
13209638541
14069311636
12715580124
11999332739
16898798781
11244494898
7543633721
12438795470
14321551180
7015068097
12141371513
6656796943
9491844587
17680577745
12528972652
12057056522
7591025660
10210325318
7630169564
5558729894
6046257086
21836256542
12763135743
9608369788
8488710955
10820934002
5705208219
6533632712
9524690868
7866896055
5986208593
19704776161
12232027567
9965633054
15654876978
8350776101
22450414317
10765355509
9052262790
6779245766
10170507671
7359778683
8204663095
6546980818
9100954337
5797082796
6785005927
9974001880
8846643443
6009809775
16558797608
7125999768
12640120203
27741437724
12842193193
9017006583
11380264894
11214589040
12638594362
9509961367
8079955346
12559930209
9900002641
14113739446
19688652302
6311604065
9145830539
10622601997
10529209936
22802235180
8960782781
11091958116
9926205367
7260712625
7429679409
10670324905
8717257113
14989391377
6516241964
13685278413
11155336600
13973071280
18995216954
9597041710
5957805920
7900219512
6980811981
9245197646
10902467045
12904650037
14581783754
6844683139
19059554465
4613943047
10780434711
8884226948
9488638417
10977890160
6438258550
13128974701
11385497355
6403379875
12850837224
11969102884
10432585209
9947753418
9217935891
8382530406
8674494339
11028047548
9201385205
9867515745
8576278884
6880489704
9574517199
7190928609
9425473004
8838186413
8358678226
7948948452
7450067542
6459164236
6693974630
3681338001
5898106779
5070964259
5101628482
4684679401
4413328577
4099467269
3760884648
3565433718
3279894672
3089460345
2862461293
2676649031
2487659026
2326790855
2259261065
2146107173
2097280962
1977808766
1859328531
1739625575
1619434422
1514407916
1422691838
1333570892
1237305586
1139851004
1073007285
996753645
944372171
892317844
834948220
783125138
738539738
693327153
654316314
615444468
572520032
522361552
494092470
458305520
385402292
281770986
364032160
345391776
325608383
297447109
281887879
257331812
251587097
227225718
208821539
201519669
49974055
141267686
164031900
55767531
69838375
134787664
53576284
10677951
112304204
32956942
82858267
84542974
85831061
557999708
2398580911
3189445573
3137163396
3323649487
3263419353
3282590316
3177470395
3033747917
4401719286
4294278286
4353518417
4618962390
4809001197
4795485642
9360545769
7853570862
9263488672
3648397837
7642394956
3433924395
8450481787
6271214254
10308595158
6488090839
7602288009
9111388109
13291864484
7060437099
12696133666
8592176851
16261494318
10497450302
8642132144
10886669351
9427656376
15467125089
6268821492
12349641066
7754739864
11784220605
15056687166
8003238085
12060174803
12149323759
7125002130
8343071549
8020303004
4310231958
11587512703
8616683888
5134834965
2230640287
9278402926
14864447143
14325533421
4480249222
10330472056
12927774683
10530335741
10428593308
13179585293
8463660993
9994740967
11595380794
13364871510
7203262330
5870516388
12570408120
14682666335
7820102513
10200464235
13825695690
15633054777
10805226823
7521046346
5335785085
7887285617
8245545523
8012854782
11157222246
8070808550
10631730836
10048183966
6337125018
10335837899
9837800372
5790594654
9423171649
11611754161
3434589094
14004495974
7661067002
12912871857
8639047056
5228972717
2195416891
13453311114
