11641936911
9231148784
14769303018
9560455943
6295974046
7063403009
9285469854
10719634542
12646611116
6268308128
14414069094
12228118781
9747489144
7474486517
7429379345
8593246997
10388093801
11559325536
4975470965
7730355386
15768554611
7592229999
14039453286
1326896138
9324085628
3274247352
12635725018
14080990978
7445225236
7923195014
10721380729
9355110455
14387658877
11337075549
13578864413
13075663120
13274480602
8978258651
15090584055
9129580396
11096868641
13660620512
8794379422
1224663730
2958892766
8799889280
8837676773
12122558795
10973476246
9415616611
11255731237
11306264976
13116353460
13306448316
11105545016
12523478300
15045008688
3664593983
4379593678
8557924774
6510198287
7400498569
11362162915
9840219067
13863717465
14143870017
3678877704
9658366853
9204248224
13820928020
10422567196
11089320773
8959842380
15160733232
6041990534
12580457143
6856554906
11864353476
13325060942
14209140778
12811642690
12206942145
18006852333
11393197628
7668808524
12351102429
14404526827
6958962306
12127449480
6601501413
9605569329
18984902712
12486060390
11838422046
7718054009
10165240699
7822812374
5510365540
6365895534
24307414422
12820457320
9801670124
8566663733
10908688410
5595380411
6409161765
9447083374
8120299661
6030002759
21288852723
12346189946
9974212198
15546064647
8323722475
26547723821
10672387255
9194813851
6803136442
10177671878
7450408443
8147147796
6551535807
9120170360
5475912008
6723181914
9518519265
9026842289
5977642087
17640818175
7081375997
12568766136
31359956089
12679039347
9192210663
11300982693
11096507496
12707146538
9459993025
8191623650
12576960356
10143424913
14074107072
21001039088
6321939639
8957183687
10720104458
10823669317
24920278507
8875160481
11076833384
9794489646
7264873186
7238450195
10325326453
8648673073
15404027565
6441465415
13377875225
11185064870
13791447394
19580742396
9387580960
6084149498
7776590418
6987658908
9212479911
11065777247
12897189777
14383248320
6666968923
18941459566
4549822526
10852620000
8772647619
9470758020
11042216722
6194555414
12883984969
11324568901
6270252112
11794077009
11093677277
10421170495
9706567336
9062261774
8382630386
8154959145
9585484543
9001914993
8567677922
8052540957
7033553060
7084525739
6595267634
6174835218
5799164857
5483341498
5215560712
4939185668
4661957535
4396139525
3672247572
3867684906
3591552620
3339991719
3110021402
2888247610
2691193611
2507153261
2331327249
2168784375
2008572003
1868099610
1743044096
1606253068
1518446262
1426798046
1347800372
1262079716
1201330501
1127032740
1051210948
973811105
900760746
835108201
798023573
747479857
692066297
633951324
601124936
563742036
523495773
501286429
464235262
445746824
391663707
386160870
340336081
334497818
318448697
291038638
279486314
142744547
138364455
33202387
48436348
114598782
184892116
37127683
58642744
151882890
100808611
22566860
31341495
112854817
61572193
203311
31147469
50592169
29752350
24768860
33233056
63612379
46662451
992401
32141470
35494131
19302179
231276252
1472455216
1458737835
1397818718
1363980828
1324458249
1295732819
1245048217
2382816098
2670636439
2925491399
3304469398
3754424801
4178484155
8178351091
7783402744
8053965064
3677535223
7532643609
3526007252
8055117131
5980994644
9934912645
6435546075
7484150373
8921521301
13157637266
6833492867
12268126606
8600493191
16083744071
10478360859
8770776744
10843920890
9367280770
15613744536
6610807921
12139974734
7914565896
11590988826
14925072924
8060168376
11968639934
12496480781
6951501949
8387557847
8017499475
4281648981
11302836570
8618927652
5077621527
2267928540
9398312786
14782668907
14386185477
4602466814
10439245097
13016621600
10540937365
10269146118
13330094915
8666802500
10027015789
11532395127
13515737260
7410023481
5793235649
12554442163
14668220012
7774579015
10380624283
13809644025
15934315226
10715678181
7572580190
5325788618
7899177816
8065882309
7789143371
10953120586
8121543661
11010007634
10009876359
6363300234
10171415815
9862798397
5807702423
9552924339
11651619474
3308548123
13936491840
7515843440
12851118398
8803124979
5227622145
2084420564
13428605107
