11791305285
9162515012
14864653288
9637296943
6317772480
7255033044
9383647755
10688625133
12645735194
6189344023
14240045605
12188721318
9893131241
7623475920
7431826707
8801044244
10214883151
11470684756
4896054481
7868627545
15780953950
7555657102
14101830091
1298732475
9367300571
3177185683
12611881444
13982173102
7422170225
7884201748
10741808992
9358604984
14394950309
11112649121
13514692836
12975531295
13304979366
8968403694
15056705354
9114986620
11055865158
13815117529
8974211814
1133299456
2819708371
8795598230
8729174135
11964912467
10824669559
9204330929
11230482600
11307884062
13094839304
13281231699
11159477901
12446191040
14800670861
3507321864
4553462900
8541931829
6675920183
7563402557
11610792341
9603196570
13529832965
13664944757
3413739037
9620880066
9146223141
13565621806
10406087434
11001413942
8852458457
14474223715
6013538519
12479924365
6883818362
11883058189
13195698679
14113879253
12723389861
11972155565
16969397510
11356743383
7579782343
12402951983
14325933657
7029483372
12086604994
6610679326
9521251897
17797159788
12452984646
12057386014
7607757047
10219756120
7595062441
5579022301
6104061377
22050490077
12726248568
9574450574
8453012681
10865891762
5624255464
6547503139
9435078397
7903143422
6029395026
19748220282
12134140431
9938140402
15558300820
8341623673
22746613407
10802326597
9029503333
6791057618
10131797040
7366357279
8252783377
6516938552
9104697598
5819029203
6767945265
9864755322
8760856675
6046752029
16608876836
7002805728
12602756762
28099458623
12849498432
9058485080
11369817018
11188116272
12674641469
9572579031
8088850394
12601606958
9900746981
14113805198
19794282716
6323201002
9073854076
10630854717
10585301460
23018907803
8969415040
11171704846
9915399484
7235630466
7404495366
10640431271
8691631222
15049197224
6569411188
13721700775
11170810530
13954774406
19158934475
9578676619
5988932245
7816223551
7000120431
9204471836
10928930041
12946605241
14574122931
6883527305
19208405611
4556005853
10829221283
8828690393
9488367660
10969030671
6441959407
13129032202
11500623336
6447131818
12720610122
11999169892
10469511177
9978873007
9210337361
8376669138
8630557471
10887389799
9158050525
9729700471
8614716003
6822470286
9485388825
7143835980
9194252218
8632839089
8164072126
7769790385
7354028539
6423667474
6536879506
3654365642
5758250317
5070119492
4973722330
4630691415
4304923227
4006578427
3727220688
3464653260
3228439341
2983051291
2777656886
2598129693
2406786795
2235993306
2122356708
1995234236
1901165032
1780384900
1662108018
1556515682
1453825900
1333647744
1236954487
1173738670
1101489708
1030799599
950359904
872803733
841714717
775552027
744881805
677250615
615326941
622176873
584842756
549965692
509331094
467264812
415473630
390267980
365678369
238208506
328565130
302039476
258509956
237878821
245656470
239217719
203498940
196711897
133028337
161558636
56671229
130116708
115554735
54372991
45685496
28799728
76056517
102770332
58342006
24162481
66601871
60163465
70449763
337552718
2252429979
3059574452
3020815848
3173751689
3144025944
3083118941
3027104196
2955669807
4166278197
4227631296
4272825154
4501050968
4721349995
4722871010
9251820505
7843212047
9129907862
3600773723
7675286984
3417813467
8454961824
6290384902
10266903869
6530558355
7556704289
9084155750
13296213748
7047048896
12697685916
8617762994
16208504428
10483679218
8582366220
10862109913
9433588045
15484215221
6297674555
12272928139
7750655618
11759547238
15099927183
8023907793
12037000644
12153972308
7072508079
8263693491
8047882302
4311624590
11531998533
8651216371
5082635385
2272869041
9232301071
14855220318
14375558107
4500565679
10316309356
12898286550
10549052567
10450546939
13207712773
8508834948
10063308645
11631754640
13415605684
7247779464
5868201661
12596997170
14669718810
7845315198
10090361741
13846358535
15574354342
10802061203
7486931155
5319479768
7822310705
8248661090
7955134093
11144620144
8060080223
10693882422
10041061668
6354652433
10284820580
9771208147
5735353382
9406339318
11564977946
3389319639
13951562824
7641073433
12903774582
8672020822
5162475673
2183278588
13410778836
