11693142260
9218859837
14760116804
9615129370
6276934331
7106715266
9330226111
10705228907
12661609062
6246481350
14390304154
12226183890
9740557499
7484248311
7369213536
8590130134
10328594614
11599500537
5017865933
7727797886
15767950818
7614684166
14005783032
1299106008
9339631409
3275009315
12639670269
14077306497
7439176601
7935578871
10693885658
9357208055
14366163558
11334451871
13619966401
13060667242
13259400549
8941037841
15069992454
9165585175
11101815822
13680871545
8780050491
1232531310
2921952821
8749153729
8821284171
12109704625
10953299857
9405081019
11277334194
11309306290
13063467537
13282900091
11138328309
12508825094
15034558663
3637769292
4378959071
8615722988
6495534018
7385604302
11394724044
9862040941
13833394103
14065734102
3680018660
9671423184
9224553166
13798861773
10456185062
11087052169
8914699234
15135049315
6042480165
12585638893
6853213312
11858149756
13333071500
14188586373
12799391883
12196470280
17871847611
11354270655
7630013761
12397494336
14404070151
7000134096
12113021627
6602777030
9667534440
18867038694
12477811786
11870818746
7705278493
10195151226
7810752917
5516217253
6332738008
24104525359
12863280121
9778889866
8573391176
10898911453
5608914780
6403383429
9406140201
8102233765
6022646702
21148550644
12289027768
9949074211
15541527960
8320132792
26203606400
10662234388
9184759573
6853723084
10164176663
7467674694
8195109323
6549648526
9063684705
5509449121
6720075630
9514153147
9042910908
5971115076
17505506199
6989345344
12525508833
31024386466
12693211383
9203609457
11306908576
11114197837
12685721084
9473003748
8176938604
12603923822
10136864629
14050571093
20853613073
6314903025
8954883039
10688595935
10816504203
24779689250
8827803217
11045398055
9840037823
7241998595
7294941990
10359493168
8604282497
15454701890
6416412601
13457886560
11173056849
13789591081
19541883414
9372570155
6111483427
7793891092
7005863725
9218732217
11094559978
12896152858
14437403260
6682077561
18962749889
4554912149
10835776629
8827327784
9417963323
11014358552
6241749722
12987887711
11374395041
6225559387
11881126205
11179728040
10417631539
9779917187
9149317781
8421939339
8143951768
9666150299
9063452879
8782402163
8230658199
7019492136
7378661072
6869470364
6433982583
6038405687
5710688644
5434802201
5147592213
4854449586
4578155993
3682746772
4027235934
3738459880
3481299072
3238942408
3013547906
2800768722
2607278160
2415029086
2256897270
2087406433
1951664698
1813376898
1684755267
1562277755
1485572024
1394915743
1320801699
1244129881
1157315986
1090161156
992547765
951484851
893292209
819078210
774380896
722092272
666501282
625843657
587704815
562288487
510418288
465509344
450518264
431352050
402903393
346638787
357899443
322448294
275271522
279433689
149655184
111392068
90842599
48345772
110762702
155816886
26557762
39939377
150975200
141852849
14652067
6397107
114319469
48455314
33978669
76187123
42993820
29409560
1262639
15616876
58511801
58119810
34637426
24930640
15102654
40742138
450478574
1656155677
1626214499
1571227559
1513682319
1477938587
1442307347
1388595257
2554341105
2765843616
3015724811
3457487702
3828001947
4259749779
8292814711
7791036590
8141877964
3679237782
7591681934
3528053309
8112593679
6003320441
9979932742
6462625804
7496523172
8966672257
13158515248
6835744234
12284082093
8625412565
16128794038
10493128177
8779510263
10798497993
9353155197
15526502035
6633604207
12170809467
7956606987
11608477102
14930492678
8077483209
11963811022
12453743303
6930542980
8378261098
8019120622
4290912707
11300979033
8626513973
5083446517
2297683831
9396875938
14791359407
14374303108
4590944024
10431666996
12967121642
10574201923
10296801947
13316607015
8670739670
10032395860
11539824503
13545851721
7407884283
5732535466
12570840603
14662087499
7804069545
10392841572
13786333794
15943735863
10739164803
7623056628
5307881775
7877319791
8091706909
7781515369
10950013000
8130672031
10975299933
10022343630
6349634976
10139397181
9916852974
5800722534
9556399737
11631512390
3311620028
13917288271
7555796363
12805930712
8777788412
5184214485
2075654381
13441095816
