11776505262
9153013384
14798528496
9607731801
6302651856
7270120616
9285126881
10630063525
12700984713
6197338412
14418615142
12241527969
9765346357
7560049536
7359858623
8617585434
10325611959
11608815650
5004117676
7602947602
15762496953
7652134481
13964879619
1271080382
9366397940
3125083865
12522261342
14057945909
7444325635
7908666395
10755796929
9288392664
14280482045
11343332929
13601042620
13024523054
13263824525
8949675315
15080156160
9052087615
11042369304
13688735267
8741554413
1275052862
2835108931
8768619159
8760273244
12149119984
10858531192
9326577855
11293747132
11369865966
12968879912
13176501715
11174453691
12506174687
14876953210
3588501079
4444188825
8591645051
6619778664
7483314366
11545627898
9827939766
13691817484
13914716487
3636969954
9729926194
9235810988
13747290882
10333091344
11109143870
8873859254
14881939165
6080381189
12484067143
6820583071
11903676304
13392381724
14211410985
12729387997
12185184685
17463391340
11232745139
7549348236
12422076363
14347367357
6945861657
12063956248
6533123161
9594374918
18492609174
12442600386
12016678688
7606746088
10229252713
7777615203
5534598074
6191281859
23377193580
12837307197
9722126312
8541705883
10875017635
5600445434
6398974343
9387164712
8031358499
6125548353
20646394222
12258976170
9911357602
15627161856
8331404571
24844608265
10741693122
9133211996
6795053158
10246114855
7505098056
8105620614
6513398996
9047171940
5617186031
6797491623
9599841552
8921996629
5953628151
17262162020
6963271296
12576900981
29936474928
12752588780
9104050102
11336865681
11098389674
12599103486
9447706692
8093684584
12571736800
10121168420
14056579743
20505271823
6320259661
8975893378
10625602310
10787243273
23977777815
8957065470
11098651788
9947549754
7225383022
7384570573
10372831747
8638783092
15334887461
6493704505
13491780793
11169902130
13901305617
19430365431
9403296201
6117648007
7822147845
7089698389
9135866026
11152273712
12959948894
14549795308
6762370584
19064402565
4586907386
10845095386
8852887699
9337357730
10959201343
6352561983
13090285753
11410623972
6310158062
12241246246
11516236320
10449454928
9759713940
9168593416
8445067307
8291737325
10094753746
9050833124
9068591381
8570139085
6973588170
8476614868
7384054389
7475685968
7015723278
6629794508
6306245077
5972503891
5639631827
5307442590
3727813532
4666573476
4348858030
4022485781
3752616911
3499968535
3220183923
3026300318
2818262426
2619643917
2438229044
2249818433
2100415108
1950845738
1793874814
1715362010
1593778238
1545238937
1443674673
1313850177
1264359403
1182838206
1099437854
1006524942
918214049
892014850
737991403
692041546
698411273
660193134
592721359
581622162
515089251
529134481
501257644
436487759
422696103
408629687
375460943
301008798
312023873
202847767
154070117
136095759
147549035
115598915
222365184
110970090
137417558
180509733
44015139
38212564
11539500
27881656
33275887
36877449
80777874
84734004
59939994
62607064
23531973
77839930
20843136
62684359
42173735
65190753
42856644
1158788210
2270829566
2224242448
2123615842
2083949177
2018810628
2009471865
1990007973
3281929974
3389993598
3628586417
3714508339
4198133212
4469396753
8670709712
7787984608
8576738137
3621700934
7720635979
3468774340
8133848367
5966514078
10033240350
6558234101
7462855953
9109689072
13223019322
6947897693
12551303192
8654416411
16095691856
10380464369
8678679583
10879398815
9441216600
15479510757
6444415691
12120088745
7925660002
11742080640
15032012696
8064095512
11935284083
12413800785
6966746163
8227230621
8010590311
4261112848
11461764468
8603905234
5174719523
2288057797
9298929154
14700928322
14286253579
4639850851
10307398668
12998139546
10658279878
10448851539
13315200840
8595206780
10101960233
11549940458
13464475018
7413732341
5761023193
12479060805
14648841322
7794334378
10375590032
13709118527
15848229631
10752425338
7505747701
5299033864
7839616697
8186188025
7809917171
11002064888
8156055608
10868078204
10012835399
6290894609
10206346078
9885470464
5763686707
9574859502
11608820372
3344644365
13997544080
7612421573
12804963853
8702164755
5178829033
2125412767
13418396577
