11655915052
9242512978
14790999870
9566325992
6286453336
7044705920
9291817594
10708441583
12642917183
6264098859
14410463194
12226419905
9755529922
7477780611
7427631683
8586603242
10383599592
11554211500
4977403512
7736424218
15773110636
7588286133
14044065247
1329303544
9329924009
3282278156
12637717079
14087710415
7439441615
7924927920
10715369536
9360932312
14380983238
11338209887
13591820428
13088614789
13277043400
8992838147
15104654340
9109087201
11095193615
13666441882
8769684126
1207982152
2946701587
8812871319
8846224349
12113339746
10969829556
9394368573
11255433826
11314606176
13120108996
13308353611
11113374706
12503308693
15042398597
3654703929
4396338259
8573917206
6490615023
7410167168
11343178376
9851827795
13837685256
14134871618
3671645606
9660231833
9207616625
13807183370
10443855276
11083695754
8961565239
15168140025
6047464378
12594391823
6868431907
11874616606
13317832620
14211545279
12809939846
12200558332
17981952904
11362549579
7677012076
12347331752
14382942173
6945384804
12130293741
6584756461
9623101863
18949876123
12481486760
11845538355
7719308154
10167195193
7803953144
5508568191
6373210634
24289387614
12827431888
9820474534
8577083990
10910796867
5600765853
6409155478
9438729022
8114340004
6052209921
21269770976
12323867054
9948968362
15552953944
8323202794
26498689816
10677168711
9184391356
6809216173
10174166413
7452475592
8150593031
6547950893
9111816367
5490958024
6737322062
9526013493
9031231184
5974689079
17615780507
7069278830
12570569005
31299936659
12692320665
9180826195
11288553359
11112226523
12712521854
9453195236
8189794893
12608515003
10147757081
14065775938
20978034834
6311423820
8973060263
10709654590
10829795673
24897429490
8868129511
11086499397
9814557221
7255152262
7242407136
10336649172
8636037535
15408687209
6420439599
13372133949
11193265295
13801488684
19566411476
9371392504
6091773054
7781159335
6987957457
9213972825
11067503300
12906017972
14398290314
6667428446
18950536968
4550161686
10843940794
8773971781
9446468174
11035430455
6215182096
12906963893
11331336070
6278179439
11790122854
11095266787
10426245460
9718831284
9072476713
8387371156
8150847226
9613264570
9035941052
8621221176
8099127633
7028494431
7123672117
6635339997
6217457708
5833865293
5514356197
5248697000
4971368662
4688837318
4421039402
3673774755
3885455643
3614689679
3361387417
3128926919
2907702692
2708153467
2519010138
2344504922
2181378004
2019896767
1880873880
1752392390
1614192793
1527444186
1433890038
1355960685
1284588344
1207148105
1119927856
1044279744
983511759
898618853
857587413
812671820
749900771
701951395
652649094
609081470
572287100
532161239
504758170
473733246
450000627
406328021
391593285
343595773
338270958
325062293
300115874
268474955
134938987
140790680
32983223
41240866
109827977
176905928
40891883
65442893
151853763
101477879
31527874
16044850
111397513
46801011
20332972
35325534
44165959
30074643
30390221
28294316
65405289
44232888
2240921
30646491
23683329
14321348
263988519
1504098827
1483890652
1427367858
1393784819
1344907492
1311690345
1280707859
2408003726
2676745261
2937192796
3333562983
3752904811
4179885308
8202259960
7787500611
8105561900
3694043807
7537934144
3518712694
8079679842
5998365898
9947059767
6444371406
7490838517
8919141214
13181611586
6838831362
12279290617
8610493789
16087932208
10488202023
8768143907
10831276227
9362823038
15598981469
6615150327
12162723119
7931716746
11608998939
14908149584
8062787720
11980931932
12500629397
6956174047
8404745498
8030610779
4290641161
11296628931
8641922792
5072033213
2281977517
9396938489
14803116051
14396348876
4598641940
10426897490
13034071113
10537940036
10275503335
13329857177
8674660492
10033144555
11536915233
13524015362
7405873958
5810180450
12561655116
14640095803
7777073876
10390740323
13832729606
15942452655
10734965040
7568552528
5319470210
7881790405
8079814118
7788499652
10937839986
8125245125
10992444742
10001624430
6368928245
10164642559
9872661578
5812892195
9555172915
11660155328
3308706819
13925873006
7520472378
12854634621
8806640314
5230720049
2098117843
13423552766
