11642105785
9228014954
14771423704
9564744936
6297561663
7061458359
9287739839
10720929123
12644177181
6271869798
14414475255
12226565827
9743944504
7474669576
7432011727
8596020366
10386866526
11562500161
4973921453
7725329158
15765558135
7596127958
14037314132
1328154422
9323286263
3270115005
12629150472
14082690928
7438602122
7920761026
10724210142
9353666912
14395288334
11333742689
13580173378
13075885098
13270798819
8977212503
15088716095
9126499629
11102775956
13662041763
8794825672
1224360447
2955590225
8800949475
8835374740
12119529865
10968658857
9408999947
11260886820
11307113386
13115686058
13305666722
11098873344
12525220210
15049938007
3669109260
4374484420
8557637984
6512903927
7404010181
11363299838
9843115837
13863226426
14153920714
3677357426
9660310632
9204259076
13817683581
10417016007
11092299898
8967492305
15160603976
6045748357
12581288507
6861477278
11866588048
13325934933
14210438897
12804616325
12207728897
18007279060
11390101018
7669847956
12347652576
14408658307
6959128793
12127834734
6596856036
9608111219
18984777127
12484894723
11838596896
7721525130
10163873791
7821921205
5509569903
6367410806
24314808249
12817688140
9799853912
8564914660
10916552077
5595026362
6405804239
9446003683
8123491165
6028634863
21286909760
12345095309
9976822216
15547902805
8323292359
26556588954
10668181974
9194414274
6805920907
10174871483
7452381719
8149476839
6545226428
9121622312
5469458487
6719447308
9519350721
9025559279
5979658600
17641436620
7080287683
12563488901
31368912802
12673769082
9186138694
11303735379
11094345208
12706471448
9460801009
8188336306
12582561096
10140578704
14076807492
21006430827
6323773605
8963860600
10723112450
10820427907
24917451380
8882913645
11076485522
9791953405
7262335892
7235426978
10321650303
8654569277
15410469208
6442211969
13380141251
11185930755
13789234957
19578637839
9387650869
6085875855
7772734050
6990786017
9214746016
11061851168
12900772852
14384088514
6666438001
18937809711
4546770724
10842742085
8774563563
9471286628
11042916361
6192174983
12882455080
11326922828
6269641092
11792826898
11099452084
10421391795
9710205217
9064597048
8380691858
8152538407
9590386394
8995035214
8566508734
8043752584
7036699988
7074290877
6588642363
6166850287
5796014658
5478508472
5214414298
4933183128
4657267915
4392799949
3665677224
3863940113
3591236123
3340601398
3107901720
2886932301
2688515638
2504727820
2326586973
2166636987
2001286030
1867142413
1744207397
1597889670
1513694862
1425345970
1348233383
1266965251
1201777862
1124694201
1050184446
976925049
899251496
834853263
802302342
751256411
690758493
634744782
603291354
561589967
522475042
499946368
465887410
439364728
394736246
381703619
343878650
326215501
321654768
287550924
278610192
142478710
140260176
35191902
40618771
116008862
176840168
33605293
60687435
149883285
98879649
21381507
33001520
113372279
64735164
4272176
34603230
50128997
32805545
20924969
33253664
57925597
42881043
3642665
32185577
39364207
14948332
227163693
1474551118
1447653972
1397291628
1350696304
1323133588
1287951329
1239492669
2384392696
2669861400
2924316650
3302455349
3755521762
4182746711
8179265091
7775560689
8050236158
3681047321
7525460701
3527936520
8043622711
5977895904
9935060658
6439958762
7482780673
8928555472
13157314210
6834184092
12269267832
8603655312
16078431068
10474666107
8768028974
10844261814
9367693842
15613182884
6607889845
12134199660
7912480743
11584025006
14925112691
8060348405
11968979642
12488966760
6955275107
8389659271
8016647327
4276355682
11306508380
8612956763
5073495643
2271526958
9397839712
14781842260
14385624569
4599146445
10443838751
13017062877
10547189695
10263700588
13329876484
8661405266
10032350164
11539494297
13518581761
7411137155
5796941426
12545784634
14668238656
7772975160
10375037397
13812529712
15933822693
10714129221
7570940554
5324818559
7900070800
8063607859
7787299537
10954772537
8123061463
11010389595
10014640354
6368129318
10171718441
9861165325
5809604806
9549069018
11647874659
3308186909
13934490238
7519201844
12851561060
8808645999
5228684955
2080197896
13432080680
