11691339822
9218826752
14757273678
9618085572
6275614402
7108183098
9322705132
10709042021
12656053928
6237245265
14388350806
12224007070
9741850435
7485571474
7375264483
8592797324
10331566085
11600245471
5018555158
7723834192
15769251194
7619419084
14003440214
1296477601
9329672105
3258817697
12630516943
14073102368
7438176312
7935588035
10688663150
9359632682
14361048385
11333716269
13619239392
13054329282
13265697533
8937844098
15072991678
9165535432
11112940015
13679912361
8777945431
1233434972
2922070220
8749100317
8816453214
12119578881
10950790824
9408680773
11272674813
11303648875
13070115106
13281609319
11142625883
12497108307
15026549278
3628996952
4376223723
8611439048
6495382631
7389674406
11391583018
9864544941
13838351681
14072484791
3681795677
9670681155
9223117507
13799959604
10457921913
11088713094
8909773594
15134636034
6037259020
12582816683
6850734742
11857576518
13332579939
14186735071
12794540367
12198581021
17866236823
11355022355
7632882581
12393969331
14397923935
7000603602
12114696538
6598009038
9672830120
18861500734
12471216432
11873304871
7705440520
10195526552
7807856975
5509772535
6335376210
24095878891
12867151039
9782434889
8573647081
10900909983
5613171614
6402728183
9405118461
8104103019
6021344505
21145470461
12279770720
9950555416
15547693148
8324674925
26195629500
10660013531
9179493693
6859311677
10160058970
7471139653
8200129375
6549759965
9055590452
5515211674
6721131375
9514315109
9032786181
5965110862
17508480219
6988333763
12530225960
31019187302
12676187836
9198122154
11301947990
11113239698
12688757309
9471858535
8175015816
12609977244
10139891027
14050343075
20859388864
6313872788
8952865727
10680221492
10815592169
24767761872
8831978956
11049154890
9839077337
7236982850
7286016634
10355789291
8605658495
15456583310
6424986753
13453556005
11174102640
13791644985
19545026251
9367419942
6114742754
7785260246
7014065145
9218414317
11098207913
12896985515
14434501215
6677036263
18963291479
4556731848
10836565643
8821469511
9411157103
11019491416
6242166294
12986649817
11376074773
6229944227
11880073077
11177088837
10417383227
9784501009
9150830896
8430362933
8136632795
9676985747
9063433732
8791126212
8234108224
7022045243
7386314823
6878204473
6442206008
6047887100
5716850224
5442101981
5153765821
4860818060
4574409629
3682772450
4029404569
3745206578
3475788485
3243362872
3014672660
2804836140
2612262530
2426532841
2258072096
2096950717
1950155212
1808825266
1688862294
1558399411
1483655461
1395546478
1330387379
1252854594
1154196236
1089389227
994750356
954092807
897188466
819848638
776202852
729686609
671004272
623393561
593342255
562122794
507898261
464495639
454889298
425339678
403314283
343604198
362025063
329515307
263717316
282383496
143850361
113446094
101930539
49899852
110851190
158875380
25555932
41563586
146725668
135573493
9547996
10051
118510980
49850859
36674413
70192794
50511090
29036398
307285
19768455
55578788
64212313
23762660
23220961
15373829
36685806
451529371
1661165810
1641882362
1579002736
1515360779
1482048454
1449229286
1396949609
2557148992
2775622525
3015161874
3464786236
3821803935
4256742602
8294767992
7787742858
8140429817
3678496550
7586779359
3516681632
8110447674
6000610776
9980382835
6462725971
7503799152
8968056909
13156892928
6838589155
12285372989
8615934191
16127546334
10496226815
8784049771
10800268321
9355741963
15520400490
6631261491
12170388580
7954535001
11607991125
14927435946
8076712397
11964737843
12453168673
6940679000
8384314912
8024650330
4297313003
11307837640
8626048460
5089599068
2299655629
9401652633
14789401846
14371873908
4589770781
10429615295
12966067058
10574223759
10298589352
13316803109
8670677400
10034415109
11530414773
13549309288
7404347994
5729302346
12583177225
14672394489
7807331762
10396614271
13784467538
15945159398
10747030397
7627648374
5304185654
7868169292
8087200861
7773305467
10950639113
8123058560
10975566286
10016595277
6349661647
10143067431
9915585746
5804854433
9561079153
11626300051
3324360383
13915093449
7563298951
12805539102
8779051240
5183907008
2078482858
13441300608
