11653247332
9241942233
14790618297
9571869144
6271241578
7061102558
9301257263
10704494604
12644206490
6260300629
14421533528
12229581284
9746880464
7463676295
7414972820
8598049041
10367435480
11552836214
4972639019
7733929993
15790814651
7580258132
14039490992
1316600936
9326950483
3285668945
12622536823
14078160835
7460468324
7932757985
10720793054
9373957874
14380123804
11325257857
13618091542
13090796978
13268449447
8975814342
15098539351
9129078762
11089072959
13663880574
8768964850
1212630145
2943688903
8802008423
8842083692
12116250777
10962321911
9388416142
11248603573
11312126308
13103670158
13307744279
11112072050
12485270459
15032549555
3662427760
4389963710
8585246147
6501558409
7419492336
11363560392
9868050041
13856065722
14103686837
3680753028
9647109580
9224612863
13800307875
10442714029
11081262994
8962779052
15180565226
6042083531
12580047017
6878612556
11870190741
13330398615
14170341817
12819283511
12202749729
17946892370
11359726900
7652701169
12368723425
14390571454
6969513683
12125709213
6596306649
9642112577
18926398383
12470210404
11864484179
7734457539
10166772183
7798502158
5504031066
6354774324
24246795608
12823285304
9843556883
8582094767
10903151050
5607499446
6408896989
9427599355
8110684209
6038005633
21252692348
12316510410
9932549534
15555628509
8312701289
26419661530
10677206232
9180477824
6816728170
10176476860
7464090572
8150416400
6548901616
9101091662
5494899968
6733004956
9503295498
9031471470
5952060181
17587503116
7040992534
12571184203
31241201843
12688736959
9178004698
11299613892
11124930701
12696737437
9463421522
8193526009
12601041142
10154309632
14083916350
20945882313
6310277997
8951286645
10698276899
10831593658
24862861397
8854323291
11077088715
9813755706
7255518818
7260902678
10328349530
8625484133
15412654676
6423191351
13388084114
11178460802
13770340157
19568325725
9351970405
6094055897
7772343356
6986713703
9210040874
11062369999
12894095536
14395275666
6678167286
18963966256
4552514740
10837438253
8782777019
9446765573
11023216824
6220220848
12929515508
11339417336
6276685533
11803306355
11113590003
10439093203
9742225945
9090190039
8403605322
8144380969
9622204375
9042295023
8672686652
8162223116
7021248503
7181655335
6684848347
6262750300
5879851361
5558893909
5291043035
5008067588
4723300663
4452103679
3670661462
3920313239
3643020347
3389100480
3153718809
2932284882
2730407398
2539194734
2364054698
2198422379
2044257668
1896523685
1770179936
1644722591
1534545105
1446058080
1363942206
1287452358
1216647770
1141116372
1055907987
989289881
899289113
870660749
818193007
758361541
702240651
648063678
612049687
575214489
539987170
505696492
479586717
446544692
424196450
389980263
350774311
342584211
319573140
278274487
256134823
131162164
146323972
35323589
52918569
107875820
160605468
40141015
45454458
146065971
110386781
21395595
15681735
110169137
40070233
25782489
48751023
24244061
36879167
37691699
19145287
57767041
57641203
14603477
35658006
15052942
15380381
310389770
1534857607
1521132784
1468618140
1418215837
1379246809
1351250265
1298643006
2444306549
2695585649
2938332410
3362896511
3773985786
4189223918
8199662740
7797378487
8100929534
3697128903
7553529218
3514261648
8077756307
6006270722
9961050207
6465076429
7475565227
8927087228
13172974758
6845791031
12280990712
8623676125
16099182128
10507209005
8744104913
10818631271
9355324245
15585386945
6624951791
12167296093
7924870861
11605239279
14915736947
8081329717
11973451839
12490830947
6941787574
8384511708
8042703516
4286168209
11290073637
8632331947
5068083469
2283390282
9381692292
14813953472
14397747298
4585182748
10425445170
13020560142
10555466460
10279030141
13324609571
8693091306
10046908000
11545259636
13534577951
7407381699
5800181860
12558401379
14659541791
7778939099
10407291987
13818213287
15918752750
10731970445
7596686742
5324630036
7870963727
8078673350
7772887388
10935145063
8121729016
10979688857
9995740457
6366300308
10159337533
9873277839
5797963126
9583997445
11667447924
3307953692
13913681877
7517633639
12845172789
8793080693
5198498374
2107137768
13421590196
