11660587259
9227371572
14785423187
9564406088
6277681945
7054497327
9297283914
10707541036
12641733080
6258406910
14423306146
12222949282
9768050665
7471635749
7424540011
8601929735
10376204643
11558996571
4976997972
7731763840
15779692032
7582857586
14039642983
1332902984
9329854827
3290551908
12636567861
14085747627
7453075012
7918865172
10721801254
9372850163
14373920514
11348836604
13594457341
13088012640
13271815004
8991466571
15106433576
9112111015
11090092200
13672153437
8780924088
1212656451
2941954688
8814071631
8836873605
12106571542
10972193959
9389265206
11255292446
11315316741
13117867133
13307955060
11126362806
12491966929
15032239784
3666145204
4398733108
8573182534
6489077119
7412108366
11349754602
9850653915
13854558743
14123036737
3679834098
9657572151
9213779017
13804397296
10444077928
11087006622
8960253157
15165753749
6048762394
12589301572
6880923181
11875752848
13318224538
14193915339
12816103074
12201610455
17964716512
11362238729
7662782481
12359322533
14384163570
6954684733
12146420244
6579018941
9635929445
18943456544
12468615758
11855695668
7728029855
10166964433
7796755592
5513568230
6356508095
24269763746
12822395695
9830275825
8574880520
10912703650
5605722272
6420607653
9427080791
8110012382
6054856696
21267918607
12323622320
9942451519
15553226146
8324644952
26470993701
10683315709
9195461647
6805091074
10167661232
7454363188
8157337766
6537983050
9104280003
5497158096
6742433962
9515486990
9022986314
5959852538
17598991716
7051820488
12572562385
31272486528
12696582065
9188850660
11290907967
11118655141
12700923276
9457015216
8194354909
12604673333
10140496329
14070605010
20960435447
6299677706
8965580779
10705345563
10834689828
24898684492
8866931050
11083245327
9810774098
7255147383
7246251541
10338482605
8625396740
15406897954
6423994003
13379657943
11199532752
13795565146
19580117212
9365222184
6101633185
7773571829
6991797319
9220344986
11059063858
12906367547
14400640986
6660797285
18957046603
4552349495
10844660431
8778635895
9432420678
11031604628
6214483928
12909143357
11327768172
6277449168
11791272102
11099876458
10425828373
9732394106
9075964243
8399147554
8140983619
9612589061
9036493392
8646233612
8122804575
7029502307
7144589800
6654520867
6234167553
5851109615
5532542080
5262665871
4986357321
4696308222
4428805471
3665579837
3902078544
3625419983
3369191863
3137089334
2917547558
2715145934
2522053479
2348385454
2185700489
2034424453
1878689877
1761371966
1621678623
1531181728
1430147813
1362211537
1279967583
1210419965
1124496531
1048534810
988654300
895581507
864511702
807400782
744318177
700863036
650956666
608515167
573047028
543468731
503682310
478405307
436382659
415089712
393484478
343084115
337498927
315766268
293755859
260409878
120654067
147891132
37389613
50085421
103572349
166978233
21773003
56446723
149792790
107936727
25980739
15369529
108676625
46754801
14409885
44720111
41418068
29656124
31934836
28297820
51899479
44456470
14540326
41026395
24982854
10252991
279785373
1505344459
1494839221
1440742018
1398200159
1358137429
1320660499
1289619383
2409050572
2681079289
2932331511
3337066794
3762085837
4171936768
8197960893
7792887427
8109449893
3694905789
7549413280
3516195044
8088988489
6006416081
9950391464
6451626838
7489191251
8912715249
13176955389
6837317798
12283192255
8611235718
16091044133
10494263784
8764616175
10828611922
9359288855
15589602309
6617538134
12172028801
7939239896
11602360522
14915017431
8075533288
11983810693
12513350982
6954003091
8395390660
8028899098
4292960117
11289740878
8641205054
5075547487
2282605723
9398365928
14803219553
14392715754
4591786953
10421249532
13027638870
10548977262
10277784023
13329957367
8684670835
10034838678
11527244641
13527686440
7410806192
5802842002
12559594641
14654062107
7773406418
10394506350
13828540891
15936881653
10728112352
7575406438
5320703293
7877468648
8077178703
7785573181
10928269760
8131807501
10993715800
9998450596
6363400595
10166041148
9882745778
5808471640
9565260253
11663037977
3298800411
13918633546
7522452237
12850043892
8797796763
5215840228
2101878838
13419033553
