11760703654
9145851166
14862820863
9640940051
6377105873
7226406964
9263125659
10554584502
12675599559
6160168459
14312116242
12222418466
9720363406
7587191604
7403020271
8681881630
10292597394
11572645841
5058915418
7654829150
15764941494
7669627827
14027016569
1247572357
9391380359
3113814733
12613244482
14150502185
7419776197
7866181808
10784232953
9401735666
14268799517
11239545717
13569072584
13018679199
13331773852
8960989392
15112740964
9046010388
11123240790
13696127329
8859910871
1253181216
2790641311
8767138794
8678321376
12004652457
10866861878
9343369005
11230292656
11482793584
12931630461
13242669208
11171413785
12498989041
14885731697
3563997776
4527481357
8530121158
6676910415
7485236571
11577989006
9699507704
13614030715
13759553946
3539672882
9679992199
9268113925
13614386482
10410846935
11062194689
8821936750
14646332890
6063669132
12500865919
6883139345
11878350982
13351694382
14132227823
12806897870
12094502798
17283766475
11323486937
7613368446
12369994128
14452018632
6909402560
12050961601
6578474551
9544854370
18198583336
12514303646
12067249411
7635455181
10275525740
7667328913
5552047884
6144675280
22795326424
12783265514
9651778478
8455499189
10887222355
5522560190
6464775922
9463764516
7953020460
6144743919
20246427363
12097588208
9921123780
15573773670
8371819571
23805698938
10780487827
9133182833
6802690595
10191966610
7437462189
8208043312
6533480903
9067525863
5729750704
6749410910
9763921386
8890087236
6049003081
17018717738
7090868631
12526123300
29102007256
12771773793
9138761132
11388372304
11123686677
12697592821
9506128834
8059827654
12599813351
10043434338
14120879025
20239235822
6374794150
8943596033
10684733816
10707498195
23543703947
8952457686
11102993632
9926832169
7151501418
7359489120
10512656938
8566302420
15229526761
6503261844
13598631629
11219115592
13943970418
19350480454
9489014485
6055638032
7836948998
7097700455
9237467199
11117351290
13046393300
14524146368
6869555478
19160095909
4642513465
10910999141
8820296559
9357523221
10955468543
6365204175
13107753648
11459627082
6475776771
12480889655
11758543409
10479244079
9764866790
9185269141
8399536570
8458752474
10390746255
9097156213
9280103259
8594804403
6915679705
9005807815
7363309405
8250973172
7749941652
7324981452
6970950174
6606029056
6229679207
5871811590
3725290227
5168281722
4802759064
4462532543
4154328090
3862946009
3599846082
3344159371
3108616608
2892345260
2693123688
2502806705
2284216648
2161442887
2016942035
1879013437
1797665924
1651995151
1563055796
1478147274
1390333154
1303238874
1219791364
1142041381
1075054455
935250452
806673631
837480985
806278936
757345586
713680164
636541193
636263727
593960073
542121986
514713676
459620855
454862456
401551093
317106781
309653545
337585747
155495193
255481427
211021051
219946474
252594348
155591270
204787213
179452742
57086317
23739737
11916265
111646387
132938996
116909189
84112872
37065446
87229982
59083785
75042926
70740549
57460829
74037654
11686060
13066035
14001862
1621054475
2655302508
2667517394
2629415357
2545321573
2474629742
2445658023
2432252104
3540433561
3736083882
3868556337
4058862667
4463545714
4614582750
8920548412
7855227859
8771490374
3594992129
7662516656
3467239556
8258763760
6070815877
10132878995
6590179509
7481787858
9186312619
13263645219
7023053585
12521813587
8538517509
16149197307
10430205619
8609146620
10937032982
9446715486
15424798914
6364737022
12138844242
7949474659
11831574222
14993921426
8081416745
11935897688
12255429759
6916204870
8223969721
8057832693
4377838758
11471544732
8653221953
5104762964
2297097096
9324531240
14769614018
14291239345
4594719296
10315868928
12968185431
10606763830
10416296640
13290183575
8604805187
10088960142
11540452593
13501126706
7237994235
5806059208
12509466987
14579201226
7867731942
10314691985
13800916429
15707818782
10713599170
7488999094
5321208926
7737450790
8260171746
7802302316
10912748424
8170011593
10690860837
9925800836
6351580420
10163697981
9924318707
5753629462
9516830401
11526523204
3403286459
13973895878
7603513892
12858658292
8644873329
5084585689
2176188456
13419006772
