11771717434
9095263632
14868486655
9660523505
6372388202
7289880460
9361754079
10703190179
12716319396
6115257711
14235472676
12244706990
9922154185
7636624751
7405327521
8784946172
10182511685
11439164976
4940222538
7851853198
15760978911
7520693599
14198686241
1377028465
9313979366
3194962986
12503680593
13958445671
7418337347
7863779173
10773850046
9386292994
14406760955
11127497598
13552722606
12957307486
13395157039
9051170891
15023671001
9119239976
11114215886
13776251116
9013471683
1191497096
2773791193
8849683464
8649580261
11896295784
10728323986
9158651105
11217138881
11318390602
13099177569
13297594667
11133505514
12351319284
14801669541
3525480658
4605424984
8566916606
6704225913
7655452259
11542073601
9663731104
13492859469
13678806976
3518396765
9623873024
9185086361
13433571388
10457149108
11022095693
8807568724
14402893336
5938028498
12437121101
6906913996
11929116911
13236271263
14056208074
12714846286
11985965492
16850088446
11231156021
7536291969
12433159552
14353341330
7056082469
12156034989
6660479053
9493748446
17637770130
12517621547
12032137874
7606540139
10242089149
7650290216
5555403415
6040727243
21777478747
12771618079
9646675180
8481812047
10836489118
5718674577
6523655135
9515020578
7902651697
6017975807
19668694972
12199294653
9946785543
15652907564
8320982857
22355413917
10751082751
9067538104
6750166675
10184519446
7367797092
8225180457
6543516053
9089993002
5783145559
6788520663
9963468419
8854094348
5991914642
16575647802
7109076582
12638506374
27658879905
12829488222
9014082984
11395165582
11162591815
12617929383
9510237417
8048447564
12556509911
9882900824
14104924544
19629531537
6331534899
9135440181
10665810250
10532723489
22785516099
8985784133
11084934674
9920797636
7268534704
7383478682
10649398937
8687575990
14943255319
6509762031
13661151944
11136100044
13938682510
18986782160
9574385033
5913029061
7930309555
6969426147
9255552521
10926394141
12898951058
14579981907
6850819063
19025457023
4586760921
10777254334
8879314541
9505512538
10965652255
6457073198
13147041611
11360253754
6418261944
12879417573
11952873997
10433708946
9938031301
9211505461
8420203727
8701730836
11051203792
9186055909
9845000325
8525414150
6963441807
9570697397
7196572237
9462968977
8885958179
8386769578
7991855996
7460595853
6486875854
6725865896
3661817471
5915669516
5107839748
5098819630
4721290713
4398188927
4102332524
3732622890
3569880563
3294595912
3091480179
2883770560
2684225451
2512502594
2354351774
2261133038
2181715580
2139902880
2069099538
1937593552
1810607159
1685627913
1566358535
1479309043
1384997657
1294383222
1204200725
1115725136
1044803844
987640337
925012154
873529875
806537143
765996771
724963260
673101348
628955987
578044006
550584195
511818731
463926540
446211012
266999777
389990124
341572024
334027022
316327889
297464015
277608214
233391377
192336066
191718827
210737856
24067100
179127933
165320159
23463772
53489437
125334977
38167443
11110302
92753469
68353419
86263505
96454495
80019442
585434105
2444208876
3225438635
3142668893
3365731332
3321572777
3311258970
3166503374
3067902384
4435362113
4331565341
4385037227
4669668324
4830299443
4780306386
9381793243
7851349780
9328216281
3670984040
7613657390
3411800420
8415028413
6266640649
10338991154
6457451068
7598653942
9080773837
13293164632
7063593264
12679805244
8595888422
16292948634
10504967207
8648469464
10911601439
9421457473
15483735716
6246532654
12334366388
7732649132
11775931702
15081939723
8030027673
12049028104
12122282261
7152821678
8343170960
7992671908
4315742635
11557816153
8612540435
5126901791
2263129902
9301486752
14846378406
14275862291
4491614982
10331340019
12915729432
10541863943
10433500107
13184797003
8427715413
10006886184
11581665444
13371063206
7192716299
5885117014
12553228863
14674128807
7816137882
10239697106
13815096786
15626981067
10815328456
7523909419
5358512978
7880361422
8254378208
8028310964
11154293232
8069838706
10640434072
10036467511
6271593461
10323616213
9879230799
5756055955
9449130607
11632604893
3392600447
13996022065
7670135401
12916204710
8595535134
5240631935
2169546155
13447725136
