11746308570
9194505941
14856084441
9662974030
6377445559
7218259622
9290578612
10567042228
12698690848
6151111387
14291725527
12251274107
9769498574
7626900624
7460738395
8749872678
10309512535
11577068755
5035509608
7735456620
15781542503
7614667597
14039320046
1223876077
9403322263
3088730588
12619592030
14101723155
7405035985
7897480437
10768553680
9425438987
14254764646
11277646487
13545414400
13010874369
13285585974
8897587143
15083311404
9071831783
11093553378
13760178067
8826927761
1184310544
2779936018
8773732869
8679523816
12034665343
10936073398
9284877394
11230930697
11441926453
12919902931
13246319237
11209411892
12434824665
14836244398
3555585298
4556820564
8484453189
6742958468
7527687530
11584631944
9696680252
13657395545
13745767934
3525678250
9727032852
9218223585
13643485978
10430660411
11058265815
8816648946
14602334678
6068792849
12460106788
6902464117
11878476908
13334017421
14107946548
12783350505
12072093777
17230118598
11300443020
7596088688
12342780759
14405614723
6884231653
11999257752
6569116565
9513677979
18093622029
12447740362
12029428177
7642877747
10275272638
7636244600
5558968721
6112553608
22609879558
12815628372
9627108087
8487054347
10945826223
5528476848
6517222091
9496144280
7937858648
6123523432
20106684165
12069041744
9929506685
15633107501
8365278945
23541491857
10772429934
9082315342
6789587798
10157096186
7452586717
8242063329
6486546698
9024060993
5638307979
6757547225
9743096999
8880773454
6017714710
16967069397
7080905103
12518893666
28836383176
12819062272
9116480199
11397634444
11128122209
12687012993
9554101263
8018971690
12600133029
9983182817
14150511814
20180781092
6386968253
8904230204
10681486030
10693138459
23433889687
8976824309
11131557914
9961658116
7186574021
7374654496
10531687747
8600592897
15215246792
6526834905
13647580202
11225184068
13930840103
19296603550
9524797435
6062729281
7847843884
7109667105
9189051451
11067892049
13054012829
14522929494
6883353328
19160888781
4649858051
10897930324
8805536895
9370771556
10957455225
6376096438
13146345424
11476646888
6432459374
12546035841
11822487197
10452497485
9804128775
9199500611
8384977756
8513953801
10499937907
9154134771
9329052834
8612883401
6884967046
9130607594
7351036897
8480821593
7962412775
7499827705
7154423920
6777474621
6392484634
6030849903
3687608019
5300345404
4924295555
4589222374
4268553182
3968229611
3693910866
3435666780
3197883631
2973103218
2762030985
2573499069
2395946818
2229908873
2079631403
1956002026
1851016227
1752638510
1588783639
1544955603
1446672195
1294646352
1243475821
1177185773
1092491552
994322827
839307694
861749199
802415776
782254288
737845620
678460147
619786188
605273822
574291737
543429739
450759282
458106517
394747592
375244926
318606736
350785008
212868948
292107586
256321713
225068175
216880776
167592616
161975605
208698793
49694465
13759040
1451464
154395216
135002955
94482025
122641071
60148068
84063565
40538707
73598075
44304212
74299927
65389929
29060665
73421979
69987515
1685621435
2743859715
2748391398
2712360339
2645832007
2614273840
2553821162
2571785942
3656010545
3860730921
3971407961
4161923084
4487232090
4583018181
9011452807
7814342837
8906933908
3592044916
7664280358
3392967102
8242965109
6124490255
10185038381
6574094788
7516241389
9187063985
13326755966
7055368989
12544261708
8582791105
16211320534
10448687071
8571936515
10879690266
9442152601
15408311641
6357442604
12147832960
7918572624
11850272356
14994038910
8091557039
11947261368
12256262877
6940644602
8257502327
8080204375
4343699910
11480987160
8681491611
5080138510
2231235903
9313249257
14820405455
14284222320
4575303615
10275655129
12982383823
10620914996
10371217687
13287816950
8616884723
10065235892
11538893826
13485833591
7224469457
5776437562
12505090388
14608965626
7862098302
10269456820
13834158751
15699625500
10712290193
7466264723
5301977259
7760687174
8290521517
7883636663
10966738100
8137643328
10683070331
9906039631
6330466327
10122110961
9881748209
5751305797
9534726464
11531169058
3442543296
13962939583
7603337868
12840459014
8624060577
5051742705
2157618321
13407694792
