11929955394
7737954744
13514136899
10714018116
5772182971
7364713343
9652429729
11106086595
12352798203
5554578922
14364491242
12452617720
9986918865
8019515494
7625794439
8387975749
9826656643
12504280128
4926917691
6671157362
16627723227
6923390016
13951773208
2219317966
8763001747
3369490618
14485789832
13669005118
6848320092
8389640785
9972261452
10195325611
12590275227
10237583910
13033719607
12186761452
13324850342
8677328365
15156898362
10385428223
10745097370
13448463580
10212655612
2230896856
4194050654
8538304323
9107018992
11089279931
11454433480
8699198812
10885784655
11130710319
13206105374
12704890753
12101908917
11768149377
13440669048
3036903875
4645818556
8078220574
7492261912
6895641950
10866268697
10263570324
13264057731
12911916315
3473339610
9746756980
9491264214
13469515493
11563257264
9944384884
8505444359
13199152649
5043519236
11756015763
6520049395
11385913250
13112691835
14425369747
13110845363
11282534100
16796907657
11855175241
8291619642
12714569918
14785576693
8412286472
12611705595
5811551916
9271007904
16488349902
12556855319
12973110612
7913413778
9495138738
8118824727
6014222317
6977709102
20811256537
13501782062
9685507626
7193655761
10527218753
4883220528
7139714849
9245712898
8010314340
6860048123
18041227465
12621982170
10129207327
14355440851
7706294876
18221654715
12384579175
9316455712
6892662321
9255963069
8209954413
8009589260
5566326215
8955770010
5115111389
6896906052
11138339122
9523884292
6311221232
15360493620
6996088696
12806697175
22516227959
11833712699
8410454098
10099383270
11147111655
12862175906
10442756646
7954959276
11959788006
9132087098
12513958099
18549948457
7116457093
8189671948
10189658442
10802985031
19545818546
10085136420
10911360230
10638689841
7291827874
8336463951
10329838546
7498951598
13176543460
6863722612
12909187028
10597302102
14145936847
17059433455
9526983304
6575996221
8068187795
6929882195
9154681781
10867342179
12633852093
12524931609
5323123474
17760483462
5218902361
10675847681
9773623482
10015285772
11660488422
6458553068
13312015333
10861347415
6768403396
12541793014
11168233640
10765787627
9212205072
9793575950
9637620705
8362459917
10396802661
9248692974
8778668947
8812644676
6065634969
10045368797
6895473275
9674204069
9442597462
9169751835
8265207124
7555914414
7144628270
5477905982
5118966719
6321649928
5446987242
6305509141
4915054677
5696886462
6066933084
3828886737
5225102009
3868131848
5028923669
4550689797
4015122118
3716068996
4250752012
4465494475
3663153742
2524894788
4351435525
3466013460
4538437205
4026436065
3963548230
3908685894
3850306203
3820310234
3801144885
2145866304
3312348754
1599084894
2593046952
3759267520
3521297281
3308674620
2980841787
3097595208
2662801676
1391776419
2476474592
2533537639
1956699097
1728258909
2408305531
2425094532
2701149001
2473595834
1699759820
1734525443
2023337455
1286784690
1514898179
1808935264
1613642942
1495827231
1512900331
1613396061
1510603998
2459805891
2351099609
2389106281
2065214342
2067078486
2515069683
1823037825
2534085025
895347670
3169079775
4680422570
4919157731
3835666247
4450693216
4281537109
4306555493
5464927150
4698475678
8071285828
5092141553
3212653843
6272744516
6116414769
5141982248
10480880566
8238290169
10234984441
3492961975
6414977583
4115857955
8181664263
7493372932
10843926058
5604821736
8056887176
8974722240
13836018946
6650914443
12824188443
8588838771
16148934225
9930692453
9886932841
11713086416
10305679565
14457285406
5365142404
12094083456
7590273748
10997189249
14420495740
8939650150
12268988160
11692849046
8362029969
9246549080
7333183868
5254944940
12101697881
9758870824
5588019796
3700002994
8237281219
13973243787
14134176040
5308311658
10504860597
12042276015
9583128336
10448542207
12867952417
8067130979
8871667153
12434450801
12921550029
7434483544
4771623967
13103594573
14185999484
7318391382
10300741978
13844238789
16390788684
10445395507
6638059767
5336133777
7202415968
8470109177
9165693235
11090018439
7893247449
11433153090
9663749745
6049257126
10555558087
9701185597
5735850760
10516518496
10843542710
3865761431
14475375386
8021113588
12684467823
8398909689
5535411958
3115697335
13107506421
