11753613864
9163490335
14803184106
9640396918
6269954290
7249250747
9269646690
10643351569
12643754929
6223892495
14424318425
12236767966
9798531083
7554781483
7346593468
8590988823
10363700769
11591582291
5028610875
7567863378
15758513372
7666026809
13932310866
1273719741
9338766034
3128533725
12553817714
14066858558
7427056138
7901448825
10710551925
9274360281
14325322089
11326712389
13626762533
13027755621
13268417314
8955110779
15082335259
9099447382
11058050251
13641442576
8767011303
1291458438
2813389586
8782862200
8762949543
12140682106
10854326238
9324395685
11347750820
11332919877
12994079619
13213421803
11158653636
12521348103
14885741439
3590167739
4429443681
8599590067
6594633806
7505505453
11547440194
9792655696
13745718363
13884636750
3657877609
9714735623
9224012064
13709477042
10306643959
11092142421
8893671567
14897276853
6041805992
12487257064
6841368184
11880760734
13427459158
14167938094
12733468789
12204589008
17498198405
11288919642
7568316006
12416074908
14328017790
6976235661
12024968194
6560493221
9632035943
18487731449
12489852028
12033213686
7612014117
10208920815
7761912733
5548377130
6225916405
23423428054
12858118367
9759986154
8545516381
10893774348
5606920394
6367621590
9387646032
8043337390
6120225889
20672583647
12252473440
9914411020
15625031780
8342742779
24975438948
10743640924
9146871679
6868917349
10213960422
7476653787
8134096326
6545662616
9072068628
5614168087
6803132347
9624751823
8936990693
5953950451
17285239452
6962999070
12555175498
29999676596
12740117317
9115974225
11355340255
11072241435
12588107640
9411169341
8078170944
12612334899
10169380237
14046393759
20545595993
6336455716
8983436624
10604838281
10799498996
24087688844
8925401594
11098767416
9918485503
7240529999
7408887335
10392075675
8611430775
15361923809
6462243637
13491030567
11167128679
13901958550
19442494624
9399110179
6084663832
7848018556
7065275758
9162291596
11118360837
12957994263
14512237981
6732044106
19052171318
4572630748
10860408239
8821986069
9358755629
10934017655
6355411255
13050069493
11395091222
6275177397
12235456075
11521731961
10432919294
9766975017
9146986143
8452582882
8260018847
10052066357
9056744980
9054275530
8528435687
6975158203
8403807647
7387031460
7372643664
6920459636
6543752781
6227198469
5897807607
5550660232
5240153519
3742744451
4613865438
4288513922
3989066498
3705209823
3448449534
3186606302
2989497508
2765502979
2586508517
2406518060
2238201621
2076767772
1926580669
1806837186
1702374259
1612374538
1511728407
1426790014
1313741408
1248895845
1160167988
1087762113
1021349357
871011829
887263796
684335815
721395396
648678363
643529918
598095681
562388543
497360076
530868304
493528974
451746187
443351589
403470737
386578599
260847717
311548044
166557128
152299351
143979004
168708889
126640233
190477297
66027000
130294039
169958171
66000490
62637343
25263524
42734342
70628912
55456862
90219391
66100915
44176789
49761541
3905755
74983531
30426193
56061069
10136511
58621230
21724073
1104051698
2240606673
2199986298
2118830122
2055109196
2000855492
1951531541
1951047885
3212298483
3377413608
3558359818
3749376725
4172148477
4472888172
8622359442
7766552996
8523512810
3597655686
7730281222
3437182108
8164775195
5962047394
10090586900
6552832187
7456754985
9074134584
13200795412
6966066058
12553408375
8716500638
16134907986
10366233909
8685230956
10876942717
9439498302
15455447569
6440097862
12136883968
7944294265
11726375911
14990132413
8075247619
11932165971
12459161645
6937799529
8266203519
8035575345
4204540370
11429602431
8667599979
5137814535
2236019870
9304089848
14691189442
14268919265
4645421401
10356576507
13045970947
10613072455
10438644766
13316761468
8644470131
10128113359
11550986042
13479127994
7355177952
5766232249
12506137589
14640314419
7807082020
10368103492
13730656375
15858393329
10791392801
7533539415
5323015802
7886100259
8184036151
7844508378
11009643804
8200675135
10865718764
9993944589
6273021016
10172395167
9889578885
5762246466
9568202799
11593047221
3320260187
13959085211
7629872280
12827642619
8722142749
5174892213
2147865594
13455926112
