11690096981
9224397196
14754846235
9592998110
6260258140
7107241596
9324463262
10716623611
12645403815
6258566163
14386379160
12234032922
9730388709
7472814990
7383741468
8581691892
10350633817
11581671907
5018961413
7749369416
15778495468
7625366698
14033870704
1309533288
9336483222
3289435747
12650884714
14090834458
7442565064
7917963924
10714862354
9368154194
14366755782
11343797250
13629805034
13067676652
13266666784
8946460213
15075468358
9145891788
11094795219
13656920621
8790835212
1220460634
2937954855
8750569838
8818766391
12104034207
10954034489
9392558328
11259726994
11315556729
13079089167
13288386459
11096364839
12506970258
15017637951
3657244150
4385883258
8607726390
6507795280
7393982884
11374868524
9853485237
13851403061
14071745648
3655338798
9677034912
9238231126
13806013904
10452528623
11085213244
8935477493
15153481795
6052244055
12581800469
6864904292
11851688998
13329076661
14186269560
12793309235
12208367292
17892329616
11363806764
7636837570
12405050493
14411229443
7000664705
12144494922
6604112624
9655246739
18889904777
12477544196
11876893008
7721267106
10183060616
7811971197
5520557720
6339472071
24145612699
12842420587
9796252382
8570127830
10892582338
5631923777
6405701333
9414065177
8117720094
6029579585
21178139870
12297734953
9938157161
15545597038
8304392646
26260609662
10659772872
9188018684
6838519143
10159194962
7490243849
8191161816
6540280173
9088586223
5516057644
6756247104
9517926180
9036692868
5963236720
17526641350
6988701856
12560194373
31085298356
12698620799
9219006871
11307485412
11120043683
12688108154
9458799386
8179615247
12602603345
10139049109
14062137244
20891128355
6303794558
8954092511
10686249150
10819898483
24815100205
8833802113
11075863264
9841898548
7262489787
7269774983
10335584677
8614259995
15448652432
6408057577
13436788641
11173527874
13804348235
19548505056
9366435082
6121905600
7796050890
7003091293
9232412475
11088822381
12899722307
14424490954
6688763582
18956720387
4551114066
10827432909
8825454788
9440727168
11004481592
6224289023
12954690382
11361623189
6237319081
11850432367
11156670343
10436005067
9779351629
9133236993
8413113226
8154536202
9648590360
9053184197
8756581415
8232804870
7015062275
7319174714
6817831925
6388374238
5994732395
5665313176
5394226167
5108904092
4815915100
4543911416
3679407583
3995978093
3715593531
3454556372
3213255039
2990811275
2784062848
2584979025
2407186252
2235378522
2080796623
1927524485
1804589918
1679353265
1564411913
1468039178
1379390768
1319762637
1236816551
1145973375
1085717096
998569704
940689868
888531295
819625848
773324693
721589243
633949398
615796128
587755370
554277908
516987889
454637320
438322972
436770499
408372902
365091164
355776221
324628910
290914759
268738529
145444770
128875493
65702596
46109514
111730792
168704806
43916787
30875428
150252600
134843444
16716237
6270339
114771605
41289289
25640195
59957200
33569710
41741732
13451349
4868076
53949396
57070743
10703377
30560398
10806440
34312738
410128920
1626664503
1607725356
1558113096
1488442004
1462178912
1406593626
1371133643
2521718681
2738755267
2991298697
3435194693
3822027328
4230619180
8235739414
7806646091
8152966396
3696723868
7592015453
3541773619
8099358293
6004612174
9970228494
6457483807
7494032324
8939953982
13164858413
6836516022
12278509248
8634396987
16120672532
10483921334
8780397906
10802873029
9366428204
15549869462
6612218604
12166250769
7955153382
11625346110
14909936846
8091261690
11972710870
12491844525
6939758410
8376735356
8023783271
4297817978
11298502848
8624596032
5085506057
2292322001
9393943818
14808554790
14375575910
4568971797
10426598924
12993172151
10571936148
10302449528
13327088846
8688653232
10034926042
11541684285
13563279272
7428737694
5737149040
12581057735
14670195932
7806946170
10400558759
13807958900
15939424340
10743319843
7633185799
5305930744
7861404482
8093543538
7772331201
10939065398
8124558638
10970025506
10014339676
6362396673
10157418024
9880947433
5803824621
9582803921
11642926980
3281899349
13910044194
7531743393
12835119764
8785658929
5174197865
2108750817
13441526730
