11679680064
9226202510
14760354609
9617835405
6276879694
7107819875
9316036413
10717267985
12656031379
6227602781
14386502880
12217748150
9737674043
7491382682
7368045906
8589425293
10337060875
11617389017
5014902094
7734461772
15762724352
7638044012
13998553883
1291530716
9339303760
3256653220
12645381641
14080900021
7439109040
7927339815
10694224989
9361563155
14355225636
11325486321
13626552566
13038150507
13276203520
8939210850
15057053835
9147152538
11117643278
13666704325
8784952341
1239257725
2920397707
8747750238
8827190826
12110244168
10947425412
9407408332
11265751031
11325409704
13062914510
13292510359
11146146611
12497482888
15019932369
3627620084
4378016170
8619059411
6508642266
7416608698
11389549630
9871336694
13837138466
14072979402
3670202485
9682545669
9218832320
13807745517
10461005089
11095953984
8903555227
15117731026
6022726640
12562859636
6870478966
11867296435
13325008794
14189827388
12792725797
12202907206
17872960903
11366007535
7638099025
12382334964
14388679855
6993457591
12129968859
6583068784
9671193588
18859580683
12473664850
11872099890
7715174161
10183704987
7817312067
5515130643
6337118370
24069308629
12846598232
9782112562
8573424244
10904636403
5625225139
6392097439
9412266406
8093733424
6007479428
21135427572
12280015569
9941734260
15555396478
8315382044
26171605940
10654574863
9189221977
6862508347
10171242446
7467281105
8204218035
6563579674
9056168495
5514176960
6723564809
9512170988
9019439678
5971024199
17509618441
6979419335
12523978741
30999460909
12665595821
9198387775
11311034404
11090169276
12682323761
9456945830
8172240971
12606988865
10149825486
14056180210
20856458788
6324608128
8945522986
10682343628
10819442520
24745579527
8842320807
11055642668
9848998097
7254876243
7285937827
10353626392
8622600470
15455450741
6420950834
13474887557
11175478327
13794326794
19536786090
9373111054
6135265958
7779951307
7017029718
9232440043
11088293460
12888761570
14429932858
6673952582
18976329944
4548059980
10837686355
8823515339
9396240864
11011599235
6246846995
12990948048
11374916415
6233712870
11884410438
11177085139
10406706116
9787981851
9149638704
8431819690
8134539024
9685609438
9073688389
8783020002
8245198002
7030513718
7397424001
6898072917
6458926055
6064371077
5734120595
5455143015
5163811457
4875390058
4594307764
3686027993
4043745510
3759897830
3495999377
3251166820
3018647338
2815005587
2615955247
2439486754
2263087647
2105494503
1959160965
1815082785
1698737731
1554963750
1485126230
1396255216
1334732229
1257378248
1156731640
1087892968
965559345
952039662
894472240
816696104
780118381
723228748
674726228
633930512
590059337
561206651
515438266
469491467
455606313
432354084
405361386
333083156
363603804
331693792
264834671
288008427
147072912
107049682
112108108
39904648
118587873
156163912
30364968
34313051
143247352
146804800
6552555
7994862
119470732
35881268
46246093
71207949
60899304
17481557
5626087
29588385
53674205
62294203
22927999
34368253
23521897
30461462
463152480
1680355062
1655458300
1577024175
1525038135
1490295051
1441478803
1429556796
2575346307
2765131477
3036922422
3481356393
3829622880
4269181845
8299486477
7790972115
8140920363
3671471207
7593362995
3511721862
8102628134
6009313549
9995642959
6468236705
7495445782
8971755878
13178941896
6829851971
12307901446
8624816741
16138606711
10485816475
8765081866
10803611255
9351585692
15509250261
6637407380
12164818098
7950950185
11612957876
14923661258
8095438454
11952207405
12441919850
6951838267
8391876428
8022898267
4302444020
11319549752
8633441482
5093853893
2296891937
9395236663
14795720760
14354699231
4581560299
10410246317
12970088665
10579668400
10301820020
13312031676
8655681349
10024222908
11536116341
13553338844
7419477187
5734781829
12574593472
14661839437
7780052471
10401322264
13797353293
15940950028
10752694988
7638373432
5324455682
7867335113
8076350247
7777956899
10946871587
8112554076
10979595453
10016148681
6361688748
10136609239
9901567589
5808729006
9552965660
11620006210
3316342903
13912343209
7564378189
12819521739
8784053082
5165995449
2090978106
13438310482
