11639440003
9225256692
14773865488
9570534738
6294739334
7090226028
9280653090
10685013678
12648952372
6269437134
14409478755
12237411722
9753609194
7463057234
7447382156
8575761542
10382451571
11558316898
4974813398
7711395924
15760294322
7589754822
14068659450
1313524043
9316967463
3254585833
12630869407
14046588881
7449653103
7899238329
10736309292
9337015592
14405880645
11338692522
13581730512
13096580259
13288243921
8983266242
15092443767
9126647260
11100720548
13676745981
8819625327
1238364195
2943553645
8810316938
8846471319
12110783388
10959735628
9407520123
11237207059
11299435967
13111070896
13288775981
11096110804
12529705434
15040073774
3687800764
4362932119
8538748747
6501135519
7432441658
11374583296
9852053216
13876702680
14186119013
3658999748
9652557570
9235549139
13830266878
10420293208
11084921479
8934466108
15182433820
6054532797
12549033604
6864123357
11895647382
13328906198
14221329404
12830593648
12212553067
18038758071
11376123725
7642925198
12352021850
14394422506
6961703986
12129588184
6611846712
9605625280
19037685013
12481156626
11836534355
7693919305
10182729290
7826999785
5529349425
6382327010
24413973671
12815378602
9817125719
8556061812
10923279655
5581564723
6434192854
9444169329
8123860415
6030927217
21342031377
12370447248
9989794116
15550279623
8341190446
26692178158
10658780154
9155254387
6817635032
10201403746
7475061077
8138584074
6511800351
9134809189
5462269349
6723866710
9533342712
9026452106
5960248382
17668336364
7062573989
12579192415
31475814174
12668128040
9180379280
11290782119
11068630969
12722810887
9447390224
8199955329
12582179053
10147070937
14060627001
21082828620
6352482847
8979958183
10708807176
10834897636
25000146396
8887502216
11081731958
9797024189
7273555925
7219712712
10329202937
8612303254
15401462775
6429745967
13376687712
11191219781
13794206681
19547740729
9382958281
6061109720
7769554178
6998274272
9236513383
11063939074
12920318084
14392889663
6672061825
18914962786
4561221974
10865528122
8789888825
9473289309
11056899282
6208821961
12864076479
11329318774
6259199780
11771632305
11087776069
10419747744
9721217525
9038576451
8397252809
8174617510
9505199967
8974739692
8437077942
7925872124
7039329179
6972500169
6491631897
6084820086
5710907570
5398106339
5136914955
4865341367
4588530156
4323533128
3649856976
3806734249
3538193204
3290974991
3060251231
2845192127
2651230780
2465217536
2294678008
2130846610
1979371471
1841647460
1711706179
1595601855
1483737892
1396802750
1324941105
1239053204
1183553345
1103199150
1027745586
944465468
893848848
820300346
770756155
737727114
663644412
641250666
589911651
555424632
530687245
500146686
456105738
436751797
379326737
347985246
332360872
333818348
287826063
282226960
266028411
144644332
132974330
41688677
31075863
80372126
161337985
35260632
58169240
140870645
105054187
29407587
49980815
113344270
71361753
4614171
26614942
54798878
50577681
3878325
39782169
55937669
37791499
12501283
24434673
32692978
16764015
154513060
1398653544
1377304785
1330831875
1289463097
1272944804
1231892843
1188487438
2318185713
2570144203
2865643057
3267404683
3745735106
4130308591
8124411910
7791753555
8013150877
3671621449
7520468807
3547149567
8041017428
6006357971
9926765306
6454914852
7467268265
8916254192
13126643743
6838020180
12269849247
8603926473
16054883811
10461584784
8787446660
10850620740
9348297422
15622179787
6632382557
12133170121
7913385119
11576114065
14949506230
8054914018
11958109386
12475866799
6958782473
8399806106
7993051696
4266305806
11268766164
8632586659
5104747597
2272075983
9387771575
14789766268
14384089683
4599530112
10436279358
13001512854
10546102278
10260656863
13318445950
8674366627
10019870268
11552682525
13492873029
7408982219
5799535095
12516510252
14675523900
7808712598
10343629040
13826906628
15923433853
10706553127
7552114398
5350324753
7934127132
8076220500
7787549334
10961322429
8097553309
11008035971
10029696259
6359193039
10147464229
9864720209
5797448968
9528996455
11648904542
3296551667
13905576948
7505704256
12838348579
8828981307
5249809123
2101354987
13402897623
