11662516831
9220639647
14767298115
9578848938
6280911440
7094870702
9284944801
10685157531
12639433075
6245421436
14392597574
12258707317
9725718139
7449635065
7463843748
8565419646
10379904301
11558383369
4972789699
7730775173
15759407901
7608707770
14069804245
1301691505
9318615336
3276812388
12629608844
14039561934
7431898367
7893369090
10735959677
9323913276
14382326331
11335161268
13578695302
13106061567
13290102427
8976033113
15100296090
9108914341
11111539463
13675180486
8810205030
1224324489
2955110878
8803189202
8848257728
12115448888
10966706576
9385034676
11244966948
11319816184
13091809338
13300217176
11104230127
12535166792
15017298778
3701323784
4363029820
8543380083
6499442970
7411311849
11351907402
9849559843
13888333659
14213599055
3643072104
9638060765
9227550932
13827129333
10406153320
11086291352
8938932047
15201969676
6077304859
12572750377
6883429044
11876157439
13337052650
14229437682
12834396094
12216208615
18086816444
11346354233
7641796920
12349516627
14400990687
6978644456
12114383938
6628346316
9609981625
19066055417
12496085356
11839787816
7688816869
10174908663
7831558395
5517142764
6391743595
24476823701
12820391579
9799562316
8561210981
10913973614
5590479109
6419925735
9452786082
8116186111
6030948129
21389210460
12365657848
9980242315
15571213399
8339804695
26799480079
10689297375
9168442951
6802707990
10209773887
7446887685
8125865270
6537759312
9132394755
5442980081
6714499787
9533502702
9015987744
5958934486
17690122887
7075676816
12579860857
31565436695
12678347199
9174317446
11301603353
11072102093
12728638847
9441302727
8183328200
12602073792
10140661692
14040284288
21118357337
6336128243
8975839837
10718688958
10848117156
25046939742
8891437689
11077602649
9780443642
7264624416
7213338860
10325893663
8610764531
15374279997
6440256304
13382522579
11176523243
13832709052
19549967161
9395197286
6073282957
7750887607
7003198586
9232803106
11065996946
12923056228
14395557810
6653573192
18877394544
4544501094
10847190537
8772096468
9452910509
11082898130
6208224100
12825460196
11329933880
6258045122
11743687374
11063786077
10389574050
9696992605
9030234586
8387384508
8174402016
9455597921
8916086229
8354124292
7848097228
7046267547
6901182798
6427152587
6024440071
5652129668
5343076979
5084919720
4814884284
4544868060
4283858608
3668793742
3768794236
3503670192
3252712958
3030686581
2806006152
2623446698
2443840715
2269758838
2113355853
1965053391
1817881229
1693773744
1574079832
1460916065
1379897225
1307237279
1241898102
1156891276
1093508873
1027876091
954383609
884192526
805886919
784942043
721397529
638006197
625569458
590802510
557244694
507502324
487582728
458161456
417293255
394264211
321816589
323917688
333353857
274897955
292979667
259014856
143422654
122105500
45845709
39567524
59805850
169164747
43408634
49570557
144772466
95811020
27320843
26231840
97930959
82851606
486939
26403295
48208138
43570937
4377357
18056954
64490290
40213004
2235238
21112745
12597995
3104922
87071546
1349609744
1319082900
1291984287
1260776825
1228589998
1189036666
1146007276
2278413243
2536969727
2833279550
3243902183
3716945197
4095759711
8096412271
7783071559
8009631792
3658528359
7513511830
3555776140
8032063972
6000005292
9913148392
6479367358
7448895335
8924095069
13109511443
6831217057
12273061306
8601048163
16029784061
10490023848
8792552698
10839529463
9356138256
15631723592
6648209148
12138860763
7906997001
11584670259
14965977928
8067129086
11950400762
12491511687
6979623852
8416976605
8005031943
4268814847
11281603458
8630958022
5082145630
2259400563
9399757706
14803933915
14373442214
4612025115
10435735168
12996142301
10548139427
10261827781
13298055793
8665924137
10039762993
11553145822
13520465186
7394893419
5812986301
12520053823
14667339900
7807477745
10380934028
13831467488
15930715038
10696351727
7528231094
5350257640
7930516959
8070027123
7785813465
10970113692
8111818842
11003871490
10028561207
6361080337
10120728033
9846228425
5786645075
9524330332
11635067907
3282114924
13902348576
7498827781
12837592278
8820911916
5262795428
2093859467
13427110814
