11680958084
9228329187
14765763349
9618360375
6277660759
7112647401
9314133935
10714336220
12651144710
6234352945
14385500554
12220760933
9741854839
7491888341
7374304488
8588994031
10338535106
11617593332
5018785138
7733047757
15763944522
7635207941
13999254773
1294613901
9336508382
3252280803
12644723461
14082336311
7437626233
7932244663
10693074525
9359626829
14351448617
11330805647
13624787028
13039725144
13272050480
8936235783
15055132349
9147310015
11112633688
13669206417
8783643805
1240027042
2923376009
8742378542
8824820557
12109087337
10948725897
9408819184
11265608442
11320723685
13063582981
13291688572
11148213297
12495849012
15018323102
3628389733
4375782539
8621990664
6503942538
7412819475
11385478032
9869956527
13835175870
14069129517
3668094417
9682935046
9222316692
13809034634
10462611862
11095551309
8911540615
15121788499
6025467250
12571247569
6865984579
11858828240
13328769455
14187228775
12793974874
12201568978
17872885546
11368188064
7639049227
12385362249
14387440238
6989402023
12128866053
6586778090
9668856158
18858980602
12466713910
11868021234
7712464243
10182909063
7811939307
5507351479
6335088052
24074055940
12852142239
9787346579
8576038409
10901543220
5621107655
6392352114
9409075938
8098692984
6010617816
21144427946
12284171013
9943103912
15553380073
8321435457
26173723891
10653919784
9187117752
6868110578
10169128813
7475229925
8205115228
6556076269
9056966529
5507918517
6725794956
9512147092
9022649176
5963603461
17510957342
6987987245
12524252406
31004199832
12670821888
9206415632
11308012112
11096853102
12682599475
9454951284
8172466183
12605775411
10142336556
14055539892
20856697705
6319630965
8944314338
10685221624
10815630357
24752384336
8833535491
11058974017
9848921432
7250474901
7289438080
10350972927
8624478729
15457181598
6418533100
13468478870
11176220344
13795877458
19536836018
9373819221
6133678212
7781965101
7014589008
9226545095
11090226349
12889596821
14427359940
6667420257
18974538560
4548319740
10832499463
8829631602
9398411160
11015320069
6244903626
12985972724
11378254548
6239521808
11878954745
11171985491
10417546497
9777785415
9149304120
8429799997
8138409934
9683055566
9070214370
8775053214
8239595251
7031829951
7394688527
6894464485
6459916699
6058440622
5730091413
5453954507
5166000473
4872363435
4589196236
3680984588
4037581208
3757610971
3493710470
3250440343
3021919291
2813370302
2619841177
2437770250
2263388368
2102533180
1958257572
1816194485
1695823184
1557960182
1482502862
1395532843
1332185502
1256564757
1158877125
1086889463
967885707
958192629
896172678
821004320
784663505
723503777
674371232
632641925
590615842
564100938
515989545
460294330
459049553
432582018
405918131
338958109
358007088
331520363
267108477
292056817
143014283
113482628
112567110
41723058
114531182
157656509
27936112
36327515
149509920
147924769
8924047
1902638
118024538
45364406
40434469
70253965
57435113
17370491
12911000
24693965
55396373
63533223
23961787
28446423
30365342
30723103
456216908
1679228950
1653515780
1576837937
1520310606
1488025582
1441858782
1426444206
2567687428
2771011619
3029068392
3482757066
3830098651
4266366801
8297649072
7791488393
8147157339
3668637165
7583932753
3507287385
8108224232
6014475580
9995484743
6469882541
7494341820
8972784044
13176988044
6832209552
12303688845
8620654279
16140498638
10483489564
8771701171
10802483118
9349641259
15510197637
6632221221
12162898898
7943482526
11609899378
14926138650
8090600190
11949915676
12443566729
6945862552
8388035735
8024414303
4303857771
11318265003
8628649804
5098058722
2296653393
9392182161
14798397600
14360850776
4584120858
10410055367
12969345410
10583466363
10296707049
13308880691
8657777782
10030489271
11535602021
13551968005
7419951499
5730896628
12576053125
14665949266
7785450557
10398767604
13791004752
15946284122
10756844758
7638618130
5320685147
7864419698
8078982925
7774924057
10945566375
8116670852
10979046647
10015433867
6357980260
10138102159
9903803349
5812687347
9552658360
11616311376
3320480885
13908735324
7565587456
12814080377
8783229652
5167422172
2086285454
13442587919
