11795377503
9089577573
14918872018
9663330067
6357275852
7328851610
9378880691
10757561511
12720773644
6134487119
14239752041
12291494687
9923925634
7620061029
7387440347
8773621465
10132211177
11430790707
4936374159
7855194478
15737210216
7550751997
14198976535
1365429662
9275954050
3193107846
12594521850
13952928021
7454165017
7866609664
10728183943
9377919262
14383794452
11142927509
13546251634
12977055505
13388900778
8997184766
14964578703
9112591015
11142826612
13718080964
9012397419
1214563472
2786308560
8823882604
8679760941
11875912682
10797257149
9220896697
11229194994
11304778269
13141290735
13273605887
11124546769
12401135207
14799187842
3482702944
4605808069
8552264132
6725747718
7627688374
11574653397
9697843552
13516797797
13653563786
3536737688
9624860137
9178011494
13377002377
10441388412
10998580519
8814656220
14406906589
5964881762
12423530452
6937506174
11905357824
13249202267
14060688676
12731511321
12008642638
16850811183
11239434470
7538469429
12390143877
14361350018
7013111549
12135182816
6672872937
9519543168
17554516157
12539035101
12052065303
7588150941
10205577861
7663146393
5552158849
5986129324
21708199163
12781727494
9589144053
8463692236
10827004569
5674971794
6504429388
9513410638
7935063269
6009074874
19674449619
12158390290
9962159296
15633626486
8300930633
22193854850
10771448632
9043772678
6721742983
10207337454
7385356010
8257826454
6459690375
9068030568
5773485239
6765036401
9994870714
8838207070
6003270846
16503966345
7131070365
12625814872
27501370274
12782193553
8972774055
11335813555
11121815183
12614141290
9525648902
8090301464
12564530937
9916112304
14101520570
19522914799
6338964312
9095319644
10684091619
10518842029
22695026440
9027078246
11079879871
9912398441
7215314955
7425080894
10647025319
8695993196
14933386742
6493833385
13626535466
11159797373
13890917793
18914793389
9622268432
5903599914
7930804326
6983494740
9275599697
10956136769
12850028333
14513902866
6846849383
18982040593
4531798847
10793451047
8876828972
9538938181
10977130640
6457783712
13194846865
11353937950
6448671218
12881173741
11889945515
10394086977
9933390408
9185136277
8447531469
8727374881
11092879291
9204622446
9851997802
8529361763
6978085743
9605178359
7220864468
9511763805
8932085439
8447780722
8035037269
7419655389
6488061433
6765630100
3653973230
5923151934
5113214299
5147133218
4739085980
4434496898
4128296207
3728819126
3605770948
3370938309
3123032552
2915299420
2757696331
2545412006
2445228613
2329265144
2270281359
2173456961
2240414768
2104892392
1959115272
1835489124
1715557211
1605037086
1508500111
1396898306
1306072114
1216909938
1135740676
1059541821
1007440648
939628721
886968398
821242160
789650982
741850357
698388705
582941921
564587740
539589328
512818253
484399389
272708451
417189497
384636071
370957498
331395664
308847743
297751078
260313017
221147079
158221675
215620180
22742938
198631092
158815794
11277018
60494707
110726152
59779713
21642199
117394344
84269189
116357382
105875671
102825203
686465274
2477903504
3256753057
3194892686
3417575524
3392915383
3346638735
3269435733
3179384145
4514593788
4386020361
4391154365
4705067194
4867825593
4820534834
9415404740
7863389519
9338155734
3687173063
7632992435
3438212709
8438107820
6253955248
10312988699
6465480689
7588556825
9095214622
13333535204
7028818360
12712593192
8550008150
16345280920
10491169642
8709584242
10932862564
9467901744
15478336461
6248032257
12324534791
7719036676
11806033881
15056955703
8034567905
12054883267
12095063199
7167237439
8315281427
7938293554
4356543763
11543550207
8660818582
5196829157
2240292054
9287160398
14848365401
14323880496
4521047747
10325739627
12900018589
10544892302
10410887319
13187985868
8434014849
10057614133
11599560518
13384763522
7173952494
5827425871
12538234702
14682802236
7855208918
10283941503
13833979205
15626002922
10885810352
7462113443
5377787828
7907006575
8254595400
8015360308
11141049121
8084889362
10674372382
10132031130
6219849031
10316281305
9872958083
5807684604
9440181044
11677377356
3381442138
13980082384
7692404216
12909128382
8621523753
5191355391
2177960417
13410024249
