11660530079
9231307466
14774897009
9611239046
6291269391
7090917713
9296453826
10707234640
12628970996
6217252654
14420470826
12260676246
9722335647
7451951740
7460017592
8579746009
10389116477
11542661085
4986409527
7737251037
15759247348
7588834438
14081174624
1304999812
9310799928
3273568038
12634788060
14044027211
7454742719
7894801749
10750705744
9306350642
14376398093
11337016168
13571034187
13076557698
13284194503
8949651371
15072770808
9126545834
11115916637
13655609682
8789980401
1200750692
2925044473
8806230086
8848781088
12118924711
10962011107
9371959777
11223409524
11331383144
13103400701
13302420064
11101089952
12543419329
15027878390
3691021902
4364836047
8557616430
6530556936
7413093259
11372207366
9860440787
13890150191
14222184583
3635459481
9632814805
9222049992
13830108775
10429599747
11082946853
8940898013
15213862292
6077641909
12576358335
6877572422
11883282462
13361729766
14242381201
12819911314
12232999642
18113157547
11358016141
7659062641
12345067211
14417597008
6963234149
12087980282
6626946269
9599390727
19081025059
12507390860
11841164173
7693184687
10172248307
7839466116
5524235876
6385833002
24556490740
12817524640
9787178061
8535313568
10928546836
5572713256
6406536323
9464372314
8115971363
6015651248
21409075067
12399510737
9984008528
15582025835
8335300538
26898856497
10702385801
9179582728
6797442127
10210666470
7452108846
8126663648
6523824606
9112824241
5428143741
6666827447
9530187151
9011660482
5984174599
17733372860
7089426729
12586843911
31653531865
12660802781
9161862046
11317081444
11087101901
12723171969
9427855148
8153371655
12617202238
10126773406
14045965023
21125093299
6361078164
8995278671
10745264066
10831069019
25101374636
8904968636
11058498162
9779875191
7272784793
7197440852
10335697310
8604726879
15348436931
6468488080
13391150819
11181296499
13828490910
19566749511
9402507810
6102862060
7729276437
6980472930
9230383385
11079990390
12938608184
14395441016
6667308464
18859114931
4536141705
10828642619
8807799325
9453002564
11055644665
6204417426
12789355241
11316959562
6245442905
11716259523
11032920665
10377379357
9679280294
9013987640
8375488318
8148146655
9422999008
8816024675
8259271013
7763349114
7058355267
6832507218
6361499737
5959265019
5593727591
5285368137
5031437706
4765654182
4497169005
4232749167
3683473997
3729433068
3467197604
3221832229
2999407788
2789959376
2598134416
2408110331
2248213472
2091061481
1943808427
1802723885
1678974671
1559828916
1461910827
1371455981
1296697071
1225198697
1158213384
1085485622
999687117
939878754
885509645
806487944
775070916
708430859
619791023
612517637
581284684
552858839
515744069
475105890
445540733
410854765
382709910
308940585
300184641
303742908
276531504
289492710
242065137
153740927
116996844
31425428
37367152
62251016
170638457
63326899
67453838
144930189
76244794
52789266
40694286
93912892
98794839
15045033
29373563
68292730
51295933
20358428
96860
66517732
44842220
1003595
54889350
4419879
4361630
39353820
1288548248
1270961230
1235145466
1201717410
1171961608
1155398707
1129627851
2251660341
2503013859
2789479097
3220310572
3717259212
4070158121
8088341057
7780831864
7960955550
3659200839
7501862683
3535624454
7994151855
6031161108
9911066691
6469406891
7437650039
8918474138
13106820862
6841347433
12256796285
8591878357
16029541303
10471820720
8797872486
10868862284
9359017226
15633139795
6659485361
12132043194
7926733211
11597226762
14962836197
8060887923
11957078718
12504226385
6976402127
8411601560
8011120050
4254118954
11289140090
8614011623
5098402714
2262814659
9377329135
14813534633
14368904609
4606396265
10442907056
12985135876
10549041025
10240959573
13306678518
8673649033
10013089068
11564531058
13528712632
7402314248
5823073054
12516057816
14676651487
7812891439
10360465846
13846673563
15943716130
10711982795
7523211005
5341382380
7905998663
8077860229
7780208502
10979346083
8116715944
10984473788
10023455082
6358435904
10106843693
9854504925
5786556561
9512499220
11633949176
3273866355
13929895156
7473186064
12814423042
8847530532
5254039299
2066800949
13440716692
