11760536734
9188426994
14863730203
9649621167
6374089249
7223567319
9303778746
10578265032
12734174547
6131472903
14305381943
12249561918
9782002540
7606177881
7457571773
8756595958
10312151830
11544610893
5013092510
7724958536
15777867955
7625629683
14027484208
1250684531
9417112275
3112387561
12627429005
14072048672
7404051901
7921500259
10750404229
9445116623
14251971767
11263282377
13513742527
12996708469
13294977522
8903448054
15079070684
9053094467
11101900070
13744220793
8860368618
1177946507
2754221970
8797715926
8683958808
12044029401
10916594999
9323664082
11267857848
11404430333
12958659112
13228552602
11171086615
12422671321
14809214781
3555383846
4571022636
8480151714
6764046146
7516275317
11582958190
9686695353
13664387427
13709664588
3512524142
9715007767
9186692728
13627468416
10386522556
11058006522
8810544303
14628672721
6041040942
12453444997
6917008661
11856378293
13342136926
14137357035
12743191474
12061335015
17228866521
11319635284
7592707121
12368982030
14401484893
6860059934
11982877138
6568052922
9499955294
18069926955
12445866739
12035986030
7630178554
10246673380
7622332716
5543216803
6089375676
22535463758
12827717714
9653750121
8455532836
10905821167
5518815959
6497635270
9478868491
7961197306
6133555880
20097366608
12068340974
9951286710
15655002921
8353234954
23486126677
10748996424
9099936276
6785706451
10186996565
7417257239
8239485023
6481817011
9053338427
5647885348
6750499662
9739380216
8860056113
6015861807
16933479514
7086449343
12515951149
28793911991
12802987748
9143547205
11375994995
11133193049
12690550202
9553788138
8015397869
12621884278
10005618755
14155531931
20168699778
6365746035
8874481960
10695203266
10686061573
23411632035
8982183068
11149318282
9953632783
7210487640
7373590044
10550007889
8591234625
15207871216
6505342627
13656237695
11239586173
13946859128
19288492372
9523686127
6082907574
7854076023
7093130821
9189871959
11034038864
13040651067
14560456322
6879216793
19137939445
4619953981
10906005851
8791564640
9393702487
10969989971
6396320692
13143982305
11441173810
6427022611
12545211245
11811585264
10433906491
9804601274
9205702680
8401051634
8526942801
10535745567
9168642730
9391624409
8619762016
6896850358
9164869766
7360746179
8533199126
8013651902
7575796502
7206651763
6829776381
6412793174
6066683404
3718582407
5344755220
4958086867
4615691612
4296594055
3998844854
3707390897
3463829100
3166246519
2979963817
2761950647
2573249745
2412179751
2220496367
2094430094
1970949030
1854797464
1760557038
1598579180
1557568854
1453477843
1329525467
1259638846
1169068808
1112883590
1019826506
854871143
824871152
811858946
777661751
747631807
692496053
637765903
598004737
578949094
550315891
452673659
471395621
403992528
363091999
309689450
332098257
184367302
304815081
259886884
248831078
216296986
182605045
185083479
198923860
64668801
6503858
4031587
141537554
131971977
109032969
113601135
92404493
87596892
58522385
79641929
79037409
67071827
62299350
49824973
73561735
74438998
1724618053
2784637419
2756973572
2728804237
2692060644
2628185971
2609606644
2578983172
3723763746
3878660337
3999856657
4177358275
4502549177
4583381924
9017501440
7754347524
8928423962
3594813454
7672292966
3385095692
8247306449
6146446293
10194049976
6566149451
7513496637
9209995154
13301287995
7044843046
12564304793
8579164492
16202283210
10458823673
8565189110
10871896974
9469699344
15444642911
6345404697
12146426086
7882118205
11858800323
15003728123
8094631605
11950938519
12267595085
6948087143
8282755105
8083747680
4333568903
11482830011
8699234447
5078574120
2273038519
9309856985
14828524492
14303390955
4599188993
10250578043
12990453246
10637460543
10381977801
13282735884
8610566382
10038350242
11583635309
13497516475
7247542203
5790979883
12502508083
14620545836
7869974152
10286320017
13830916421
15683464804
10709398132
7468096698
5307928301
7752837566
8264612223
7897455856
10975930127
8136115766
10693873503
9938034966
6348627967
10141025398
9892305489
5719001603
9526164921
11493369394
3433854319
13971254394
7606678441
12848759174
8598822749
5039338092
2138185088
13391554772
