11775048843
9151485511
14790534713
9619602422
6291933909
7274662201
9278152527
10636491162
12686305594
6200029125
14414381050
12244735578
9761869762
7562075490
7362928134
8612039786
10327731819
11606375448
5007481504
7594087374
15763415451
7652658895
13957397852
1265721821
9367449049
3126442729
12529548377
14066576013
7447397068
7901066050
10750083719
9291284647
14280293688
11344654761
13587089280
13027987022
13276402088
8954646555
15077176608
9057928776
11036811039
13680262617
8731466130
1284726539
2841330299
8772979743
8757014864
12147383392
10861159818
9348095937
11288504956
11364689119
12970521970
13180134954
11174095967
12513881716
14882960769
3585616643
4440048884
8600793512
6618931849
7489748996
11552171364
9843763375
13691165534
13921156736
3634565138
9718448811
9234769690
13744047242
10321772594
11097335376
8881966832
14887173198
6080435310
12483987000
6832126840
11902811945
13395329410
14209385345
12733302096
12177670937
17459199924
11233224341
7537612951
12409853428
14358199089
6946802260
12067140464
6529116106
9585267391
18490701695
12442342880
12012076110
7605764743
10233577198
7779108959
5536695496
6197050245
23378113816
12840313704
9721146485
8543053922
10870261326
5598342884
6389048040
9387192143
8035038669
6127430630
20643777100
12263196836
9930387740
15618680701
8337290272
24851864685
10743437857
9142193023
6811642349
10254294420
7515072900
8101468963
6499759890
9051556073
5619552000
6804002548
9602580171
8927747017
5948433221
17253782034
6956879778
12566065544
29934096630
12753756055
9108169044
11338483711
11089123683
12594214816
9434029818
8093693271
12569637855
10118827527
14055404775
20510942319
6326076072
8975465350
10630868483
10793752244
23984183442
8954308800
11107852369
9955800373
7222933894
7387400730
10382425994
8637433112
15345700473
6482767282
13485032386
11158237918
13910637774
19437136908
9400598485
6112556210
7816889924
7095432438
9130105633
11154137836
12952136786
14557630385
6764924325
19061049619
4589288925
10852035176
8853919023
9344770179
10963033741
6363910998
13082547015
11425941571
6311982877
12238958700
11516648817
10438250187
9765683772
9180639244
8442698983
8291624499
10085130537
9049971295
9053101513
8566165130
6973074181
8464656448
7388517874
7461000685
7002556441
6616166891
6305816245
5971083122
5626061317
5309434075
3722504329
4670076739
4342452133
4019661398
3747169133
3489255198
3224242052
3027028907
2802252260
2613318901
2426938917
2245476617
2108951560
1951366996
1795910715
1722349355
1601047794
1540312560
1433081427
1310990335
1256552887
1182552053
1103599200
999654022
907998093
893278082
733052949
700313358
685787004
655312871
591665224
587888867
510429108
538513163
501909637
431129676
407027840
403663746
387132857
292419133
313988213
179793080
157361452
141812701
135996344
117264188
223757175
104324384
140524930
181654665
46136689
36466538
5596432
30782761
34141614
49046951
99374910
93952585
70865331
50897962
31026731
76367623
20205889
65836392
41883741
63861623
49178649
1150078602
2276843549
2229009048
2128823419
2081988592
2020275473
2017481762
1973788109
3273656582
3397134473
3632190732
3710820077
4200433791
4467719021
8667515932
7808109084
8570847341
3621912660
7724066766
3454177612
8128461324
5964744019
10033757215
6563967424
7460214482
9112289257
13207411342
6949140742
12555424624
8663530275
16097738091
10383681372
8685065659
10893079467
9448992502
15481158874
6437331918
12123413257
7926718733
11740147425
15031537904
8064629327
11938067310
12414249292
6959674010
8221934047
8010104829
4253288655
11465082534
8599705164
5171201407
2276956107
9285782684
14700772859
14282199311
4634412855
10317381942
12994245594
10657574709
10444738713
13318130263
8591641343
10102206265
11553434317
13445929355
7397045095
5771618348
12482901556
14643712240
7793840171
10366525727
13710678447
15854223611
10759407562
7504979121
5301507218
7834738415
8196693699
7812646477
11024683493
8162785180
10864306138
10015650476
6272465221
10195449647
9895043942
5748017374
9567603745
11609411392
3341323883
13990309730
7614585702
12805944091
8701314765
5175786386
2125109420
13412534889
