11741812962
9173937328
14860388485
9645304806
6375769156
7225883304
9275306061
10553239887
12692970113
6162549595
14287350061
12248553351
9748992489
7615953068
7442913619
8754568718
10314212686
11575244935
5003042413
7729287473
15779998914
7639221824
14051245733
1237319041
9407461955
3099814581
12621203254
14104858513
7392481624
7890851318
10769424736
9395945991
14257994601
11273478893
13560196309
13012659022
13289250692
8922286893
15086616803
9066042761
11075605714
13758514635
8844549648
1191696349
2761285039
8768651743
8685475200
12031148340
10917052302
9283794321
11220015307
11443264917
12921265488
13245896935
11197697653
12448876212
14859921828
3568796482
4563526054
8475495693
6725534622
7530073054
11570193667
9689331911
13666574032
13747745312
3534254834
9706475684
9209362036
13657404048
10420127172
11060828508
8813713044
14597602299
6045210140
12469308364
6891681467
11902450018
13341419457
14111468932
12779952966
12077458612
17239361138
11318525660
7591259801
12346488478
14397989084
6899028660
11994404296
6574490437
9527951889
18101653676
12444964201
12049885319
7643481302
10259425767
7641286927
5555508153
6112148401
22641923986
12820769245
9633538098
8498951954
10954686498
5524348645
6524309620
9501949169
7922473834
6122683801
20117773125
12072025243
9926001538
15637758606
8350617670
23581156371
10769238523
9081688257
6786536177
10161789188
7440263831
8222233048
6484044655
9026994342
5649614585
6750717191
9767368996
8884558930
6020089601
16969592867
7090748193
12532756248
28886119518
12804296804
9120796426
11412048840
11140174501
12692911677
9539043534
8035615540
12608459511
9983167471
14132569426
20182109973
6394506082
8903927291
10684549271
10697051369
23437943338
8964621212
11119490220
9959000284
7186811751
7392139199
10525849960
8585004534
15214804691
6489633688
13648137074
11211812692
13940994106
19312060013
9523472928
6058507927
7839087004
7087671062
9195976402
11075545988
13048056398
14541639936
6879316556
19164565605
4658551593
10869769921
8811598612
9365090988
10953741009
6382839124
13136840135
11475876950
6437728235
12554739326
11812913113
10448516135
9783494946
9206943963
8368631506
8521868717
10474421098
9163337242
9321912824
8620304453
6881680601
9093532410
7362792503
8456777789
7933393906
7502754196
7140703171
6763862846
6380247963
6012164396
3694522995
5287326651
4921977234
4563880199
4247776789
3955389710
3684299876
3429120335
3192353962
2968346068
2756091310
2566395604
2381638352
2212650533
2066188507
1942452658
1845238855
1735090240
1599309478
1537642116
1436137373
1293843720
1253851265
1165509756
1098069525
967012932
844196025
856125823
803476191
778026822
734656217
695634520
616787375
607405308
569348610
538118342
434591169
450298421
399378232
383525706
304999908
344639126
195136014
293031566
246843577
223265861
236131306
166734132
154872479
204571090
50240750
4690963
15640684
147667790
129819610
111548635
96654805
37029351
66501800
63162998
77642945
42546873
78018610
67610310
20686302
74030261
47173108
1670866410
2727772685
2741305263
2696044984
2636769587
2588007464
2545357961
2570446608
3649832999
3861062924
3960684092
4147300707
4476661493
4593574581
9019041383
7807263322
8916353273
3588475652
7659591431
3388094472
8239111245
6121704199
10172508757
6577842708
7525141751
9200307748
13328062630
7056372914
12522152293
8586464901
16191605630
10433942138
8584454071
10879487493
9433693930
15415133992
6348631956
12151815885
7933105687
11824775622
14988761569
8072729033
11960310868
12267285715
6962926365
8233692992
8070635974
4350316421
11478734821
8661173804
5076662902
2234569542
9309336297
14820881328
14265654423
4590167988
10281441403
13001115786
10622864136
10409911364
13274316063
8628971855
10074202808
11541531193
13462738190
7212743055
5773956760
12493921316
14599509837
7856952838
10288803619
13821363803
15706115202
10683382331
7485931415
5318987600
7741496280
8306505952
7871204488
10957429210
8132144866
10691159220
9901811602
6343527047
10131400542
9909414400
5761559163
9534811531
11542114201
3427085358
13941451795
7583435349
12864560896
8602311739
5063218900
2164883613
13376717617
