11677889409
9258505970
14757812958
9629290160
6274597659
7122381287
9299791994
10709887689
12663911122
6236028183
14391494568
12215018773
9722550466
7485738213
7397334867
8606002026
10334087253
11609798792
4990364343
7729971410
15764647208
7696649101
13966717765
1321785352
9345683637
3191092994
12626383216
14114155142
7398527925
7936077457
10653327886
9335744874
14347862933
11317923295
13594139043
13068877624
13252752838
8970565271
15093295378
9165576630
11111692596
13646373431
8779450182
1261593335
2894131336
8756730242
8839152058
12089157484
10929041006
9400318284
11250057262
11312314927
13062979364
13255145528
11164517995
12514912216
15028939851
3649821103
4349381742
8640115441
6488404021
7432088840
11442467943
9850499057
13846263078
14041389132
3672108639
9670457307
9217825747
13801161760
10449019950
11068070895
8904622959
15093129590
6026061595
12507864045
6879130169
11833586163
13344755143
14185687199
12786360298
12221552833
17824576164
11343031986
7633125497
12381489742
14430811378
6990122618
12082721597
6562059718
9697724741
18778797607
12465815570
11905363565
7665053880
10158915279
7830907813
5551410223
6324301890
24002744140
12862977778
9775842207
8554732623
10933531802
5647480456
6371155431
9426009980
8084776317
6003354159
21091196855
12283930487
9942206317
15590595825
8303620528
26010845686
10652211300
9142556184
6866760739
10193684509
7499912833
8235033051
6559989696
9065872689
5530423511
6725054652
9541763066
9029468345
5955579842
17474553670
6978938762
12526572766
30849616013
12644503371
9190503614
11320549377
11073414593
12664507751
9489232623
8132327093
12608974577
10132961536
14079088114
20796590081
6324279849
8941671523
10674147654
10833829716
24661029059
8816822178
11043930121
9892492420
7242413547
7337845216
10358770632
8614402646
15453045031
6406741750
13452207000
11154999606
13812995267
19550986811
9383842892
6103802533
7785863395
7044637170
9183136066
11079665069
12902735419
14428444789
6671858985
18977279923
4564227769
10816670150
8809613093
9360623826
11001917391
6238327343
13024948950
11356492664
6228521967
11930881939
11267429551
10420342621
9803864312
9133641690
8466070964
8155867599
9710412710
9084526433
8756176273
8296242777
7003082990
7550499353
7032653461
6588346515
6183315789
5848145723
5565455506
5267738161
4971230077
4678020136
3699284790
4122947822
3825920487
3556488495
3318002135
3083121749
2872497917
2670692897
2466033558
2309579016
2143387700
1979814811
1860640261
1708844768
1609465899
1508573590
1437917041
1362722753
1278412434
1201702225
1121683432
1041568387
933593809
910450423
836744347
793201878
746700594
693794240
634896062
581622874
574090492
525027447
479756444
467829467
451393270
400746801
356598284
371034275
317221929
247404339
287187501
142975058
124450219
99722082
61562377
120839090
191965410
16468455
42938279
137355835
140135063
25942805
57637188
111698631
75875180
31444002
98040804
70489422
3776975
2237663
45098639
34755159
70853881
43581281
55750916
39355873
1447272
569378928
1725995827
1724590701
1696696885
1629519892
1553935733
1510295240
1501593321
2659698417
2827503814
3099228191
3532712733
3880192208
4296168130
8342101320
7756210157
8186991835
3642036706
7634519721
3514910685
8139292583
6006527084
9987864470
6429767418
7518686100
9000755877
13221207648
6853200189
12355331210
8675173232
16156953889
10451595272
8752703238
10787010829
9384028682
15468511046
6630633104
12130899451
7943300275
11619624569
14940941660
8098347029
11965630832
12466730162
6921246531
8390793582
8061371131
4306387966
11348723414
8649529704
5110496360
2283739628
9377770542
14799399511
14372574242
4579571389
10408744458
13018889221
10592233735
10309109422
13341201346
8666571859
10026361622
11492887255
13532729243
7455262188
5740223446
12514612403
14665768286
7783145664
10391509334
13802167699
15896706443
10795206739
7674013090
5325522420
7889812323
8070115958
7782496764
10948191910
8125726024
10992911893
9993342185
6344942782
10123250295
9929779546
5821341597
9538204311
11617675077
3324908995
13867915192
7572294081
12774329807
8796295878
5163492895
2065822938
13469366845
