11705955821
9174902184
14804535569
9647810252
6274279431
7216036658
9280703571
10652775828
12665344941
6265928640
14416092667
12221817650
9775311852
7525283921
7373086179
8564894786
10323595929
11588667913
5049054234
7584545387
15755778451
7672963870
13878451326
1269687330
9347740428
3127335974
12586472027
14071076969
7447830272
7898780505
10735817629
9263870002
14346883032
11334575103
13615263550
13030243373
13226196571
8930532510
15130188003
9128311168
11091168243
13609261815
8766908776
1269570564
2836338092
8791341764
8756673502
12115297820
10859016458
9349255432
11304458656
11348627738
12985939810
13222811470
11169606093
12493527565
14919027833
3591514179
4413525077
8585723737
6599337619
7493506713
11532397758
9783372435
13757158960
13904337773
3627418919
9738179115
9180454876
13692997007
10300356707
11130604215
8846873659
14902773153
6041234384
12506797313
6865745634
11863169763
13457299160
14188864378
12745734197
12230816243
17535560829
11298306465
7564999156
12416705986
14363148101
6981352376
12044450400
6560311349
9666666643
18523030753
12491432359
12024081639
7659193594
10242862998
7776780770
5579333156
6236391254
23478176270
12835443157
9781543163
8513878932
10904160294
5557391962
6380462932
9366376004
8050421675
6127891257
20697544858
12263665334
9873745217
15638344689
8316532754
25092894539
10734427652
9154403837
6862700573
10216177516
7441506401
8150356052
6539849412
9050694819
5610189801
6774195153
9578037305
8925976931
5961476579
17305000768
6968755132
12578152629
30149428513
12712924121
9137867622
11372452732
11069954430
12586850258
9466564300
8079312327
12594174209
10182762624
14022772264
20605701644
6319775621
8986720497
10612476088
10811606867
24172440614
8918176558
11081506150
9919519512
7227360614
7442966901
10389769022
8610525985
15371251291
6442536896
13493699687
11150768531
13915680148
19456585309
9407995944
6095505135
7809145230
7074201798
9153394987
11118902420
12948314706
14492035896
6711218797
19044403652
4567316819
10855713289
8853929003
9362552142
10955251089
6352242886
13054998973
11375296085
6247735894
12175689570
11495181577
10446260938
9808728883
9116426173
8471934067
8291742256
10003535299
9087321159
8996112901
8501356272
7000377767
8315560781
7380624389
7262342434
6812549367
6443526829
6130962693
5804419688
5480316049
5162167507
3735428170
4541903039
4219012109
3922830023
3655131433
3389905379
3166641779
2946286649
2735702159
2518713637
2368569469
2195154444
2045057004
1894225438
1784419292
1670964928
1571615490
1493753676
1385986550
1312410312
1235055826
1125287393
1078148842
1008566619
832754710
858437230
668317594
737672187
642616884
629406237
616573165
542586630
500818237
510445662
467487221
452089766
409877866
408311016
363714568
244361305
285365215
127089711
128364453
164624786
160487206
155630745
166898246
68150669
117786183
165372143
88395820
40235067
28362434
58487659
49733116
27912135
83837254
67170652
28584809
84584516
25376
55379597
44759080
68335288
14045541
58108326
4488567
1007897352
2168242453
2128395296
2082762532
1994907978
1966033875
1872300880
1901603724
3137802046
3294593326
3498349380
3747260166
4111855095
4432370032
8598231144
7761079288
8471648654
3567722822
7715867895
3466761856
8194613079
5967602497
10049129619
6567589562
7491143153
9098796734
13199602487
6902989825
12516730812
8702419352
16138780320
10367537355
8703809132
10890371337
9408536961
15493838942
6466970943
12141497541
7968647688
11696408007
15000440997
8112370976
11940787160
12510612119
6963268055
8292715484
8043467539
4231130162
11428902107
8611044522
5131125413
2242586454
9300886565
14726345242
14269017484
4619872588
10373914464
13022006264
10626777078
10438566976
13304469645
8637122348
10115629583
11530508605
13490428014
7376841850
5750226357
12465372678
14611818734
7817938226
10321531708
13740676607
15848695802
10779042092
7541629731
5345340011
7889698223
8173854392
7843096424
11054795606
8204150449
10883938747
10028235357
6279306305
10154688107
9942170290
5745719572
9550933778
11618486427
3310642702
13975132991
7626109750
12824119159
8732549639
5149037574
2133427055
13457745384
