11817091663
9238793625
14867954921
9685936679
6336661817
7231131035
9356191315
10570261161
12702317715
6229175163
14255335549
12161477886
9907310180
7611970662
7496782396
8794589960
10205470145
11516135806
4957823717
7862908310
15764098203
7546472184
14076676645
1226322846
9412452237
3134574031
12617916927
13987028823
7439523716
7821753873
10708521814
9363791429
14356306597
11240771543
13501273289
13002970770
13338937138
8992048447
15019340696
9113953591
11061923078
13738580220
8872037739
1096745195
2773339785
8780993680
8729630805
11982949032
10887467374
9224605437
11190596984
11338714619
13066802083
13309999878
11131519524
12444864028
14799411603
3557264298
4558235292
8499050057
6721189979
7534337011
11621905957
9629297023
13583037330
13719278544
3451257258
9616141005
9135415427
13524236847
10423225045
10991211472
8838055418
14508233537
6027876572
12467037516
6863058783
11879788257
13229003844
14059882000
12740494751
12031154228
17041309595
11356664703
7603491437
12387364447
14372701167
6998771386
12042478501
6599682576
9542051308
17922301581
12482208911
12039791383
7615699909
10249576521
7556399623
5542492881
6113290599
22144031399
12719937666
9616824315
8462236535
10816631764
5615905490
6547975788
9475332157
7915057308
6102839902
19918722737
12089762620
9970742461
15572383333
8315352241
22965748936
10788433288
9094432968
6800837200
10163769995
7377828233
8266092628
6522490950
9046891522
5761346134
6723835388
9779220000
8804108729
6072300060
16703184262
6975611888
12555906927
28228638869
12842022606
9161230521
11337297140
11203689622
12694482634
9573257102
8084203324
12636594404
9946411576
14176640411
19904293941
6301958933
9028452283
10640021582
10609877911
23173468734
8960674364
11185119088
9909450060
7221688971
7387114474
10667303483
8669269177
15078107634
6528478673
13681200138
11128456966
14020461120
19195581822
9531860212
5969381465
7812432982
7063322340
9186640032
10983154937
13022508906
14607803710
6865387289
19145488309
4565016022
10859300951
8823053507
9499779324
10986977673
6372369274
13196079346
11413058165
6396192740
12686365945
11941089404
10505040026
9924065138
9178279911
8382203119
8578825921
10784413400
9197491856
9712102985
8572261718
6812734392
9416200447
7203432804
8998864155
8445270459
7985845217
7603924233
7203982958
6393185032
6404634404
3645791989
5636287336
5076589799
4870515451
4523225369
4212893856
3916067248
3649548054
3386617799
3156956722
2934668722
2729190028
2542240911
2364708032
2194356809
2038950191
1946927589
1854348776
1746096447
1634079533
1507859357
1391410572
1318691164
1249046510
1164886602
1075228608
990593783
929783353
864525890
813047149
720709968
727111859
665725456
571425663
581538665
558423897
526413167
465956774
430700281
421986208
371174568
374378679
220987875
307882721
291830472
266145414
210827452
246886723
210576974
176849370
177045985
91514234
69596493
93535462
76312290
96375247
133400614
40410971
17712781
14456303
106781323
6580846
4847997
91844558
40042698
57485117
173694405
2138717786
2961730218
2938130744
3005737447
2989203241
2981713530
2916538324
2877492837
3988758715
4170208961
4259710411
4367561650
4661110986
4644778080
9184157815
7810677907
9046445261
3658506902
7621362023
3385726609
8369524458
6236754822
10251874255
6581763796
7560118978
9106598824
13305561063
7050892179
12706195345
8581102315
16217387734
10505023105
8537106045
10847098924
9467005205
15424784154
6317687018
12233841036
7756212648
11721369285
15030960542
8018135518
12011913442
12159753384
7028098204
8282392008
7960095373
4351802836
11566583153
8634620476
5060518832
2313451849
9232120769
14886176007
14354278939
4541676352
10232651706
12887643705
10540285252
10405833837
13254945391
8557499030
9951426422
11568520457
13474426413
7168484994
5811478293
12566163019
14661772160
7849701234
10200737201
13816364438
15616143179
10785016196
7487804220
5332028371
7747333992
8203118747
7940215148
11054264690
8074303129
10745896734
10006864990
6381262220
10205178471
9804875717
5742936503
9447820623
11562552893
3384193636
13940492434
7613183072
12819778555
8610954268
5071604037
2172521567
13450860292
