11683908354
9240506578
14757326134
9670766806
6280342115
7142691480
9284354798
10697519437
12624208319
6273771513
14393592703
12254695467
9745746606
7498394456
7383926736
8594689600
10310575857
11585448525
4959672906
7706382581
15755960639
7697358596
13945349307
1297927978
9327813747
3185009099
12633556054
14083362644
7394947225
7915291162
10675718158
9337414450
14368746562
11302837617
13612540731
13084928348
13239698746
8960874736
15047560259
9162230423
11154162047
13600524315
8755176120
1242197344
2878191584
8744597616
8795888202
12091733180
10857758066
9396971328
11284226554
11283029476
13041908667
13281708499
11172986195
12525907039
15034604857
3590236621
4379014967
8637393719
6512017521
7436096105
11415822587
9849122543
13802545607
14005779332
3677610334
9676136039
9206342779
13765193713
10434153432
11093408731
8927064238
15069193850
6027186754
12513098153
6867080251
11828634105
13409658567
14164919954
12793772335
12198610695
17778032293
11339013142
7614611208
12404070146
14411348692
6974455846
12047192163
6545614029
9662042902
18731741247
12425697680
11961853376
7626626491
10193105796
7824099333
5552356996
6312780582
23888565365
12836008006
9798821489
8570017519
10915096654
5651953708
6372924935
9396548317
8085425413
6030793299
20995535558
12285405453
9938333639
15551914693
8305790312
25821571243
10673751321
9171540772
6843363432
10213186397
7484841732
8198711333
6500947966
9054393253
5588468199
6758426218
9581044855
9032943270
5965040211
17453706999
6973080129
12549822005
30717074862
12727556826
9158764729
11343322810
11075314207
12669705175
9492634088
8144230934
12598564466
10165005005
14097541091
20728869625
6309736170
8963986715
10687425682
10838205231
24545608200
8855267878
11054091741
9940489196
7205450474
7345579488
10330935864
8634614766
15413827712
6408782061
13451982782
11122713116
13804814041
19535374231
9378777608
6106856505
7787103200
7064244331
9183305809
11075178752
12880740932
14404542782
6699516828
19025461648
4560259838
10801368052
8847094367
9334389432
10976808269
6257818735
13035468113
11326214440
6205408196
11988189687
11293441405
10400739754
9839467874
9103413039
8454411638
8212478226
9789040577
9072851026
8791491125
8374055603
6999365271
7711543765
7175247033
6726281571
6314257888
5968067963
5680595747
5378171483
5074024999
4784026162
3699857433
4206539896
3896552350
3632499802
3379826647
3147849421
2930380327
2719194202
2536715886
2357794059
2190115137
2038671207
1882601935
1763616259
1653357421
1534543073
1451224003
1388068364
1307148739
1227791662
1145068312
1067591335
990366976
928849405
864257120
815384852
729911538
708631814
635030472
579381904
585075024
543899915
492700619
421928122
459459498
411868434
386109804
371627225
341125010
238090716
292832329
140281304
145531572
94328569
102203097
106054329
196048578
22274233
60480848
112752479
124751213
54637351
41207475
93585941
73207334
54316006
81965916
50589997
14728946
21788727
6182621
19482234
52421234
62496647
47587228
42828442
5454286
697663599
1864744380
1803883419
1760765961
1719697463
1683870847
1598364557
1604011956
2732764159
2926455837
3162295155
3568130370
3922672946
4363753581
8370663830
7766088804
8214630119
3663771168
7666664644
3527982184
8146861842
6016648637
9986873921
6505182738
7492576191
9006375402
13204753312
6854836757
12396580244
8675021769
16125213220
10453576928
8749279538
10802152104
9384104814
15454470677
6624021606
12120753251
7929096937
11658401539
14959038407
8112094150
11947690550
12481185490
6948529201
8386724235
8060360613
4277969292
11346745669
8604106409
5131893951
2252870613
9368340656
14785839940
14351370747
4639495745
10344759586
13017309337
10612352287
10326231263
13333179726
8712212749
10063917114
11482969201
13469288151
7436899119
5741801470
12509034629
14640070325
7781321437
10384181812
13826267672
15892453476
10818660123
7605778238
5356814598
7888398474
8084241470
7819398211
10977865725
8147067138
10996755307
9991551475
6363251334
10146930326
9936376444
5782562032
9512896864
11635451999
3312593217
13869488074
7580410665
12756002353
8794189541
5178047877
2113833705
13458047779
