11786184037
9107501765
14852044729
9662861363
6362559977
7255636567
9376538079
10707946689
12712188386
6131001604
14285677348
12242699066
9885457788
7624439933
7421705101
8788280532
10174096714
11451420816
4921418760
7849204545
15780696137
7509001104
14139239664
1367828413
9375050780
3194072850
12573103191
13963185565
7470458197
7870920570
10750600251
9376218611
14444647362
11098975680
13532115484
12962665688
13379103828
9009107718
15013929111
9089422192
11081609473
13783092096
9001969392
1170234396
2798061290
8832129173
8674368836
11910127626
10764289425
9194582478
11233480708
11318967627
13084405551
13321182432
11125039648
12391994296
14782678928
3534984053
4568131562
8600870986
6689279573
7583057482
11546231183
9643666645
13544333886
13683573764
3496068847
9640968781
9195601790
13496652399
10439489442
11009954275
8844469164
14439569282
5948433654
12443381290
6909948189
11919131515
13213160402
14064161480
12709449070
12005665394
16883115832
11240355167
7564892708
12441154151
14333049607
7006525817
12135771638
6646955373
9497201859
17686012104
12534155189
12042651556
7601124183
10225467376
7627726858
5570267894
6062170056
21850097857
12771870906
9596132065
8484427559
10800321028
5690655592
6532705670
9528821854
7889129551
5983321523
19702938926
12230355242
9981478282
15647143557
8348636514
22464369954
10777777316
9055451330
6767536273
10169857994
7363517936
8204194786
6545185106
9112480368
5803580253
6789557146
9968673866
8828267740
6009862643
16567050446
7129085404
12633667521
27769140377
12838193444
9023166933
11386766048
11206444177
12629940629
9519009219
8080429758
12568763168
9912697523
14109493341
19691255153
6307433824
9140950475
10617087017
10539984971
22801878209
8973119930
11103158067
9932951079
7261242983
7430800300
10668283695
8718604894
14989101569
6539901962
13687936767
11147816123
13962846383
18998806019
9598001379
5957981359
7896666287
6976681943
9231709595
10899647854
12893046738
14585800117
6855794243
19068694714
4620707948
10782217503
8885556476
9487682387
10985338973
6434098311
13123793331
11395501668
6408788667
12850205009
11971834520
10425049532
9961184825
9223983556
8378139372
8675809493
11032471955
9197691025
9860868692
8585653096
6854513009
9572526984
7188271721
9418619140
8838363874
8350185606
7929900950
7447158749
6460820676
6681085193
3696408835
5893569556
5077991832
5081932238
4709313078
4404298656
4095926161
3766839624
3549558122
3283826175
3069887453
2863860068
2661511680
2484759211
2332488668
2257500003
2143330120
2081619227
1970472346
1849258879
1724988891
1609820047
1501658187
1408838854
1318690791
1232255813
1143058071
1065473236
991990821
930822966
885574512
831726215
780568687
730439337
665555687
648646512
612842326
568458264
527879697
492887026
453336985
392404867
276171016
347191531
333052170
328121434
305746302
282466465
253428706
244394559
232334730
205331062
192491282
53317075
138920956
160365713
56401476
68660458
132425083
54352200
16824938
103346776
23481463
69773278
79447486
85456966
554113628
2402133757
3195911299
3131432859
3314664648
3256724292
3283094610
3171259680
3039764601
4388618627
4298407694
4356959529
4606283867
4803778995
4790036907
9348177745
7849895441
9271550069
3642482262
7624430107
3437521616
8451646967
6282891597
10307056799
6484358015
7585380151
9106852503
13284423994
7058930938
12708738806
8588223332
16263016151
10495538649
8631531734
10880788168
9433838843
15472702516
6272248392
12337474342
7752305790
11776870268
15059968183
8001438501
12055297069
12150465237
7118104322
8344467760
8032238552
4292759044
11579703631
8617165241
5132477630
2225073751
9281963039
14859585655
14325259271
4483558992
10339706497
12937437537
10522944476
10435218589
13191391418
8468708971
9991584488
11590484364
13357216629
7192480415
5863855971
12562245292
14699172144
7829802606
10205335282
13832958246
15623872186
10794550466
7510290284
5328932310
7877784850
8223879560
8002132280
11159194230
8065372654
10631419829
10057348230
6339969981
10351088657
9853624204
5781545201
9421562804
11614700614
3433984850
13991573340
7664329627
12914147652
8646602467
5237908672
2196668116
13456413681
