11641091829
9226687266
14782140666
9573570247
6291573043
7092019077
9280618181
10690259975
12649123650
6268242054
14405235160
12235231061
9752624690
7466740656
7450176116
8584131832
10389273690
11554641633
4974185771
7709795002
15759571301
7590083730
14066234604
1321741207
9311155219
3247261522
12634621177
14049913040
7451255702
7901247698
10730683623
9338955578
14407727074
11340574065
13577265030
13101067801
13284715161
8986246605
15090884987
9132701105
11101915078
13668996459
8817202427
1231177722
2933805046
8806103238
8843662398
12120525608
10961361805
9408160470
11239030192
11299516338
13113882737
13289611748
11092364890
12524806100
15040136428
3682902275
4354619644
8530362038
6500739746
7430800116
11371857680
9850882267
13875770591
14181092925
3670391393
9652815544
9237617088
13827845668
10419271580
11084152221
8939461574
15174493984
6054892873
12552346011
6854570195
11894253839
13329054930
14218194548
12832671316
12212504555
18042814257
11377726673
7645720834
12356699349
14388037293
6962650298
12129511803
6604588382
9598651023
19038770847
12489599419
11830478318
7696866227
10178825120
7825637839
5528259479
6371539133
24408205528
12817748480
9817449677
8552781227
10922296832
5583193555
6440671331
9442864955
8119119277
6032524875
21341674876
12359251222
9985541166
15552500750
8342958589
26683331924
10658068308
9153745903
6826960368
10192372918
7472180845
8136327155
6521331597
9129584886
5461730584
6729426515
9532481697
9022102043
5963218479
17664273586
7060726203
12583510614
31470909032
12667037006
9174715398
11294680916
11073063059
12725265786
9454145452
8196847041
12577024550
10148828744
14064875691
21069044481
6346217091
8981526623
10708030268
10835537961
24994843248
8882892910
11076125033
9790879810
7271768500
7228510053
10314417658
8618900358
15402246022
6424923613
13371708021
11198132697
13790865156
19543693113
9384297107
6059793976
7769319010
7003572361
9232183803
11059498472
12918995836
14378994284
6671698335
18923380986
4553609606
10858672263
8787178226
9472731388
11051254157
6207763264
12863962879
11326047273
6261402248
11776746535
11089115713
10424086454
9722355941
9040163338
8395353565
8166305492
9512329964
8973130666
8443688142
7932819566
7031361322
6983171727
6500414819
6092967319
5716784270
5402780838
5145013249
4869674077
4596312292
4332831457
3651465385
3809049864
3544491574
3293815765
3066784814
2849395216
2655343991
2465807421
2298883311
2137749979
1979452064
1846833121
1719066442
1597180487
1484989568
1396091130
1323088437
1236762781
1181450567
1111638918
1027614117
945278493
892078141
825460228
784233909
739981554
671224157
636846585
590673714
549986832
532003596
494939653
457652012
433501883
372022361
352944162
340836655
331175592
283320249
279059097
266059930
140562260
143931017
41115849
30723207
85364565
157105496
34817597
61287805
142947045
99549820
23994716
51958828
107646582
65617710
9317757
20886908
60658073
43801125
8739664
34675089
59993235
38005867
6858183
27831068
26742663
18009494
163817028
1404135935
1386386510
1342470721
1290698434
1281917312
1230911566
1182382284
2327755133
2585447877
2865583945
3270663580
3743368790
4140472252
8125016153
7791975630
8025315601
3677732957
7530750965
3545230975
8048809684
6006611943
9932373580
6443987248
7471648298
8923929583
13129543337
6837745619
12280234095
8606414002
16050826247
10465007460
8782313218
10857863900
9357193994
15618613184
6625586874
12127315641
7910114020
11576265243
14952958905
8053796476
11962845366
12485268619
6957314440
8396007509
7993515592
4272203439
11264609201
8625674223
5098795978
2275625690
9389044128
14787666275
14381396244
4602358470
10435328256
12994134672
10543384920
10256398985
13319796343
8674915592
10017290266
11548519886
13494322234
7408472001
5799487055
12521203169
14676248605
7810221640
10350273673
13825512866
15925030015
10689523847
7557461421
5346732717
7934215704
8075981574
7790133725
10964256598
8115184933
11003693593
10028856167
6360870206
10147250224
9865351050
5791667533
9531475263
11645856961
3294984586
13905866654
7504929847
12843153641
8824770349
5249713916
2098863826
13394425483
