11752083017
9216499372
14832223662
9673866099
6347475005
7216755318
9262990583
10587288728
12700307099
6214807021
14359437948
12279379001
9778418687
7603314514
7393178764
8622420805
10358397548
11498280809
5075611791
7592701498
15741440604
7673989797
14017902447
1272188632
9397867936
3091581573
12549979029
14120096902
7447368505
7826082217
10753250843
9337925425
14257325231
11336859781
13555427579
13039888501
13303155910
8936842567
15064241175
9059553978
11028293973
13743349941
8785303082
1213375552
2833489622
8853998810
8772378653
12065724504
10885729774
9361009161
11253764874
11452896338
12939786457
13208889352
11200834348
12436451125
14865664125
3576567161
4491491367
8595303625
6610504344
7488367725
11589376257
9762652531
13658802968
13860281145
3646005701
9772147979
9202559786
13717890832
10367810379
11086698066
8827237170
14716448090
6087923770
12450580007
6827847621
11904239326
13365928294
14184002516
12790041275
12144170187
17391732928
11191440151
7563518492
12378855020
14400320433
6944075826
12115754154
6508258619
9612722849
18347411228
12488149010
12080851261
7615420646
10195439087
7700403656
5547299350
6233739169
23114622216
12725555671
9720835283
8509916234
10839339352
5480006858
6441785600
9423642506
8022633425
6175787814
20394395182
12114385083
9980336296
15553297277
8311129394
24260819319
10753319879
9143911647
6819062664
10168268583
7490808317
8122164294
6456973058
9093484213
5632220875
6760862255
9735983563
8939175289
6008795138
17162650766
7061354713
12582673712
29481083163
12769771577
9104948466
11445377173
11113620348
12689952122
9536729279
8105043984
12574501649
10119430364
14111453269
20326217119
6403273348
9033277580
10655049730
10685870976
23706741518
8914523336
11126876639
10003740588
7205581312
7372613774
10458827204
8646007415
15280688696
6482917316
13546691087
11239658763
13925704143
19400459126
9493185957
6100663128
7879450450
7121027105
9268985147
11121052884
13039317235
14541485182
6825964912
19127184170
4643199143
10870395833
8827925046
9310090016
10953753710
6342411660
13037374592
11412589462
6429220498
12389916152
11661642166
10482882217
9747156005
9225401471
8436629996
8399643510
10311271323
9149622542
9123309537
8649377278
6875036570
8771973484
7380220336
7901864363
7413239305
7010364602
6667691476
6321620148
5957318936
5616834407
3714370495
4939028403
4593206564
4263562820
3965795692
3693447966
3442643724
3190313995
2972765491
2773080357
2577866686
2396564995
2207690726
2070421802
1941542609
1822252358
1697624413
1605954024
1517120510
1438161975
1324573618
1254056616
1141342514
1095277482
999964292
914760032
798708223
789858357
735650617
733325789
661902754
643425486
605122355
556607449
531472070
502659896
414922415
419579301
411643660
260673452
351244945
284922980
122968528
175414812
156207510
173756148
218718258
167732806
178679201
160156316
95372197
65517044
15729275
71834359
58007495
108374184
96233043
83406213
67190597
62761855
31405367
68327332
11006027
51771244
9046
52838659
44397901
1417854494
2491373510
2473480951
2419952339
2329344754
2295906481
2233305385
2202645799
3379667813
3583479128
3753959207
3938541655
4364746212
4615147763
8764752301
7818089196
8654143627
3577738626
7657085860
3455320113
8161761943
6019716714
10041986751
6574828441
7479623320
9130404782
13253576246
6955205192
12531619811
8606273270
16198398488
10433565539
8655483057
10929845111
9438673534
15432062746
6353010800
12147782137
8001825506
11769604700
14987936564
8104516647
11941959226
12373021382
6980639956
8260137531
8045797647
4321789770
11430603111
8591369877
5099047256
2351647060
9310436635
14737119206
14267174368
4635801355
10281579314
13038021051
10617952319
10446343375
13306281840
8592658393
10082455394
11566827258
13539335643
7318940310
5776492786
12570092573
14662024362
7864105060
10314221930
13786023374
15732635096
10724146009
7564672367
5308736211
7723422319
8259940172
7823762948
10957318329
8179249079
10797536677
9973211750
6347737568
10174147048
9912770315
5788560136
9554160219
11502686055
3385285170
14046645449
7620019490
12826849504
8705247740
5206735696
2227573221
13464066934
