11747610641
9174204933
14813449729
9651795669
6281731085
7250417028
9272858425
10659263874
12653235750
6232781716
14417477625
12244784150
9796563650
7543971857
7349953449
8590932719
10356236869
11589196394
5042187312
7569901894
15751084953
7676935871
13902409697
1280799188
9332793655
3131844800
12567155741
14052038065
7419967397
7899036058
10719518526
9273918399
14324341751
11344525350
13618079777
13028297688
13257196450
8943610970
15109702115
9102272248
11084192982
13635051918
8766833077
1282942235
2822572103
8773586079
8765499221
12127177252
10852795430
9310856933
11336189490
11341678494
12991701212
13230314816
11164693986
12512781067
14891552487
3603190942
4415011205
8593910508
6603220898
7494331179
11541529568
9782691171
13756348045
13904598015
3639552518
9725941581
9206991453
13713566082
10303444210
11095089053
8887613147
14890324108
6037521066
12484263740
6850618209
11885678238
13427373871
14196821967
12748317543
12211530266
17522462170
11280377278
7581377257
12422187018
14345696861
6984315142
12037085860
6555942474
9632171046
18496878014
12489966632
12025936298
7631254388
10222572805
7763309223
5539038465
6225484237
23430287002
12839886052
9781508900
8539624114
10873626186
5602862619
6376014059
9347421303
8027100479
6140465945
20671795410
12270737024
9897578884
15647002733
8320249652
24995855769
10725127838
9133587929
6858353400
10227877892
7468147861
8135911031
6542329391
9078232318
5616456993
6796876521
9599295445
8920058056
5963371810
17302042605
6964763075
12572252992
30043267340
12733841541
9125048892
11358723786
11081426762
12577743906
9418513092
8076724453
12591523124
10160488532
14047641419
20564452977
6322419594
8980679261
10609442462
10804987666
24113416821
8909358356
11095587776
9894582033
7234249246
7421744410
10378015081
8598431287
15366794789
6437628567
13507829916
11170430754
13917099610
19444655866
9411065763
6075303688
7844277376
7064073172
9156349935
11116189741
12959201280
14512068446
6734082356
19040377870
4578698803
10864042488
8830574303
9357501441
10928445109
6369626226
13046824745
11388768043
6262975104
12228929276
11501320283
10446823306
9770251459
9135358626
8467846449
8262795510
10035889144
9063375039
9033132721
8513959740
6980753465
8379568341
7381323901
7344427786
6893786308
6518419808
6201111154
5877073554
5541940888
5226897683
3763030452
4596952547
4274397223
3968473160
3697024036
3427523599
3201288759
2980567249
2764434410
2573991454
2395426438
2226569151
2068835183
1931449497
1803712966
1693375249
1604152542
1491256703
1419418759
1327487128
1248136280
1164963924
1084187261
1024723131
860686662
863715309
682282756
727173198
653125294
632238229
602760915
557795063
498124925
531578894
486412830
442711824
438703521
398561379
380055001
237216810
300232377
141049955
134298328
159349651
155146076
142963184
176783849
63766153
137409628
164732109
82342354
53941682
26198152
63254788
74328843
37880962
75282778
56184521
32699078
63053607
1749837
58181360
20722291
59915585
4083635
56213996
8677995
1075897813
2222916581
2179396361
2112394591
2050890004
1988157567
1921777885
1929794941
3192195415
3357271459
3516592788
3754411332
4150675894
4474653994
8612965942
7753638281
8523260089
3574547218
7715826103
3443716824
8176089488
5963633472
10062767646
6550399623
7464130346
9071864250
13205925746
6949754989
12547998564
8717412658
16150409646
10350092283
8679212430
10883394213
9446302927
15462556687
6456678651
12136355080
7960926154
11711356497
14993060999
8079671309
11927612357
12488378340
6932810084
8265469494
8045537175
4211096686
11429784716
8648179865
5135746129
2239430379
9283054251
14684965400
14266555843
4651419943
10375363416
13037153739
10609102629
10440565899
13310690476
8636044491
10117741337
11543105740
13477661573
7361130696
5755775309
12483756771
14658988071
7804229210
10347770401
13732662442
15860013913
10805947142
7533200559
5321300843
7899752961
8171521569
7831397733
11019751212
8214021648
10868938219
9997056515
6258688766
10170808417
9904660063
5758474332
9544695967
11602618438
3330188476
13949249123
7643555660
12827056087
8722999399
5168317603
2144588904
13444005039
