11663080008
9282528445
14797275603
9600175086
6296015769
7110063475
9299757392
10696186425
12641554221
6232978850
14408757179
12272182505
9714044123
7462068059
7475686500
8574431110
10382568063
11544909350
5023923320
7728470967
15773487534
7572596040
14079364221
1297906937
9325073869
3266093511
12648491219
14061993695
7474035156
7924129332
10737043185
9295507283
14371760397
11362275812
13553553004
13064837166
13248354407
8972537861
15058511938
9135065288
11128720507
13663824105
8791037951
1205003952
2927872537
8816386707
8844007984
12128572295
10924075775
9373148517
11207836941
11328180745
13113091211
13310579563
11102405106
12570711027
15016761835
3693645551
4366452118
8592141734
6508629491
7382914227
11368973814
9859333727
13872029834
14213260399
3646715201
9651206834
9215520209
13860061454
10407262775
11091469650
8951309691
15245235566
6075179921
12588385602
6886070605
11892624198
13367747182
14259702660
12827195965
12239449271
18138842282
11347437827
7675945244
12360731502
14419435977
6950964849
12057401816
6632573507
9623692343
19112699780
12492629932
11836638079
7674920036
10163411415
7856148921
5527717990
6408876001
24615653249
12824774994
9786616004
8544138520
10916818698
5584760830
6411684390
9480376704
8114013539
6042237157
21444615646
12400713692
9998571831
15590287940
8322661593
27032255915
10714938554
9170670071
6790918084
10211581540
7450702974
8128242534
6542287854
9142342219
5404914487
6679020754
9518469914
9015733839
5994144104
17776215933
7083227588
12599377477
31745728610
12669401375
9169448856
11345055150
11098338453
12726259334
9414433835
8161829485
12634176459
10140501995
14047530892
21167571136
6350664312
8978961020
10750104831
10813519343
25151323683
8920503928
11042577034
9785938091
7268008610
7170025079
10316136021
8625089981
15348895709
6440017454
13380671766
11151666909
13848595100
19569781555
9382184585
6093080348
7739984555
6992304920
9241264027
11063875875
12931850823
14376638283
6684787045
18837697252
4523601470
10842574623
8801986986
9462679855
11042261177
6200870927
12773324443
11312635148
6250105366
11690242896
11008593635
10351466760
9669508398
8993487824
8373111780
8111722220
9341495570
8728176952
8175539960
7681153026
7032800500
6755509702
6290672595
5896244072
5533885787
5230242471
4972919779
4715646999
4447165423
4190895307
3693100452
3687559552
3426945338
3185177361
2960344382
2757080018
2568258861
2390728988
2224169170
2063372796
1917370742
1788797053
1649824891
1530641187
1447977474
1356203071
1268962252
1206172066
1141155724
1071914584
1001009261
933106166
871890113
813890736
755280732
681288770
613307637
615733440
562431263
536731767
512059167
475441915
435444776
423913469
393099096
307546282
311604671
302321168
287569758
278065798
230405948
151903927
100288052
37106007
57534106
70087293
163596621
43575956
64913847
132239772
96293017
56975681
30156210
107843553
101887823
24205914
47490154
49369869
66586439
18258473
3328752
57654708
62549276
6161097
31006877
31354432
2895142
39164337
1214565818
1211768544
1181022850
1135197687
1105500429
1076743017
1058128992
2171021951
2441297329
2743316546
3207474951
3717669076
4073791190
8054318560
7802030568
7936175817
3637198621
7492705090
3544754500
7969642093
6002806518
9895203766
6441474908
7428693927
8904945331
13099592636
6837781579
12245010312
8615095974
16010379559
10461280474
8776516826
10869327059
9364975904
15638476371
6655347206
12124001930
7917861007
11608586060
14952092368
8057335351
11972027610
12509564787
7000689727
8416054981
7987835525
4273184503
11297445901
8617797901
5089504125
2265048735
9397836700
14815064773
14374242007
4608586384
10435316482
12979648633
10573449930
10197844661
13289607016
8679892424
10004361706
11558905178
13508673531
7422923731
5824145151
12513152738
14664069033
7816427722
10361509160
13846294250
15939456140
10716498455
7528107567
5369239209
7921162726
8079432029
7760009510
10997954945
8116298675
10998949130
10008510057
6371490470
10104812694
9862749669
5800824064
9487996504
11629249919
3264724375
13921214241
7484430902
12820695658
8840566542
5265469136
2064533640
13448414785
