11655106345
9236583280
14786937369
9567438741
6286155877
7052225662
9292699613
10716510863
12639393391
6259790525
14413491466
12220012130
9754886728
7470718803
7426863970
8583882627
10384129771
11553195640
4979286335
7738079534
15771571899
7593353989
14042313667
1327425947
9333780702
3272218853
12638607239
14085065440
7436381852
7920242909
10718170704
9356909603
14382076934
11339236960
13581668260
13086046092
13280957157
8984692184
15098032496
9120939704
11096116030
13668844226
8771875910
1212391755
2955297741
8814248006
8840142056
12120238995
10967570576
9399568150
11259985028
11311737566
13120775758
13307738159
11115379134
12506086646
15050205155
3651919063
4389401315
8577403530
6490547085
7401324425
11342511337
9852943840
13840841631
14131105224
3671722442
9665737896
9199990123
13805424614
10437401118
11091189324
8965113842
15164299148
6048717732
12589047710
6866257616
11866779624
13320426657
14210332315
12806126219
12202013555
17977804377
11365719378
7679370927
12345817027
14389722514
6949414629
12135669087
6590311193
9618664409
18954399900
12485128588
11845928408
7721817452
10171389632
7804655003
5507061104
6372117143
24292931738
12823865202
9817396042
8567012365
10906805084
5594073235
6411257812
9444922540
8122238388
6045009718
21268362427
12329270459
9954998794
15551598165
8325647909
26509237745
10674323354
9187817912
6809212803
10165293918
7451546065
8150917196
6555426309
9112655105
5486625370
6738637576
9520278039
9026234309
5973036802
17625012100
7073940097
12570549914
31313540453
12695973607
9185666546
11293945429
11110301933
12708210741
9459895243
8192964928
12598743153
10144183106
14065279472
20974547607
6313715223
8967116461
10712431338
10830020389
24900815370
8867798961
11086031395
9814946846
7260189059
7240222988
10339800615
8636433590
15405821344
6427985295
13371954937
11190983345
13805483108
19566281024
9383247905
6094697339
7778474874
6978748691
9213119124
11067401270
12900657329
14386439759
6663122357
18946575276
4553262808
10845692891
8778005785
9450741062
11034740173
6218229289
12904001565
11328519085
6276080188
11796028672
11096766370
10428916237
9719404834
9070087105
8389557877
8153665306
9602995335
9031872431
8613167707
8093892343
7028990092
7118227469
6628115253
6211438004
5828813255
5510920759
5244704224
4967804628
4683430678
4414649488
3668555266
3886992749
3609572334
3357648195
3126277116
2907053217
2704552630
2512922679
2342579688
2179952085
2017820768
1884968055
1749135533
1610081794
1526450078
1433454067
1352889167
1282834020
1205774415
1121528217
1050071308
983888352
901309971
854140843
809130024
744052834
701545210
652795489
608758368
571116132
521026293
499566081
469934441
449311088
410352571
385570818
348439068
337682741
317868423
298552604
264211737
131750862
136620453
28290210
43672098
101426625
178973347
40065305
56351997
149139063
106874570
32430690
25339545
107926541
47154368
20699944
33672841
45242361
33588629
33711497
22272495
67426936
48585504
372713
33897308
22121066
12921016
254220207
1500309615
1476674729
1423896904
1387721630
1346518540
1305913053
1268012578
2400321671
2684212312
2934787571
3328574804
3752140541
4182737259
8198804454
7784655234
8098073639
3687678520
7540725331
3515037573
8082127759
5994538314
9945064129
6444686562
7489390106
8918340981
13182305012
6839077877
12278551137
8606629924
16087791554
10491331377
8769901990
10835324055
9371793608
15599082736
6616795807
12159311543
7919658828
11612573001
14910855123
8067886899
11971788218
12506069019
6946257406
8397980231
8031720601
4284953081
11308762897
8636626260
5073349322
2279523468
9409485857
14801230158
14389093324
4603575217
10425414970
13026412056
10536146317
10276382604
13333327013
8669969512
10034951036
11536265019
13523997876
7403551436
5818469239
12563367716
14648567979
7783224331
10387863706
13830974341
15947268430
10735488734
7572072385
5320965321
7887921404
8080624827
7790684451
10942053086
8127807294
10996776580
10004955920
6371416542
10169607675
9875654663
5811873175
9554421822
11658534342
3304487815
13923494370
7517562784
12847256143
8801460385
5226787774
2096071961
13424186441
