11785275136
9153716439
14953205226
9648850469
6361471406
7324637546
9480573756
10777702337
12692839381
6168461942
14293513126
12305324998
9839101869
7550058170
7426434995
8749895146
10125699318
11412282625
5022071153
7861680541
15694455340
7518158596
14195371449
1439182973
9229053073
3247291162
12564502902
14017966602
7443087559
7892640403
10729774941
9372985410
14452097757
11099619073
13542640748
12949666564
13375446701
8959616498
14858833536
9106728476
11187964239
13726618344
8912288864
1184020645
2789908219
8808472815
8676648644
11901497059
10821267945
9251802826
11221098796
11339640827
13190333339
13249388386
11084128920
12437032339
14714406178
3572887846
4593004344
8603348948
6757389049
7644649420
11578545513
9716618796
13476821948
13689428532
3543876785
9616896666
9144843153
13220165852
10478872542
10942236872
8798305319
14326017224
5963468596
12445393060
6846063956
11884022591
13169647545
14076534139
12729046129
11928507338
16756461545
11245337044
7526420096
12471812320
14401918112
7070489925
12148650505
6624035002
9560323535
17457753635
12468814437
12075315854
7664399487
10218723987
7692345529
5518289564
6014811762
21533251899
12821217362
9526490924
8503440644
10851716936
5692233667
6575211404
9530735380
7962946881
5976154849
19570602837
12176703626
9968093190
15589715514
8312994943
21931151098
10839924398
9060470885
6747635689
10256021580
7363839877
8190631589
6413129863
9109834911
5829167550
6800212017
10039507982
8853141711
5937790580
16346302566
7098591429
12604818644
27211558523
12770053762
8976466597
11381228173
11070138797
12612897904
9508343815
8015902774
12589215330
9949603136
14085785605
19371679625
6409798362
9012299695
10669104521
10543703171
22514940731
8990177152
11063054976
9860427832
7217746681
7395809578
10593306728
8671397361
14807726085
6555288232
13499495439
11146269123
13899466857
18844566964
9630849771
5934737927
7910948376
6974761767
9259613155
10990486432
12893979333
14453465102
6777145860
18963827976
4506014600
10917182013
8909340557
9546739612
10910112210
6451671251
13164431832
11278949733
6513570697
12894906802
11880568998
10352421389
9964465081
9171461902
8412734629
8678177016
11003893174
9181399792
9875397947
8585044402
6966893692
9709043995
7185138282
9628577247
8848502492
8550569318
8140197250
7383057007
6460188040
6852979241
3594961251
5951557254
5139406974
5213060440
4763427280
4404418805
4050085750
3767253496
3690055780
3449232724
3192913898
2980177906
2837508295
2637866914
2559165639
2381395908
2305685572
2282970453
2506004658
2377864749
2250462164
2095461498
1959722741
1843041964
1726875757
1604239084
1491284359
1389103512
1289081370
1225418634
1148933798
1081571460
902547140
958232483
898997343
853673946
785800476
644473717
615819932
606448337
577755973
467565952
437333133
486130670
368290638
387074643
286139145
370645548
346440973
308936522
251889773
180581328
172822474
15613914
182211402
146655379
29821472
68491616
75621732
135843577
29858786
104244729
48810603
131987037
117162677
160398261
923872180
2571714476
3413028364
3309371615
3486052442
3629439825
3462357004
3334255279
3318880205
4595140027
4436082347
4429407740
4844269583
4951770577
4820571716
9476887374
7907130506
9369914185
3698022261
7549917719
3430720666
8578075339
6227573948
10343404379
6527874669
7631057040
9069972765
13337771148
6980803572
12690946772
8485176938
16337724063
10433672511
8693144329
11000797059
9453754628
15394592347
6284928602
12351371409
7623938221
11860936786
15035914943
8056577175
12141157732
12120045305
7073157949
8418385467
8026587310
4311456336
11512900260
8676050589
5218106158
2306099309
9233156479
14797636378
14319506718
4516418294
10352060097
12935620609
10629480887
10368730306
13163207384
8490499662
10023573520
11570786192
13383093679
7211421441
5854824067
12525823688
14668384634
7824580172
10341528092
13882992124
15674466388
10901012222
7495606391
5343869153
7888799021
8277139115
8027688665
11079316180
8181521929
10642373600
10015712063
6268895558
10348502710
9896434557
5748899304
9401668570
11650721401
3429789604
13964742115
7703752545
12856111077
8545823289
5288246335
2202633043
13439665658
