11648609463
9236863329
14786317159
9573845985
6263143071
7065100208
9307896756
10696140412
12656999100
6265271720
14421821138
12230593818
9743852425
7462089904
7404496302
8594874813
10368565359
11555264179
4982255701
7762591976
15787174437
7593657312
14040728012
1316086056
9340377721
3285836982
12616562177
14082480486
7444194802
7943325961
10717999264
9362008729
14384798194
11319248109
13622346621
13062902259
13274868314
8975420916
15087459728
9133147966
11091001144
13668701029
8774064411
1212814345
2939074515
8803141142
8849730619
12122656237
10966825276
9385284407
11242298108
11305372190
13111560449
13309012083
11104474082
12487760400
15039187268
3662473340
4388897612
8594357804
6499895910
7416582286
11367701373
9864545634
13853215710
14097670833
3675011043
9649120277
9226506164
13793458231
10452200191
11090273527
8954580428
15179051049
6032155339
12572429526
6875388601
11854906577
13337013984
14164826825
12813591238
12200576099
17948105313
11355741543
7648839898
12373554688
14387979411
6964600825
12128404688
6595457456
9641491392
18913085775
12478426653
11872459757
7741831287
10177422744
7792093922
5510662703
6357908092
24222491071
12817025458
9841955736
8579967816
10883454640
5619305827
6401737212
9418467367
8092857599
6043125271
21223588720
12324617858
9930500286
15547183917
8320124256
26400464353
10671554607
9183638313
6830231244
10164716211
7473101987
8161366661
6547986479
9103830590
5504109836
6733173170
9504434181
9045302795
5944079145
17573192582
7042307601
12574152200
31210174735
12689510901
9171280561
11291223834
11145050193
12698822027
9468838232
8184910229
12598541585
10167141004
14081164733
20942428150
6308413286
8962438112
10693283234
10820698684
24863867728
8836779948
11084283892
9817660914
7262406998
7259579059
10323580169
8611182517
15411652266
6420729225
13403630302
11182048876
13772515908
19565007204
9363601939
6103326129
7775709713
6999524010
9219451038
11064552102
12902643312
14408427082
6681710098
18962104764
4546850002
10835311675
8775085107
9443876479
11014555667
6217497859
12935011208
11330267099
6282414354
11812787246
11120048881
10433288492
9758556996
9091550979
8418364398
8152216588
9629438711
9036169150
8689239486
8161254700
7013615046
7212815760
6714657691
6292005386
5907047521
5582535702
5310027643
5033621556
4748398828
4475384376
3674071084
3936162255
3659682694
3401673332
3166261869
2945278421
2737828375
2550531753
2375374223
2209107290
2049787834
1900473201
1776532104
1647327717
1546368948
1451898011
1372230994
1297756551
1222916403
1149231812
1068890420
992881123
914674937
876123799
821617620
755784545
711537752
662257701
605215682
569445401
535429291
512178819
483342363
444479495
430921191
385493866
352684818
337501072
328051483
292121462
259283889
134027417
130431158
39513186
55424924
108206775
156715821
35288291
42755261
151625559
113042942
28452815
19081033
107620027
39883387
26027572
48899079
26507002
34517187
16592038
30688099
52685716
56844637
17657477
30419027
13510794
28284247
338386906
1557786415
1526839375
1491406439
1441980685
1395877652
1363244889
1322092319
2461340716
2698629098
2947043790
3380680840
3778103868
4195909098
8218788849
7791392512
8116114344
3692310272
7562523953
3518951670
8077203181
5997446596
9964295837
6459477683
7465596772
8918562045
13172860338
6834786167
12277176657
8626419183
16100290928
10498307991
8759301439
10816614087
9354816649
15580603590
6632022526
12180655193
7932927934
11611982895
14901114526
8085623260
11970265550
12495661616
6953414485
8384730991
8039372380
4278144638
11289629103
8622746000
5059132431
2286891788
9373897673
14822059779
14399704181
4581385069
10437496885
13019898742
10555611126
10283979442
13312754425
8695745075
10039061040
11532443509
13527398215
7413595912
5786876527
12559972712
14654480174
7778647569
10397095483
13813680897
15918869834
10739563137
7610500308
5314627135
7886997419
8077942126
7774991114
10931117966
8129631195
10990712777
10004773968
6366147659
10154944916
9869353874
5789967825
9592054201
11657437400
3285732129
13923211035
7521326174
12852109486
8798017340
5205767540
2123834233
13428601895
