11663928987
9236897675
14775507618
9610327923
6289339863
7099174466
9295158729
10706181948
12626033821
6220016120
14421434970
12263377137
9723039133
7451488030
7464143682
8582901924
10382092803
11544654237
4989444522
7738175352
15762059137
7587154249
14079766215
1305201870
9307093952
3273521813
12633427077
14037877656
7451758211
7899088499
10748716140
9305953034
14380962886
11335947983
13565956271
13080459272
13291383597
8950064192
15069517512
9123522846
11115448915
13654474090
8785863792
1203687033
2925201714
8806168059
8843294354
12112080586
10963692655
9372473479
11227163298
11335683259
13100447365
13302696416
11097888113
12541057751
15028732417
3690913985
4364859436
8560094481
6533246329
7412827317
11375370860
9863568025
13887702869
14222869436
3631667076
9634342597
9220153008
13828016548
10429627396
11081980934
8941900377
15218391273
6072728749
12577240760
6878952576
11884918075
13363463748
14237560344
12821393364
12230676787
18109684752
11354071280
7657465068
12348223988
14415306572
6958384610
12086289569
6625701911
9596942007
19079638544
12505481988
11837307038
7694673975
10172852206
7842320581
5521550101
6386271050
24555261212
12819331653
9779203664
8536426708
10928731249
5570308595
6408688083
9466482552
8111060112
6018003129
21408992706
12397847863
9982292456
15581135850
8334599464
26893525934
10697100011
9185315905
6794147222
10208370650
7453973454
8124903010
6523531296
9111651319
5427586668
6676660878
9526742535
9012912411
5983763566
17731711203
7084949356
12588775015
31644689621
12660356820
9160224717
11311857859
11089334863
12725649376
9427182678
8152320775
12612086511
10127524546
14043093527
21121965546
6361184032
8992148354
10750649771
10836258026
25095958677
8904654626
11058189365
9777372021
7274866125
7196860955
10334973970
8601862519
15348865789
6471009568
13389366704
11181770788
13827077375
19564151414
9404238731
6108096140
7732005743
6974928735
9225314115
11077216455
12936232412
14395299254
6665786759
18865155653
4533206950
10826424317
8807752386
9449188080
11061806434
6206802218
12788549259
11316276948
6245691590
11717139535
11037335594
10377487054
9679548193
9013089734
8376516496
8151196211
9427306375
8822950752
8265185930
7768668092
7057313077
6833644822
6362006622
5961256534
5595038914
5289226254
5034462904
4769058847
4497550730
4237546986
3683650195
3728814674
3468612188
3224664317
3000357057
2789121811
2597993010
2410793244
2247850087
2092733024
1945285414
1807669818
1678470691
1560604017
1463289308
1373280307
1300323589
1229384775
1157764230
1088729456
996423586
936292030
885728799
803588337
779790041
712100708
621566640
614940336
581503696
553776381
511870035
477217660
449621042
415978285
385649153
310028562
298704654
306737166
281517706
289020891
242538814
154828189
113714952
27434055
40122158
60348812
171752285
62118112
67832835
146900106
75265132
49375335
37663321
93709490
98342618
13565718
24686774
73274260
50985244
22837735
1517467
66620784
47740965
794794
55231636
95188
1346332
43177630
1302096790
1272155096
1233541277
1204723361
1171077101
1160685536
1130592437
2253883306
2507809041
2798219170
3214219317
3714616808
4070421971
8085452640
7782553563
7965425882
3664191146
7502274402
3534086281
7997560733
6029455293
9906401101
6473123531
7436589346
8919788371
13106045788
6837935139
12255174640
8591774535
16029838092
10466935745
8797265905
10862762698
9359624180
15632850987
6657704874
12132340031
7922862282
11586253609
14962305150
8060226530
11959611252
12505727696
6976525602
8417295848
8011242117
4257921479
11287625440
8612778065
5092556638
2256251939
9374187545
14806222788
14372117651
4605079997
10442273114
12984452975
10550413705
10243842192
13311024142
8674743814
10012225493
11565567839
13530774435
7398260541
5821078790
12513304398
14678014310
7809187999
10358806494
13845937678
15942591840
10707375386
7522553911
5342491189
7904278925
8079501718
7777167014
10978356720
8113976529
10986339149
10029506156
6357902943
10107630341
9853733864
5784759572
9510709455
11631735553
3275809473
13931781649
7476931579
12813909941
8840710773
5256721965
2071826700
13441788825
