11783624409
9090575316
14901804650
9660167934
6359074898
7315238279
9387382057
10745764059
12722763270
6142632539
14243430456
12271847992
9904460848
7619444410
7401863457
8765434795
10127508589
11408801986
4942662939
7867715528
15735355042
7556461818
14183483873
1377766764
9269453071
3206167182
12584891017
13991017621
7451591862
7862287717
10694482758
9388070830
14377097821
11128354052
13559059139
12968571727
13391850336
9019179305
14936715788
9083178170
11140002366
13726519820
8956100753
1190107969
2830066834
8819864810
8661907990
11884712036
10803719189
9213792522
11240866967
11350528122
13149182489
13292271952
11119793781
12408632621
14793006232
3518288188
4610309350
8588230866
6749499271
7651756485
11563389477
9696826474
13500599191
13637655687
3554337710
9639138797
9145533330
13368603901
10474809048
10982295345
8844278788
14417945977
5968023919
12416320560
6930141935
11871982721
13236446017
14049236611
12728133679
11992376140
16825338924
11236988249
7539107894
12385616019
14378829691
7027161025
12116315054
6676544258
9517034546
17550373458
12527616350
12081998337
7591204155
10205174215
7690964970
5545076176
5961293029
21685081051
12789254593
9603680258
8452105747
10845788011
5680934564
6521850300
9494568491
7943698283
6000102465
19623381328
12156395023
9982286919
15630353828
8296376020
22116403103
10790708426
9044552043
6744279906
10207388978
7371191686
8256049419
6459055214
9069703930
5816279597
6776044380
10025768543
8830888214
5978263831
16467683614
7121950855
12617128636
27415513341
12794873658
8965810659
11355147042
11105017088
12634254148
9504221175
8077836185
12585343451
9934399917
14120814216
19469237351
6377988567
9098902767
10737723401
10497599401
22662858418
9007031178
11100360425
9887034557
7226282653
7437651950
10611904213
8689521666
14882605718
6499310809
13575400006
11135692720
13891882316
18910789466
9629506244
5918553733
7900116977
6989680507
9276221735
10949537691
12850550229
14514427293
6831058894
18966274398
4548918986
10815419814
8911306193
9505717094
10938615673
6465705777
13174441001
11344581652
6472395284
12927811392
11915856503
10374154471
9923529370
9183749583
8434490573
8713918116
11071617909
9187647968
9860985471
8526103406
7002180814
9641159377
7206962762
9534462647
8926682320
8473013478
8062989418
7422207711
6475885270
6790575943
3610410726
5924276781
5117159896
5168976715
4718920826
4447174960
4108524012
3731355531
3632837952
3389190664
3152499886
2939157983
2754818371
2596537468
2456835706
2322655092
2250513750
2180540021
2313401883
2165591993
2029994630
1891316554
1765672732
1661332886
1554132925
1450594532
1347146513
1255342095
1168380770
1098278831
1038650955
978149582
889836796
862719005
805171041
769466129
712955645
585674564
557547988
577079644
536603397
501244610
297065860
424936477
374327750
371894677
317035660
310415557
310100742
292343942
245063062
155025820
231433802
855505
185019117
127439370
51560966
61247210
76923207
83082321
23130958
108196889
77614235
96916691
78555923
102515496
718182898
2488710744
3335115008
3215086665
3410998375
3421857756
3389888160
3260472824
3220345708
4552490197
4396684411
4412890332
4736580569
4894242321
4840579947
9422301305
7887718226
9365246943
3693527564
7638193391
3431213297
8455588124
6261136661
10300192738
6461357046
7574621746
9062985873
13350008110
6993300814
12698525440
8532029400
16365612040
10509534149
8707671138
10943324800
9478716023
15458723714
6242822149
12314820415
7730909767
11825936621
15069821845
8062946903
12100009739
12073514703
7149849288
8367171373
7951707599
4338649397
11569740572
8654357961
5190315212
2262153317
9272311022
14836188652
14368784466
4491273753
10331671018
12889108952
10572826619
10398870067
13188146182
8420473246
10055190721
11614306930
13359279802
7158740742
5816467132
12513051533
14659399699
7862405248
10296884379
13843823360
15600420520
10849499373
7498859421
5392770322
7923796129
8249414310
8029256338
11099856124
8115794010
10691174380
10092262352
6181329648
10303442613
9913740517
5770837221
9457869802
11690632241
3381630324
13956701059
7700239068
12911608098
8609022029
5204896524
2219744576
13424847918
