11793203306
9122103457
14868611794
9659171618
6373560191
7264493455
9371141685
10719663360
12689483744
6151228349
14305737513
12236714622
9898503863
7629162268
7425327281
8787876783
10168286966
11455863932
4908079053
7847984471
15769945137
7510723627
14132832576
1347037657
9366606495
3214722819
12596324382
13970361236
7468116973
7878776604
10750703567
9401538655
14439185466
11123646806
13531446644
12925600735
13366167565
9009560541
14994184810
9087339760
11075603987
13783861426
9001660206
1178866618
2808714275
8815817522
8678659151
11917431223
10773286699
9203191631
11237856974
11308185018
13083588465
13322700246
11116857571
12380812812
14786972581
3515763602
4553651672
8576127251
6699143779
7578995187
11536870963
9637540482
13547106055
13663272279
3491979821
9665012923
9196625851
13511387634
10453703613
11012187453
8847520256
14446417948
5963619603
12457562774
6921854243
11930857261
13217217850
14086640573
12699558252
12004435995
16895602961
11248552508
7565379748
12436375515
14342680199
7012349127
12156760138
6636750095
9488435527
17679902450
12518640931
12044997359
7613796008
10223980969
7612191146
5567269674
6070739852
21868681951
12773285227
9592828918
8487202036
10814742860
5693316200
6541875462
9525813415
7884047714
5974963099
19712628913
12232685822
9993105720
15624341993
8346541996
22479097724
10768853568
9046582753
6774373737
10174581610
7363049565
8237646681
6535152609
9094554927
5793722145
6789519459
9964494506
8821240820
5999516308
16571620714
7104474136
12620513958
27788552205
12842056746
9036447140
11409865666
11208259020
12644320127
9534129109
8097730016
12567801580
9928923034
14099586772
19689203847
6303329024
9115328872
10632710677
10526449667
22827057105
8996443485
11098503284
9962282702
7250535279
7432045632
10666864735
8733983200
15004422196
6533869843
13690480082
11152401470
13978026032
19016259252
9611432805
5952110608
7888894007
7005730308
9214319368
10902773044
12885808406
14599789112
6867318570
19106983603
4599953592
10780851708
8897858502
9487161691
10983311564
6427562559
13118877491
11412200573
6422235809
12843139134
11981876923
10454274250
9956461359
9239282482
8374472245
8684476474
11027366251
9195727254
9865879503
8591951009
6844684043
9577434806
7173340053
9390621737
8818194685
8337168179
7939830516
7457456574
6468420518
6685742539
3705570012
5878318811
5087286829
5073254724
4731365896
4394728409
4095680994
3764076376
3543225606
3299298332
3054504913
2866988058
2661319278
2486135587
2341603324
2245496434
2145434760
2064277957
1939708032
1822462183
1701273548
1586756477
1480666885
1387300639
1298705871
1193884870
1129582932
1050446602
971801209
927014683
865607103
813752545
752081451
718364179
657716074
636787882
597876609
547052203
519117061
483507055
429344306
390246607
276689890
353090783
326806364
322436355
299150268
264726350
259936518
246530262
226516875
199322708
177702273
42659500
137222298
144247815
54901239
73607068
133694991
59402926
26743753
116665758
38945825
71984338
72074073
86491312
543093792
2395038818
3187976360
3117660603
3309305209
3262085680
3272437464
3151182153
3037124202
4334178258
4299991557
4364492326
4602686964
4797340638
4795553319
9345572246
7854529957
9276945918
3635529364
7603950498
3439649320
8456466204
6286419007
10293679636
6466943736
7566329131
9096191741
13271345448
7054820222
12730025109
8597196366
16252882613
10481660091
8621103134
10854891827
9438499985
15466050710
6267958423
12344524763
7771911052
11767116887
15059017184
8002478164
12046765885
12128005246
7128883012
8347912800
8025258459
4295513687
11592298368
8613890611
5142144303
2237045997
9277097716
14886111126
14327931852
4485336144
10328411983
12934219584
10518518540
10416973867
13188484797
8466405268
10000404136
11583406888
13359259131
7202125290
5860327133
12580042382
14695651210
7862240718
10186566795
13838578107
15615023304
10788896259
7507202115
5332730746
7859391437
8219925072
7999288031
11158523770
8034435290
10626236093
10054046397
6332882959
10361318647
9864008423
5787805810
9430691969
11589903252
3427733971
13971485233
7668756922
12930370463
8653592543
5237851814
2199987035
13464026559
