11660488016
9236765658
14773836187
9581198433
6265299720
7081330077
9313834052
10700308421
12645368796
6257427096
14419844977
12247486177
9757182113
7474502862
7396924740
8582205819
10369564056
11565406005
4997045200
7755162639
15776958106
7600159254
14027981389
1319318811
9343499549
3299322921
12628498957
14073735014
7427406223
7922926344
10713834262
9368210054
14367339239
11325990816
13622541110
13046336272
13267042306
8965793883
15091439315
9118125198
11108462488
13665457300
8786642402
1219804151
2943368214
8796604692
8839518616
12093360865
10968757488
9386538760
11254428412
11307312745
13090984161
13294355124
11101999480
12494361706
15023489301
3663992013
4378521847
8599047779
6512177911
7399407632
11388844424
9862935928
13852299575
14092772967
3669118142
9673497957
9226129823
13800572613
10452619753
11100048958
8950076908
15165965682
6046234000
12569224554
6869411460
11871612068
13335340837
14173441721
12808123559
12191847084
17925373222
11354843466
7650851487
12393110430
14396548614
6982475102
12143373354
6604527383
9650428235
18891039415
12471616572
11869866163
7743486281
10180885312
7798384974
5511200117
6351231542
24207865616
12833964234
9813317077
8553825872
10895914709
5628694547
6390604511
9419215304
8116535861
6044723640
21197480825
12319994279
9921365644
15536586492
8326827203
26336178573
10660748558
9177199915
6850743005
10154581392
7473789435
8175966166
6543652291
9094848701
5500667451
6740079538
9507503952
9033799448
5943008986
17565039585
7007834468
12568384999
31162831814
12705853788
9190875202
11282091280
11134198359
12681822510
9465426649
8188872430
12597166413
10151678834
14076243287
20921685433
6320864104
8963506615
10693877507
10822655776
24842271464
8824376540
11087322720
9817618172
7272863802
7260560829
10318162266
8612452118
15423653524
6406795128
13436814329
11182490649
13791777851
19563689839
9370200508
6115290125
7784966310
6996538719
9226281563
11078048433
12903455805
14411942107
6671058511
18955415749
4561387330
10825213671
8790598161
9440989607
11022789689
6227868328
12934667331
11324761326
6256584568
11825815788
11128279590
10440750348
9759705611
9096055275
8426195243
8152480041
9632313478
9053742174
8709987396
8195334036
7007423137
7256496052
6756780126
6332072805
5940625986
5617153890
5340940024
5060969213
4773428699
4500388806
3676458925
3962101237
3682413890
3424966174
3182494162
2964143453
2756289928
2559686355
2388392334
2222228399
2065123003
1919452370
1780930310
1661489047
1556401115
1458921594
1378501944
1304535002
1229396713
1141044538
1075534939
1004912178
934739904
881225425
826533816
751643124
696796417
647922865
604978316
579897594
549853724
518734222
472865330
435648447
431610289
394045969
358886493
337394013
328490389
283778936
248490920
139013630
128498264
54282841
38532382
119113122
158168493
63195877
41602990
151241832
118891719
32547724
14092816
115201898
47420006
24698963
50272933
15691501
42806397
9619135
16382512
59010154
54516235
16527294
36069739
14562257
49834114
365235579
1584414637
1565943761
1527799410
1466330924
1432750563
1385820172
1342215514
2497627856
2732834570
2966047981
3387448049
3788233229
4216683252
8224086748
7789485504
8150734514
3688905404
7579014960
3518208506
8093636922
6014812582
9965336648
6458357714
7465342768
8925248816
13179719285
6844446496
12276260267
8644054029
16097996875
10498536124
8754093878
10820385986
9350817246
15570229707
6637587545
12177536467
7934336038
11601269965
14898388665
8082249962
11969291697
12481346108
6943759171
8390886045
8034221602
4284168207
11295379104
8621245805
5073815004
2296172407
9386138604
14811638314
14402365824
4570808552
10421320401
13014683080
10566319873
10300139758
13323194144
8694450754
10023262077
11547223456
13544798008
7406577005
5773911564
12569717258
14648348860
7788923024
10403884650
13801866776
15934992821
10744681404
7622160930
5305488565
7881753722
8075441066
7766574530
10931683234
8128571114
10995708333
9996954493
6353574995
10147151574
9870816429
5799358461
9581901134
11643789601
3283043704
13920135198
7518520739
12848216663
8792952601
5201551513
2128349862
13434921841
