11768936556
9191501447
14849274677
9681617670
6360133178
7219220083
9306589700
10576811543
12679529567
6184633168
14238866737
12208290947
9850383289
7607852045
7444807835
8767731981
10259910654
11469862967
4970502987
7815768674
15757660231
7573909105
14035945455
1234346009
9400344799
3161538722
12636916766
13994569759
7464049685
7836677958
10709845937
9414358484
14292356462
11336149435
13477327698
12990983535
13301589395
8925741600
15007300380
9085234245
11109079307
13741087260
8912893338
1101356227
2815715584
8792534301
8669881074
12023035498
10928183724
9255798638
11270986250
11345972607
13018592275
13187033231
11129509188
12434284928
14747465738
3519818491
4614720497
8456265127
6773127859
7513713787
11613918694
9617987653
13568629990
13731753234
3470370455
9630169556
9145280611
13567405029
10412036255
11027292705
8854437816
14559082066
6008954533
12447990266
6858181423
11889915925
13280788937
14128928914
12754616682
12056444287
17117039251
11406691086
7587294630
12387281926
14416648157
6967674713
12027772676
6523989095
9501336559
17935873956
12452396850
12056077374
7641759661
10247690364
7533860990
5511492452
6092864300
22283022759
12718366142
9678096520
8450298547
10800100550
5545971884
6548131885
9475559412
7896296121
6162323059
19944629500
12065216153
9931635181
15587596641
8327062411
23100342545
10766573992
9055528099
6842150200
10178311290
7386602812
8250061044
6543449635
9031513414
5705850650
6682862335
9769475038
8764153830
6082685949
16834318131
7040743514
12551980317
28422065929
12818256818
9165086954
11334312681
11200862368
12707701740
9535025532
8078650082
12684461343
9944015804
14221344670
19970086761
6301936572
9028306567
10701447970
10631517208
23296966000
8944957552
11144921523
9953017549
7228145026
7355813041
10603250288
8655036543
15048833348
6482343049
13674241084
11152622415
13987674423
19235143506
9525511214
6016059575
7838767596
7104380564
9150947526
11013888344
13050865582
14590877031
6851202525
19138976378
4548885009
10834983008
8824207806
9427724357
10972361966
6405399518
13152752684
11469080769
6440403586
12669266667
11920508108
10458756166
9894855516
9159160168
8376070026
8581479309
10676419676
9179015426
9653419079
8588589121
6861076708
9298964370
7250585997
8843507194
8293799013
7856336234
7476519513
7081350574
6356094791
6276653639
3655737581
5525793489
5029474194
4785167497
4424956948
4133464859
3854531746
3592769359
3337245656
3093283708
2877236744
2671211121
2494450817
2325418440
2176148732
2035313040
1914120410
1811917730
1718461412
1610973594
1504182306
1318947006
1305758730
1223035135
1154978732
1077042383
923935230
838618793
833492054
821611289
774033861
685556772
650042601
603477735
606626859
561721613
501378204
439847046
392628264
431216439
324788183
361856534
235080236
302498524
306907454
213026709
221177897
209351984
213725855
205007296
103314970
59196650
44862024
121915032
129213257
106861369
110509424
93056438
25752721
27232923
94746233
38401982
52328510
8652372
16001500
72721572
76800022
2001688592
2931920615
2915899869
2928836519
2862516218
2850502293
2801840580
2756918917
3877713140
4074848433
4152545535
4307387302
4595711902
4611092640
9157461688
7809835487
9029770352
3624916196
7604236393
3396203373
8332168927
6198431104
10233852648
6563913759
7533230567
9158063171
13283000417
7012308110
12715077635
8542914082
16209929218
10447163208
8523223987
10882460361
9496092969
15411723134
6321438547
12238044374
7819615249
11751462993
15015707845
8034825933
11950841211
12193344682
6990209868
8275616776
7978480381
4385134248
11528281645
8606857428
5049322806
2286172632
9223078930
14864914612
14318719707
4549009001
10258111696
12891562844
10542464855
10412190405
13242094770
8555296651
10011733787
11562483700
13466792115
7218726349
5832268631
12568065944
14612518476
7815281824
10162598253
13788723303
15646817086
10741759251
7470279696
5294210322
7751406092
8189590402
7928699794
11044935997
8103352981
10719274519
9969428558
6352817952
10131027400
9839984376
5735735275
9491469824
11555322593
3412557606
13944004178
7624304509
12848237625
8578951590
5098241606
2145097998
13472353434
