11717579680
9165248655
14783209521
9678850642
6242867284
7207381058
9271169525
10693155309
12630053357
6240079454
14413555584
12241832193
9750584904
7508441365
7372808796
8595696609
10342124577
11554479835
4990628371
7662081981
15746635006
7684333114
13902165000
1317766966
9332033805
3158920751
12614250238
14074749045
7414234065
7927978988
10676900707
9254225417
14414640207
11325906712
13620089863
13100304334
13204272736
8928449478
15100487804
9124333177
11090956589
13615181556
8740633388
1241916856
2886537046
8794464732
8766956028
12089172668
10889451213
9402560846
11236745083
11269103345
13013008458
13249069673
11180365390
12475298054
14966975268
3600485538
4423265273
8602059505
6560210532
7435673094
11455842407
9812296768
13750387272
13943258889
3617074073
9776483199
9203723223
13694277003
10385104538
11137628905
8864804107
14963165421
6004220586
12466507853
6883289686
11876037823
13438228697
14151533479
12749673329
12223769116
17682224291
11352220083
7607094200
12386249390
14364296898
6964820348
12045006700
6560357730
9692957321
18596556168
12473549465
12000625358
7685075973
10212885436
7823621776
5527520391
6292283291
23695280349
12845390196
9768730614
8577193202
10883163751
5577233411
6377673530
9349652032
8061726551
6043003127
20816697174
12271522632
9871132293
15599651070
8289860974
25417672239
10730932545
9113516050
6839102975
10220942524
7440800358
8134257261
6517923869
9034158258
5626052416
6765314913
9616335695
8965640218
5953463585
17404084676
6989745304
12595055607
30398344803
12691800540
9165138960
11332735149
11067040976
12608078724
9500373017
8105227219
12609762370
10182803352
14059450554
20637629187
6329496203
8976119170
10656810145
10806858800
24320067303
8893041749
11063205107
9891875797
7231947958
7409712947
10326722740
8620085353
15438977508
6417053192
13508096079
11138487854
13895238398
19491987077
9397807334
6085836053
7786328529
7070297428
9196797075
11141348401
12915034191
14455002010
6691699069
19051105795
4568874734
10830252756
8871655273
9333673095
11003252557
6284090987
13003712346
11350647724
6245099280
12114185071
11403665239
10372387648
9782991645
9155222113
8480105485
8290303118
9976143071
9078112830
8899470709
8427789119
6987884172
8023692473
7384003373
7006344044
6576986630
6217626061
5919202435
5605821859
5282260358
4984123951
3722468818
4386865782
4075943037
3790839803
3520806309
3274462588
3048819898
2840196522
2641675557
2449586945
2281987433
2121539330
1968948758
1842635270
1720148865
1613294819
1529081226
1421564731
1340319339
1268980794
1187323209
1106002977
1030071930
965572638
900866877
851233072
666918347
733278105
651131676
588401984
611519487
557448443
513388656
500546168
476593595
444372971
412878403
384727840
349345462
267347414
294216846
124862327
101634482
165610975
121062991
121173894
192087272
64282911
56465732
157113388
101817332
36049818
45679928
110031886
83520847
45075177
90389301
61350871
88654999
36484872
50353172
36586580
31319022
47212235
6757764
37794223
23591144
879371710
2039420867
2035251124
1944424728
1894308203
1812253611
1742982878
1765485389
2939405222
3152311817
3327579837
3643608950
4032115446
4429057195
8517159675
7786305088
8387164336
3577501728
7679675821
3510969555
8176240663
5986846169
10012903599
6620221361
7494564799
9055832594
13194350921
6883039757
12472357158
8665629847
16112704680
10407697194
8704212425
10857851691
9419817196
15489673876
6547155371
12115975108
7936359124
11688488252
14997716025
8101399005
11942858859
12457133097
6944936812
8311243124
8088911009
4253855152
11372568071
8599355385
5082100649
2247738072
9353206702
14784381381
14276155447
4640360805
10390146887
13046428258
10649703401
10366276689
13312253573
8706196917
10150374061
11529760528
13506457275
7395386118
5763304957
12480216187
14608563209
7745732048
10336924138
13742129164
15810386870
10785179858
7577380663
5336649729
7923765117
8155520466
7842918961
10979158838
8194563867
10955886457
10012575906
6326399547
10161994040
9962435896
5772238588
9543242990
11674323106
3328661855
13955052806
7610726910
12754420571
8752815794
5156355923
2170513831
13481000145
