11660392461
9235472587
14774862920
9610079722
6291686940
7090105873
9295059547
10707862880
12629875886
6215565672
14417949760
12261617305
9719029213
7455772590
7457256681
8579125689
10387833246
11544872359
4988942207
7727908857
15754931431
7586132223
14081516190
1301928706
9307652648
3271318751
12632847311
14046517842
7453019658
7900888021
10749870561
9305396800
14374151538
11338719014
13568269009
13077453818
13276767812
8948556186
15076220084
9130854886
11118649688
13656015704
8786897417
1199004982
2924093940
8808753013
8858050830
12116129922
10954030359
9377016397
11214325576
11327535884
13096239369
13302927410
11102991685
12550286171
15027095185
3688733582
4364695300
8560855984
6533853242
7406625458
11367418297
9858663968
13881193308
14218668801
3642963426
9632320683
9228307481
13837571329
10429782487
11081709428
8938116789
15219251397
6073027514
12578876859
6879700803
11881743519
13358801862
14244474240
12823793146
12233331138
18115606949
11356564360
7663307690
12341095883
14421169586
6965093969
12086734735
6621235074
9603365773
19084740775
12510584169
11840751446
7691086054
10166072369
7845876568
5522501858
6391335327
24562292540
12811682572
9790667291
8537890086
10927586895
5574443582
6397336411
9469760140
8117062354
6020809512
21414893915
12403421792
9988445034
15578543731
8331256705
26903607398
10705938502
9181723119
6795232466
10213206060
7445348275
8126973158
6519761706
9114148020
5422377204
6662369720
9529309452
9015895351
5985276633
17736930861
7087108693
12586721585
31652143103
12657487298
9157246858
11315757874
11085505010
12725266134
9427841009
8155162222
12619147124
10136383154
14042963621
21128980499
6367095621
8998561270
10747746154
10833500143
25105478711
8902518950
11058423284
9778888168
7274846935
7189821024
10335969987
8607893107
15351856115
6463745880
13388074759
11175161797
13827531739
19566403381
9403420146
6103513238
7724459477
6981296859
9223225021
11082409703
12942775815
14396794965
6668832983
18854397863
4535276287
10830129587
8806517831
9452819673
11052100961
6200443892
12788718825
11316108177
6243868847
11718964055
11035677120
10371320809
9680303604
9004763071
8374928816
8150354191
9417716566
8818239556
8253109440
7758678432
7055181217
6826797585
6352940301
5955694196
5586525449
5284543271
5028398811
4762390709
4490999900
4229493442
3686592877
3722295518
3465308880
3218165507
2995453427
2789215081
2593098810
2404485765
2246395738
2085979696
1940535959
1805579243
1673709330
1561098869
1460807095
1372027904
1290748450
1224725684
1154992768
1081556162
997655527
937067165
883366373
804000200
778235648
708259654
624387844
618813746
581398430
548744784
517691461
476641060
448192574
408351845
383361826
302944117
297279108
298175738
286592840
288501367
240588399
156104609
117966699
26700695
39728695
68073787
170003674
66681934
68599979
143384858
73811817
48689003
40058691
97115320
93673697
13968434
28919991
62830247
52620470
20698590
1453892
66492984
41334341
4787175
48014317
6957505
2315440
43774972
1282645792
1266998149
1235702714
1190153444
1155510696
1147239035
1119903598
2243825898
2491993986
2784348156
3218961893
3715843219
4066530355
8083404558
7788776977
7959348497
3661737140
7496810457
3535828821
7991579252
6029807553
9899037838
6469963695
7437348337
8923226302
13112619032
6840366977
12246223210
8588969757
16025296279
10471665199
8796078737
10867362942
9357934328
15633830994
6661110575
12126630883
7927270135
11596669047
14958620288
8063076209
11965517383
12500309014
6980129783
8411410677
8019899927
4253027095
11286836971
8614607631
5093880695
2267626504
9379845108
14814477230
14371821575
4613005336
10443411333
12980531846
10544399471
10235096529
13301984275
8672314887
10007036674
11563300381
13523516263
7412281606
5816623243
12520208055
14678020731
7808280324
10359418946
13850351585
15941515456
10711005942
7522261574
5343757130
7913477181
8082073586
7777075910
10983022208
8119951021
10986915626
10021083861
6353789065
10106599997
9855290323
5789124655
9510625070
11636302061
3275404521
13932078362
7471516808
12813292829
8857605391
5261077232
2073520094
13440090346
