11761193059
9166325502
14860972412
9631767879
6365179875
7214703842
9263331567
10562246880
12682883318
6152697536
14303453439
12236587915
9729454414
7601229322
7398059368
8685566010
10298061209
11574663334
5041988967
7690782602
15770020880
7641979995
14012899718
1272365034
9408315691
3096997090
12605471966
14146458863
7418265522
7869851799
10773188293
9387072015
14269205502
11233253544
13572984736
13010854670
13325668453
8954950688
15086025929
9060671987
11120621156
13703789619
8840229881
1232465960
2790191758
8758555598
8681560314
11999061277
10863450362
9332431696
11230691388
11460215257
12898909501
13219736428
11209997520
12475603849
14886147198
3560429992
4546047299
8483843338
6669503286
7500588398
11584804473
9684885846
13628483498
13752377838
3540775973
9697254295
9257066338
13624496412
10421531229
11090855421
8816784985
14610281438
6060452377
12498077392
6886936618
11874998729
13364187054
14145183706
12798186636
12087778822
17276685349
11326833641
7617067791
12379039651
14439435066
6885672764
12034342525
6583772753
9554746475
18189772510
12502764896
12058983788
7654171049
10274459795
7650649341
5549270243
6123356833
22749832430
12773195185
9657098273
8467323568
10935164681
5513040794
6482441042
9455586737
7926301076
6170117982
20223923869
12095693674
9924435823
15587651244
8359007250
23733963323
10765295615
9113591743
6794364808
10183716146
7441673944
8223243101
6510929058
9069918129
5711251989
6735190991
9738296102
8896189812
6049099204
16986609566
7081304265
12523950434
29052931842
12771951782
9149777607
11409063070
11128138387
12692034797
9504163297
8067620899
12584349017
10031171134
14126270181
20217298151
6378767301
8942399751
10692301410
10715087141
23519446548
8943914673
11107810191
9923541394
7166219063
7371728301
10513621516
8577677862
15230050418
6498749787
13637092828
11220562741
13946879164
19353586798
9528788158
6066650133
7834698707
7092304169
9234397218
11107555762
13052892875
14494137939
6834210005
19150880791
4634334728
10918504965
8809115224
9365929470
10939419022
6372467204
13105727908
11455569815
6475292841
12494603292
11769112490
10499144380
9765878904
9188921477
8404111929
8482166571
10410652315
9101790714
9273944450
8591208943
6886793156
9030606077
7377602563
8310499078
7800268968
7376440271
7019366693
6647034722
6260346190
5913699659
3748540505
5201925066
4835026224
4485971567
4183479988
3891538437
3624215811
3369579306
3135535121
2909129498
2706531139
2517231282
2315672390
2181566387
2025337930
1884514295
1811696126
1686411633
1563455728
1489183694
1406421583
1314455695
1230940759
1157280806
1087186186
939279517
799011879
823916765
808998168
751486367
710237826
656397691
600821700
594509844
543172315
518327300
455421666
452022074
385677221
324035895
290115611
334825595
180541436
262144038
229562828
217129985
252321982
170426121
186460778
187303468
56562194
18661393
7959219
139847871
128704984
134264000
96356309
52985608
82462895
54208972
90815222
65431061
50944516
76853116
11536407
23217861
48989916
1651520700
2681472996
2698659737
2641207374
2588070581
2513273121
2482940604
2484697925
3568375704
3760956056
3890964499
4090296695
4474510752
4601551654
8933646422
7849821267
8797641066
3600594865
7690519166
3441354835
8247090048
6094665761
10125736516
6589111578
7494043782
9181865437
13264167425
7041204836
12526048901
8544003880
16188116557
10433586358
8607056209
10935774945
9473912244
15424810137
6348861078
12150673132
7948752308
11830666510
14979226183
8082233050
11954956573
12266401847
6919634381
8226037367
8076727097
4361220822
11477376043
8664933408
5105742146
2290080456
9309875009
14783403652
14303840063
4611666598
10315041825
12965473668
10624683531
10393289080
13302355436
8582287610
10082476699
11531348930
13469800580
7204488290
5789219565
12501944208
14580989743
7870680231
10316275175
13806350483
15707537194
10713116721
7485844412
5323973427
7736614930
8278139123
7812911905
10926497578
8170549715
10698040777
9920990964
6367557359
10154397588
9907155524
5761950933
9521065648
11556285601
3423244608
13943796172
7590721269
12867239868
8633730146
5076626666
2148725165
13439900640
