11633506542
9234685995
14760633880
9567443410
6298910111
7070646490
9288817518
10719832462
12644911136
6260068904
14418952691
12216944580
9742896284
7468534725
7438308219
8606492137
10399201197
11558583928
4963423368
7716725623
15756430024
7582832189
14049629573
1321227201
9333025667
3263133684
12638781826
14071789982
7438120005
7919301782
10727229783
9351653431
14396271118
11338019420
13577326331
13090847600
13278678102
8980902499
15084617979
9122766464
11104394615
13658767596
8795785498
1225322677
2966436377
8801493794
8850462154
12125327754
10966395827
9416775699
11240295217
11307672971
13100260087
13299397281
11096148443
12524186569
15045890609
3674797553
4368754315
8541746943
6506364440
7407535437
11378951271
9845559525
13863719573
14173036907
3672496200
9661399834
9218029602
13824644534
10430321744
11101353577
8951784870
15164095295
6035763132
12583592928
6850288787
11876576536
13337318603
14213612206
12801585123
12208333722
18026790124
11385284175
7669909341
12357475172
14406124892
6956263884
12136378878
6597348401
9606175739
18998311549
12493974961
11844522117
7728272897
10157829967
7826805995
5514885034
6358317481
24344251189
12828812609
9793768835
8569128232
10914834960
5585060868
6424563390
9465703463
8120494545
6038033477
21302895738
12355445610
9976047313
15561536709
8326590954
26597639788
10670674901
9190389465
6798833688
10175479696
7468723669
8153990969
6538202133
9119224002
5470837700
6727280369
9518793562
9033398280
5970866128
17648275746
7057987074
12565358289
31402751460
12679139216
9174129158
11300493678
11090569871
12720353953
9466045733
8195954357
12582335504
10143187955
14061620461
21033742624
6331083494
8963403495
10714054276
10817554565
24938606823
8873058783
11060440817
9789504971
7268716740
7247631949
10331056214
8641747659
15415006754
6436292876
13385507336
11198158469
13784557079
19570971325
9397511055
6080585771
7766065219
7000482609
9209563594
11067155949
12893528589
14384884277
6663490359
18934882986
4550616229
10860282350
8787037807
9469191508
11040749775
6196244309
12862184592
11324935121
6266849502
11795411986
11095021947
10423866030
9718502823
9055813336
8383800734
8147492269
9568171714
8994346687
8522942314
8007785594
7041009341
7044417832
6559509242
6143183270
5766559978
5452130133
5189399391
4913287681
4636518426
4370300147
3661754508
3846120678
3575271102
3322601305
3092159549
2871794378
2678574127
2491417482
2315948825
2156461983
2004050072
1856342902
1728137699
1587345912
1491516070
1415364092
1339778360
1262942292
1191592187
1120721680
1046333731
973493324
898168648
830987094
801853258
745225312
690805087
641363991
588860530
568891929
525241721
477372635
467256251
433843568
401223891
364433715
336491166
326459810
307125556
272641833
269718053
148373202
129158106
35815499
34864419
104799433
166897835
29624712
59143499
130525725
88776960
13913294
46661312
112380271
68220678
654955
24193486
52635636
39763045
18962026
39904926
45593438
40306313
6618089
30745503
40358728
9569273
189936914
1440503865
1441259383
1373119582
1330640423
1305440709
1269155240
1217616277
2365680715
2637128322
2902364007
3299752631
3751918320
4167550492
8160759428
7786404305
8049677882
3684844153
7525578246
3525217120
8047026161
5991848983
9927608337
6440876351
7481242645
8921630042
13140376485
6846862701
12269693413
8613847218
16073215918
10483580813
8781823625
10856043574
9365764612
15622448303
6625509919
12124648839
7917018653
11585742322
14938982309
8065256242
11966193387
12485329792
6956333539
8378458941
8016937056
4272733469
11297063726
8620027759
5078937156
2283258281
9389559516
14774371261
14380174439
4611116306
10436657450
13023329590
10550386418
10261571239
13329443165
8673012770
10022025756
11542414394
13504791399
7406834770
5799102133
12542819099
14656301526
7787170830
10371352166
13814822219
15931623949
10698724532
7564946763
5336430249
7914747296
8082934130
7795106986
10962824550
8115888838
11008534515
10029882087
6370958893
10156496214
9855550621
5799040280
9555029074
11648775689
3302184669
13935952557
7513921307
12853103777
8809528785
5226018554
2098439365
13426335762
