11638576449
9226553534
14765584813
9559461785
6302077876
7069681873
9291311105
10718493460
12642672490
6274114651
14412793623
12227849081
9748765209
7470669015
7431287229
8604704353
10397650004
11557915250
4972896604
7711041872
15761857662
7594574470
14040007259
1327410172
9327041409
3263443035
12635964796
14073902286
7431919390
7927535852
10717055395
9357915924
14396469520
11341324755
13585302659
13076654060
13267444514
8978545231
15090305832
9138747559
11098698060
13658299480
8795840270
1222344081
2962118503
8797878718
8842110466
12122077625
10958260944
9413806211
11248152868
11311314364
13107167592
13308352262
11102434619
12525887480
15049522379
3668476316
4368097350
8549977739
6511884717
7408668036
11370493360
9843343837
13857233468
14155629192
3678279685
9666306172
9205835652
13818455885
10424577656
11094600018
8957438151
15165308344
6034370634
12575563672
6856660229
11871815359
13332462008
14215883715
12796988764
12222777201
18012513298
11378815864
7665773228
12358910979
14400259794
6956764125
12132567891
6596491760
9609268789
18988865281
12479892591
11834512196
7723802257
10159892901
7823393470
5513187913
6359765285
24322708752
12819418288
9805325806
8564576889
10927715670
5589796312
6415112555
9448806282
8126686168
6027216177
21293088849
12347515183
9978233697
15550366878
8322108627
26567585181
10661806676
9194861633
6812043777
10172877527
7463815710
8150395652
6539433081
9113116683
5474731225
6721266070
9520391004
9030265283
5980806471
17641312848
7072787175
12565553932
31388493429
12677286393
9182715174
11299257753
11098588355
12704643350
9458618208
8196426666
12579723918
10140462231
14075507307
21020260683
6327175361
8957303789
10731319830
10816492858
24927972978
8880699422
11072391413
9794947999
7264799660
7243859455
10321830130
8650050186
15412244883
6447420615
13388547294
11192435302
13791946552
19572905059
9392870815
6084665771
7773707989
6986725118
9210011942
11062478168
12901248012
14388433706
6665782185
18939102940
4547372416
10841787283
8777541351
9478824465
11041961508
6191205986
12879143322
11330019966
6262723964
11797576390
11101748545
10420741611
9709106270
9066356640
8381771739
8152836801
9578692928
8992419109
8551154045
8032056718
7041913577
7065429326
6582147968
6166360535
5786745407
5468916557
5207296104
4931436609
4651976603
4380172000
3663685008
3858721728
3587644945
3333283667
3103782663
2887584243
2685432039
2500092993
2319600496
2156424002
1998914952
1854616368
1738371675
1587857926
1498317199
1420902626
1334977647
1265880071
1195849134
1124861234
1051664572
977340486
888045346
832983332
805361053
747184762
688692653
641714486
606037969
562901287
521856619
487897125
466156100
433986353
408619359
380450110
340799814
327104763
316002860
278957569
278052287
143461776
137184348
38239794
38740978
111032223
170589141
29369358
59629300
152326189
93583697
25145221
36232578
109374400
67235013
4701706
28039799
51827242
28208088
11536031
39153135
54488058
39745201
11958573
32688251
33284889
17529806
213657557
1470366038
1448100131
1392517875
1339533574
1314327179
1274636727
1229776849
2379990081
2660117365
2921703634
3299736267
3748403243
4175340919
8175961598
7777228913
8047022668
3685073193
7526122006
3524764782
8048653277
5988157817
9935056886
6440851439
7472036531
8930722155
13142007389
6841093425
12268994696
8604317941
16073601709
10480736732
8768258048
10848053985
9367540091
15614870622
6608958758
12128423112
7910986575
11584990853
14936892417
8062100639
11966326466
12484959518
6962462355
8390086210
8014677886
4273200931
11290064475
8616038350
5074890299
2275569622
9388936685
14781875965
14385672098
4602401820
10440856250
13018061694
10554379108
10263391331
13324546096
8668019155
10029142271
11536381100
13512118060
7411321501
5786117487
12550665642
14665054963
7779695987
10371267229
13813186543
15937786057
10704941367
7571399237
5325686814
7907516368
8069774490
7792726164
10958513840
8117495826
11000553662
10015883361
6370723368
10169804136
9859427968
5803727718
9555307474
11644526694
3313799491
13932939083
7515478340
12854682105
8810019963
5228653200
2085150081
13434612139
