11768082674
9112699532
14968871479
9616325547
6333671496
7318537841
9475793213
10810485198
12693914544
6135764760
14305303093
12324049510
9856399581
7582715785
7411180075
8777989194
10149391564
11424983555
5000935268
7878382238
15706614498
7538837703
14193607794
1387012888
9237257009
3248184837
12596537250
13993299952
7484136077
7910104748
10742085650
9403356015
14438323644
11081936400
13580289104
12948740940
13408716139
8962031669
14879383248
9143998658
11207963693
13744279131
8917485416
1163237856
2825012525
8821399766
8679754526
11866298020
10824267420
9268218244
11215127269
11372831800
13181790383
13252138831
11088378415
12414197176
14721964135
3562107437
4585328456
8602499866
6766240845
7644083609
11597326345
9707745999
13479902640
13657270240
3538705462
9619797581
9150249088
13267148813
10481761882
10950793185
8809303247
14370951007
5947722057
12453468018
6858177967
11852901242
13215155286
14059474487
12732302082
11948095996
16756026565
11248498952
7558208500
12454248527
14406403865
7066030089
12117983945
6649105834
9576281390
17456728370
12454833664
12061925282
7633275528
10236954892
7706723989
5494224498
6007703149
21570915484
12830902612
9533127095
8494164068
10840275600
5666968475
6583462806
9515028222
7954899247
5931082651
19587882758
12188640093
9983021813
15599293603
8324385969
21975740689
10816384096
9057210060
6722689718
10256270629
7350372867
8207587935
6407796424
9102164972
5817947202
6789601624
10038768555
8835390302
5935063874
16376212650
7084729286
12603823090
27253742563
12786582406
8976783188
11367872837
11113208142
12608483403
9489898003
8052600194
12580523201
9939698509
14112780673
19404122324
6410904365
9061161612
10667399692
10515564622
22550182525
8986073078
11081535024
9859722268
7208701483
7417040190
10592770504
8671754954
14831434107
6549322906
13508812976
11141316182
13885518631
18883077698
9627873305
5948124910
7910366824
6974200104
9243657353
11003996268
12874260506
14473448472
6791127221
18960237799
4517142814
10852775829
8901992865
9523798331
10892020656
6460270566
13193068690
11280327905
6501797969
12884730626
11906587645
10369734545
9936931252
9179213277
8413116144
8670411041
11028155440
9198514176
9857394743
8576583013
6994228139
9719900651
7200279957
9619095994
8866528904
8535582109
8124154605
7383650908
6444273953
6840278305
3608063017
5943945213
5141919759
5213782435
4734631650
4415050385
4091414013
3777681352
3690763560
3428076599
3188446597
2985874303
2804278265
2607356828
2528188282
2361531302
2302631716
2259045557
2464915246
2357102974
2202425328
2050747526
1911392186
1797860004
1689172667
1559178042
1465875743
1365687826
1267561556
1191456674
1133130253
1059259488
938759539
921700250
886139133
837341875
764603060
621790479
586642027
600744430
575287146
489271014
383796678
455789269
354884862
368257327
301242740
368298051
337699990
307165479
257499998
174248101
202003536
31412829
165806640
163434801
44648474
98097275
77431851
137318546
12428192
133106935
58519949
126877862
124101056
123395973
885571860
2544053846
3426302687
3274981276
3452260572
3585875206
3465126110
3316615049
3310654118
4593875318
4435435676
4436707312
4824526557
4931368284
4792744539
9441684857
7890920324
9397253040
3686254326
7574062907
3432740141
8543706819
6237340722
10339948018
6533547355
7624636714
9073179348
13350665226
6967874758
12692361533
8495428435
16326092879
10446365486
8694574653
11000872044
9474026871
15410175395
6278089352
12344005183
7648260013
11863407648
15052910259
8040421303
12128915913
12113715088
7084805830
8397971195
8028883759
4346917629
11528112431
8659303634
5210185143
2314151290
9250845746
14811246699
14319840402
4486042288
10313538847
12933145532
10615996844
10368496147
13169770527
8479540920
10002164934
11566451881
13375151692
7176348238
5855658130
12539631952
14650357281
7837301257
10335619908
13876186269
15668829603
10878534228
7488551198
5315939612
7904473751
8245688177
8037605986
11115027771
8168202938
10655173800
10007680655
6244471934
10338878343
9873698327
5764875889
9418628571
11653506930
3376095862
13990348912
7689437232
12875084285
8559945241
5257591372
2217851333
13429886875
