11668550952
9251971171
14772474963
9603785238
6297939932
7090320619
9287948296
10703441852
12634424389
6211155157
14414878342
12257871629
9708709563
7462553665
7454483758
8576859255
10384050285
11544590259
4990687694
7718805501
15764298719
7574983465
14078936005
1308348431
9312762461
3276852022
12641211934
14051050780
7449395017
7910818432
10742297339
9302862098
14382724980
11346866872
13556633997
13082939760
13278066428
8951897527
15068154219
9133720758
11119019606
13658428790
8780430446
1191568524
2932303421
8803132862
8846649502
12115161550
10947259519
9375607145
11212132163
11327040278
13099993109
13306472286
11096718978
12551468881
15021856677
3691118314
4368505842
8573335332
6527655989
7404109188
11360738653
9857441159
13875668248
14224290181
3644131303
9632528701
9228833359
13848244698
10423817271
11093341100
8935900506
15232504924
6071482565
12585263016
6882484972
11884505306
13367727235
14240250060
12826527410
12229336957
18115710176
11355635486
7661188489
12355789635
14423554978
6965633357
12078695055
6622661165
9609305093
19099096895
12509426784
11844567052
7690571360
10165245820
7844494858
5524881828
6399981253
24573367681
12808621458
9781976398
8533783126
10926316658
5570321980
6401590552
9478151050
8132889708
6028725818
21420782078
12401493135
9982924013
15586734946
8335300921
26935327764
10706226644
9185998701
6789988662
10210675215
7446306302
8132094238
6519023959
9124489719
5425147466
6663264460
9531086328
9018205697
5987496417
17748540072
7082123443
12601254134
31667649800
12658665148
9174248270
11320840702
11075209406
12726457395
9414748846
8145628942
12622171779
10134590180
14039463363
21139515529
6363969414
9002475339
10756175610
10832091967
25118016472
8910454375
11058866287
9788900798
7263938855
7181223643
10331059899
8613547015
15359759075
6469088007
13398140878
11169587106
13829620747
19576011903
9393606639
6100896984
7713884576
6990874195
9221234296
11067813679
12935069888
14394379479
6674013373
18853913509
4521558334
10840705225
8799512211
9463523573
11060097878
6201890147
12787777866
11324156322
6252859649
11721519890
11029999581
10372725022
9675295401
9000021341
8375949489
8140084161
9402716505
8796993256
8238760079
7741796373
7046358083
6808142384
6340505429
5938093066
5576733618
5268202099
5012972172
4746012163
4481465482
4221912807
3682356246
3718169162
3457324007
3209064880
2985957805
2780328384
2583754274
2408646748
2237996128
2073355290
1935642284
1802423256
1677973043
1559570862
1459402981
1366189918
1287804721
1226719058
1154514808
1084363432
1002123505
927607866
876203138
802542042
771806754
704166607
626924299
621129083
576426919
550893044
511213681
480779392
443893261
413583398
386083466
303690297
308677247
303593902
288755967
282654698
237765302
154504036
100645699
23980814
47127886
68279964
173787078
60739541
66887337
143664514
84032587
45557976
29056590
107055128
94439395
19558675
34584512
59521694
55417242
13058596
391131
53690744
51025195
7993293
43676527
12852085
11195170
45894641
1266702200
1246455085
1219991640
1179945897
1147933092
1132313459
1108003018
2231205496
2485567346
2768708745
3218032727
3711334470
4079416771
8074161925
7775816608
7958967775
3659008652
7497578763
3541149605
7985653637
6018330705
9910425216
6463422723
7441017950
8914941153
13098288192
6834556056
12251629956
8581908171
16026020814
10468343580
8794047663
10863409514
9362572799
15642115029
6647745060
12116337480
7929666531
11594488470
14961624191
8060601485
11967037331
12499234292
6983201530
8415779094
8004277860
4260302137
11286199468
8616103978
5085937930
2277212380
9368734419
14811801876
14360936382
4604805603
10438184281
12977769154
10550686276
10223245155
13293125960
8669008462
10012237983
11565444699
13515837598
7419957206
5819215789
12525125891
14679047327
7816094950
10358803432
13841888820
15937639040
10709050390
7525198631
5355834611
7907430784
8077728157
7774995255
10988888348
8111232665
10989769745
10011526571
6364212625
10109379509
9859721788
5783376960
9510012942
11629688287
3272062420
13926871906
7473973060
12809376268
8865045943
5265524635
2080820677
13445402228
