11772816845
9129807172
14775206075
9631224936
6275620793
7268550106
9267459316
10641578108
12707426576
6204749169
14425622517
12272552652
9741235006
7542104657
7343849267
8582754971
10345638485
11580370321
5009970076
7565076508
15770695578
7639940806
13987573108
1257663934
9390027107
3140858443
12534876453
14082904048
7434999835
7889774614
10759895575
9296757903
14299586413
11323213597
13577995524
13044055712
13288211772
8924427132
15064309413
9061631894
11030227447
13658611156
8739957388
1314084639
2852613080
8748124917
8744729766
12133495264
10881250360
9327453914
11286707148
11367113380
12989185954
13190030993
11177261672
12501608888
14872051264
3596032330
4456554580
8608784459
6660619323
7479640821
11521914550
9822104719
13712839325
13880442347
3650353298
9717420039
9226577958
13730710066
10333472079
11138065696
8887329619
14864614670
6091409834
12490643934
6849701483
11907992562
13394084174
14205884072
12752589123
12224093240
17456552512
11225325298
7508975187
12411184296
14345039638
6955452484
12066423297
6516658423
9605169839
18520031243
12438004409
12005486192
7603256096
10201942146
7744521597
5546102448
6163806864
23334767403
12823653611
9751382825
8500277434
10872729699
5581960087
6392328840
9397781511
8020068915
6115531101
20631802249
12265056545
9932070729
15601501035
8292234313
24738556016
10745682010
9125565552
6835779974
10258555987
7498038905
8097720711
6485323577
9034241699
5639888021
6769017493
9618886222
8944867351
5967922251
17264981070
7012789019
12561266556
29876191184
12761719446
9086067250
11387138022
11129856439
12613118956
9451046142
8086516386
12549023055
10132485656
14064087959
20465922779
6337471556
8976824087
10620179135
10763476794
23911236140
8949825686
11103175260
9942515761
7194132450
7386556133
10380052813
8629690941
15331603107
6467558903
13495184419
11145744576
13919813888
19445395108
9391671682
6121180190
7834564225
7073647977
9152201373
11153606970
12962449130
14548349872
6785628315
19083151238
4573477909
10837559229
8884170756
9318098841
10930205653
6337567548
13063849156
11415934862
6302771812
12246287753
11539449601
10439463800
9766054137
9174250269
8439689446
8324021785
10094372963
9086488853
9065291707
8597317051
6954621585
8547919764
7387851449
7521722488
7059339531
6675917325
6353180138
6009838652
5674391154
5348128235
3716352011
4700433563
4375860739
4063124290
3772023454
3505693472
3256305147
3043770435
2817370463
2638383801
2451468228
2281832412
2111291609
1977747201
1810256621
1724643213
1638753655
1550362475
1463944290
1346833315
1271069803
1181529241
1115009949
1033067374
918055378
908627431
772142974
756134584
696771012
695477916
611450021
605601356
551532915
531433231
490506003
427658714
421894277
415446014
387469077
287354517
312986881
222209875
120256046
144052752
147162683
149733931
206917320
93145089
161631997
153829022
65344089
13748553
20076178
58985286
54703761
80001544
86371383
82608147
51735918
57389120
25467194
74634084
15028667
45407797
10634350
56055478
52457224
1186347439
2297798887
2277374095
2200118991
2093574006
2068103019
2019819721
2014570062
3289899062
3422339044
3629373134
3712352812
4267404887
4467301365
8708341279
7806282566
8585166668
3653473093
7708985207
3460346201
8106283388
5966861604
10027880588
6598859529
7464337478
9123409692
13188239027
6947935251
12556190954
8677128257
16092355150
10398515096
8654317996
10908791819
9426140538
15471233879
6431230007
12113767717
7933008197
11764803258
15058673745
8091055057
11970538425
12417195806
6987431608
8220343567
8024851510
4262496414
11426567724
8606645711
5159878987
2304536095
9317081402
14735782383
14266994693
4639986988
10274962703
13016491782
10652471135
10459426327
13312004489
8607987854
10113149219
11553552786
13502895850
7408166199
5770288830
12479967633
14640168774
7837215818
10406762349
13736765313
15851702325
10747105782
7509235600
5310351896
7829727287
8208662427
7805631637
10990128649
8165920602
10844194667
9997028326
6306600924
10215601769
9857171326
5781411542
9565414412
11615432445
3353732901
13974947087
7609504402
12778775182
8720562745
5163908607
2149996894
13423574690
