11779462567
9202054094
14847873464
9669901628
6324555312
7228650259
9330811724
10555431862
12707435842
6216564600
14272773223
12207964572
9904433854
7589126103
7479222015
8773697071
10240108760
11478312810
4966361552
7829966123
15740754514
7555096785
14052498420
1231612690
9404590732
3156593482
12628095654
13985548476
7472415934
7858184290
10744105636
9394414773
14333499178
11263897058
13500640875
13026219043
13303818481
8985066309
15008899453
9104074186
11107168338
13758602783
8866563411
1089618304
2786389334
8766811028
8685660002
12001593143
10889600684
9252546509
11206826875
11343390699
13047159665
13208402427
11123615967
12461091642
14756645115
3523216826
4570999082
8496237777
6777534367
7544879543
11618063864
9643012095
13551632080
13737427752
3474352842
9634653563
9143608549
13543441429
10414970870
10994544255
8853080375
14540317244
6026404365
12472204446
6838450465
11881926496
13279911232
14106044967
12743564632
12037824315
17072170776
11356768015
7600295028
12418453335
14403576092
6972637710
12036231197
6552702960
9537987109
17949983781
12468322702
12055665510
7623021408
10264723807
7533273036
5528274817
6127318986
22204173828
12743817545
9663711490
8450357013
10806067780
5576285782
6549088881
9441298375
7913084860
6138607692
19945369505
12089466918
9949158736
15590462739
8357888222
23032760056
10767276598
9059408405
6808931441
10165169946
7361561369
8255082961
6523201868
9040695213
5739902902
6708181756
9780296260
8780695903
6054822412
16765208429
6981911903
12577442396
28299481215
12838934639
9156661525
11334627959
11223533611
12661980599
9555542890
8064057323
12686359336
9947382338
14193419239
19955932087
6335230433
9020434980
10671113695
10636267489
23223609609
8935693093
11197114778
9955939775
7204065010
7338650525
10605473979
8664377997
15077228490
6546419436
13682226011
11109980612
13992428106
19215365339
9521111313
6002856058
7835771562
7072144382
9147114257
11005284453
13073562931
14605722006
6896790937
19152436822
4557259041
10839064914
8816521482
9485218820
10987794491
6412414859
13169196691
11426151770
6396525712
12693227284
11953001045
10510954099
9897344453
9148611383
8362384772
8595145512
10746267730
9189011196
9686688079
8553331511
6830804971
9351041676
7232380605
8918113532
8374262553
7915123077
7530230492
7127975491
6358897411
6345007101
3625500636
5584435125
5055341125
4823591457
4485596003
4172420618
3891931188
3617676266
3355064542
3116815975
2910749410
2699568388
2510569071
2330531175
2187595957
2053902165
1914130161
1834878084
1730599507
1623604477
1498184889
1344487854
1314436071
1230588044
1139437418
1080163136
981461114
917312075
835639843
820227119
735871467
729040795
680916137
604839648
610905283
563111957
518838130
446897804
410694984
422167475
342068745
372798564
232576200
319944083
292849346
253328887
222025405
253802315
198263289
212599692
133039843
37491724
72459922
113352188
116814496
89482133
123065707
28045849
20114393
39675929
90507006
36571812
26033739
29539067
51312540
45739343
76582982
2082871956
2948616373
2919717878
2954310576
2941678871
2911096075
2858852772
2771896800
3910743618
4141387258
4206347935
4351638741
4612771481
4599579497
9155074062
7790496656
9015257268
3638070498
7635603855
3381544991
8350740555
6185012964
10232218514
6588675176
7555954330
9104716387
13294358922
7021459206
12708140564
8570262582
16226409620
10479247977
8521210366
10861204853
9487338085
15429932732
6309019711
12248863818
7772245420
11753534080
15029797888
8010297022
11982402320
12173549826
6996734807
8282144196
7965606504
4349332288
11552517438
8597660406
5025653883
2297008661
9233652905
14875376555
14336398295
4533373556
10222058237
12878181364
10545981583
10417369190
13231636837
8545955319
9980154758
11567993313
13466166353
7199237842
5835888531
12582798769
14666255282
7816637754
10181484616
13781995200
15631651623
10780174610
7488593189
5312199713
7741793736
8204837405
7913867648
11073787291
8076348319
10715908965
9970904445
6376812179
10184052978
9802918378
5787526953
9466635181
11559398407
3403191202
13930250510
7617415061
12820414884
8597060143
5072087891
2153412786
13459852898
