11672714755
9232972711
14766337335
9675001529
6304877893
7134567398
9297563306
10702597062
12623443225
6284591447
14398580165
12236104483
9716559988
7501920485
7388621015
8619973982
10325966260
11570905825
4959645821
7712015741
15761862575
7698845817
13958527344
1293666442
9316363352
3165273629
12617917343
14096045405
7391303435
7917528772
10656956375
9338343500
14345045559
11315009616
13611852968
13086840748
13247866569
8968463088
15049070021
9160885274
11144591217
13615069502
8763760472
1251223155
2881201679
8757422057
8808098805
12098395169
10869638280
9408332566
11298066739
11305366597
13049312487
13281552180
11164309031
12544237849
15033098907
3587413888
4374676520
8641491823
6505579297
7435177832
11409543335
9843636474
13816463875
14019324716
3671598922
9680008221
9200421501
13790865357
10457438173
11086901793
8934061853
15070956251
6020309449
12513192771
6869887855
11824737861
13384730979
14178875673
12790314039
12213207965
17785792671
11343401139
7618890394
12393707777
14416103148
6970545981
12076906348
6527246926
9683356113
18727109086
12436936040
11947175354
7636413540
10183771692
7831234272
5541290304
6310142260
23916733838
12841329202
9796582158
8559531557
10927583580
5632666472
6366206297
9419267992
8069325715
6037956182
21055827855
12300010354
9922516446
15553268809
8304926141
25871276752
10667899267
9152833021
6851686766
10223378213
7499095499
8212544208
6502976725
9049022551
5556672429
6752685791
9565677548
9014712189
5975927706
17467826781
6966529054
12555143256
30734204459
12695380603
9159862778
11342525386
11083043856
12672208181
9492797613
8143848285
12601917810
10154649155
14081799864
20731311036
6305451735
8959406841
10680966900
10841655731
24570828336
8847072655
11044414436
9921638580
7201612955
7341531192
10339077390
8618983807
15407225476
6396527825
13425889890
11131900524
13810259199
19549913441
9380093474
6102686439
7777107124
7044872474
9174640093
11059761657
12884550614
14406948651
6693147436
18994871166
4554370042
10813246195
8834370193
9350134969
10984070019
6235849115
13009709815
11333285860
6221126430
11984369363
11286375529
10417640225
9824211289
9108389859
8455984064
8206522408
9769767980
9074372271
8791817216
8357636123
6985220627
7682869829
7151764424
6698887562
6292105260
5947185183
5658557410
5360301090
5056213361
4762736976
3699619509
4194405419
3896903739
3618335235
3367544116
3124720860
2922082413
2719435469
2523116441
2348828519
2182082627
2033258283
1871433466
1744762269
1636027830
1541202025
1448601547
1374891216
1287516374
1216028983
1139381527
1064133640
975290084
908469382
840779375
803994362
724333051
702538853
630177918
564921326
563126497
531372324
490152524
446148630
437053968
417412474
391133421
370390600
312907752
252136285
301504914
148366817
125859131
87136982
101303629
105734384
200465058
30385143
40373246
130599897
133833484
44527113
51161265
76468884
78647459
43573482
88593637
47522211
18108432
21948425
11649078
9651183
49749231
53056779
30575691
49454176
7802522
651773913
1803906413
1819395743
1752326471
1697502917
1643680464
1584242696
1586294648
2688755240
2888159215
3148285377
3547849464
3923428606
4349917205
8351368930
7784930834
8213718699
3678562919
7656304237
3534204049
8146429321
6024001280
10009035115
6479781403
7508648383
8974961811
13227562597
6874422148
12402004355
8675154882
16145276973
10423539622
8769692383
10805357408
9376943172
15489351035
6623557140
12119902383
7961318567
11648634635
14961213587
8112905339
11957501988
12471728282
6964691498
8384228164
8060541991
4293864153
11334873386
8626728358
5133226829
2251035798
9372976201
14805183054
14360484007
4622250209
10351474185
13024418980
10605906809
10316239371
13331586987
8706075791
10038732527
11490402750
13481538164
7431865246
5751706917
12522911342
14665057371
7802424569
10399652165
13849861219
15879814875
10807553335
7625160972
5356525706
7867752842
8090371076
7787722132
10952268836
8135216784
10996220489
9991889514
6359732565
10127181092
9945380391
5816384080
9526122786
11618317884
3326038927
13874720734
7572313263
12759957960
8782720139
5179510019
2108248342
13476228795
