11710626118
9155929495
14784593572
9688690354
6249912143
7206980367
9274136056
10685594787
12633220562
6238601989
14411501770
12238710950
9752624937
7501845153
7370782084
8594573019
10356575895
11556214034
4992838917
7672309795
15758659788
7681421560
13911814633
1325183319
9326752692
3155112701
12618224797
14065951405
7404731306
7917743863
10687478866
9259951352
14413662610
11336085185
13628182134
13099982669
13201876464
8933231022
15101328279
9123784160
11089064051
13615047715
8735108445
1254800719
2892552661
8795481057
8782195433
12103773044
10879747482
9404628250
11252911971
11273631782
13015107853
13248570305
11172213987
12481592227
14980226286
3589237141
4431689136
8616995850
6554023830
7444771275
11452642083
9804195199
13752659416
13938796910
3632395539
9774865394
9208033155
13687846715
10404294363
11127475200
8873607665
14987724587
6014326333
12461636724
6872250942
11881497006
13445765565
14148720261
12761767955
12229534421
17682261679
11348409445
7595644556
12387194548
14369993064
6945279599
12044452134
6568034134
9681406203
18599772901
12465154281
11997255877
7687801101
10201610672
7823118868
5528905670
6282202692
23703060179
12842130656
9748334918
8577144329
10880918127
5581197377
6378568275
9351040563
8053564690
6042036940
20840950461
12275014862
9881183189
15596129462
8298437487
25435202930
10731632561
9114955407
6825598258
10221857233
7463269608
8136138243
6528209113
9023101404
5613778446
6765743996
9606368191
8974563623
5966511653
17403241326
6997500740
12569569476
30409831386
12687628061
9180490579
11334478326
11064100649
12629500339
9508435882
8111932159
12629925980
10176483282
14065737331
20649881793
6336577828
8979283874
10662595822
10811915046
24330667225
8869752728
11072491663
9887254222
7217898691
7409005349
10329980075
8627283099
15430878634
6421072008
13490382370
11140700770
13897834356
19495720026
9374877135
6074230517
7779272256
7076999790
9181275775
11123874427
12923829867
14451264983
6696792618
19041390275
4574227161
10819928793
8879244434
9336766002
11003961929
6295169694
12995791608
11354600694
6238193373
12107032821
11408972708
10373130714
9770624064
9157824963
8480786628
8284679885
9947006286
9079684358
8904571546
8432063950
6981799195
8012051814
7380825285
6990819600
6564088932
6198785227
5909040825
5595336152
5277841555
4975061193
3708768528
4373505090
4063691566
3782500430
3516796952
3269898464
3048448054
2829456720
2638118011
2446783955
2279606684
2117405545
1973497630
1836191806
1711206976
1603900440
1522200354
1409441624
1345120948
1264624870
1193471281
1101344359
1024730324
962347729
902661066
849387498
661222182
730536536
654508854
582693636
602202084
567085245
518699543
506029688
478550468
450777348
409280198
390728445
357824766
269622095
294476699
120502040
104517383
169429836
130974756
112009150
207715478
54537702
57682104
166299467
102982040
41384863
42992001
104243341
80254648
52538100
74504154
80382867
92592029
35423321
51670068
25235189
9459264
38007893
3718040
39774277
24148437
861047111
2027829205
2009576046
1939960047
1872868767
1791314881
1745137698
1757229073
2932624313
3139144835
3328098704
3630699805
4041248402
4426790983
8513654158
7777182642
8384521085
3584074372
7678175888
3533786449
8167594851
6000404590
9989843697
6609763230
7496455916
9043238537
13188652719
6888296385
12463963352
8648596301
16111206100
10416988685
8698991449
10875033948
9418919361
15496376676
6540272636
12123848318
7942895775
11684804390
14979605577
8105397997
11937425020
12456619530
6951375040
8319690997
8089930787
4261993675
11364879096
8603163048
5082310966
2245131539
9349277436
14810151338
14274131753
4647379937
10394827578
13038407006
10653126709
10357967205
13307395601
8710216609
10133489625
11532380532
13505558040
7401533953
5762027221
12472867848
14607828537
7746791018
10345862990
13752857397
15824224939
10781359099
7572717404
5344276986
7924794218
8142013721
7845583988
10977050152
8193615485
10967398161
9999519999
6320753703
10164306861
9962381091
5780615546
9542330280
11675412137
3328354701
13949876286
7609373637
12736510963
8741200532
5159178938
2173092923
13484867750
