11613996872
8999187169
14952918142
9630949686
6284701554
7141471653
9497205676
10948025186
12721863132
6059144470
14236389275
12401292757
9882617215
7569113245
7546289743
8983717721
10148642101
11482008297
5204985984
7745683730
15597664554
7356019141
14196667627
1507577132
9295218872
3353346718
12682838359
13942934921
7604601363
7782086978
10584097608
9504863599
14624362180
11056739372
13500643640
12905647895
13419039903
9016731527
14897434341
9329326417
11233919708
13740203404
8935338488
1237257402
2674455602
8799666927
8818145555
11916833880
10842724449
9312144631
11227457123
11419488092
12994966266
13099449433
11140202017
12459102574
14693400176
3560011126
4597793314
8605903023
6790627305
7624102039
11616685575
9793875501
13625850384
13756831417
3525687151
9560267506
9075141203
13211969630
10586570518
10988328035
8784828670
14290614719
5961918194
12390942920
6995224218
11660808334
13284072893
13880944283
12793265049
11917059592
16715296974
11135768340
7541504688
12551874036
14589528709
7123638593
12160762817
6712799050
9517951895
17131303721
12480652950
12240652274
7904348886
10187313446
7601997851
5541760966
5991718415
21288263670
12974822507
9487279697
8391525649
10998277247
5724823172
6689807064
9470361359
7993050140
5851378436
19386612629
12018911359
9917006537
15477732389
8395488699
21578630441
10871180196
9154698900
6744810488
10230331250
7482008480
8146264167
6376921958
9033467101
5861131468
6662637008
10063307812
8858545662
5898868725
16226339994
7136450142
12805862864
26854881851
12463659614
8924550358
11276089329
11187177704
12611140675
9517361620
8022320176
12692544564
9835660457
14076998377
19140850770
6378428921
8952570458
10636938937
10516656193
22214778721
9128304309
10951255006
9847465361
7335568548
7387480464
10631689160
8705654544
14629451652
6587139482
13467614992
11031344527
13807789700
18736847560
9468581086
5768535487
7937763833
6944840545
9193230821
11243978991
12959835222
14508435978
6692407839
18859057434
4426441682
10995275503
8784797079
9444726160
10695821694
6514511816
13136440068
11485437409
6269774102
12996269133
11934378758
10373809830
9760901390
9284252464
8513868174
8654817792
11320078317
9313977631
9959974658
8646196399
6927028160
9820728563
7189484761
9591297403
9015332762
8604557919
8160942401
7494471048
6517095153
6808771357
3554179738
6085184737
5182000700
5274796966
4917040202
4398786350
4198482497
3752469880
3779356022
3525814955
3341220021
3087486490
2934373757
2654250143
2529334420
2523462443
2462220537
2310282724
2874986793
2732765769
2624093932
2453399784
2312487524
2132659012
2036268254
1884111288
1761395704
1512572492
1389656470
1414123339
1281373760
1204147002
1078801207
1126164232
1017255542
866347254
830194606
769123588
689270780
756316054
597159396
537388872
602901193
513462884
512584361
379435438
331185271
339570146
350717413
259536109
278026662
317879650
181990366
173806521
126118528
214595797
228696178
197453559
213163995
137170275
9597656
155462712
131679860
225420272
204925048
6627529
1030640769
2695000117
3514602951
3459888183
3632878890
3672985076
3704762229
3500790340
3281378498
4852620165
4646553532
4452877430
4827463738
5032559577
4881341987
9626141911
8019873956
9411003182
3727577554
7479123940
3628063119
8689272687
6289661121
10213882094
6539242115
7598248453
9070240271
13551474852
6932107851
12624863424
8536740028
16196718582
10284160068
8681764618
10929981333
9528947708
15250535558
6186483961
12147645248
7845074215
11755651064
15097341419
8191960957
12059876985
12137657810
7106768253
8463051982
7930863749
4295854812
11434920729
8733102965
5198713888
2254049358
9179979552
14658922949
14408546971
4449513370
10426679600
13037180589
10435827500
10421163280
12979169160
8518750751
9820313811
11472186084
13312305742
7354655000
5782387323
12531704570
14701262157
7794525696
10455765671
13900649119
15492793493
11041733431
7437009100
5151801267
7962540550
8280622515
8140433596
10960346291
8274089905
10768858061
10053673818
6424080117
10300738233
9917129828
5707239134
9288034558
11673215696
3409198397
13902157781
7526354339
13033471916
8426646308
5186389755
2169854524
13372831359
