11660160733
9290419623
14797268230
9593576515
6291609277
7115478133
9283389707
10695314933
12645632331
6232955219
14424252756
12263862076
9712109441
7464081493
7472439155
8569366058
10383098710
11552268316
5025131811
7733755004
15769534539
7571868356
14081732684
1294685562
9309708789
3269752692
12645186430
14066964630
7474497157
7934883735
10726443975
9298310379
14380373564
11366609672
13557895418
13071647336
13252154447
8963294920
15058318859
9129547661
11131854694
13667820771
8801198713
1204568031
2932469891
8827670129
8851216396
12129433491
10921581865
9378440600
11206921307
11326211517
13112948932
13314076738
11109193372
12565837165
15029097805
3683972968
4359505461
8586450363
6506483831
7379222017
11369004480
9853983982
13868956945
14203449953
3650846184
9644918604
9207681171
13861925110
10399817609
11092871697
8953387348
15263231112
6081415284
12589302099
6891290804
11896151406
13369120466
14268247106
12824240806
12235683741
18148242509
11335840749
7673954062
12356731713
14416894526
6950427966
12053094801
6628020682
9623013756
19125256530
12496116248
11840641699
7671729521
10167017378
7857535726
5545020498
6413296592
24633515747
12833247041
9776825629
8555778111
10901272621
5588267837
6408847890
9468790151
8112232834
6045847503
21447292428
12397265968
9987695318
15585384039
8316178299
27059314816
10710972272
9168075559
6785899400
10213221910
7456933099
8113318755
6536434583
9129943628
5417595329
6678248633
9508222257
9030477521
5998313815
17788782698
7065833145
12600577054
31779070992
12669558039
9167058040
11346463855
11106421924
12723601009
9415409726
8163358665
12632575501
10131844784
14051753587
21169522031
6338604629
8995972112
10756332822
10812798508
25169078046
8927763268
11045773664
9777980267
7273698601
7163472567
10315697880
8637222999
15355257971
6436854028
13383237947
11144734931
13858207379
19573591398
9381232424
6093030124
7735185477
6983683270
9255772673
11055890678
12926861605
14375380602
6681849400
18841480130
4532808835
10849857779
8802226641
9474195367
11041656569
6185189461
12765690090
11316282224
6247925321
11686082322
10994379642
10340773556
9678246946
9007656477
8373167754
8111565941
9320166077
8704726343
8155125850
7662561207
7031615943
6740929371
6275192701
5877738616
5519479415
5216130314
4966059414
4703540731
4436832737
4182135648
3697007650
3674462448
3420359105
3178339629
2954306285
2752210911
2560977110
2382696557
2213019461
2059794230
1913642954
1783385369
1650927339
1530953922
1443929319
1351785106
1268123903
1206270869
1144272015
1069311154
994226731
931030313
864033255
820666065
763076042
669403759
616330872
617993333
570114000
538985352
501840234
476235719
434073690
426787911
390788733
307803663
305347114
287148949
288746816
271776225
225267822
154798862
95464215
35934676
71496242
71435599
164625329
37041629
53403507
132540662
102147983
75027985
33120322
90543410
93392299
17971687
51154823
42842687
72943308
12581456
9176955
58613594
48526411
3817356
28296282
25780938
8884116
43485173
1203334519
1208625631
1165159249
1126088547
1090193559
1059799565
1052376238
2148049047
2422457301
2727259504
3198648491
3706525743
4080263259
8061484406
7798642024
7945189542
3624956541
7491528185
3555327250
7969572398
6001771717
9910615110
6433590338
7432593822
8892177088
13096499348
6835213860
12245157110
8618125983
16019310290
10462152724
8772666523
10866245334
9370072521
15641419723
6654995610
12121387662
7918991273
11615621345
14944478985
8053040609
11966222811
12502629863
7008145085
8426494657
7989121992
4275841204
11297934540
8622939858
5090369878
2257262567
9404556390
14816410994
14383423038
4609586577
10449535308
12980495815
10575784173
10196131921
13286721458
8682712796
9992429530
11558182098
13503886995
7409165335
5828011727
12511382391
14668464354
7808944143
10353493465
13847262952
15938063755
10712832222
7530519718
5357878141
7926142282
8069077721
7771801079
10996070067
8119703900
10995825227
10004947401
6375536155
10112327654
9866288276
5798740565
9477634049
11620280924
3265048805
13936323144
7487401552
12825332485
8851729636
5270645399
2059651197
13446640567
