11770723927
9218854939
14864887460
9663071497
6375941827
7206599836
9344716526
10581365373
12708493234
6170419286
14211536269
12199407310
9843664599
7620457489
7458893608
8756165387
10249841601
11515026092
4992545756
7755361836
15754868653
7571520533
14053154989
1231204288
9400958030
3170812174
12609213845
14024594500
7451623435
7862359720
10702472029
9416321766
14287203867
11314458301
13455312600
12980957025
13261699941
8928404610
15044119578
9090866425
11073635306
13754610526
8924078454
1135775374
2798335963
8802440176
8674408468
12019514586
10923561612
9284766971
11239854025
11334731754
13004569474
13206875252
11128912976
12441384969
14758259754
3565238664
4600069798
8500961406
6761173927
7519856686
11600504821
9657013118
13597872206
13750675202
3471085094
9628538411
9130859585
13571483644
10404164002
11034364949
8863455692
14574948413
6010301802
12470590112
6900005388
11871330432
13289278540
14128974594
12765683611
12048775173
17159065904
11395039485
7535774706
12391526437
14397831383
6905119533
12016576113
6523594342
9509983885
17942444729
12449459695
12057981746
7642151749
10224711701
7569207297
5493102538
6055592582
22421833258
12739652741
9651364453
8414852083
10843772263
5531451905
6538564541
9476066119
7916144216
6157053204
19962127344
12061638080
9935474712
15572563997
8343501851
23249992553
10736604996
9080480227
6827207473
10174451507
7413304995
8233294657
6534621401
9033276706
5705532035
6735626076
9752081529
8820452932
6075435506
16855479778
7032845583
12482439145
28536509572
12815318266
9130081776
11344876580
11193141996
12710727891
9541246128
8053187849
12702786884
9967859222
14206118650
19994340971
6340901214
8979304161
10681963129
10636845003
23311596109
8982437880
11155996549
9959601562
7199550111
7362761188
10609772130
8649822043
15093843132
6502611174
13720506877
11174487006
13987783088
19266505138
9515018094
5990063786
7863826048
7089665954
9182965327
11013452798
13049627154
14575395535
6896494607
19133999247
4563497250
10834072742
8794268643
9431725945
10972962260
6397779587
13151424604
11486020398
6419962704
12602816434
11883487437
10460510781
9862373444
9196095084
8392847415
8569239621
10640711920
9201019237
9574346288
8623283387
6924617522
9308954362
7264658127
8755042933
8223443627
7771565949
7396313238
7001135278
6370576569
6222096920
3686184075
5481732602
5018250891
4734355929
4407161224
4095528913
3816132652
3546337239
3287611176
3072851322
2838259817
2645388710
2469239651
2294247187
2153160625
2019428169
1905696412
1791352874
1701965029
1553738299
1493693942
1347487307
1292675095
1222620289
1123402996
1056435185
889625724
809594514
845020628
810262978
745118631
645851209
631946912
612037523
591466151
559676668
524054196
429107003
412201951
413301641
296532422
346646555
204849522
317795702
276190717
234871990
251657336
193291465
232721478
215107077
80486995
56704331
28861963
127630119
114838440
121796440
131567248
63266642
81386291
25876646
62375414
55677583
35048942
26269387
29243142
35378349
73793414
1938079428
2863696876
2901498432
2822237906
2810225620
2766165965
2758945024
2678700938
3849365033
4044988178
4104647263
4279117529
4581679823
4604535750
9126271286
7831051902
8996267862
3596023660
7651513861
3399411163
8292600199
6197290606
10206311705
6564791936
7551134176
9184211005
13292875717
7014694461
12643619273
8545749610
16226241396
10460742254
8530465598
10885627025
9488331238
15439147590
6337131961
12186545910
7828469668
11782859600
14976535145
8026168348
11924546039
12176007292
6968533615
8319828461
8007077856
4399453310
11485854283
8618124233
5054659830
2297352356
9248871683
14847356625
14329547195
4526474589
10230770085
12892803640
10545922386
10405209485
13277866042
8583354138
10052451092
11565697473
13487168862
7197891558
5826519634
12517601965
14638367533
7807155063
10197625537
13798865586
15706305425
10743384538
7433123767
5285008688
7755694887
8163845306
7941806914
11040503596
8123747927
10756859819
9915019395
6374621968
10139472934
9877411189
5722089552
9496296586
11512668689
3403702166
13959252881
7641510929
12853075466
8587388503
5008884895
2120465499
13442075101
