11761392732
9095423063
14968069130
9633472039
6340274693
7283323340
9504445242
10865615167
12677770253
6144910023
14248743166
12342419180
9863087702
7518100435
7492828082
8773155603
10092089362
11418092674
5086331146
7876999464
15678349919
7532404017
14184871975
1475930976
9215744360
3269941201
12607770629
13996463685
7502284055
7808940627
10721213721
9378434273
14479128163
11034413610
13510830541
12929217583
13406309553
9004250647
14827209268
9163115477
11244902644
13755214752
8928608967
1225892193
2728496942
8869922658
8744812498
11895269031
10837675627
9249993663
11204670070
11312587825
13136257349
13221069771
11108656597
12465431144
14705547624
3567809499
4539969443
8590031266
6776382645
7664940772
11630111457
9783984579
13513686430
13715490709
3567943566
9537056309
9118271661
13219911116
10493605913
10950589155
8721320659
14320971818
5918633778
12406236937
6862295201
11760571513
13150329261
14091777843
12692955314
11926255652
16779192320
11222278501
7514988517
12521117243
14471815494
7119083163
12122888501
6683135906
9499260210
17382792745
12471421728
12093638449
7685460766
10171373592
7625850338
5485621065
5983719469
21472890595
12883593290
9579372273
8478725092
10879302308
5666023584
6629775345
9574532046
8023090486
6002751892
19514534398
12190594934
9945939304
15573137131
8273703447
21838573354
10838295087
9084058670
6727913171
10212218414
7361345947
8180010821
6429446790
9077432868
5851518332
6760954673
10006106706
8941749984
5946436196
16354544578
7118774029
12604797072
27188721362
12721554314
8938302311
11297604651
11086251808
12596285720
9565768898
8003059185
12631787630
9952722230
14132825748
19320384927
6398275293
9010657050
10604451052
10502010808
22465412867
9004485773
11035461099
9850760330
7218545687
7409483480
10573848204
8708943249
14788934998
6562248978
13543591429
11151514406
13906125390
18773223217
9601466189
5961411028
7890116548
6978141549
9311802367
10979806218
12869864299
14501920934
6765631535
18951725014
4466676569
10949163188
8863485401
9518697564
10865665127
6481566440
13186333314
11275912473
6470474610
12855842275
11910225396
10395238566
9944556802
9133995626
8444652785
8687815054
11012445827
9283567288
9864724237
8591924890
6967314950
9758933621
7202221042
9611625603
8872202276
8574828323
8160123147
7346594248
6454117033
6810419856
3591862096
5985948273
5175297428
5234082032
4746101143
4419680470
4054844241
3779600258
3743106342
3489713485
3246217407
2990395940
2870663625
2607251260
2543243871
2416450785
2382631521
2271658911
2627461700
2492504579
2333820422
2179820537
1990417205
1915534767
1772123973
1629284259
1544126237
1428336878
1344510958
1272946051
1160077713
1063118409
937428132
992092961
885985535
852928228
827876820
722136020
715012977
650036329
575188344
500556666
463982645
444114495
426589570
398974152
265522874
328810375
360796986
309245639
258041134
252378390
200948525
13007642
198338380
179386108
29253414
55399218
95036649
154115530
40724047
154576894
29193310
89979821
136908877
169374540
953300248
2569462206
3451040594
3317323776
3577368039
3688229884
3557111861
3367840554
3292018656
4661628250
4385446787
4407983109
4805657505
4962152385
4832630195
9524070984
7883795375
9336664753
3638610551
7539925571
3450595416
8536394841
6202095385
10321271712
6467482717
7669158811
9080822146
13385551218
6988508827
12673399346
8463987151
16376464312
10411949490
8629746563
10921289361
9411316504
15387429433
6303485292
12359450819
7667854844
11847442166
15009938717
8091470972
12120983238
12116877221
7117061435
8418663834
8018645843
4359161066
11588214752
8691153476
5227079031
2303790517
9340461159
14854101550
14354990627
4505611625
10330243200
12999857526
10623586206
10404630262
13187975272
8512960539
9978041069
11496729663
13394601705
7265881021
5925689207
12531662379
14639546455
7779904512
10287695460
13831718615
15673693040
10894398635
7494895524
5313064648
7931768792
8339093763
7987848581
11063250909
8213000407
10675534609
10014060377
6261537491
10331110857
9933721701
5754477160
9385209534
11743674631
3429879760
13944990943
7725715528
12877969391
8519496939
5315943441
2203916532
13426254767
