11799589800
9207844759
14853020206
9649780391
6312698784
7240900753
9332654261
10650580756
12686651541
6209452449
14270785116
12154901581
9895697542
7625349770
7468223230
8821206000
10208047035
11527880876
4884161515
7850035953
15777750284
7544676160
14114127992
1236087337
9407255733
3195752899
12603840965
13997266430
7439817522
7819551517
10746750969
9358253789
14364609846
11186629791
13500544339
12956684993
13290708016
8988800069
15030698573
9121591845
11067302276
13787555305
8946288113
1129485362
2829743847
8774191801
8764336749
11951491581
10843803615
9229574781
11233207434
11322181004
13075284740
13265803451
11118033347
12431901951
14772697316
3551869095
4564466362
8527839684
6656313716
7572308950
11592814989
9612900741
13547518935
13669602810
3431032778
9612720225
9149296535
13585247271
10410101729
11017103279
8803588911
14479973571
6037139999
12494755343
6910305980
11871691471
13204283796
14062826853
12732379583
11981651043
16999928533
11375520966
7581809565
12390453174
14373169945
7013897936
12062346426
6610559593
9529235686
17830472555
12470808860
12056300022
7592233603
10236854228
7576380527
5547669228
6095926545
22110348788
12715750808
9571438424
8461747850
10844621384
5644627134
6523930840
9438075847
7923041117
6035130633
19811356400
12138864220
9915737833
15574421155
8359576099
22846282050
10811681255
9092326555
6800820239
10118499860
7338311844
8300353102
6533210260
9077188479
5788119160
6714356619
9843868170
8794120983
6073657757
16644224932
7016218495
12597483131
28081770375
12844087463
9114129506
11344350555
11165745742
12677524222
9561978446
8068881855
12601437237
9889604776
14118772599
19836845979
6307491078
9078891187
10659097950
10577277684
23031849217
8959377988
11199208776
9882720731
7264411677
7371612546
10649883667
8712456630
15068098618
6521922698
13718920605
11172298295
13992144488
19185135681
9597518389
5967495584
7840933981
6999959948
9219574888
10976703243
12961616434
14563481984
6835929335
19185463033
4565067966
10815065525
8863034654
9499760464
10958778712
6450943188
13183374972
11460870336
6414508838
12711161401
11969479595
10463226810
9923716544
9181845954
8390577897
8640024352
10847272890
9201681710
9733251060
8602063035
6823287003
9507027471
7143453596
9157479444
8587076641
8118891846
7728299005
7294854935
6427779140
6505770805
3682904570
5728635993
5086836164
4913091713
4608088197
4283786780
3988178806
3710794428
3447808900
3189186432
2982454332
2776261901
2560960759
2393530569
2232780143
2075312769
1994877821
1881684215
1748158045
1663264866
1559400719
1437310296
1303713136
1222087494
1197612890
1109014679
1034332332
961082674
882358315
848273237
732903919
742719381
686880846
574660113
627931648
581409047
554061784
491648772
476845845
430551926
405868026
344625831
224256456
315981313
291086058
207117784
212225088
256279685
238829714
218981138
177963651
153786300
102101696
84031337
93789568
131437561
46143846
10322868
55613528
5485625
45702597
45225800
38954122
88782989
37491407
73980131
301660636
2228253306
3022861271
3017956952
3131113410
3047381041
3015693944
3006568777
2894391023
4104919598
4214492439
4290428278
4442338358
4709815759
4684159551
9239418694
7821575632
9117888355
3621684791
7661557034
3393792981
8398168249
6259153746
10248221061
6542495294
7539136041
9107620016
13316929218
7024093915
12676720784
8642926119
16212614252
10508842347
8533649118
10837530922
9457844816
15447340555
6291051540
12240429316
7734680616
11713698390
15045544479
8029926925
12042279535
12169723257
7027557074
8269648369
8014096288
4326091445
11524632958
8654812481
5061211187
2309426490
9187067088
14864779179
14365780259
4546702401
10271777830
12866455552
10552547209
10422912702
13222981849
8515922857
9996725944
11595223086
13434534629
7190519924
5882073845
12609512206
14650787014
7887325705
10135256437
13832222609
15586288082
10789828953
7488293527
5338686347
7776573512
8232120435
7956471927
11132845522
8072695569
10656500031
10021363166
6331743115
10238995371
9773643168
5824812002
9422589152
11531609842
3390109039
13924926098
7607944935
12840262768
8610309163
5112834336
2163819869
13420616179
