11794544647
9087295104
14915825085
9679012000
6360926020
7341907202
9383162570
10740299443
12729559708
6131971332
14246356345
12277026363
9945586628
7624233820
7381547867
8779863974
10146154552
11450217388
4939948178
7847061275
15738295788
7541189341
14190911754
1371188029
9281682796
3195069172
12593112259
13940327512
7428209493
7856345403
10739621549
9371920868
14400541967
11161689570
13567418278
12986909661
13386268061
9010689639
14975850651
9121835341
11127410421
13736324275
9008942935
1211041316
2787695663
8826386100
8667558916
11890339291
10790063335
9213156398
11230692538
11294575602
13112138875
13258846960
11132719116
12404266042
14809027775
3485776168
4612754165
8563278530
6737765782
7636190618
11585119196
9701759161
13504903678
13662052486
3545559064
9611876500
9185608267
13381525672
10440654708
10985778008
8829011199
14413238988
5958118354
12430557193
6946326644
11926660372
13247051144
14048194275
12734868382
12011503167
16851269029
11232064737
7532169295
12397220421
14359239650
7004415090
12133720049
6658908991
9516325528
17557064021
12526194267
12046425340
7616814665
10194035022
7675349611
5549370572
5994700641
21724654203
12775397064
9601459639
8484861111
10837920267
5680132440
6502469251
9513728904
7934125742
6010462018
19670780943
12164552690
9967677573
15636442192
8309363820
22207478637
10773542097
9036018226
6724403195
10207290791
7385155300
8250006518
6463118695
9071672794
5774991581
6768212843
9989801783
8846443168
6018612152
16508100295
7121518551
12622832641
27507472262
12785245620
8980541322
11360377757
11123289794
12623800903
9516406497
8077683186
12563520949
9919459152
14105387389
19543762066
6343336693
9103413424
10686295562
10535745948
22698790994
9021417440
11077483689
9913383564
7222010530
7419180226
10646812877
8694704987
14941487513
6481033250
13631500726
11168134122
13906428455
18938101390
9608315336
5901379407
7927865158
6982147407
9264857450
10959754814
12859313691
14520951148
6837999716
18990749958
4531765288
10765108784
8887350863
9520091267
10963750357
6459352037
13170116891
11375766834
6435369069
12876819803
11904894230
10405820539
9955170403
9177248139
8447946354
8738484045
11079156222
9198017396
9831857441
8524085683
6961420617
9603487904
7206255730
9503374265
8920631498
8441560638
8031584636
7421313100
6482592502
6762037358
3660131794
5923532261
5112249590
5115102792
4741112629
4427755011
4126750266
3725025842
3616729613
3363123776
3107872378
2909383917
2731762716
2549412553
2433061438
2329375886
2258302377
2190120540
2218722820
2083434927
1945819663
1813969379
1692750496
1594644885
1489036547
1378760139
1291160502
1200229407
1117379106
1049657280
991521125
918309772
871517481
802205592
778531283
736061785
686664423
578625177
556649243
537585897
496558599
456538330
255790760
409076221
380821024
372794386
341411248
309856976
299025142
250615944
219489477
165337378
217381402
15450254
193972019
135631667
12801485
54394620
93246834
60985723
41880181
118736418
68208637
113899832
109568708
109403048
684164509
2480020508
3251699493
3194343267
3414171985
3385527610
3330423211
3262825133
3152282887
4507958420
4384786430
4408938470
4703568178
4870813600
4828227967
9396911432
7866893496
9312680792
3701029523
7615861595
3433536100
8437092362
6245668516
10321712035
6463371915
7596736445
9102439067
13319594729
7023895260
12704655480
8542104904
16351924673
10501529438
8704030094
10917630951
9471033765
15477533177
6260995500
12304246011
7723068213
11806536686
15051672438
8024432933
12052068481
12097618437
7175580233
8336170459
7949514806
4339739457
11555061393
8655771615
5177261732
2250550810
9299203968
14859993937
14318936205
4512146988
10316394661
12889571482
10547922591
10406413948
13188531372
8434981053
10045269148
11586589576
13376177885
7174155775
5826114932
12533618691
14672831285
7849006666
10270983078
13849416964
15629328757
10893600241
7464433595
5367501620
7902613831
8260485678
8032390771
11148528869
8080858347
10686416816
10127137234
6242642230
10314618560
9884466221
5784624922
9442735905
11669301675
3399517306
13990264069
7692282797
12899070345
8631086950
5187545350
2167442074
13426946644
