11777154656
9206301898
14856178596
9675656437
6354238313
7224144675
9314171360
10568245671
12679774654
6187445431
14251427083
12217069899
9857728744
7605055600
7442355523
8767226773
10246443145
11465712414
4953488711
7815364217
15764059943
7568613889
14031050403
1228730005
9398010380
3158002430
12645984044
14004990179
7467461813
7849958884
10739684168
9413867266
14292802583
11341480108
13480793019
12994557994
13307933583
8939343987
15008647247
9084173125
11112880964
13758316342
8918456237
1097000265
2806860917
8785426079
8672046722
12025218653
10928575158
9239913172
11240954888
11329044245
13018687585
13213223057
11125228138
12451600947
14750809441
3525870876
4612758276
8468483042
6775569527
7517530972
11618883611
9617633570
13566454723
13730450745
3459138529
9636010579
9121757942
13553598276
10422630184
11008343286
8853209352
14553351621
6001877077
12453542968
6861733167
11883108190
13279694177
14135008921
12754053198
12045402309
17088875922
11414219187
7597952703
12403615365
14417317284
6964859190
12039371071
6509238342
9526321696
17941175551
12452861413
12034371035
7654020694
10265938587
7536249003
5507412838
6101638108
22262717127
12729018614
9668651196
8450465937
10789462353
5544817819
6558185949
9477278276
7893213619
6156433599
19933769606
12074352429
9939383573
15580631086
8322533245
23091985882
10770564329
9061274278
6857301930
10173959535
7394426917
8252555666
6528820865
9032870157
5710729504
6686024494
9776146086
8761975949
6079557814
16820914033
7046165217
12553537647
28404234694
12819503026
9146593551
11341028972
11207302322
12708329018
9537771239
8075666232
12675062214
9953861878
14228571924
19956879419
6300371353
9026549339
10688862877
10624157990
23291404691
8945300513
11166573341
9945728208
7214469676
7360400353
10602117289
8659773500
15054716870
6496250567
13690520269
11156321001
13977456780
19236701762
9541338887
6023307227
7821875343
7099378520
9147151982
11019652962
13056084017
14582035964
6856224650
19129081601
4552259757
10832547457
8829073060
9436474241
10981611486
6435388352
13160665324
11469403937
6430792948
12664852559
11915720896
10468786067
9902933113
9171481563
8360448092
8587650611
10686601780
9166702112
9679988519
8588141935
6850380309
9313395616
7250793410
8852764697
8311819540
7860298102
7481144957
7087831076
6366686662
6297560647
3651709262
5546291245
5044768791
4790574546
4439275762
4135235767
3859281945
3593643648
3330799514
3110396348
2888509633
2679791202
2499678071
2328503414
2175545547
2037781020
1917139806
1816603091
1723449304
1607126115
1509005970
1321517402
1309941594
1228433228
1141761465
1075395722
928589344
839926380
833662890
818737700
751666472
691888747
643402433
615574447
602451392
546955298
509630339
455401142
383325132
428195108
333500298
371327114
233296399
305046960
296751307
220862382
229825106
227604556
206156071
198757114
115634119
57507220
57232209
127951034
133912312
110664014
88561829
91388320
30385520
18612088
90996399
34454248
35101823
2590491
21421389
63107865
75922378
2014140050
2949305617
2923302563
2946597107
2876541950
2845038736
2819147767
2754751654
3894312671
4092817690
4166558107
4315224036
4598452983
4614835738
9153160380
7810941264
9035570571
3613367539
7611545225
3390994388
8336570834
6184325630
10252613387
6567452299
7538256555
9160996122
13276151491
7002193253
12708938051
8560780418
16220028893
10436110461
8518407766
10890393902
9483440050
15418410463
6327177671
12236563032
7789604616
11754980173
15013891812
8036786073
11943137166
12191689617
6988346072
8275415858
7968614099
4375591157
11530384995
8618536432
5025624323
2294253774
9230631425
14868167853
14316151361
4545312945
10240705600
12892849544
10535774149
10406809066
13249806533
8533486984
9998919430
11567531885
13462841616
7231389215
5838874246
12572112697
14593285087
7813945229
10162438890
13789264539
15648413701
10747987055
7465486759
5298014709
7757692234
8194822626
7919861726
11041702027
8091654467
10718374190
9974195340
6364212927
10132380170
9834882627
5752167012
9472642442
11557535577
3398857927
13941851845
7625896972
12857845308
8567316230
5099842728
2154611621
13465341683
