11636875769
9232791058
14769480933
9571252281
6296748425
7091285781
9290328162
10712213195
12661246094
6271034793
14407727232
12220524153
9746591876
7464277407
7441561668
8591950241
10405320066
11557842347
4976848764
7718570698
15756940344
7588808589
14062176410
1325486868
9321041676
3256880726
12643916242
14064625185
7448507965
7912250356
10723878090
9342093827
14409738123
11339707685
13571989579
13091699963
13282795974
8982248341
15088915889
9126190989
11109634565
13666941388
8796069781
1227351892
2954535029
8797286148
8859310614
12129860749
10957449858
9415275807
11239184149
11300339967
13107050175
13292348111
11085932205
12528422775
15061670540
3676087359
4368559058
8535293147
6503842394
7408675214
11369804437
9849674377
13867340894
14172439539
3666103083
9655937923
9225598125
13823453871
10442939995
11094596916
8940600787
15153831047
6045148179
12577045859
6857749214
11879765590
13334178018
14213288904
12811494532
12207519253
18027323015
11386178356
7666025136
12363171224
14398639915
6952290623
12131307867
6608790432
9605505561
19009062203
12475266644
11832484812
7721673125
10175424856
7833955578
5522539595
6359130572
24371998447
12828375568
9799842271
8567168169
10910979625
5579812638
6428417053
9464658773
8134474238
6022579888
21310944489
12358081436
9980588614
15571090117
8327937150
26624633249
10669067850
9172329910
6808217969
10180860023
7467911213
8136798162
6533911630
9116288592
5464559613
6728843823
9516776050
9030640532
5963764727
17659527824
7053957840
12567107551
31427355036
12666856785
9168330873
11303523694
11089263332
12711076147
9456955889
8192984655
12583126619
10152145358
14060759707
21043202855
6335190196
8970936254
10720924037
10823507357
24963417893
8868473555
11060907491
9776986852
7260497553
7241373427
10331215751
8635668352
15418009245
6426775337
13395209719
11194718801
13800867472
19564317892
9390991189
6082201875
7761550945
6997784006
9220430136
11066375872
12906099403
14370519281
6669849406
18921433433
4539932906
10853806394
8786623345
9469019776
11041026967
6207053334
12866023116
11318701005
6261012269
11785473140
11094720257
10425251830
9724369568
9051549124
8389200296
8155759127
9549817782
8990247773
8497019341
7981905616
7039576025
7022763782
6535180204
6124454012
5750408232
5434881046
5167685488
4897661208
4619957699
4356435934
3670298338
3832808588
3563253325
3311577978
3081477642
2865326657
2668394843
2480352600
2303122532
2148950358
1998627721
1856226976
1725060229
1587979323
1505625761
1412392678
1332389321
1258739758
1181760323
1115424457
1040615291
962336979
907452395
820443710
794390612
743323781
680753927
637944773
592827913
561004410
527784239
491619249
461967345
439662995
390124867
362940556
340209778
322724277
300384271
281639400
267595732
152845230
142144665
32432834
32791977
109263682
155972441
37992902
62279997
140233402
95975201
15401008
51881746
109892572
71846001
1188765
23315039
57321291
40095044
13853586
32630043
62345083
24105158
12830635
35937655
30944294
6265629
175365713
1429618131
1423555807
1364977022
1317832686
1297153802
1266211299
1210346025
2355036048
2623503364
2887641535
3279389649
3749021188
4142722169
8151114533
7786010909
8033976535
3686737907
7532593772
3540533784
8056638209
5990430440
9940628205
6431271307
7473982239
8926895555
13133098902
6838983206
12266943835
8606950191
16066992515
10483517428
8775338750
10856649614
9370311367
15626081930
6617589938
12123384053
7918862949
11579874633
14946964999
8068951461
11964181068
12484233745
6956754907
8386117891
8013774848
4272876574
11283776533
8627533145
5089233560
2267336545
9395196008
14774764543
14377315801
4605315110
10441701262
13015190362
10542012907
10264041441
13333290054
8674801896
10017436770
11545226158
13498546648
7403434863
5796600283
12532009956
14662633746
7797911064
10357974734
13820056167
15924448567
10680121200
7556641210
5354677825
7918055207
8073340344
7799582369
10961994685
8114258974
11009477813
10023368951
6359568491
10151051067
9855182366
5794157233
9547732426
11661123227
3290044260
13931202994
7503775854
12855134462
8811270804
5222669857
2102360901
13409549581
