11779610062
9131367559
14796625159
9620097706
6304112625
7262273021
9284559347
10628060639
12702569595
6202045345
14421912524
12262577804
9761466326
7559773770
7354986467
8600605579
10324570123
11616718877
5001232660
7591008750
15762939448
7654393245
13965309979
1280606887
9384214984
3134702154
12529550118
14064703391
7447509949
7905293823
10770648552
9294432848
14276811469
11336972245
13590972061
13041086671
13278404423
8952448171
15080791534
9059608308
11044550222
13675789411
8728458604
1286318167
2840146396
8759210959
8774526784
12139764871
10872614654
9348537430
11292135412
11358504079
12975574268
13199546636
11170819176
12497803612
14868719534
3595218783
4452523166
8606547732
6629457846
7482391698
11533004571
9824798518
13693663334
13903197438
3646995527
9727475715
9222150272
13732036292
10340342014
11120443179
8877961536
14876213155
6102035273
12487431238
6848136821
11898069480
13385556172
14207072354
12723625328
12202944816
17468884088
11240145228
7528279602
12411003964
14354213647
6944081807
12067229353
6511412462
9593444958
18499749155
12446034617
12021702763
7606025866
10218215844
7767176198
5533784237
6173359294
23370168503
12813791151
9732866516
8539133630
10888031595
5591901941
6402545271
9390778033
8020664920
6135445184
20633042263
12263263755
9921793801
15623187570
8305281084
24796275631
10724093829
9132584123
6808399081
10269204862
7496918049
8105645222
6483162134
9047462336
5630258917
6791176876
9619169982
8931163456
5960528726
17254879696
6981058817
12570891281
29922566339
12746221791
9089049021
11364906474
11116384780
12613578075
9475567482
8076933693
12551373088
10135737992
14046714430
20484540815
6311872942
8974552970
10619036543
10776513420
23937336558
8965697812
11100537056
9947887421
7220515292
7377696325
10359771367
8633198407
15327545213
6473533948
13483023896
11164704600
13906494528
19432567213
9403691257
6113656194
7832368516
7087265471
9132107896
11154799372
12950690212
14556616533
6777741928
19088250564
4573515497
10837068415
8871206050
9331213130
10955322128
6342433689
13096419132
11413906308
6300367915
12226888583
11528115670
10445275440
9744183027
9170909962
8444648376
8309728268
10090687139
9066858122
9080522055
8578308140
6956888944
8505578864
7382206273
7494674796
7033926280
6649276202
6331153215
5993355286
5646661459
5324369843
3712571384
4676262512
4360307189
4043013769
3738432132
3502137990
3236979655
3036957164
2826847552
2629171754
2436191569
2270595243
2116983723
1960728235
1807055997
1729239321
1600779313
1548397593
1449279974
1329979974
1277912175
1191572935
1109307411
1023599699
912352652
908647471
758721571
713123815
690825393
678188278
605886294
602549230
521751844
529932537
497691222
434361450
425806923
418012485
367590659
283355659
318491523
187521815
138033464
128927860
165585300
136063903
217400166
110758511
164359112
170892701
51599684
29679541
6408896
38396629
33828480
53884256
79985229
78463409
62290352
59399282
25667248
75523318
27214217
57164798
28446251
56779306
30584997
1170112614
2268372868
2244280825
2148051863
2098744130
2026117539
2013357927
1995546306
3286633609
3406125099
3636812468
3696776196
4202050897
4453084075
8688302774
7792252432
8571908578
3642295582
7718076300
3467690823
8119828014
5979602059
10035157916
6578668391
7460251102
9119385212
13211037814
6945634981
12550293119
8655141071
16092131436
10380903109
8675172315
10898589855
9441830582
15465139394
6445389768
12112207688
7932974256
11744661688
15039872507
8093680050
11954019895
12411151005
6978423103
8242243633
8039910109
4266871076
11456866502
8596426024
5179250135
2307311958
9301616401
14711569898
14289442439
4633701960
10283116976
12989823530
10675578802
10439435408
13308126143
8609672690
10107682075
11558170542
13480516160
7401368053
5763733626
12478489695
14640647118
7808155170
10396786103
13707274489
15836908504
10757285872
7508221543
5304235890
7831732492
8200852085
7809430645
10987303877
8167588540
10855939407
10009090636
6298492642
10180452372
9868241105
5764087995
9568320739
11607136732
3341411975
13998184473
7613024039
12795466283
8696317283
5172008428
2143300523
13416343539
