11681831534
9212366545
14775865514
9676187334
6272238664
7137250402
9269884383
10683473985
12628170265
6272168890
14385017381
12251543671
9763206169
7477246089
7390852918
8569856726
10343595467
11587904516
4951945957
7697136980
15762233966
7701063847
13924766825
1312296789
9314387135
3160111112
12609259534
14075665193
7410346835
7928459237
10663175417
9307986967
14404557580
11316140251
13616847625
13083728858
13219625489
8951640358
15068615879
9169104098
11147856926
13581518150
8749703046
1263623057
2898098132
8730095918
8802052282
12098099528
10857689389
9378769638
11283042651
11285720050
13050219476
13281966178
11158150405
12538201531
15007429812
3614419274
4386342580
8646218214
6528270359
7413590134
11445668535
9860649210
13828707573
13990060307
3666347742
9692684136
9190165115
13773644757
10407827462
11071494072
8907588202
15040699946
6017497585
12488170580
6844127962
11857660874
13438218508
14179013154
12781827274
12180269736
17763709072
11327569072
7589154565
12429179850
14404140625
6954177902
12047967640
6549159462
9656731977
18699460737
12414325282
11975028746
7639867318
10191014899
7834601480
5523448442
6299040374
23850714766
12808576647
9795683423
8561319118
10894093662
5649438232
6371336731
9360628049
8080547115
6047260106
20980685571
12280055127
9927835404
15575092710
8328277571
25750559000
10697718551
9128120759
6835954503
10202703613
7467655878
8186811393
6519899982
9054225197
5587387905
6755299087
9596315435
9031726018
5980122214
17426872575
6977006461
12555309524
30650505098
12710139984
9178175714
11344614620
11088547989
12638086333
9489026620
8112529551
12580933107
10151777718
14120918222
20706074945
6315486609
8964948649
10691083533
10833885032
24493802791
8856272756
11060933303
9942487217
7187425691
7369282669
10316583452
8646732891
15447902461
6422031032
13437337666
11104207980
13831172002
19538990677
9400801458
6108572548
7784594387
7062780091
9176047234
11069996793
12890048828
14393402212
6710403810
19038384377
4564869993
10823917853
8830045441
9310687118
10985031537
6278538758
13013313348
11323694810
6245621505
12017243319
11312535707
10406209089
9829630087
9135418465
8455067478
8235593456
9814108183
9060326294
8806440769
8395260362
6976636165
7766376780
7233340528
6778897394
6362073614
6009840381
5722703461
5414890071
5110871879
4815671623
3690294121
4227154740
3940932629
3658382587
3411581922
3168319116
2954757238
2741826393
2530599793
2374166517
2209704544
2044719411
1901631652
1780888227
1656181314
1543011528
1460487025
1395551353
1317647427
1223321718
1153218600
1071582664
978237360
944986827
840213485
823937666
725562000
707741851
630761865
578089351
592549178
552837192
468051425
451934188
432895174
427512383
370852491
376195022
352182948
250219105
301614393
148103725
150613642
110943486
104031513
113793540
207242221
41579383
45964556
114995841
119443768
45579135
46109599
126670802
68852628
22252033
76180953
68896876
35250597
33064329
13939764
6801531
60599380
47562825
47626727
49270098
22339236
707202423
1876322253
1832392865
1807755127
1748675219
1687143862
1650970481
1625616738
2770465590
2943038114
3215326834
3576539399
3922130732
4371863927
8391198587
7741589029
8235136368
3652041528
7655718304
3534508101
8150197125
6016986719
9987701381
6538006476
7491058204
8980453282
13212089495
6862974908
12427188210
8635195086
16132447344
10450579844
8734435210
10812832569
9397429639
15460425988
6628486576
12122856549
7927703497
11652463494
14973970944
8104527154
11924261560
12468291960
6947351147
8379658025
8075119343
4289551246
11336980307
8619102626
5127964092
2218130143
9361992047
14779297968
14348346258
4651197161
10351004565
13032421921
10602065898
10328591951
13339222587
8749388407
10078484959
11507806793
13499898466
7427417960
5755906535
12514565698
14634071484
7805557619
10393242493
13797664741
15870367465
10822022615
7589885433
5344144368
7891227342
8110332080
7814349458
10967054859
8140607349
11020257095
9990585009
6358161675
10163601387
9936420950
5780741743
9538220820
11617526594
3310166712
13884862004
7586424210
12729388838
8776008972
5176894443
2166273370
13456581735
