11799401927
9127226546
14867320019
9664489301
6367799270
7250471170
9374154379
10726847345
12688553882
6160181465
14264195549
12213577020
9873752774
7632717198
7405340288
8824529997
10176396850
11450451429
4913287608
7830767683
15764081565
7535138048
14114907910
1333231045
9335321042
3195335782
12585588888
13998506767
7445444230
7896610903
10746947921
9401074974
14421273461
11138528116
13536940377
12948600903
13349577102
8985066335
14995835331
9104941380
11058983634
13812108243
8959860708
1171647675
2817595758
8826120476
8678350576
11936689629
10790205432
9179463904
11216787705
11285667652
13058063054
13295367560
11118548195
12402035892
14803870888
3497342184
4559259142
8564767867
6673052081
7597302609
11600799053
9617024555
13528159789
13705004746
3450734390
9659287172
9171724190
13523274090
10430803530
11005834462
8839097749
14456916784
5992180774
12487148585
6888443064
11914166992
13203748247
14110890734
12703966177
11992084338
16934686208
11280041233
7558307714
12413338504
14334590405
7011792424
12128183359
6662432322
9478282249
17740809914
12470139833
12022522709
7630514378
10212956723
7606923860
5565001117
6081677849
21918141715
12757627403
9584813675
8451237614
10814377829
5681228098
6543741064
9520221407
7889064321
5977265175
19698408744
12234010952
9978727325
15642013851
8339584588
22528411433
10774519813
9023295300
6787778721
10149476863
7372671898
8251867641
6526858473
9086748847
5772910251
6793126227
9947391006
8805920350
5998797862
16600764315
7085241015
12617336640
27871634786
12835921665
9018702673
11418913937
11204067834
12638338107
9588325028
8132073069
12565160026
9915782453
14137232242
19707025712
6317223856
9110003159
10637161246
10526169808
22881907046
8984148460
11115096090
9960108859
7222028551
7423300509
10636044963
8701101678
15020537373
6545708596
13693945236
11147776999
13979930619
19054727232
9611325086
5974096750
7864972575
6991793673
9248418468
10892820018
12904613957
14564357161
6841208975
19134988857
4596522742
10814550880
8866588781
9497199096
10972387420
6459935569
13108616065
11431729365
6456845885
12829221158
11965278554
10463596126
9971836876
9228998775
8352675473
8649650583
10993557791
9202951339
9828827108
8604472559
6850233577
9587082441
7152593510
9342751597
8773541436
8297027820
7894133122
7467439844
6477305505
6667145477
3671853885
5859463378
5075806478
5061830766
4720894967
4393304637
4083188297
3765340047
3523575734
3291906187
3061162742
2846082877
2646413117
2477614152
2313061092
2223421519
2104184445
1992906999
1871656786
1759953571
1648386176
1534707403
1431633198
1330740256
1251618426
1177495921
1094801251
1003660750
949411977
887960490
839968171
790791535
744670720
689749654
652861290
616741773
577484947
538135369
500308398
463085078
419416981
402195990
248663097
327191378
321000152
283282479
287759870
258997518
255291718
234783494
207614876
188044957
163938858
50759795
113419577
132186125
64701750
69677782
83007866
72977781
32492998
100225762
31058228
60241676
85859255
80706553
492721916
2377236341
3183078235
3082270259
3286548347
3241201572
3240252990
3151116435
3015272961
4291626351
4288132819
4339335381
4602411008
4781283429
4776956156
9334739120
7848309984
9227485710
3635687114
7614153034
3457668573
8496138333
6314519757
10302710995
6460586819
7554778485
9098684415
13270617118
7046581737
12718266788
8609848747
16270084524
10509040340
8641434300
10836800987
9429555482
15456510602
6269702998
12344145558
7792509492
11778732032
15070864617
8017364502
12038043865
12173471440
7127323195
8346575622
8046059569
4293484872
11594465297
8608644870
5133294700
2238536091
9232732034
14889155545
14359122652
4489836126
10333795837
12910863064
10542704198
10430828035
13196786006
8458043073
10037796854
11606094887
13371460379
7239860110
5874967790
12572299973
14697243030
7889897145
10182940191
13876388445
15602864699
10810671001
7509247147
5332598829
7857198419
8220989579
7988583703
11152441504
8035948727
10628249043
10058241306
6362517034
10328870705
9835120454
5760514241
9420023230
11563771376
3442345642
13953680454
7644860725
12896923818
8668876437
5241695505
2210567780
13452136393
