11668536882
9236027622
14763547254
9579154749
6269907933
7090142339
9320154606
10704513670
12641316991
6256142512
14409791098
12248079202
9747617116
7471369369
7400711992
8588952804
10359503393
11562414811
4991640034
7756173239
15772841822
7616073849
14037028067
1313680480
9340959465
3298744904
12636118878
14077769819
7424839595
7921500711
10717806795
9363680806
14360838990
11326974567
13625052631
13041144201
13264022699
8966948618
15083803063
9132648592
11104436880
13662191420
8779102929
1208757733
2935497078
8784323580
8828940973
12089049147
10957951273
9386248078
11251812853
11307439174
13091566044
13287125320
11106717629
12495038596
15022451231
3672984193
4388023037
8608778515
6509665692
7400636813
11386022306
9857707233
13851037430
14093736994
3661415085
9681873382
9234872164
13801893905
10451790776
11084015868
8935868623
15163030501
6049365026
12580893902
6869416634
11857452622
13342257717
14175690114
12800783369
12189075667
17913960737
11358522906
7637746744
12390263107
14403990553
6986004358
12139531504
6608275382
9654276625
18880243469
12471037684
11858338973
7737022436
10175967938
7809622234
5513282113
6358153268
24188911951
12835984780
9816520115
8559801258
10901021495
5634165221
6395282455
9414232190
8120197171
6030566089
21189634937
12310334774
9933716285
15535812045
8320852228
26309221484
10656581445
9185880759
6851249978
10157587079
7471132273
8185979043
6543770921
9093037050
5510407560
6753725213
9514769684
9042167581
5950043042
17567680900
7010967015
12576686124
31134016307
12708185034
9197353125
11288112327
11123635248
12685146514
9463549453
8194730356
12599250640
10146956174
14073810725
20922170000
6320558898
8954878818
10688498688
10828754148
24843752968
8840029325
11094493112
9823202652
7262362919
7248944726
10328936302
8619429830
15430088879
6411372789
13435483524
11176738610
13780136640
19575057223
9368031714
6114677059
7792609254
7005763871
9227684282
11081122284
12896723575
14416521998
6679927836
18955837314
4553423498
10828633646
8803352246
9439022729
11018190118
6229959311
12935072024
11342406112
6242735201
11838778329
11143259818
10437711140
9762758769
9105411127
8427704392
8158410026
9641861702
9051086475
8723665680
8209133798
7012678544
7274742477
6775115175
6346276522
5957135206
5630422802
5360143990
5076038408
4787929470
4512723939
3678883081
3972815444
3692104130
3433116646
3193597863
2971656961
2765078384
2574189580
2392682545
2223499943
2070281170
1913676457
1789155966
1662080999
1558202771
1464667119
1376313635
1304127372
1231741075
1149661537
1071573213
999639887
941102760
875491316
827181338
758576931
716044294
646416640
613799491
585455697
553590056
520627235
471097657
432812050
432192670
410038230
363070904
355491373
324625663
285700001
254221522
135959435
130601051
58244217
42737006
103683743
169832678
51304652
35680989
146296537
125570786
20907153
6010726
116475110
46938538
19457925
52054703
20970414
40106336
7890083
19486987
54250294
57512957
2242323
34285062
14379029
45459705
382286500
1599408282
1583927443
1530601639
1471920195
1438435416
1393449812
1365950785
2506459461
2740924796
2975423187
3406380360
3783502614
4224968817
8224542255
7797295646
8156495334
3686880898
7583176824
3528840198
8101953301
6007333325
9976404957
6471838375
7472894507
8922090723
13173696173
6851477904
12277616166
8642025634
16108919002
10493628029
8760885149
10820740871
9358166822
15559091954
6629367806
12172851473
7938279936
11607605198
14899602074
8088079523
11961449073
12489541066
6937134144
8392097196
8027605609
4278650899
11299115814
8620778787
5065260624
2285768694
9377656154
14815561653
14402844919
4569401812
10421147062
13010208287
10558029339
10305015459
13324884241
8694215740
10017435721
11547155732
13553833349
7417784928
5758263233
12570817973
14643261808
7799558870
10403586655
13804425444
15938103426
10743153303
7628394548
5308098945
7873043010
8083426266
7764900842
10927339797
8127387099
10982134599
10006682595
6354755731
10153898202
9866976222
5804733126
9579891374
11640962972
3288011058
13915301111
7526898928
12832645386
8786138597
5204363473
2122514446
13427326342
