11659243879
9221734676
14773383554
9592232900
6279696865
7092164710
9292344468
10696770761
12636597107
6236998900
14411966549
12264286776
9732264785
7461772705
7454367589
8576523296
10367907629
11567834060
4981597816
7720900071
15760396519
7601370469
14062256477
1310512923
9310746756
3268691505
12632738141
14035713864
7447039012
7901571287
10736259289
9320878615
14381284855
11339938331
13580232367
13115037671
13293691434
8961157932
15094659536
9121158797
11116291610
13658234199
8799240586
1218281898
2931363247
8808981168
8847005323
12116349116
10955567205
9377853732
11230595144
11324617917
13090628056
13314157101
11101222176
12532941384
15020781059
3682030001
4366352605
8549868282
6510130324
7435223032
11359205447
9866907048
13892524757
14217535267
3627518005
9621264077
9227428664
13821123793
10416770004
11079342605
8935953522
15207847293
6083175595
12576090798
6897748225
11882259084
13352347336
14242487716
12838986357
12212423813
18098241886
11365291638
7631508352
12350836926
14400848410
6964108476
12099575164
6616826684
9591024262
19058898758
12500287000
11838105533
7688106665
10166290206
7837318886
5506172173
6389071370
24511589450
12818853484
9781066858
8540168758
10928386623
5585640806
6413384897
9471861106
8125713802
6025410458
21393958313
12373372662
9979858436
15570425374
8333757750
26838154357
10679028121
9189139921
6788869824
10208218079
7461424295
8123150454
6533675594
9111333810
5431062736
6695728530
9542792084
9014736583
5959969045
17712303137
7079370166
12574560020
31603883584
12667497149
9172233246
11321623768
11082510120
12732984472
9430984768
8157514143
12591894667
10135352399
14039586798
21124275988
6348299553
8977243870
10719387536
10842452571
25070560658
8896609330
11055988290
9784674010
7278667467
7199083994
10319917148
8612792530
15360647644
6449458847
13392229174
11170539258
13832422498
19553912190
9403104022
6086728065
7728913118
6991041593
9245725860
11078860684
12929413643
14396942969
6660697412
18872466895
4545283644
10833079186
8780417108
9454245525
11081216426
6212015921
12819210832
11328442693
6256395819
11727113084
11055018751
10377878031
9690304937
9017224042
8384101771
8158464554
9445789748
8877276517
8315775686
7812244014
7055560601
6873355400
6399961036
5995149279
5627218250
5317054846
5059746739
4790578822
4522931856
4264704713
3661739545
3750955951
3481843421
3243072496
3016719590
2797027831
2613628419
2431727877
2257489049
2101166506
1955642738
1818645949
1694155598
1573157540
1467736839
1383638985
1302173872
1236766290
1163785418
1090454253
1013687553
953333802
874590872
807599626
783737806
709912342
635227712
615529750
587566602
552458332
519039088
487242256
442579147
403453918
389701901
326364902
313605082
323521325
271606459
288438186
250069446
145416030
111267627
34017746
34884166
60917096
174048752
58923231
58171208
145039562
92120525
31263404
34509953
94624454
95033161
9945898
31427560
65626913
39812485
5219739
17867243
67060355
36481324
1623261
36048287
10899072
9993525
62043343
1317204117
1300887833
1267203942
1248129625
1199897425
1181790510
1139117045
2266096671
2533029671
2806634768
3223766135
3715893869
4078772790
8100150620
7773655221
7980925484
3650641927
7504082879
3552720377
8023845039
6000341022
9918618289
6481480813
7437807336
8919051829
13101744051
6830653700
12261217740
8591577881
16032718452
10469374572
8799762932
10850293676
9364064614
15630783692
6657072621
12138662645
7921997809
11577462073
14964404099
8058712096
11947806365
12499061827
6970266835
8409116189
8006905812
4270335884
11284572146
8621998506
5092996466
2251861598
9389582320
14806863238
14368535721
4613078471
10434700336
12998095946
10559271718
10257943539
13304174505
8665906065
10022373093
11558571146
13524719434
7388513516
5814665687
12523680244
14678155971
7810982320
10364533770
13827070232
15928649453
10706183666
7526310755
5336153286
7922101394
8069994712
7784294527
10962639868
8127758164
10996605780
10023667538
6368050250
10103269743
9852260384
5780135032
9512119446
11641338811
3283405283
13919987866
7491069314
12816222621
8824229916
5255931923
2093951472
13423421061
