11775592488
9144345101
14817028264
9634694503
6335981813
7203409624
9279654952
10599948525
12692700000
6218742810
14406543860
12278663757
9811644180
7591358650
7397791438
8609989822
10342748855
11525207518
4982373837
7536590433
15741925194
7627845566
13998619623
1278973769
9362452144
3160495452
12533480519
14098959367
7486477158
7877945674
10773257596
9342824611
14273991913
11365063324
13545799585
13083870600
13283350303
8966010864
15045621810
9039123652
11041052689
13730761130
8749118990
1220444627
2848144149
8814925906
8761324051
12064798235
10917463493
9322142631
11278216697
11378719639
12961314588
13190022760
11142813824
12498033451
14862479536
3587864903
4497114633
8659052335
6643008022
7490239033
11554085570
9729939729
13687702106
13847947030
3644332926
9717873321
9190606777
13712970460
10328151536
11111351663
8858032641
14749428426
6135432012
12445269220
6865143704
11874016455
13373912194
14209116501
12805476423
12180891540
17403177078
11196550145
7533102179
12418476885
14377244218
6967212468
12092682897
6460771026
9602412191
18419890750
12472320183
12021950195
7599599388
10204726313
7713944723
5582388989
6207759864
23211911671
12763445954
9739757686
8533413085
10862927321
5485286173
6408804799
9370949851
8027898060
6090112125
20459641599
12179078462
9973422813
15602826887
8308633682
24472356077
10760706586
9096418287
6838641907
10252632910
7461673917
8057346775
6473947993
9065274375
5620992102
6810271618
9697862072
8940514303
6020466436
17181579490
7057880640
12576771296
29669418967
12790941307
9106883669
11391737245
11116328583
12656538486
9489295123
8120545517
12573980418
10141511264
14091628076
20355989959
6376892946
8961974414
10620510698
10690083930
23807049137
8905865245
11175112005
10017346046
7200744817
7374609421
10424602890
8649341401
15324713232
6505703253
13512513404
11237725782
13956996965
19441515136
9383342082
6109526343
7891666488
7108451604
9218384494
11122127679
12985909945
14538485543
6802033716
19117892325
4614224113
10840912966
8858657532
9342996549
10944712313
6311556519
13050302756
11402064334
6356541310
12305990934
11592464084
10462593896
9753900024
9235205556
8446473353
8355343584
10255398141
9122167271
9122967238
8597241195
6925882859
8690247303
7362506848
7726375673
7248223457
6855993609
6529946435
6179944445
5832760378
5495255852
3714509909
4838226257
4498203687
4163295095
3890976187
3619036877
3350062806
3129649647
2916832716
2713012986
2513495706
2341667292
2181744679
2030206607
1886603289
1776022378
1681515029
1589895872
1497844334
1399559538
1289777610
1219282470
1147174052
1064585663
994312920
934446350
824017382
777059564
734926973
718041432
638219678
616265263
527924746
539352848
524395484
460780956
398185253
396571969
379328066
289120853
338676394
277012987
91544583
184052548
135442296
174221144
211268271
154022685
162894781
96463015
84799941
52586189
22310584
72545923
53815104
90712540
95587414
77935509
40500330
56107769
21238313
76766155
9509355
55166833
3650895
56818454
58485553
1251717739
2423342877
2373553524
2327518352
2273255298
2247791974
2167587822
2118311158
3394888537
3528624971
3674796895
3856518633
4351088116
4545836539
8728594623
7778449149
8591536754
3689537366
7677507028
3439113782
8114005961
5985884982
10020889777
6575798930
7485577642
9081706507
13209011636
6944539310
12556191296
8642311264
16172845413
10429638132
8646345080
10950677484
9447032997
15409460279
6398653809
12153458369
7977493996
11783737715
15011393712
8109161303
11904511276
12376976115
6980557617
8289988435
8038088393
4296009513
11414922823
8598726302
5084436014
2317829496
9309196190
14765894469
14268041695
4639718350
10281054159
13019318662
10603449975
10408461633
13312263134
8599887410
10074206975
11532901218
13563071909
7367925345
5801948796
12508410813
14618773266
7839917019
10322914837
13743218097
15764627590
10749693167
7526550848
5296819879
7791231966
8250493063
7801908988
10985123530
8168895319
10805629807
10007863128
6343198569
10167337371
9862692760
5778744468
9501803141
11635449223
3375166270
13996594678
7646860522
12825592075
8736904372
5194432789
2153395222
13409604035
