11662654189
9234226998
14764128550
9577433732
6274107008
7085353008
9319887007
10702031793
12640938538
6259083090
14409737189
12249153594
9747455516
7468212284
7404188442
8587113107
10363859088
11561711534
4990938543
7761238140
15771347336
7616135678
14031504247
1315492256
9341167465
3301786240
12638585058
14075599572
7427124257
7920221717
10714552754
9365769715
14363119019
11327920509
13624725318
13039529406
13267040928
8966282453
15081391750
9126727068
11106221054
13666175068
8782558109
1212795139
2934001125
8785257535
8825133267
12090213344
10958512745
9388996435
11254576031
11314281849
13094422678
13292912660
11109653499
12494493685
15019721582
3672707023
4389411288
8605179532
6512075081
7397461924
11387314253
9858604076
13848581311
14089281772
3661028513
9680645248
9232085831
13804161448
10455446602
11089742137
8933174384
15169269239
6047720405
12575094151
6868465744
11858966446
13343435953
14172232563
12803863003
12187780699
17914019537
11362745968
7646684829
12392465088
14406317341
6989940618
12139262774
6610113634
9655389832
18885809070
12473049177
11859382957
7739180137
10174996703
7812775366
5510807174
6362921050
24187756726
12833986604
9817408219
8558390768
10899218030
5634347039
6390689171
9417958035
8121928948
6039053839
21196198621
12309130378
9931638150
15538956660
8318271949
26312756331
10654319404
9186852532
6849191515
10154627781
7470479026
8182363301
6551590629
9091013799
5509805233
6749650736
9509448749
9038212308
5944827818
17568502108
7014137090
12570858373
31141703040
12708753629
9192996384
11280786994
11128820788
12683632957
9465207684
8193409300
12598377176
10146897558
14078909599
20920187814
6322670565
8953686260
10687978589
10825743736
24846510646
8839023172
11095141094
9825783095
7265964976
7250471370
10329239963
8616746971
15428852785
6407830567
13435392511
11180761423
13785923490
19570657468
9371552649
6114991515
7790213359
7002546663
9233473190
11078818759
12894866815
14415151629
6677660856
18951310536
4555369888
10824162072
8801077803
9439773915
11020430257
6229644066
12934527649
11345684862
6248216930
11830613221
11135771039
10440879610
9762230141
9108027224
8429799623
8162383551
9641021003
9051342516
8720196285
8207555392
7012360966
7271411280
6769632639
6339921483
5950784622
5629367141
5357983322
5072639563
4786574417
4512225667
3679378457
3967918914
3691011674
3430397998
3193652158
2969448974
2765177624
2573499319
2394270322
2225583982
2069059593
1910857487
1788935562
1662888860
1555969074
1464583421
1378491238
1305983816
1227287843
1149585253
1071577519
999363311
939207978
875446407
828184786
755014985
711491815
646354972
614810413
586043955
552933605
518880053
472655924
438355753
432451214
400235879
359200363
350549097
328506569
284442663
252240624
135845067
135237875
60407130
36115609
108493299
167300787
54215169
39663188
146303599
123893196
25974464
10595619
114943081
41449434
20069410
51898108
20715202
37968581
9224537
18277861
55911047
57282138
4502181
37945042
15009379
49491242
377030603
1594822486
1577104835
1532378274
1471991055
1438265509
1385514428
1367191263
2508459741
2736929168
2973342363
3406654523
3785026595
4222383155
8225490925
7794636981
8155321519
3687041381
7577548467
3528176772
8095126823
6004153524
9972860166
6465481169
7474149352
8919025518
13174533038
6851802961
12277777662
8642330251
16110134079
10494821331
8757086047
10821557344
9361901536
15561710725
6633004046
12175665421
7935957621
11607668206
14903739471
8081265595
11958814285
12488219320
6940157941
8389935859
8026236745
4280040542
11298042779
8623423674
5065322493
2288793292
9383110792
14815356773
14404633107
4571722864
10418334749
13014878296
10562749542
10302136107
13327103659
8694294279
10019903451
11551771830
13549795137
7406420132
5759834842
12572625331
14647352474
7795731323
10403774884
13799340279
15941614328
10742057573
7629822316
5307035316
7871437791
8076437854
7763785992
10926103664
8130724538
10982630051
10006588172
6352404193
10149381893
9867667804
5803486327
9580959522
11644770669
3282866395
13916829184
7524927289
12837717585
8786191332
5208209566
2122627985
13431799555
