11777964025
9250345618
14887173819
9658019454
6371518949
7233121190
9362814202
10590360932
12707772201
6167890591
14227857746
12199183581
9845062803
7594678973
7467865450
8772669887
10269482757
11541730137
5023740066
7745049032
15753069168
7572469276
14025549614
1258121127
9400406324
3129214617
12636857589
14028823882
7444329145
7878356577
10722507399
9425827397
14265918067
11298810154
13468539896
13022527852
13279178343
8931227128
15084096473
9081074892
11058645248
13750345587
8933709204
1148555767
2794216097
8819020748
8695902167
12021383199
10940919496
9300796048
11228632322
11364900289
12987669670
13224849162
11146758107
12425452971
14766935759
3573952873
4553609829
8532865713
6755407197
7507677948
11576535950
9655940860
13611592289
13726417039
3469309070
9619326033
9118004842
13554358342
10415852796
11025643742
8852628958
14591765193
6031523064
12474598223
6910606221
11848983474
13313842945
14148700300
12715622784
12051525984
17221321732
11421818516
7562589865
12371988163
14393447660
6942188909
11978572961
6521390393
9517404190
17969742890
12450982822
12030688517
7633710512
10210535127
7594629659
5515458191
6051742253
22450168115
12771223505
9614801870
8404998491
10851286584
5522593375
6516042132
9498232374
7915624537
6116125853
19993885590
12063127457
9944546971
15607396313
8356692457
23299016888
10751285500
9093827406
6809442148
10211205144
7455339514
8209789818
6519389763
9040597623
5683705721
6714493210
9775346776
8818592090
6054102111
16869705090
7033476862
12482226419
28612800379
12811974062
9130044893
11340761821
11180570927
12732922781
9516217453
8042184111
12691657232
9984631072
14201301491
20054378369
6323541949
8966248924
10671097180
10636924039
23352871980
9008817102
11157053102
9958125372
7217720668
7342900363
10583381461
8645090966
15111529436
6486389315
13678825307
11169152805
13978913108
19279289707
9489779291
6024878382
7851046040
7095153206
9186312592
11022995554
13055931840
14604469840
6883486007
19097124069
4575133356
10834677753
8805075491
9444323126
10973691026
6388997830
13177376171
11469349828
6418404931
12581194295
11854149028
10450771858
9839904941
9176745118
8369474309
8540557649
10628436317
9181917284
9507859439
8601993103
6923504668
9274862730
7312187032
8698853527
8160437689
7712814340
7344184385
6953304621
6357318269
6183011944
3699229046
5440327060
5045814562
4704422478
4377495905
4055399878
3792021681
3524283514
3271895463
3054414485
2828564237
2624906638
2457673117
2286849454
2130629541
2007941123
1900994195
1773893953
1655874349
1555173314
1465953275
1330641612
1285632622
1187578717
1118704607
1055347080
881732185
793168387
830712372
785090091
756096684
677330891
622925187
619001820
570778428
545502337
490346656
455786059
452503480
392662291
296668659
354362895
205534751
305114150
292960257
252348014
234771637
231633122
198984887
206125954
85279621
26829113
13116006
122102908
127512277
112943794
122914490
88215927
85620462
44897385
97338796
71396805
32017487
28606204
40542998
42878669
67806077
1877017490
2870041168
2842970486
2789019118
2784729871
2756749106
2693782073
2653799779
3836382665
3981087617
4078383651
4264192313
4552583308
4635666698
9061659046
7827024039
8989281873
3591894059
7689339413
3400394327
8295965279
6185403266
10207173413
6543980428
7549475765
9187383393
13293042092
7042367713
12597121480
8545925973
16189516936
10421463023
8530746150
10919405815
9481645457
15451216853
6321466124
12185184271
7832347867
11816099804
14993832037
8056593926
11933468067
12179333071
6949853157
8309662680
8030279551
4401352108
11498323932
8648550867
5039014283
2273243222
9256294307
14860931890
14317332268
4547093052
10252484323
12918258359
10527685337
10423409449
13283810928
8607238040
10053859571
11582493697
13473502459
7212245991
5833585292
12520319918
14623110067
7838457861
10218643168
13788600628
15704503871
10748959862
7445043179
5259037544
7767236575
8166797827
7930755811
11019059278
8137226431
10724956997
9922507641
6379350998
10155893746
9887182903
5691209587
9508026009
11476629226
3411126990
13981342752
7637127677
12844377404
8591632080
5022650581
2105436838
13451159650
