11740407395
9205880992
14808127144
9638069762
6234749985
7212046401
9271742940
10677559982
12657361826
6248397569
14436770112
12236125057
9747533089
7537624373
7353147426
8582868186
10323735813
11581750394
4998167609
7643237496
15771934313
7682701026
13902080796
1309079318
9312013171
3156313060
12585225753
14090457962
7417843001
7903946319
10695407727
9245377046
14381394559
11326463264
13593248305
13084396796
13238707718
8937031368
15121089003
9113599309
11117160920
13614327259
8771510220
1235650954
2853995845
8758122422
8762026398
12100113809
10847752757
9375193914
11288391156
11294412971
12994068821
13224588341
11191692528
12480829672
14947366163
3602832121
4417493549
8604305720
6584130237
7473625374
11494678058
9786205215
13779821238
13931049414
3643223892
9741295398
9194798623
13690705429
10339007494
11114046134
8838947114
14968982783
6036165586
12462048871
6889733762
11863788164
13441368200
14148357695
12712921219
12204686969
17609482181
11328220846
7587172812
12387210997
14345193018
6951756311
12018268242
6580779953
9672257621
18570196628
12499447384
12016350182
7702118663
10211789055
7819159011
5519750536
6246221735
23618541027
12841018896
9783888258
8549591657
10900136573
5563369779
6387231581
9349650078
8067063870
6061486792
20766852655
12273726240
9841129369
15612718302
8290855737
25259335052
10716865096
9124503137
6838519301
10202224337
7434721925
8136996833
6539448889
9035945817
5613452013
6779213225
9571509197
8945367481
5931961032
17338186856
6969950286
12576195895
30324532563
12683953157
9139755742
11345347825
11089680001
12605348926
9474520620
8078446961
12613694522
10196309836
13997311238
20605337848
6327061452
8983302379
10666248738
10792357599
24280760090
8876563382
11092269472
9894630373
7240011695
7448907669
10344986342
8616114601
15392806069
6418996855
13488193616
11123752026
13909886770
19498586934
9390082756
6083476015
7785154884
7045896620
9146376381
11150342425
12928062288
14483227541
6697197117
19038426919
4558398432
10818892517
8870274154
9344439203
11009177961
6312855178
13023486760
11373684054
6245032476
12140138003
11433223238
10426903684
9782213021
9156483293
8487752359
8299583527
10007681517
9075776023
8936404301
8471510956
7003689593
8130861107
7393700779
7103392820
6664370384
6300497819
5999969300
5679085446
5353902601
5050355811
3749192594
4440998304
4126989643
3841403151
3573906886
3326598718
3091427204
2873781850
2667961539
2490955933
2317918497
2151484101
2005955990
1852220017
1746366941
1594499411
1545292788
1467570815
1380663742
1275319419
1196044112
1128995439
1034276844
964000697
831868445
845150930
676195013
726661528
670543381
604542356
612770997
541491952
527821846
500122565
471219059
436249242
423328166
384937791
365899728
254617856
293286012
122362421
127058834
152469420
150509493
154979504
173774471
60320302
45346327
167108301
90749715
12811931
17515944
81077437
61087531
37298123
60071767
69580804
24400722
77313813
49147067
78467559
31220535
39686586
10259903
34058241
7459266
936427463
2126132406
2067501894
1992463495
1905206852
1844347464
1800555698
1802913332
3027100592
3209898904
3400999111
3672801909
4071084849
4394837599
8552240095
7763374866
8444571791
3554243446
7680025532
3519760016
8166919946
5994271765
10026429064
6625025421
7486265221
9098871370
13240613259
6885509029
12490522336
8644604221
16125870239
10384747049
8711460949
10866769795
9417688876
15491830178
6522201689
12127063648
7986066171
11686031908
15013054873
8096126385
11928655828
12510073661
6970440550
8302752483
8090516087
4258945775
11390374824
8591244855
5134612484
2244441261
9342540069
14769824733
14269432535
4613651341
10364794071
13050360218
10636365544
10397781310
13287710098
8677901127
10104512816
11515247424
13471825282
7376269166
5741102390
12461671228
14607037065
7799658699
10326464361
13752907259
15819861114
10808505267
7583756161
5355794694
7935121031
8178536320
7849692057
11028929010
8202950465
10949871452
9991786438
6325512953
10156159435
9944818385
5771970339
9543508505
11657034781
3288623475
13943625845
7611460457
12810722814
8750433745
5155735641
2152707163
13477335219
