11659907611
9271398089
14782299260
9593669774
6298855208
7109089036
9299304681
10691387014
12636819250
6230520615
14403432951
12264427503
9715394272
7462902157
7467744310
8581463205
10384897713
11549779026
5020884275
7723513386
15766798328
7572797577
14082432952
1301170023
9319762259
3268344180
12649669538
14065075852
7463058062
7925191557
10736107585
9300101374
14368178323
11359749683
13546330326
13069149180
13265208457
8969914504
15066770865
9143135022
11123833878
13668598634
8793260085
1200509914
2935275075
8821223240
8841038817
12126031692
10925836315
9365729142
11204363592
11314601058
13109486396
13304563663
11095113942
12559180079
15018990826
3686812877
4364894174
8587637193
6523148860
7390644132
11360535730
9856396520
13870581728
14228626635
3648707779
9651947543
9208618681
13855880229
10422151288
11088799574
8947642911
15243710324
6067954197
12578707518
6883659544
11888497355
13361771299
14249182163
12825128834
12240942033
18130630488
11351979282
7663385280
12367346729
14417929316
6958287081
12073142280
6633875893
9620867184
19107880407
12492946350
11848482389
7679168398
10167620022
7846345745
5529506480
6404311743
24599845172
12821264474
9777266782
8540733181
10916811193
5579353791
6408863315
9482925223
8121927720
6039200012
21435277642
12408902487
10012303887
15594601722
8327636490
27009488916
10713661630
9179073852
6793763379
10207639904
7445653219
8128733114
6531753455
9150262689
5414635851
6681782252
9510055391
9012999806
5998325165
17768802451
7080976648
12594512511
31716077273
12672963627
9168455365
11335971529
11103034889
12724874413
9408909525
8157730113
12633774118
10145679598
14034454299
21159409236
6359500673
8992707464
10752084817
10830647235
25124056857
8922248267
11045826982
9792915004
7275659440
7163479700
10329075611
8610743393
15348751443
6444224371
13385224590
11150284153
13837886764
19575987576
9388351517
6092358382
7729034121
6980293603
9237557702
11066906606
12936395398
14387177299
6683174723
18850859608
4520474555
10842874305
8794187368
9471935829
11047294367
6201413017
12779547171
11326515354
6253885698
11704269652
11014842437
10348096860
9671677461
9003484628
8373667649
8131944857
9364620860
8748699299
8191253851
7697585727
7027170908
6772367136
6300829305
5908935540
5538391569
5239279159
4986985472
4723339313
4453617761
4202754863
3697201473
3694709792
3437618224
3189983348
2969057085
2766727811
2570759785
2397193439
2222586652
2065908848
1922213651
1791776180
1666198858
1532616824
1449590930
1360929305
1268277082
1212628340
1149490017
1069952538
995522357
935916501
876111059
818288929
749975802
694460373
604761284
618141941
576219949
537137950
512682108
471195301
438163576
419405101
386217194
294335440
305025012
299315250
284547022
284401588
228015228
154452053
93199557
35311270
46746583
61183371
172810970
55036839
70347382
142701917
90447973
54065310
26191334
95744380
90864670
22415612
44246355
51268354
65695146
10747942
560139
60277680
62354647
3414855
33217755
18315842
9090634
35707342
1228483082
1222946864
1192246468
1143758484
1118054510
1088475430
1085743950
2188553243
2457948050
2744053363
3222635351
3727437092
4092492567
8055584360
7793940241
7951551547
3648169220
7493296657
3536251321
7971262949
6011763232
9904717539
6456684182
7428089825
8901350343
13098885707
6827034232
12237810827
8595858468
16016023076
10461500544
8783591068
10870756793
9360079021
15641621537
6649108870
12129897920
7926552637
11603932203
14944435499
8056341673
11972887203
12510995585
6991098211
8416587406
8003897047
4270176200
11291092941
8615352845
5082188277
2262311940
9376835130
14811744576
14365691560
4600996028
10446122993
12978941681
10563265384
10195111196
13290568781
8672088670
10013865860
11560193133
13511180499
7423605726
5823203849
12507880377
14664076494
7822122276
10350994330
13849104401
15931334137
10715795913
7535244376
5364928136
7921501451
8076395943
7773069290
10995646559
8112166827
10991666086
10015300328
6374648781
10104682988
9857889045
5804952140
9500406833
11630081640
3260480794
13925884190
7483081576
12817512154
8846486919
5269964497
2072408356
13444409593
