11704244760
9186064429
14783351614
9694295112
6266736104
7177734400
9279075832
10720383874
12617588371
6236039159
14387456427
12237522390
9780204887
7486371432
7368562413
8552379942
10348862838
11569352724
4974700783
7693787869
15759135386
7676441197
13944005303
1301720922
9291008387
3150828677
12621584654
14110844495
7404856648
7931156895
10694075004
9275710860
14386904542
11331566428
13631994603
13079618848
13209163016
8942870976
15065954464
9163831257
11086234935
13599466079
8762163058
1245559118
2888811890
8759813512
8783533419
12108466400
10877276744
9402819936
11272453818
11312442025
13046917251
13259497265
11154686153
12483465379
14991087567
3594295856
4404475477
8603251968
6532107028
7436799248
11438921139
9832562608
13756253275
13954961344
3654998405
9763711709
9218878447
13694013067
10407938581
11129639548
8885719069
15022800863
6023294453
12437955523
6847846401
11891189397
13438337183
14140104592
12763009314
12200542450
17697453007
11311862757
7592473380
12387877799
14353855663
6957962356
12055118772
6563630894
9685421585
18620101972
12428575536
11993346660
7694378494
10201916144
7786049095
5510005020
6270092446
23742843457
12840417862
9774952967
8579617243
10895522264
5642411520
6378172520
9362251445
8068821420
6049625731
20894652424
12270385039
9894426970
15601789062
8310388535
25560420707
10717776098
9112422605
6820766057
10197076077
7451986629
8174886869
6537081045
9049723952
5598828145
6747789180
9586970503
9006786818
5939203993
17419745780
6976506085
12540207200
30499163627
12669113672
9193874625
11313813320
11083896291
12614008100
9476898791
8101627582
12601224332
10183048564
14079668738
20663950206
6338899473
8976567227
10678985680
10818777198
24397727800
8866801725
11069162710
9869261133
7172849178
7409511272
10316636258
8633614996
15438482791
6423736316
13492591761
11120372604
13872923807
19531397264
9360220837
6087163088
7787069382
7069658287
9150921387
11107185842
12928615469
14442412462
6693478874
19032342475
4556134457
10828778173
8867516524
9314439070
10994884864
6291748505
13013463815
11349157681
6244179724
12073465059
11363108810
10382593020
9812025345
9127889292
8466377490
8291989335
9904056340
9091055273
8874713590
8417128762
6987556383
7926564126
7386222519
6917615027
6496149894
6140087410
5844881167
5532090261
5222014866
4919370528
3695710116
4329798422
4020201075
3742071331
3477421038
3241889450
3013355206
2800623689
2607865479
2428825290
2252567223
2085987052
1955181164
1814330646
1692980008
1594508117
1511437486
1385882356
1337562118
1257977788
1176002441
1095416179
1019444446
956870758
886273155
837680016
671102821
718420436
636421321
604273465
597471472
551230197
527021712
502597733
473259766
443915912
414113786
379290074
357572888
282770719
281575675
106602385
129422740
137739953
145401695
97041479
191539447
54762339
84508126
165493522
128495419
40930547
55139879
107947794
62841176
31858244
91827147
75474893
89446908
21310755
42762813
25763329
55346
19456089
25846324
33926462
21710811
763593440
1997367799
1954198575
1908623297
1836165159
1777404125
1706232085
1714408322
2897552094
3059814939
3291683693
3587663318
4004172659
4390137396
8484678820
7770621264
8316297792
3581832771
7665889014
3555349434
8160224678
5979875368
9982293137
6569364516
7479382546
9010489489
13197549192
6866604807
12461477188
8636003711
16097936694
10447401052
8711461847
10882180984
9430295116
15510501295
6544301579
12102425429
7944424858
11655348159
14993549358
8081917057
11941502921
12489447551
6943172453
8336499143
8104710663
4266871111
11350496275
8620355786
5118198401
2233452071
9352112511
14802426353
14291219175
4640910385
10399899093
13028878939
10621903239
10357715573
13316377527
8723774131
10113920576
11494827367
13487239863
7400930880
5788781423
12462790275
14616858882
7792010901
10350454078
13782726554
15799853227
10798255680
7578415314
5354006187
7925900800
8152649474
7814690361
10960636454
8181298363
10985443918
10037707358
6327107805
10146131814
9947392925
5771822020
9545586141
11641408038
3351774693
13923261501
7621984467
12708134162
8772185613
5157867923
2167015040
13467267814
