11677721190
9229354007
14773848808
9584102979
6266455424
7093617433
9318729043
10697784624
12635324330
6258263963
14404025306
12246200734
9744818287
7473878320
7393281536
8589905354
10352052238
11562285812
5001825520
7749941127
15770077091
7627240111
14035434245
1315734470
9343245300
3293394389
12648949216
14075378261
7428478578
7928556693
10720566985
9370224516
14360416563
11331034013
13625370329
13048255169
13264965229
8968428702
15086213467
9128212153
11106495962
13658861509
8779501465
1217824859
2935801086
8772633388
8827302881
12097645479
10957156397
9392689517
11242586058
11310315539
13089698345
13289802823
11109767931
12495590797
15029918522
3659598273
4382209799
8605128624
6511909664
7401599482
11381139893
9858887549
13843616728
14091667960
3665379726
9687227129
9235067534
13798452871
10446017548
11074912142
8937810259
15160078013
6046934339
12590894750
6868163943
11856002502
13341155152
14175079851
12800413397
12194391840
17910360202
11365497652
7630383914
12396752631
14394078894
6988920230
12135775752
6613566055
9656418885
18883354974
12468825665
11866145593
7729619175
10178054206
7807921978
5520442248
6349674586
24179686765
12837875731
9812104427
8556966607
10896287729
5639982593
6396761965
9411597852
8112903773
6031411747
21186912534
12311123015
9936636345
15537470191
8321719742
26294214522
10666753955
9181384878
6849413557
10151250100
7474693536
8182937254
6547031863
9081308126
5507096847
6755773730
9520456651
9055258940
5951863060
17555642765
7004815625
12573215654
31123502748
12709465631
9202498080
11286873228
11124257415
12681462116
9457839504
8187678001
12606905564
10145205803
14074557841
20918969092
6309324065
8953100889
10678023357
10830334551
24837633152
8841689459
11089876290
9834990627
7265683972
7260642408
10331177329
8620596365
15443003200
6412468745
13434391839
11179820606
13787451376
19563236772
9367919392
6114714911
7791594325
7005078936
9231713528
11086545767
12901173747
14420256285
6688591491
18960691154
4556373977
10833077658
8811579661
9436108948
11006533606
6223938175
12931303918
11347592478
6231758551
11840936972
11149929832
10445461680
9770331749
9107757016
8425066988
8160843756
9641041583
9059929798
8719802108
8224511662
7014022879
7290313529
6787262152
6357749979
5968748603
5639881905
5367105055
5085344420
4792070154
4522399100
3688562930
3975812288
3700083069
3438512862
3200354497
2974195713
2771582127
2578115224
2396783053
2231108573
2074190066
1915392410
1796142271
1671268449
1557560676
1463063430
1381158487
1307288131
1236402250
1155542187
1071074084
997164953
933703669
875892288
831551550
764029333
713073353
644567968
610840087
589007470
552975440
518962328
468499799
432685415
435669351
409162487
364120122
354496570
316104090
283400203
255306827
137277324
121323784
54684242
45779435
106379094
172342657
55414390
30716469
144690250
127236542
17851978
3821529
115374748
48615986
21817036
52222049
26961001
37460871
8163977
21763182
47275937
62364041
7002002
34036051
15065978
41679614
388269722
1611256309
1589889676
1541894377
1473202994
1443610151
1402669337
1369631601
2514972557
2751081101
2980703612
3419063067
3797904157
4228472440
8223550758
7805962327
8156234439
3692748607
7584052195
3529080574
8099123399
6009095665
9970249141
6463467940
7476703248
8925804134
13164152112
6845167099
12288453941
8634613411
16114404399
10486109879
8765960633
10816481423
9360418330
15547658021
6625894955
12176994963
7943941780
11611269572
14900984450
8088744628
11962124696
12495379336
6930462132
8394146570
8034103532
4282745538
11303147610
8627952712
5067067805
2288342130
9383035910
14821577017
14394288850
4566405289
10423275829
13001970544
10567197102
10304246265
13328794609
8689240638
10021475323
11543338391
13556545526
7415299092
5749983127
12574357690
14639190992
7800586176
10402490106
13807434857
15939147658
10736106790
7632077145
5301606876
7869541859
8084778700
7767184858
10930389708
8126168634
10976427430
10009469485
6361570758
10152127015
9873933492
5802900568
9584019631
11644475664
3283774264
13920060256
7531956595
12826289266
8782368811
5197538381
2114281784
13432306554
