11769550563
9221528466
14874364694
9633382576
6372471651
7231654270
9348886882
10611168596
12737552148
6120702788
14250492238
12262358343
9813787383
7608338857
7466420414
8786716499
10283842266
11569831976
5035302467
7731337223
15781971195
7586657053
14038174602
1276493328
9435507656
3137841511
12620884094
14032114914
7453709606
7864511598
10720666223
9427559037
14246690101
11268289338
13489891562
12996336843
13256075547
8916410436
15068665504
9041282533
11036816149
13764019517
8887317885
1184805487
2769205854
8792614328
8697118550
12044961374
10904143039
9357712034
11251925923
11383404001
12967000795
13247125343
11157657439
12394294579
14760509946
3592788675
4541752638
8505534536
6732561582
7506076384
11587342958
9643181125
13632652760
13728983358
3472110796
9641461808
9143413226
13605483599
10400289100
11022345555
8859136517
14626527539
6025028842
12477631790
6941064155
11876160815
13326950221
14127776118
12711355761
12057191437
17220125370
11369096062
7588225371
12338219136
14391154774
6898858561
11961669912
6540584480
9539811163
18013001966
12431213610
12020264758
7626649832
10231079233
7635852410
5530638076
6038579991
22498861258
12804417998
9636033555
8441934856
10891746524
5537850412
6510993801
9476186124
7935754351
6126531221
20030249371
12031345814
9968042636
15639271908
8372876458
23363786496
10748762456
9107837461
6783910497
10201631450
7423476320
8237523703
6519110474
9069427033
5678007134
6733676604
9745987794
8841736593
6019687592
16907242163
7065397453
12489764424
28671635803
12810454305
9138210633
11342994102
11168781174
12729595901
9512342985
8011623873
12712326212
10013350405
14160916695
20104089705
6329720404
8958911318
10660361424
10652799601
23366171800
8998675882
11129966169
9958658102
7194944611
7385864488
10597117560
8602095519
15125678258
6491932937
13675313600
11202347510
13936358841
19279585221
9470238639
6030065169
7844134789
7104693481
9196802588
11019064098
13038594027
14603677110
6894474735
19108523696
4577732097
10878847697
8799636349
9455824652
10954709792
6401007809
13187223239
11441904865
6435907630
12580394806
11842319279
10431661065
9812053229
9170719881
8394302646
8546278212
10580116737
9156956748
9439673877
8613210652
6913188472
9250965340
7333934536
8635769722
8101841052
7669820581
7298417438
6913687238
6399449965
6139619007
3689393874
5386759120
5014186256
4673264316
4349696627
4038508868
3768189845
3500010221
3232436074
3026018516
2819724880
2604577745
2436491794
2272385150
2120474191
1985061948
1878447703
1767303441
1669510408
1542445812
1448250315
1334417043
1277236605
1192192424
1102628328
1049137538
869730643
831822289
831345908
792242369
755965305
684500830
634010707
627514038
579336729
525053529
463280010
478994584
434871081
386107075
319678504
334961195
213243429
317714942
271726732
259296906
232901727
205992471
192957687
180867251
80444577
31830343
15170535
138033539
135486082
110715662
121855971
111508245
90893705
27434606
86329977
92174076
57916665
55282169
40390435
51169739
68102703
1795319725
2838631973
2810929898
2775864562
2753262858
2713172492
2651288618
2623867055
3814291089
3954218712
4046764683
4227566358
4535544323
4620391736
9036516088
7810186757
8973367449
3620329207
7695119956
3399920702
8295353921
6177776311
10215589539
6575327544
7528606237
9210427935
13299422479
7041981687
12564577056
8570579277
16200196986
10426892985
8530811467
10910977900
9481090251
15459105615
6326558016
12177239031
7849567813
11842418975
14989283766
8076562632
11947293779
12195099274
6929534852
8281028132
8060779674
4389731310
11470890660
8697590623
5043505775
2276640987
9268653936
14852343073
14300680944
4558645310
10246491287
12953645187
10578973155
10416037289
13305492384
8610089632
10013422821
11582604902
13471581765
7215957523
5808467238
12520112430
14611576028
7840883151
10233029310
13806580995
15707539136
10721978783
7453077720
5244050146
7763827428
8167953951
7916398859
10996684561
8135150533
10716205111
9941443147
6353671218
10167135802
9868420475
5699459539
9534162828
11479986310
3417011538
13988374702
7646673016
12838798042
8589759292
5061010751
2142350531
13429375300
