11655007339
9235891103
14784579727
9574552629
6262012174
7059321874
9309874358
10697462415
12660489567
6258486644
14429612169
12224876186
9743108706
7464188520
7406238043
8599830328
10367239344
11558642542
4982672824
7770134556
15789948481
7590295701
14044126961
1317554005
9340874578
3290703957
12620204901
14081587174
7443674315
7938542803
10712624338
9367906235
14387921413
11317254987
13620809519
13060960317
13271524330
8973460081
15087678296
9136730931
11088168871
13665311448
8776155610
1214989638
2938613123
8810182341
8846183271
12111299231
10964105010
9384298931
11245859408
11297312470
13105250518
13302772665
11102836445
12488265589
15036104068
3668412895
4385437283
8593359655
6497868128
7420788804
11374365988
9863334337
13847488680
14095596484
3667583675
9654122899
9224596876
13792615201
10450453151
11101299456
8964170743
15177972521
6031478606
12568565221
6874604262
11853952109
13337665920
14165893123
12817419091
12203098877
17943558826
11357842595
7655972485
12374998679
14388031845
6964609687
12128369712
6604493946
9639671038
18908846033
12477312533
11870759560
7746696373
10178164594
7793470421
5505934003
6361728047
24218659303
12822874592
9837176237
8574502202
10895642608
5624899990
6398722842
9419158849
8095607122
6043083254
21216017785
12322583661
9933368469
15545314554
8322013555
26393111579
10662796438
9185580663
6832895965
10164019814
7476891005
8162083416
6547616113
9102087909
5500374844
6738914098
9502356846
9047353982
5938424109
17566104253
7036111215
12569700143
31199975984
12690019261
9177715831
11292546464
11140054681
12694054420
9475056605
8187746788
12594513374
10162352463
14079779661
20940948834
6312536844
8965648591
10696171733
10819932928
24858801594
8837208137
11083165317
9817447031
7267402166
7259851741
10321495106
8611551185
15412120991
6424177945
13405482250
11179839142
13773533718
19564250834
9363020207
6107130424
7778889958
6996711472
9213437993
11062790632
12913378741
14409598398
6675657921
18961490612
4554395451
10835776057
8785657250
9447287163
11015600369
6216256443
12935713139
11330465640
6283342482
11811446207
11121642933
10428955496
9762005763
9088306638
8428186811
8156852956
9622281291
9035113876
8685535987
8162418394
7011782932
7218869499
6721108723
6298085570
5909210121
5588248963
5317811222
5036355668
4751639500
4478492922
3671284234
3937035176
3661844073
3406227670
3170279562
2948551589
2742707391
2549466140
2375146646
2210698922
2055247043
1905824976
1776954186
1650926205
1547540475
1450865509
1375924638
1300607134
1221819625
1148556502
1065113804
998688793
916807689
877059615
818526155
751104881
710775281
662906178
604310809
568474144
534523507
512663171
483679520
438983612
424879600
388934298
354069055
340108268
326649739
289597620
254538853
128224539
139899513
41504973
54740559
106021850
159920833
41566485
51113530
152000906
109893634
40504467
20802301
109934397
37654164
22109727
48112602
27082490
40071475
18850397
24438532
58966573
58141861
12194614
30437177
16371751
24675452
341216009
1558492779
1533700943
1495596673
1451956662
1406120711
1362446581
1328376608
2474049395
2706291117
2951300900
3381135489
3783790571
4195658181
8215594164
7793899733
8121038657
3692480788
7567841946
3514480613
8074081080
5998902058
9968745281
6455859113
7461801385
8920630297
13175177747
6839916187
12274915556
8628695116
16096945317
10502697825
8764196277
10812435895
9359966261
15572672558
6631655311
12171184734
7934857400
11615698097
14903321919
8081383304
11973803000
12497346155
6953993292
8385459364
8043347684
4284075333
11292290238
8621262587
5060232767
2283830748
9374993447
14826453244
14392321396
4582284827
10436626227
13016642373
10551118926
10290359446
13314709688
8707215214
10035803589
11536440444
13526533133
7413531546
5787126708
12563579149
14650272518
7780911672
10398273214
13807721415
15912279335
10737159583
7612289423
5315937505
7888298818
8082617869
7769620391
10934136366
8130788397
10992375044
10001575779
6359527959
10150821672
9873893299
5788051801
9595990718
11660885406
3281460453
13922502851
7526523543
12853866572
8800874363
5205347399
2124508035
13430914032
