11770769675
9193213967
14846992511
9677882953
6356804739
7224334388
9304902985
10582012730
12686292204
6187937731
14233822670
12204910244
9846314756
7609632124
7438843965
8771083800
10264669995
11471982682
4967683868
7813510879
15755898828
7568502265
14032678766
1238116808
9402735496
3159040231
12638681264
13995688903
7460958581
7834696042
10706873024
9416348466
14291639195
11336062998
13475723095
12986336351
13303552495
8927209166
15008815867
9087698108
11112215165
13744991430
8911663179
1103455240
2814442055
8797307564
8664994117
12025882125
10925433317
9257446255
11269590414
11345317302
13018709118
13188876813
11129019752
12432482551
14745373786
3522060988
4615490066
8453975942
6774315382
7516441286
11615319282
9621891607
13565547959
13732763650
3468535357
9627084830
9136076917
13570471530
10413152262
11031058002
8854444392
14558791420
6007684445
12446680135
6857522480
11884240028
13280854209
14128003887
12751384291
12061086095
17117092678
11406651335
7582597933
12389224927
14418455443
6967285213
12022762761
6524648267
9495771427
17938723524
12451508904
12056555868
7641524559
10248548900
7532310640
5508317745
6094882275
22285920536
12719522916
9680052729
8447976339
10799540696
5547476102
6545971121
9483678446
7900889914
6159064689
19936979157
12068271902
9935580673
15587470579
8326959202
23095933434
10766144779
9056622404
6840872960
10178379277
7391154779
8255704206
6543461724
9028081453
5703140597
6681914315
9765932950
8768662350
6082518180
16834971257
7035961942
12551202450
28425099815
12819417752
9169185797
11336415567
11202358617
12706300586
9532121862
8075141940
12687526309
9948155143
14219888244
19967746066
6305936319
9023878492
10702975260
10631022375
23293075698
8947430142
11138664850
9955449100
7231602266
7357085025
10601253774
8658194684
15048788005
6479993347
13675792295
11155124341
13987087580
19235790621
9524554740
6008197564
7835885825
7099223855
9154077745
11014118702
13048180406
14587578359
6852881476
19135494533
4548465204
10829731744
8820788195
9424972726
10975835603
6400290958
13153480600
11466266454
6443153692
12669564737
11923855835
10457155524
9897878779
9161098389
8375912253
8578901615
10677505097
9175953594
9652606112
8592610257
6859360869
9297598858
7253117175
8844756018
8298110150
7852536156
7473220332
7078933848
6355654538
6276560637
3656026842
5524275757
5025887120
4781595951
4427207992
4138466896
3852171174
3590811582
3335352714
3093146610
2877318847
2667432661
2498629687
2325985573
2175462081
2036012800
1913232759
1810781660
1720430472
1612884978
1499048386
1314620588
1309252117
1222781992
1155230242
1077023702
920033942
838084225
831585976
817428053
775153424
683819747
651155750
608569523
604844827
563073185
505460588
440940068
397492941
429648724
324224971
357971964
236131861
298592580
305294781
211962596
221540306
209946429
211837219
199971994
99745837
56978044
43252267
124537951
133626516
111874613
112222011
99377738
24474004
25541531
92272873
37434525
52290573
13157953
9150015
67743527
76755231
1997591989
2933779256
2914025577
2926795328
2862816062
2853063708
2801886423
2752281154
3883684106
4082962227
4152029317
4307629787
4593958615
4610573026
9157645238
7801856163
9027941571
3617463961
7608084868
3398591026
8331512403
6197006075
10229794162
6565860271
7534257672
9159419415
13283334246
7007350796
12711957761
8547976099
16205228561
10448852717
8523607505
10884215406
9495793861
15410618982
6322944936
12243043833
7819392507
11752424885
15017504015
8034856727
11950039537
12190521320
6992670286
8275581883
7974522119
4381785435
11529217925
8602440660
5052187459
2285940855
9226978200
14863528142
14315524601
4552860642
10255832235
12887700947
10536500320
10416257595
13239450034
8560245154
10008497944
11560862062
13464299204
7215055413
5825076888
12564341982
14611796435
7815305438
10165780603
13791145762
15652145125
10739839419
7468615765
5290053975
7757658282
8187785563
7935481851
11047650501
8101923774
10718692393
9969404349
6348719525
10126229575
9841044947
5736823901
9492751315
11553739517
3416447964
13939487891
7629241405
12852294161
8569992047
5096025954
2147977267
13471468666
