11785730296
9134709274
14865672451
9645510145
6358105405
7270642721
9380751369
10730260859
12652025314
6181570854
14260192519
12218562478
9863265032
7628935352
7429335291
8840695770
10164580909
11431362404
4901148089
7814847799
15760657544
7533467980
14107484790
1316980920
9347476096
3157936867
12588489634
13970062740
7442473208
7883898173
10744008357
9391626239
14424524265
11114726972
13520777582
12943642208
13334572658
8992101519
15030745986
9119722609
11063327171
13850924296
8972791131
1187106313
2814860375
8836222550
8711210347
11941645114
10828210026
9198424372
11199366084
11305170738
13072327063
13260623778
11128478582
12413097572
14788982069
3492564941
4548714967
8554801904
6665141931
7579309557
11572982609
9614886759
13514553930
13676148288
3422618446
9663725396
9180426329
13547483167
10404627045
11030474909
8844382908
14458965690
5990408824
12476596322
6907365389
11903885516
13198926617
14095982452
12714540797
11986207794
16926389287
11308270010
7565336579
12432027023
14315995746
6985539322
12122070482
6668720947
9500875605
17755948023
12476780208
12037791534
7611886824
10219109433
7612852229
5554352873
6110123961
21966350366
12763904868
9570750762
8450625459
10818116902
5687794583
6544784715
9487008470
7891164131
5995448150
19681775219
12197624435
9960827572
15618852424
8354458902
22591803478
10781977526
9040542313
6782452109
10162965184
7394702035
8242310953
6514690206
9143719449
5777474979
6795043515
9910664250
8814288828
6014347793
16598846950
7067577752
12649974832
27931823406
12839778981
9023291929
11410222621
11226644318
12659082698
9565044569
8134918530
12590963733
9912957278
14118715299
19764242947
6334490948
9106073637
10656109670
10544287580
22942978657
8991443094
11141054075
9957447287
7178938013
7401295892
10648534691
8691322247
15023382639
6553068143
13696257278
11128904357
13984138724
19070650621
9602828373
5979701584
7824386723
6989973531
9225368177
10904413882
12906927287
14573148448
6848960564
19142994571
4559982248
10825655491
8852957538
9490162425
10954444751
6436809151
13129117280
11456986773
6443699934
12778463962
11967462904
10473533618
9986443806
9211646238
8375316223
8623050950
10965136833
9193518324
9798172075
8604637023
6881083805
9555187190
7169208420
9343939695
8763276267
8285188320
7871693759
7462493204
6473975264
6621818154
3694615894
5846350737
5080486679
5056273714
4688864921
4372651838
4062884747
3765502140
3522842641
3260362915
3035789481
2803204104
2639686283
2453070316
2301275142
2168220053
2050955243
1941324086
1828113837
1716043150
1600334377
1492930100
1386832792
1309066203
1228646418
1143066920
1063879203
975451676
922083138
861943400
805868302
766000249
713061421
680372262
639420311
608280744
557921782
517936563
484941433
457495061
424036908
386216652
237120627
307150489
304488670
303589959
269520581
265548091
248427085
220415050
204078800
138995144
168241509
49204271
122941538
119096564
60852297
65024168
34861408
60659753
48284318
72930467
45293240
70873272
49682707
82480277
457397397
2382028341
3164331800
3057327821
3282418872
3209728591
3210545509
3111105498
2985545807
4240379907
4269525060
4314572060
4624687755
4775598449
4760015538
9315358414
7845148921
9215822775
3620893074
7653578289
3445833461
8487031331
6289660707
10302570069
6481116109
7536655227
9113139717
13277445489
7033653769
12720961662
8597916096
16267171645
10479780623
8629458609
10825592424
9416904297
15435162452
6273579140
12334931250
7795548210
11759237511
15114368178
8025083839
12016520310
12185856556
7119512895
8313544333
8062029052
4301774557
11555022238
8616163503
5128153553
2247564905
9262912678
14889742401
14367103038
4498817125
10349809600
12902390274
10538684385
10429818575
13210915512
8454741342
10038343850
11593277597
13400571887
7264687261
5884644271
12591938349
14672812103
7865380593
10149145012
13882125584
15594588536
10805366609
7500227093
5299401387
7839527386
8237237219
7962573684
11140742418
8039163657
10660981266
10007800354
6381756641
10337600791
9846156319
5768589209
9421650167
11555045841
3413450492
13955880735
7632042290
12909868934
8673035849
5233385620
2192153316
13450717940
