11661702737
9214894106
14764237048
9599056778
6285960742
7094452283
9293925198
10696872221
12630622906
6228107714
14419938151
12269293093
9724596530
7458233359
7459143686
8563481941
10366403914
11561522514
4980782515
7725100508
15763598519
7587621745
14075561088
1314959618
9308050079
3271609760
12634454921
14030615274
7451408397
7889493931
10741584509
9306855033
14387523005
11335714571
13569914335
13111298848
13291259582
8961100073
15087774833
9118795118
11108196763
13663670936
8796910948
1224877033
2926923423
8808680454
8848229258
12112343326
10967614954
9379573975
11240382766
11329881010
13090057027
13313550961
11089907509
12540075035
15020088040
3692274879
4363427592
8558778667
6516815234
7420979390
11354763615
9872416201
13892228034
14226034976
3629634908
9629349503
9228992530
13831047178
10422113834
11075731443
8940382407
15207360553
6085422466
12582748117
6881276225
11877506129
13353912650
14231524624
12831894641
12220453960
18093218523
11352974037
7643197372
12351324122
14403279679
6963756147
12092486096
6623725881
9591252435
19059916926
12500056819
11836058800
7689078717
10169018907
7844855541
5512478108
6382271297
24525434207
12816378156
9780796608
8537707279
10924905960
5588360465
6415362143
9474457287
8118179124
6024321756
21407520464
12380856070
9972579852
15572982648
8337912046
26862124348
10680064589
9183143307
6794125679
10204127712
7452288249
8125603070
6527172887
9114420766
5430335565
6683493876
9535363355
9011708244
5967770375
17729432967
7079151984
12574531720
31619073307
12671015306
9169519083
11317399289
11083751259
12736379270
9422950223
8148233641
12600677494
10134971863
14039885222
21122139597
6360797323
8981573964
10724142695
10831361963
25069459913
8909166370
11055905040
9784980934
7269875074
7193804571
10321522886
8616052318
15355751242
6458916414
13404983033
11177615861
13828571578
19549566252
9406811599
6084619130
7728139989
6984076235
9237108134
11071234459
12935855706
14397653581
6659789664
18865467630
4546478558
10833468990
8788098664
9453019132
11070520268
6211737531
12808195247
11327484278
6255907749
11721267122
11051902744
10383674655
9684977125
9013977978
8379640456
8161647910
9438665410
8860309867
8302461883
7799234545
7053017785
6860628178
6389952567
5987644307
5615736091
5310647017
5044557374
4788915527
4516128903
4256985325
3672446517
3746863898
3482407204
3236105108
3011253610
2790139822
2609462294
2426595958
2255181330
2099715257
1947615032
1812027533
1691138876
1568891198
1463343645
1380861554
1299818516
1229514034
1155294448
1089825518
1006229244
950819612
884754465
809328424
782075543
709745316
634009545
617618409
579190158
546694949
513555014
485143132
442417748
409356362
386387773
318384438
301776978
319602629
267530641
290442847
244677008
145464578
119400044
36895031
42084392
44640615
173259301
51444288
61306492
143948703
87445251
34882129
40834079
89973441
94549004
6549661
30211821
65618307
46345432
14940587
1922015
61220221
31840006
4560112
38681179
11518438
8855818
49347611
1312110031
1291180108
1252317147
1227673302
1185026811
1172432832
1131500856
2264660620
2524555115
2801733507
3212231374
3710860991
4081236942
8095038443
7786124697
7972595493
3650053429
7503445063
3546556391
8014895706
6012443683
9904857055
6477771518
7429853713
8924422828
13104396374
6831059119
12265691612
8592068873
16024077249
10473896661
8794437071
10850116288
9372368037
15630725485
6657820541
12130376499
7918617179
11576138555
14973110457
8062027911
11960527222
12506294361
6979413042
8410001870
8010687293
4258576286
11285136856
8613446080
5094174395
2258973596
9386446023
14804916453
14378516411
4608277674
10439937276
12995280589
10554594686
10257949020
13307765054
8662621194
10020717492
11561549230
13524583949
7397762744
5814876508
12510450163
14673469345
7809932846
10364540926
13839273994
15929522797
10707921695
7525888772
5336321391
7913244821
8068051892
7788315390
10967822267
8118765976
10992408146
10026748969
6367232050
10107386123
9848209091
5777709926
9514862078
11645676202
3275764452
13922833827
7487004225
12809440443
8836232884
5261825357
2085919492
13434844724
