11784162053
9089228862
14907049621
9662772554
6365380859
7319395878
9387143956
10740164764
12717477387
6148497535
14245289110
12284016588
9921754665
7614566276
7401574690
8763434201
10124203157
11402222950
4941861124
7855382911
15734525585
7553435062
14178182037
1380379233
9264370040
3205936464
12595748987
13989263098
7449092608
7854453623
10697801100
9381826941
14382231201
11126110587
13545899760
12969545810
13399268465
9014011408
14945975368
9091493458
11145160957
13726515015
8961236572
1198108134
2826752309
8816573847
8661651716
11884453682
10801378718
9220451339
11243376362
11346863168
13145999844
13286774906
11122812768
12403119422
14792733954
3516558230
4610369237
8591731408
6744048418
7650753029
11563229036
9694667018
13493716027
13641503933
3557089423
9633609548
9150850723
13368948709
10473637129
10984806626
8845911373
14418764455
5970752834
12404636011
6930771924
11873594336
13240521531
14053357522
12727039311
11988735391
16828165550
11241387778
7537839708
12389524743
14377754226
7019344775
12121289390
6670942604
9522446537
17543770601
12530398607
12084125894
7587194159
10198819951
7691642633
5547494651
5958728507
21685123629
12791867151
9597085610
8454795991
10843368183
5682720132
6522208118
9490284129
7932947294
6004247652
19623198875
12157704608
9988427354
15630280928
8288013746
22123969354
10794355709
9044507567
6750215781
10203666414
7372913499
8257157921
6461342584
9067664170
5820544989
6770196297
10025941273
8834819239
5982262203
16473322740
7117705549
12613756311
27420132058
12785325122
8967500213
11356631836
11114987994
12630542395
9504478143
8074920258
12583751133
9929354883
14123773679
19472377654
6371854352
9100089985
10737241566
10497440987
22667949303
9012189750
11105322491
9884529456
7218319219
7442259091
10602378087
8693311517
14883834260
6498613315
13570302117
11139663067
13892348357
18916999445
9629114788
5911448000
7897650991
6998017017
9284728999
10958148188
12856823919
14512766357
6834210550
18966254220
4543207489
10814738215
8906142082
9511169716
10941530790
6464367078
13176930172
11341477260
6474979251
12924441419
11915237094
10377096149
9928136834
9182278690
8445035544
8711004776
11075269452
9188562421
9859142220
8526465179
7005638268
9646539605
7208779621
9533871419
8926397252
8470780632
8061045130
7421702763
6482505689
6787520639
3610951378
5920007297
5113739397
5163659301
4727169485
4449710575
4107984958
3739374364
3627983681
3388125913
3148245248
2948024046
2750940374
2596484262
2443608047
2327732510
2261010921
2185063076
2312933422
2160871966
2019886590
1886326076
1765879124
1660456035
1550265144
1447260181
1343007305
1252924074
1162432984
1091813510
1038862666
977447389
893244791
860305043
806485001
767205437
714101212
584626389
559581589
577288132
536125197
497305245
293033255
420552870
377038961
372149202
308133788
311115242
314042876
293388436
241163833
152497011
234002349
95803
190011734
129238927
49705602
70381745
80909558
78695673
26987267
106442407
76055213
104555093
81847725
97190373
717259923
2492411148
3342021475
3203803982
3413228233
3420389635
3385843440
3254748717
3211608765
4541172764
4398740437
4406174731
4734996411
4892716744
4839517588
9421879506
7888380826
9365931263
3689436517
7642876262
3433454048
8462247566
6252442457
10292242360
6464589782
7566012683
9060525517
13353711123
7003973597
12687796119
8534341893
16355760141
10505212664
8707355261
10943507632
9485522119
15458998823
6241471415
12312352419
7727921750
11823371441
15066674909
8047795202
12103078938
12075581677
7146326346
8359770222
7946456005
4341970545
11566640690
8658864075
5189026916
2259233726
9274373871
14842437651
14360807509
4501504047
10329066951
12889030935
10576051770
10402271866
13185412088
8419356817
10057154470
11612249686
13354393708
7161437741
5815013726
12516811403
14673108442
7860184788
10287712049
13844814418
15603176337
10849909183
7497321999
5387821846
7926257368
8235292344
8022382476
11103409421
8123563482
10689257308
10105792960
6187341702
10311531837
9917538793
5774850613
9456462082
11689986035
3382806126
13955649685
7705191987
12915710490
8605767260
5206047059
2214696221
13417826336
