11770415706
9222513984
14810326513
9645174265
6349221200
7226252024
9276711345
10590284241
12707155666
6215476238
14388181164
12287921432
9759837684
7608805818
7390894059
8641588710
10350749353
11488914570
5060518463
7574692523
15737734927
7684156543
13998428673
1284798738
9399365506
3102377077
12566900580
14112532160
7474498282
7830543182
10767291509
9312674641
14269497761
11349630663
13552100647
13040137360
13293580804
8930269606
15054129172
9072532724
11040873175
13735836769
8793098797
1197427799
2810399530
8837677448
8781218250
12040581044
10906531576
9330631236
11243928559
11426098150
12941930219
13209567565
11186094124
12445265472
14864356838
3560061461
4477312953
8592095090
6627140975
7480086621
11578581740
9754037632
13647039433
13857704060
3634023217
9780993896
9172942068
13718868168
10353733993
11097896007
8844155388
14737686478
6080521307
12444015219
6823269021
11892018211
13358514959
14205144631
12790825306
12139673212
17403334073
11186468436
7554374693
12381504576
14388956300
6944290793
12100104490
6495894124
9614224067
18366636979
12475926459
12078209409
7613015392
10192773902
7716170028
5544392424
6238753856
23118412943
12716628611
9726827753
8513169422
10852002280
5489769035
6463860669
9421683050
8040167691
6134445514
20428384621
12133338538
9993203721
15599032461
8310971078
24308948542
10755090474
9124608771
6824596603
10204251341
7459627154
8109516617
6478852743
9090062711
5627180504
6771974180
9715334402
8935141660
6014802780
17172199359
7056616511
12564333500
29556407755
12762216340
9105515667
11420145324
11122209363
12683988116
9503260143
8139894330
12546091659
10100921765
14115705387
20322794875
6406697216
9024282190
10645549720
10691138946
23748414946
8896326122
11158903809
9995850992
7207704357
7368122724
10444569342
8645551305
15298204940
6507428143
13547396311
11248666233
13941513134
19430679769
9471812191
6114479098
7880493896
7105438394
9241949858
11124293030
13047459416
14538812939
6814177327
19101501623
4613272223
10875884753
8809635061
9318460416
10954516411
6340337825
13067913180
11424318698
6396696742
12368877795
11636856546
10511089455
9725863380
9223595247
8428940265
8410173507
10299771331
9129594908
9118453860
8639874243
6887323373
8760481641
7363397974
7856413406
7368642880
6976440205
6637533356
6282673469
5929716284
5579126767
3729515022
4919780174
4567628119
4252811892
3957380459
3674291145
3428177337
3186979857
2965045113
2737914877
2565666417
2370751463
2199358167
2061697367
1895499144
1790366854
1710825418
1601747330
1520327800
1432218325
1316289120
1240222635
1145101820
1085136554
1003909514
935672523
783961721
778823161
713850825
712869569
677374369
633196545
577551269
540839266
524110154
508621461
411539729
419761971
406514741
264921599
333711659
280682981
115516254
182066259
152359717
167370395
215027099
180286014
184700200
151981052
100362497
45043334
9749127
70442066
71386120
91591785
102912097
49335194
76024690
73210515
25254837
82963878
14241888
78727380
4610188
45161145
51037224
1400344244
2471301133
2456056137
2420437219
2290323292
2274678728
2202825174
2200497326
3375251271
3591103817
3719852968
3920833636
4357492132
4614005301
8754986524
7825448468
8673993345
3636378691
7664832689
3451561917
8155966048
6030318365
10040072869
6576029519
7484799061
9112815006
13223096922
6962506463
12557363951
8621660439
16191777360
10446825946
8660317245
10953050775
9428747158
15396423973
6365167710
12153572080
7998370131
11769819780
15024269114
8096554145
11940268098
12398390464
6957591745
8266091562
8043586039
4305969458
11430978054
8562033013
5087133874
2355890117
9307629404
14734037698
14296321155
4640168785
10279749201
13006631126
10627746081
10455535244
13315174745
8605035305
10075018957
11562977491
13542312063
7340969092
5789721394
12551910301
14650539822
7853332349
10307583983
13764251758
15735485629
10732303315
7588084730
5293197910
7742269065
8270969844
7819732013
10952745997
8178044462
10782449136
9995728241
6371811970
10189752675
9902444159
5795935939
9529797594
11525251599
3376590634
14028611173
7594367716
12809323292
8715553086
5211086523
2219833088
13450486592
