11648418704
9235851453
14793063445
9567910439
6285009095
7056870564
9290566473
10722384931
12646854639
6260983983
14413588950
12213224051
9748559697
7468061123
7430135678
8582246467
10375086689
11558647999
4981534308
7740719031
15769802380
7596118434
14047635006
1325917656
9327564070
3264108294
12630306744
14081734750
7441398748
7923175347
10720527863
9356794899
14381286366
11331238846
13584651226
13080598981
13279133400
8986116556
15090866031
9125980399
11097349137
13670246331
8773002039
1209172858
2957932898
8802395087
8842023601
12119053564
10976090953
9403430467
11263085033
11310936492
13120464039
13308364532
11120614577
12508883027
15047664775
3655523836
4384233862
8576562887
6496589726
7394311032
11343830390
9846636758
13850036030
14135678643
3668834916
9666125001
9201348653
13809729748
10436250895
11092513410
8962875646
15160181460
6041668144
12586949771
6867282212
11872561006
13329051609
14212448672
12803014695
12202961058
17991294744
11377242816
7677995241
12351283770
14393786006
6955275067
12137893475
6590770506
9608021499
18952817470
12484514222
11845094089
7730508255
10163305592
7808558076
5513695911
6373845133
24294209738
12823268758
9822968003
8567274510
10918201702
5590906616
6414231086
9444947771
8123389510
6041795100
21273395929
12333345001
9958973335
15551414936
8330757836
26518637137
10673441140
9183767425
6809174166
10166210518
7441866263
8148486464
6557793904
9117467062
5486289376
6732535064
9521658908
9019629010
5967153929
17625623495
7073198034
12571880927
31327059981
12692513528
9192810045
11294977222
11106750668
12714992171
9467416500
8193311859
12588591504
10144584887
14064339198
20983382317
6317629339
8960278354
10715409763
10832909124
24904455371
8871309499
11077452332
9815224099
7258223426
7236176326
10334678579
8645466092
15405885534
6426034460
13377538954
11191871547
13804432923
19578833708
9374091070
6092703120
7782184721
6988079380
9213277258
11071744385
12897454797
14383050722
6659355638
18943621032
4562372203
10859785783
8781127481
9456610968
11035407563
6214316547
12894330720
11322532403
6272564009
11795974033
11101812488
10419794048
9715546202
9073202324
8386224061
8155722564
9586267644
9025338608
8600733826
8078975133
7031605371
7108356289
6618008674
6202743967
5821202051
5501391917
5233859912
4960262512
4678501470
4410225096
3672836760
3880398468
3608792475
3349744967
3119427504
2894924075
2698427492
2511419905
2340579198
2173625822
2017233545
1881635489
1746794967
1602974173
1524478935
1427267531
1350245580
1282124814
1206495955
1123114862
1057258528
976187665
904939140
853486281
803649635
743359918
701084006
653226985
607774042
568266849
526527817
499452310
476713930
448498872
404432616
388056019
338469990
337578605
320428174
289191493
274522024
131032914
137493454
31857620
49643183
107711499
181556267
29962676
57570375
143033504
97056832
27868839
28696367
105075685
47505008
20458202
34912613
44674688
35483237
32808494
22473935
61060799
48298907
5274777
37116272
22670419
15401360
248637806
1491746343
1476467464
1423461045
1383098117
1341783698
1299851656
1259720164
2391861516
2680553153
2927594797
3324272879
3755046513
4183114497
8181573645
7783244244
8085793186
3689706445
7537790966
3516639403
8073243204
5998864619
9946485432
6445569652
7489356235
8925050341
13169676988
6833619512
12275635266
8612016363
16073841183
10495401715
8765820896
10838766740
9365776789
15596793950
6613822397
12149465020
7914744755
11605138635
14921261977
8061247620
11969439872
12507968342
6950160390
8392468281
8023095642
4287314287
11312439488
8627882638
5079592922
2280416453
9411563260
14795549856
14389368763
4609793336
10420652414
13018968781
10535265973
10275909377
13333568450
8666811756
10039380419
11537233614
13520264156
7392301012
5813868221
12561927653
14660868151
7778072406
10389540519
13822058348
15950732215
10727033777
7563913900
5316193058
7892909861
8077163230
7790322766
10944821127
8122886772
11007386468
10007163348
6359488013
10164200415
9878548806
5813786196
9558683882
11660757549
3299716381
13929509076
7517776772
12850956722
8798243782
5224202902
2088466459
13427603193
