11762954528
9217466484
14883391163
9635222954
6371616117
7232632806
9350018667
10608203748
12735569790
6126955167
14247816731
12249679936
9819232434
7617975749
7478478150
8778890316
10280126931
11573202475
5042811625
7733322873
15786123957
7596637245
14037437187
1265659758
9438518712
3133163471
12612533704
14039469106
7453568871
7870796996
10729514790
9418757186
14256888250
11270145367
13491671963
13005341848
13256351797
8914866096
15071372779
9038720045
11037662885
13768395685
8883280671
1175035761
2771657556
8786858601
8701713043
12045948950
10906402852
9353680192
11256886319
11383544352
12967028128
13251246818
11152508412
12386963722
14760271813
3585867911
4540994307
8499201821
6735306843
7496459925
11581688552
9638187647
13632642660
13735460781
3480505195
9639172245
9140175515
13603006452
10404503398
11019546964
8850274494
14616424219
6030502928
12480261123
6934490789
11871849423
13327127649
14130275107
12713712208
12058399903
17215858409
11371633212
7583261560
12341926864
14399583154
6903882040
11964804931
6541505298
9537955217
18013209388
12433673472
12019785260
7633754189
10230284364
7630551391
5524834109
6045260690
22485315257
12809021308
9643096599
8440939647
10883026745
5537462651
6501095432
9477304931
7937014915
6119468226
20029174162
12030355004
9962374325
15643265123
8367974697
23354483325
10750214868
9109576745
6775063391
10203821329
7433430687
8237548216
6520701969
9058102158
5680612573
6745442879
9745663815
8844836592
6024251784
16911170421
7053397484
12489535121
28667585974
12810212755
9137418596
11338240661
11170669719
12739410430
9507089098
8003771687
12710327917
10012082735
14159236454
20101686980
6329577696
8952236195
10655891317
10653014273
23354080502
8996574933
11134136761
9958618899
7196552789
7387716390
10587892173
8599420598
15135178192
6486155206
13674068318
11207076184
13946187601
19284948612
9470053730
6026122110
7844916745
7101877255
9202111927
11021989145
13045285603
14604851687
6894206048
19112571474
4578005740
10872504302
8800607481
9456570368
10957236177
6407954513
13186969850
11444784810
6432646600
12591453473
11840116499
10436000450
9812354807
9165163535
8400843842
8540865897
10582900988
9163080770
9439101307
8603675642
6914235765
9250157611
7339422117
8634167736
8111232929
7668579437
7297212133
6914203147
6401371096
6146193443
3687949563
5398669225
5021628680
4664171976
4351486986
4047155860
3763586778
3504371971
3235582138
3017083061
2815165385
2617619165
2435940474
2265286568
2122194974
1980996417
1885850645
1772291773
1674965717
1535579957
1442573480
1340898537
1279916759
1194014254
1114470513
1053473611
871470273
837371142
831153349
788707439
751767814
684850562
632485686
626880080
574307352
521066942
469799949
483948813
435225475
381193767
310545479
338368981
226984403
317069543
266579449
257707174
225397036
207590993
193372702
183160358
87426792
33900016
14921759
135653947
129838231
109271732
120729243
113728598
100327146
22729924
80231175
95400877
57494152
57341532
37967324
57678889
58631092
1802086984
2847500904
2811050610
2774786719
2755167418
2721248038
2644472198
2619193588
3812615999
3957143399
4050331255
4227766001
4540435576
4622545455
9042800546
7806901400
8972990630
3616289196
7685813881
3400421536
8291749537
6180414354
10218185638
6563604829
7535219496
9211815428
13308205285
7037878856
12558036366
8569591971
16197445698
10417722117
8531180648
10916293504
9479782055
15458725062
6327923819
12174509790
7847864785
11849299328
15000146164
8081440287
11949506851
12193607834
6929932256
8280040034
8054682207
4394032945
11471826601
8696549191
5043367543
2272891563
9270765617
14862001958
14306135790
4565332839
10247741194
12960755904
10572807558
10421825753
13310210711
8612426016
10016959995
11584030459
13476156744
7210919988
5808408823
12521906211
14607825879
7842610850
10221147466
13791743863
15711158440
10729546346
7453554859
5245198531
7768071030
8167985237
7912789400
10995088653
8137106895
10726722427
9935373617
6348505518
10179603162
9876269616
5692209215
9525228043
11481459868
3420618300
13992101684
7643853900
12847185135
8583396480
5054284042
2131749114
13428153213
