11788616616
9151028723
14860507724
9654291628
6344519931
7266391740
9370392480
10717734418
12654676410
6175492903
14261262500
12215994822
9871083440
7634040675
7428241683
8831829191
10152685236
11427188051
4891992410
7814558922
15759338175
7543985785
14107926776
1327929021
9348372980
3162796854
12591325641
13965889637
7444462476
7891521263
10750189194
9395617738
14432295942
11128048277
13523133944
12937198728
13349838247
8993065525
15025315378
9108766711
11049603323
13835743450
8976851728
1192442377
2814873831
8832145491
8714340005
11948168873
10827811778
9186532228
11209203464
11295921992
13077612750
13270269340
11121924174
12416146671
14793537899
3487830624
4553037211
8544887222
6668380444
7581154351
11582616061
9620504668
13523965664
13690043596
3427897496
9672498096
9183467368
13543393050
10408622337
11018016224
8847773269
14445967608
5991390246
12484921249
6900262092
11902612100
13206245784
14111288391
12709596445
11994682760
16930442790
11290085648
7563137969
12431763074
14322966643
6994166809
12129001395
6671888834
9502645644
17752310572
12473882926
12042293350
7606908293
10203733844
7612345614
5568190674
6100123377
21954347925
12760793118
9569572054
8455224653
10826741014
5693053998
6558011592
9495510536
7885553648
5992409867
19681297670
12196278193
9962458888
15617465868
8345625095
22572013530
10785207658
9047121886
6779292817
10154840044
7379472289
8247056330
6515562002
9147377674
5774547725
6790286254
9917403293
8807740149
6006053969
16605041402
7072771433
12639689563
27916247115
12839615951
9018359606
11423177682
11223987016
12657559166
9572677406
8137526363
12581415984
9907144711
14126828751
19759433212
6317914828
9095725961
10663456235
10533047131
22937830574
8986403202
11130281514
9962022123
7190636638
7402677233
10648465396
8686913855
15009149011
6542211781
13701785943
11128899424
13988132675
19070353438
9616278313
5974320779
7834987619
6982177413
9215609305
10907320713
12906668194
14556532548
6853179456
19142134998
4570461512
10829073393
8855470581
9481643111
10960088337
6446344592
13131363654
11451970757
6447905335
12786825627
11962434863
10473692719
9988138271
9209289400
8358404975
8630863592
10979005105
9191198529
9814489312
8603707539
6879551049
9555304463
7169218264
9347424169
8763750761
8292627252
7885127618
7464628942
6479518025
6615886919
3682754665
5845236531
5081552507
5050117361
4701936097
4373944469
4060141946
3763320724
3522404321
3253243087
3032081463
2804679309
2641525252
2451905557
2296740871
2180779840
2053164212
1953132818
1838693400
1725728212
1608804557
1502204111
1401379607
1319382608
1232241647
1149204234
1070876639
985297120
925593178
866623732
818225104
774941634
728154054
680884073
641626640
611143573
567593693
520120367
494472991
455262478
422192534
396786410
240207531
318692161
297767389
298509138
277649989
265706469
244228720
230458967
207057052
151463921
154808230
34373417
128051497
124984920
64373216
77033490
36786183
69528181
38566949
79432040
34349532
72103168
55359080
73587571
460309326
2371164451
3168867209
3057802962
3279451800
3218943364
3217206072
3113515086
2988577982
4241225017
4285049387
4320724567
4632933433
4776345094
4760318571
9319416687
7839282272
9212680764
3616451541
7640113321
3439174801
8486879304
6291307975
10296147554
6493288031
7535720190
9110094679
13275316095
7047828296
12713533082
8600042752
16252008628
10484242974
8643265671
10822193574
9411014454
15434740659
6282956864
12340317841
7785979569
11767322228
15107656294
8017517393
12017352653
12172490846
7118309063
8313002249
8058968111
4299757114
11554610615
8610915588
5129555287
2247565802
9256691309
14887738243
14375166914
4489365196
10330181540
12902566803
10537637588
10417099362
13200822542
8464080204
10027385879
11593655765
13395436200
7260498256
5888947192
12580928808
14677883573
7865707795
10158609421
13889837771
15586380085
10821050620
7507177650
5296313315
7840416126
8224363043
7956761343
11148793634
8037637243
10648879849
10024259975
6387500338
10332850860
9852725916
5768320033
9407293645
11572090639
3410105607
13947889025
7634731768
12897894924
8674910831
5252601346
2201535549
13438917781
