11755075473
9156511513
14864292507
9627821529
6370652644
7212040197
9260334387
10571270352
12678977266
6148901556
14302933451
12227639167
9730982277
7606790294
7400680742
8682528886
10298578674
11560737116
5043317983
7687099754
15767094153
7647707748
14012088452
1263125500
9402041519
3101076133
12609735565
14158713510
7424295995
7864698780
10773719741
9391331056
14273700054
11234493909
13571989400
13011765199
13318527224
8954934621
15086408594
9056614680
11118704040
13704779369
8847098802
1235757766
2786424384
8751294438
8664111622
11996733529
10869297685
9344108010
11212996342
11464433283
12898404178
13225672649
11203666350
12485163570
14890632592
3563803455
4551180748
8488689859
6673596009
7488843663
11577589793
9692564067
13617394469
13756186415
3547405632
9699169695
9265718926
13625955032
10426042327
11086601684
8812382463
14611676540
6065656224
12507414012
6881852345
11870413105
13370630044
14150785724
12801170285
12080601598
17277331324
11329777161
7617436640
12379442264
14436143905
6877345723
12033317656
6587691204
9558988563
18198780756
12505959207
12059336567
7648523019
10268847673
7654393991
5563739531
6125045817
22752402330
12780761197
9656440026
8464175676
10924736245
5521835076
6478253551
9467047022
7928657084
6165330026
20217843157
12097107188
9929889432
15588348134
8362074842
23743504756
10766283344
9128967541
6798567682
10186279164
7436419510
8229853524
6507318266
9072477115
5716523899
6752250702
9737640874
8890940327
6036426131
16992133191
7070917334
12527814704
29069279422
12776634576
9149691114
11399886729
11123446792
12693181515
9503501309
8073157604
12593887019
10035378983
14134624206
20215179380
6388999991
8951581714
10686981059
10719876049
23526627675
8959287645
11107783428
9931455425
7167383816
7367286521
10512229178
8572266449
15229043315
6497471810
13635966099
11212948701
13940039473
19358412487
9519291620
6064069155
7834474246
7088098416
9228971608
11117509557
13049318824
14502692189
6835016945
19155636065
4649589141
10911474536
8814727392
9371048686
10934457666
6371027530
13114549735
11457703589
6474611981
12495664807
11768843024
10499184471
9770466129
9189433867
8404550307
8488857059
10416769375
9097333595
9278847017
8595028220
6894145645
9027123291
7381879067
8299286927
7793402289
7365701208
7010794213
6639285225
6255653624
5900002670
3745433136
5191642187
4830817822
4490517370
4177355457
3885737526
3619457693
3367750157
3133288587
2894567927
2709539551
2516019003
2300727195
2182373233
2024769195
1884442299
1810147693
1676928035
1559901323
1484346458
1398030395
1318134158
1232255094
1151890442
1083056736
936082984
793451886
830413024
816122264
752793567
716580278
656251885
621548739
592491993
544574284
511634445
451261832
447121165
387819578
322668596
289516868
328709232
171834766
251254225
223805355
216802506
241532209
169465485
187468025
182973822
56803833
20300004
5761203
137066263
117146854
128586113
102296760
51814866
92342559
44070502
78181286
72176668
62264911
76614805
12095222
20744248
43737529
1645914604
2670460292
2693640669
2639627651
2587875558
2515627208
2479778543
2482421458
3563490721
3750073328
3889425578
4088510303
4480034776
4605900104
8930210117
7853075008
8789696205
3602657376
7679425429
3437272024
8245017365
6091050437
10133772992
6590433806
7502198261
9176528229
13273575185
7040271022
12517792279
8540243419
16183037561
10421347057
8600756237
10945825545
9463487715
15426350010
6342623836
12156045722
7944311595
11827272125
14996941420
8092101765
11947457491
12256440765
6928588465
8226086800
8068733333
4363542985
11485056355
8661209252
5102128971
2286577884
9310802951
14772842520
14293272968
4624550181
10322544660
12962479227
10629349279
10395929446
13305369349
8591342597
10082713145
11531422375
13469599661
7217596542
5792909581
12501581930
14579106509
7869510132
10323688345
13802456643
15705226000
10707646660
7487744851
5319265031
7739913065
8277444460
7805400035
10924212121
8166392638
10705204828
9918332078
6357077288
10153068237
9900775747
5745898626
9516547847
11544215168
3416658004
13945502685
7596153351
12864449733
8632949480
5077865479
2156006700
13433297153
