11664717092
9284723436
14799341649
9601206893
6275701837
7116261247
9272351454
10685756162
12642582500
6231605242
14427198741
12262497336
9717382147
7470033893
7465192367
8580826518
10365531700
11559641938
5019501994
7745516058
15756784705
7565752102
14080539512
1304499197
9314821391
3263955323
12632234006
14064163458
7475996258
7946830257
10732717619
9308204963
14401880945
11357241435
13567631933
13082108404
13262262485
8950137948
15044146113
9140236438
11130444366
13679003212
8807935242
1208168718
2926130142
8822866164
8839775102
12139861288
10919061399
9367530065
11226218761
11310636169
13099221883
13319928994
11101946966
12572347243
15025893740
3680084484
4359615979
8585930521
6513201361
7360645710
11364114155
9856484317
13889714196
14207712372
3653635442
9638507071
9205435924
13876576518
10383429885
11096751372
8961901622
15253348052
6085397085
12594139604
6892439362
11893623468
13362858366
14280866783
12823174756
12241494655
18155946347
11347433007
7666932463
12360124652
14423918802
6954827784
12056556344
6619080344
9621443574
19146661661
12495192885
11832558340
7663420553
10157230519
7861849027
5533760230
6411091997
24644407554
12833508388
9780103986
8548046758
10894348750
5598083117
6407326903
9475695135
8113454891
6058111398
21460472585
12401990664
9993087363
15575386585
8313620425
27091146144
10707062119
9175124600
6788181439
10210570975
7468671687
8107945367
6530972485
9122446766
5421763876
6679569407
9521913081
9020046117
6002407441
17803889479
7070049910
12608890828
31795739769
12659348040
9168428853
11337801244
11111179357
12725780836
9421204345
8165096683
12639983315
10139624946
14056059448
21176154715
6337676328
8997465671
10743296137
10812930746
25178754739
8923329008
11042805253
9789315032
7275803284
7156585769
10318303508
8634333044
15348301374
6438943213
13372910405
11163436089
13853953951
19559585844
9376852759
6088940453
7754824486
6984185292
9257421921
11061205238
12920839523
14368750162
6708956514
18847457766
4535847379
10849893195
8791943510
9477080736
11042288168
6177463069
12759361487
11325676962
6246185667
11690290326
10987202688
10338003170
9669662826
9014297320
8361519588
8104567450
9275947839
8672619335
8122768635
7632092290
7039560755
6715046499
6251551014
5857242980
5498082976
5196187501
4947104801
4684545114
4416549612
4166013599
3679601556
3665236686
3408138172
3163307360
2945572789
2741792742
2547924311
2374716067
2207988905
2054417739
1909049323
1773737266
1633032593
1535565285
1434404598
1345209144
1266741381
1205348132
1139285507
1054081462
981573521
924762979
868298763
815273641
750340106
664513926
605326961
615242567
557377221
535632507
503836616
465393503
445430864
423594714
387811244
304296121
307302939
290163632
284747945
261233047
235649481
151372375
78910713
40577663
63781203
81587204
172460985
47275424
58082387
121394222
93323288
57220230
27462863
89969281
85548051
26541395
49158295
61436723
75951394
30724281
10632599
60077031
56838583
8843730
38592584
34263291
18721385
44500759
1193484429
1188126768
1155279025
1113753690
1053819723
1049559747
1045872990
2129886733
2405444212
2708070107
3184697924
3687945130
4087957599
8055831036
7794689765
7940092318
3617374286
7493119741
3563259085
7970401270
6002140964
9894499511
6435812807
7426737436
8875974787
13103281964
6834692825
12238314610
8615212530
16018412419
10466043485
8785901051
10865831705
9386401224
15644416948
6665897124
12133932075
7916015781
11595414942
14949509022
8042402494
11965070510
12513855131
7005465280
8429807570
7979279102
4275347508
11299348033
8630548703
5101447639
2263982942
9405796313
14832037947
14384677477
4610980112
10445420493
12970737329
10588260725
10174271935
13267216499
8679960257
10006937594
11548358260
13522583362
7397806975
5819183229
12510604513
14668487409
7813754876
10359613806
13837230224
15948179778
10722048092
7539867357
5370124456
7928605624
8065526760
7790545489
10995040462
8114226837
10999877299
9992795181
6372012182
10102852991
9873091954
5813360312
9470564747
11609639461
3257444584
13943429861
7487313192
12825092397
8846398705
5287085614
2054995675
13438839434
