11739915671
9183054086
14827893890
9648183627
6273900198
7238562346
9275961253
10664251113
12665325665
6232102041
14405019442
12228869360
9800062790
7543189674
7345464188
8592720345
10345111351
11582366376
5027440677
7573305833
15749682420
7680865266
13913567112
1272441790
9320705055
3110416923
12580140400
14052070359
7421225523
7886769132
10718582124
9260034124
14333484657
11337184629
13621173773
13015758069
13253382417
8944856226
15113619521
9089641606
11088547468
13627471202
8760283368
1290769443
2812140546
8768026618
8768535934
12126375649
10841874210
9324876978
11335836844
11348624739
12988420999
13228023247
11158353084
12523020405
14893918761
3612750016
4434670756
8593286615
6608998890
7499708877
11525868802
9792095339
13748225024
13906829998
3645813988
9722484681
9206060199
13691181873
10305702705
11111392112
8876278295
14904837458
6036216119
12502887158
6863273823
11877565956
13433882867
14200377936
12763029667
12216125844
17532079235
11288769119
7579892413
12423798317
14353855128
6971111073
12033003280
6560546236
9635430145
18502441465
12486214504
12020760884
7638281420
10217676790
7764817254
5545962878
6231568568
23448169152
12832606586
9784423860
8529871818
10889606255
5582696349
6369433623
9356915160
8033243161
6136279964
20683341427
12258603373
9892008874
15650490409
8323743916
25024144750
10739424607
9133425370
6857166075
10232071387
7479491270
8138675182
6533482452
9081240133
5606789149
6793211656
9608856099
8922429035
5953612590
17305297618
6976784959
12575273546
30068399937
12738611761
9132138997
11360160895
11071661154
12578705145
9431051107
8086052746
12601406876
10153264359
14033774011
20582541690
6324645637
8988621767
10619813036
10799122374
24118739428
8915935580
11085316335
9899240186
7226154375
7429751992
10384614528
8610862120
15371875939
6434103520
13495049775
11150900284
13916012187
19447153952
9406103292
6089322156
7837198506
7077171301
9150119568
11116243682
12957652847
14496826206
6715927413
19039084981
4572435199
10867488366
8833379856
9365129618
10932005879
6358669468
13051259678
11380301052
6247204066
12208650950
11500260479
10433529153
9770086673
9122646696
8475704919
8276420920
10029610189
9075258003
9032862185
8513599098
6984125034
8362149824
7369881390
7323888221
6879384645
6503408269
6190000686
5859367001
5528774684
5211321352
3763146943
4585827692
4259069332
3962348400
3686325236
3426583590
3192151333
2972082064
2766261336
2572993504
2388892050
2223947529
2060943302
1921494158
1799978849
1691564181
1585517288
1503055234
1424916573
1305549223
1246688502
1164950644
1079900772
1018394220
853519258
848261173
674245540
717284420
638858181
637515906
617116293
551223540
495666068
516272423
474816887
444974389
429819780
392171911
382148861
248766310
311301987
129896824
139703202
162746669
156254484
134592973
168126442
67404116
140131987
155272454
89479056
59860915
24482629
63370161
66633199
36260370
77640559
65774855
32650462
83189525
3672672
61361709
35640008
69396599
7788663
46304789
20657062
1063881174
2210840266
2162715592
2104800714
2032542747
1987233453
1907027917
1937072963
3193626114
3335332214
3512780124
3744317549
4138588154
4460868018
8607043815
7746507853
8509478246
3578430003
7700327220
3450678822
8198994075
5967030175
10056920660
6549446383
7478981463
9081874276
13217332933
6949053622
12538705682
8724550278
16131637548
10343911648
8686125296
10891549793
9443765005
15474720285
6462347067
12137027986
7950223369
11707333893
15019558364
8108644890
11941514079
12491577936
6933753218
8253910717
8033371128
4207930634
11420420590
8637743367
5143820232
2242020726
9278645723
14694069661
14278386311
4637685254
10376743614
13035152655
10619352776
10452034487
13312693955
8625837634
10114089849
11530387754
13490606527
7348884459
5745364328
12469115404
14639555277
7799256464
10344268027
13737989045
15856421071
10802996173
7528515512
5331148429
7902958263
8170521013
7835468540
11029437098
8218316137
10892006661
9993804885
6269839073
10163329645
9907410305
5754574219
9567471933
11593358508
3326480087
13951795285
7642908127
12834949863
8725756536
5162878170
2136900841
13451320945
