11674906184
9254731062
14764273537
9630638781
6278106610
7133756633
9307419949
10722112513
12662451537
6238636088
14401835479
12232578293
9730603537
7493049132
7394952317
8610746315
10337077391
11589679294
4982612611
7726921756
15762715525
7702242181
13968430128
1309181463
9341221061
3184299646
12630551727
14113202003
7396571820
7921762953
10648104324
9324719610
14355022557
11314987443
13591825083
13060778112
13242357338
8969775066
15082169537
9146634465
11107599274
13642123028
8771219163
1264086761
2899650457
8756937757
8849908530
12094684477
10918314818
9385176947
11256247816
11310617148
13072191335
13253041254
11162946848
12514258772
15027101795
3642324288
4370206662
8632351724
6507323984
7435899594
11435239805
9857095416
13851985498
14036461693
3664633216
9670602073
9218368902
13791324230
10454205548
11074561550
8906972451
15087656329
6027893324
12504284785
6872414263
11822613065
13357486753
14180099620
12788126974
12214990284
17816776265
11352436541
7635987897
12379626650
14433030065
6983065556
12062904774
6554372242
9671511638
18770105687
12456628039
11899011539
7663070340
10167567008
7849073478
5548562839
6329794306
23987206497
12862533943
9760302012
8553998453
10929056433
5659217466
6372342619
9411415001
8062671697
6005836736
21082316599
12288766225
9939599462
15581017195
8299648839
25999985615
10648821605
9143649706
6856844019
10203147965
7496012147
8234953816
6565914981
9062129406
5530639953
6733571074
9542643829
9007372794
5967787372
17475714230
6983689727
12532696105
30833289705
12677727244
9196602743
11322040404
11077664687
12661673015
9479529863
8144451688
12605200676
10128931566
14069643705
20790736736
6326359560
8943095161
10681417597
10825358999
24634750610
8822303621
11053629172
9909066362
7227528153
7352401043
10349628038
8609709293
15453953777
6406390222
13441538463
11147871119
13799578061
19556078405
9384403998
6094130167
7782459884
7067658725
9177287528
11079192841
12905079707
14417300673
6683131741
18983821258
4582580192
10819923691
8814584973
9361275034
11012649401
6232467746
13032363901
11359557005
6218873315
11944111933
11263495948
10418905381
9802142191
9128151147
8480438588
8180239560
9708880276
9096091695
8745867032
8298358751
7000236614
7569275748
7051412232
6602698278
6202526120
5862085982
5580215283
5285338962
4982941450
4691828876
3704919990
4135474663
3841150499
3573629728
3326100036
3087450530
2878779288
2679312670
2480603422
2303381049
2154638813
1976151844
1858623637
1716766338
1612720216
1518410566
1434365486
1366126592
1281655479
1206967300
1117207757
1048347260
948623197
921195991
834675988
778486945
732393259
695686406
644379109
566434358
569575404
514994955
452438580
476808063
447311123
384774858
354363750
356028935
321031855
256309830
293196715
148504473
101257796
99832724
67947125
115263727
195010844
7389651
47782396
136208106
137535308
32174938
57373406
104975462
74597195
40624202
87550753
65159858
1899164
2871535
39423322
36098480
69275626
44985705
43609281
46152606
3982629
583218304
1740942404
1730963836
1713081711
1637620870
1558854136
1542301455
1512195749
2668484808
2828954116
3098816599
3532967366
3882884518
4307714887
8342788925
7769248754
8192720557
3660089431
7633461134
3522868433
8117291837
5996978327
9977219150
6439436387
7522627626
8989335486
13228055139
6845845742
12355586061
8676147885
16152311657
10432705232
8765190340
10791624119
9372680067
15472536917
6615362598
12136362923
7944292377
11617291197
14934293261
8100623799
11953174607
12471335746
6946048693
8392333276
8068574663
4306343300
11346914395
8644398240
5115116798
2276705599
9400101964
14805343951
14378323310
4570062427
10404328535
13019502271
10591726647
10319007357
13336319473
8663386739
10025060438
11491501780
13524601109
7454854153
5741150482
12517768117
14658514315
7778528011
10404190798
13798674244
15881612188
10794999359
7650498442
5332677678
7875020889
8074191899
7787609968
10949962981
8121384753
10991716480
9983036799
6334885760
10117378133
9937577782
5823398910
9538475578
11621935284
3324600309
13868080235
7569877848
12767857945
8781966696
5178607117
2080834899
13469017666
