11680005304
9218950065
14773372697
9629767648
6270149786
7103048306
9299647894
10717249261
12650875590
6215807023
14381053434
12216450583
9723232348
7498136519
7372642760
8581773972
10330448098
11633354146
4999050695
7736611215
15756036347
7652515411
13980246883
1321592992
9343523651
3205626643
12625343380
14086955190
7427561768
7933418074
10678268368
9329635816
14337035533
11317055384
13607732707
13038615500
13265390584
8963632676
15068026029
9166667431
11126492598
13656621394
8769329326
1255644489
2905021747
8744121897
8824871196
12111334116
10948114671
9398553087
11261062997
11334809972
13074958239
13262484713
11151338806
12500252865
15019072948
3635684663
4382804532
8601658142
6490884993
7430821632
11398268634
9877545954
13823461117
14069476168
3661832432
9679221235
9201918851
13794022830
10461435084
11082034921
8914744487
15121787673
6032251281
12518424455
6892650929
11861796279
13319059010
14199180599
12784923262
12201827292
17868697844
11341900160
7627426270
12389748231
14368480998
6969927003
12109576037
6585488116
9689739060
18834909866
12465005834
11902851700
7703500888
10191060704
7822656225
5508285797
6332822274
24050936564
12850861074
9761623974
8558253846
10919739917
5639632392
6397591358
9406243239
8102463865
6005608252
21101146585
12285193489
9960479378
15559814239
8306535602
26106113533
10642563143
9185647613
6869488578
10186959771
7483210618
8210036539
6557175520
9071845421
5523680208
6704964230
9501025529
9016434165
5971881747
17503340309
6984251729
12517362089
30932483097
12651168246
9205540023
11324734386
11102121803
12666021073
9467546302
8179267524
12621885031
10146860128
14066030911
20837533814
6328179908
8951857051
10679204782
10812515756
24693567378
8826064763
11048122910
9868161134
7260862972
7312114244
10358966912
8617491810
15456372541
6424926493
13472812918
11168995200
13796951983
19552149566
9354370589
6137983121
7779631899
7012744380
9214591024
11082147884
12891540604
14423865832
6674849717
18994907022
4553323964
10827278553
8828256644
9397303888
11010815505
6243507527
12995641914
11354977475
6219009144
11895484451
11227815515
10419557040
9798221628
9161686604
8428062266
8160002219
9695328993
9097287149
8793074224
8264191037
7029099523
7462822274
6950495831
6513725915
6112337238
5774511198
5499102423
5207905236
4912499245
4630735530
3705245120
4072952773
3784145020
3522135895
3276205951
3049912808
2837911665
2638133246
2453765663
2280757773
2124367499
1969502029
1838102206
1710720049
1601058204
1501124949
1422785289
1341692486
1247254868
1176786060
1108621407
986394727
949623786
898866595
807922789
782850709
727819711
680488305
635355427
603224706
567134410
512293999
476519879
448993591
434148357
418426089
324134321
365236378
336063713
278605625
287684852
156726358
109266902
104468826
62211571
113526327
165995273
19672092
24385093
150941899
141980591
7929017
1987877
103490587
35436894
60323807
84153409
77935116
25457935
13012351
52280352
71210445
55459606
25099902
44580925
16181549
15874842
496055413
1731845421
1680873186
1623664927
1546803741
1510877749
1471115600
1462937542
2614973043
2784786310
3068261738
3503611875
3848903642
4288786275
8329540640
7781353292
8161460476
3673094892
7613829751
3516485568
8122054027
5999682708
9989519818
6466660992
7503011664
8978134554
13192453648
6844954326
12325877375
8651254724
16158827903
10505913144
8753779024
10809735164
9354158543
15486633687
6633471436
12133452687
7936295237
11595222469
14935682905
8103730541
11977892399
12436105652
6938889150
8393931924
8030627945
4280494102
11323145242
8635293095
5086045033
2270464705
9401871160
14794419904
14359038054
4599090216
10410015703
12997345200
10592628699
10307612560
13310776642
8667306183
10024364361
11522524572
13556628186
7439722697
5716653899
12567927940
14667285505
7767930736
10392267102
13804740082
15926689206
10763066758
7640946371
5349994097
7874451858
8065319724
7770169095
10943638993
8094680842
10981195781
10021331143
6373552571
10128979355
9907557472
5827278203
9532681887
11628639267
3306022852
13898349721
7566815393
12786525487
8796475689
5171602809
2087331841
13429517300
