11746306457
9158783944
14866092086
9631969701
6375888402
7218694853
9277696448
10543391333
12673094532
6153877573
14312033422
12249910813
9734322443
7600805402
7390142689
8687565064
10295624466
11572037058
5044994789
7682130529
15772172435
7637702945
14010759026
1279296730
9396356601
3094399303
12608710938
14149446835
7418645341
7860215855
10778365635
9394979950
14242549217
11253309531
13566514326
12995640953
13317704929
8945799974
15074348681
9063252167
11116825366
13705268393
8851007089
1199361193
2762989643
8748687960
8680213742
12011749741
10869446659
9320802389
11241600536
11456163575
12916630690
13231124152
11209046215
12467523778
14883215986
3559850791
4566872922
8482919604
6662329748
7503069557
11579543652
9686314097
13623407366
13764176973
3522083810
9687026623
9262476086
13628561850
10424293249
11084104456
8821144246
14597951203
6064548720
12490493051
6898826296
11891935731
13354284121
14145291734
12785221870
12087526120
17277102443
11318254233
7617616494
12359851586
14417730429
6900789745
12044528455
6596826211
9548644958
18152874108
12500197545
12047666743
7669915646
10289272391
7660635729
5534700584
6131988302
22729041715
12759754068
9668513496
8464581729
10932097727
5515488614
6500107319
9457378849
7916779607
6173270293
20207189302
12082039094
9926890645
15602347643
8366307993
23696650081
10771708709
9094337126
6809370497
10199022803
7449225234
8227797535
6521408643
9067845144
5712151445
6752397155
9744669582
8895143204
6026365100
16991733675
7086728983
12520518621
29009752788
12785147412
9150937365
11410481800
11121420108
12679990723
9511411338
8051989683
12602750037
10033597855
14128247446
20188999967
6381067829
8936742119
10688736159
10707780381
23500972650
8944193186
11122892163
9942394372
7158583538
7380515779
10520347817
8570633484
15224454144
6502295508
13655451782
11206312063
13951412891
19361408893
9540207475
6054333621
7825964771
7082413308
9222037105
11107563110
13067958276
14515486068
6860893632
19138985315
4628748183
10912418062
8816434027
9376583724
10944585098
6364507604
13115729664
11463765036
6476555224
12504920032
11792607201
10493541880
9772361633
9190836751
8390020511
8492020083
10437030813
9103375869
9295880880
8598316212
6888557919
9041189988
7380288616
8336388584
7823717474
7397166534
7040048711
6667007406
6290505699
5925640808
3737383306
5215915602
4845524923
4506114552
4194800280
3902164813
3629575208
3382333233
3144794877
2923462191
2720453480
2529109833
2319801601
2189386198
2045015556
1883654469
1810714451
1696754566
1554533749
1495623217
1420575706
1322505833
1231952379
1157684705
1085247837
950353652
801427351
812115433
817058129
759448050
717825229
673045309
604435361
595001920
539072569
517348522
450572233
452894333
375057287
344421569
304151696
347698680
175819784
255402471
221636357
227702658
253389048
164504455
170123081
203452615
35616868
22753979
3002261
141189788
128722812
119809320
71745392
40999009
61549142
49105469
82166595
72749764
53182327
79445948
21333201
36824317
67801109
1649202703
2704649024
2704332438
2649753743
2618876488
2510134854
2506696095
2512115777
3586114646
3770689774
3894570329
4081819559
4492516831
4599259195
8932304512
7845993149
8823884198
3585199161
7672295956
3432138847
8232351159
6080977450
10106659195
6584330608
7505064004
9172006600
13282765213
7040976848
12525165953
8544974352
16199075757
10455649501
8603539106
10933520574
9472602085
15414941071
6356103515
12152685194
7942766031
11821994876
14983532767
8080716858
11936567108
12289053959
6931182778
8231929401
8066545314
4354986862
11481235971
8680104310
5120410728
2273575877
9314263795
14770462657
14293180096
4615065834
10294748954
12957335664
10623169955
10401767690
13305506453
8598146204
10099179337
11524065749
13472861438
7202567843
5781223393
12496847908
14574539937
7883353774
10292146910
13803175606
15710997034
10710940725
7488069812
5310150197
7750070507
8272030985
7833449411
10933962855
8167005354
10698813354
9910177901
6370438057
10159285634
9910399720
5753018954
9525025180
11560065939
3437468524
13933231970
7609615054
12877721268
8618678140
5091066924
2147498756
13410274023
