11309330957
9755646395
13723068145
8338346424
6381322316
6757220952
9379029248
9921158954
13270132259
6052662961
13792855351
12420868290
10552092478
7081085325
6809216683
8880595379
10823223355
12050341631
5484614556
8003257256
16134352698
7486942519
13955028580
1939972065
9089272603
3238476671
12197082735
14103244048
6620958398
6999194513
10681799945
9619995124
13409583958
11176107791
12809905590
12594146116
13000475996
9551021128
14434747947
8791203532
12027013827
14108375169
8297360616
1854756671
2995765605
9256271432
8692731358
11023292526
11775120296
9457585448
11384261854
11466673455
13452500611
13122942003
10987852796
11887886921
15202627767
4044562079
4867717586
8819771291
6356055256
6854435309
12462081324
9591631978
13158589218
14138631755
3485786549
9253611111
8515522645
13535494147
10339369264
10595269892
9418775611
16110206077
6728958005
12904863820
7328831028
12305221148
13676016197
14350180436
12781197337
11471320693
18355270158
12140344583
6594151880
13227854085
14480436341
6781293215
12039940867
6154524294
9538739031
18285464981
12286952181
11206446615
7982654676
11308914313
7386645799
5899051214
5614475507
24544144277
12485768739
9445098693
8558169484
12041264555
6111722481
5632955584
9437308233
8271628447
6264971045
21252223057
11899208887
10283006045
15486284525
7232128004
25205846169
10204568995
9819097040
6936050131
10432754707
7599731343
8406443265
6435783643
9348595971
4962064525
7150075696
9069886222
9918959800
6220546893
16540208248
6421204947
12281014842
31732028717
12456342990
8059618545
12053197910
10461630748
13143389662
8708069943
8924083427
12198828208
10173487580
14076964943
20297731987
5745432836
9388281030
10208438132
10090641865
25240881201
9050027638
11267528420
10256418666
7443648246
6731960785
10905787112
7988755988
17241403708
5294224162
13427882703
11348587307
14484099762
20845751847
9571689598
6328827194
7426416224
7767565898
8569843547
11205336015
12449791407
13462444635
6607949706
19751556842
3581068924
10249044118
8979803136
10590137901
9891991316
6573900981
14063993112
11604572721
6680750261
14247744982
12140494987
10783701078
10349007990
8928441334
8551892118
8953135972
10997634912
8838640544
9463764134
8249476946
7160979199
9380923960
6864606100
8661829567
7121218804
7567474974
6885664493
6332574139
8104720852
5898158959
4073913350
5482536503
5271362110
4873387228
4181413756
3983809767
3798766862
3993170626
3086665441
3531128565
2015477224
3310878145
2455805541
2313736708
2419512690
1856225699
2849835466
1512141594
1771740630
2171547543
1297264520
1613955176
2077073129
1181341459
1623765684
2070090938
1407753391
80561956
789913611
746588825
1689516680
744436088
382717202
626075495
611330110
-679667744
394686191
208280384
126324297
25970981
-276353320
803582550
-910955620
313569480
51250653
36197574
748391782
25435472
18238963
-289591887
995461411
-558631261
325923049
495988735
395015389
-529745258
-177608677
290516248
742568061
-306334934
-781639352
-14365247
86182192
-393839804
405801136
-277298648
-155638988
820164308
2417506490
2308260909
2683709763
3467491407
1504670047
2090695157
2395013391
3247177154
4470859926
3594259065
3672212216
4519888269
3810340317
9200008871
7844253693
8910900758
4752576939
7117272170
3219817655
7871714735
6691364896
9671687297
7136383318
6907227334
8699816897
13282961955
7361918911
12551478350
8350215860
16436705180
10684348782
9072981010
10806547825
9305969435
15468603246
5071589445
12979901849
8026144771
12814350808
14647340221
9067307578
12200519463
11466406555
7299883761
9349594137
8815292519
3728275798
11607307439
8823885133
4951602726
1903781022
9053714227
14751344062
14497997505
4008061755
9836504776
13918061133
11942359573
9698938688
13356384906
8571485707
9817397189
10700588398
13046944592
7397014690
5611350682
12875913990
14715309185
7758756556
10084994828
13109986696
14693719888
11091730989
7551220103
5420551206
7396546653
7308105068
7657066129
10995347153
7730624320
10181477334
9922665936
6705704463
9401347080
9896737578
6518495874
9353130112
11935710473
4181548532
13612745890
7751012997
12910446800
8624367843
4487144642
1953464670
13689776348
