11720184729
9214969906
14773905278
9680014328
6264934425
7156884735
9243299770
10690359245
12636181166
6239584231
14385294782
12243751467
9791696275
7478131607
7368807094
8547952569
10343838005
11561775299
4943816184
7702251911
15787507246
7689469410
13955163497
1318725600
9295683323
3153342239
12618175032
14106086398
7406115063
7935276226
10683097268
9293064054
14381339075
11330625577
13627778505
13069635596
13234704553
8919823219
15038874627
9177279341
11135081779
13603168895
8751296178
1238576942
2902784631
8737099222
8781945349
12107820637
10873126325
9377740079
11293784812
11323502886
13048545074
13253907447
11149641997
12501743183
15001284052
3604506612
4412583199
8632873053
6505679524
7414873037
11435102215
9842877103
13802047850
13974953037
3664344462
9748568833
9192715305
13738989414
10405116615
11095009329
8888927351
15043078076
6021614281
12437891828
6838272448
11889117444
13400512995
14150436998
12798904993
12197100401
17730245857
11309367321
7601965842
12409870350
14398602745
6927993805
12031121522
6566169263
9668749052
18643615561
12415268927
12005776390
7660709301
10208403656
7802208369
5509336595
6263224639
23799485174
12828334821
9781418612
8560443950
10877938481
5645123178
6407266319
9365699886
8069336983
6029674624
20930116847
12281514414
9910288226
15594421882
8329981600
25654210349
10713652584
9123568625
6840992119
10191751025
7476046674
8186367036
6518382426
9063947568
5631677308
6750650378
9584782218
8996047194
5950264714
17416122155
6976268175
12541982539
30568862266
12694601914
9183755906
11333879331
11100929140
12647500644
9490247749
8096538239
12609826105
10132748728
14091794975
20679839710
6328877563
8992301255
10698532268
10827708535
24447415208
8874614882
11085391392
9899184241
7168517239
7394600376
10298285475
8641703487
15425687340
6437347952
13450652871
11125315547
13864140779
19516166168
9368408919
6119669394
7784777632
7085849595
9180589684
11082807887
12944376505
14425143955
6679347743
19019803975
4543920246
10834679079
8849221815
9309502959
10978143217
6289014595
13028670940
11354900175
6217959612
12035042031
11327076070
10381405352
9804873339
9135510744
8469518445
8273920054
9856552722
9076177466
8849477112
8388174292
6975948008
7866175441
7325418270
6862618417
6440104671
6086463871
5783696619
5485096834
5176846762
4880011584
3696663230
4294261854
3987914785
3709358751
3446873157
3204214582
2982073665
2784105670
2562015882
2403024081
2239022995
2073765111
1918777589
1797202999
1686436912
1582788970
1497712756
1395745974
1328906604
1228266718
1169006516
1083003629
995102025
950891967
847429697
827564366
701138631
714800653
654681483
578972128
572649754
560908633
513222376
478181833
464301260
425434562
381332585
377736884
352323518
263127020
298898019
109343130
124033258
115124039
154580935
101556442
210131628
76776949
67566784
161043558
156974241
34148820
48329259
108841811
43811289
34086082
102140665
81700795
80785485
12985630
24542187
9761849
41460225
6075808
31887657
25596982
14895611
736330038
1933756487
1921761521
1871631143
1793552710
1717346699
1677221215
1682787188
2846889326
3014855306
3261441897
3564322737
3945359594
4367725163
8422791263
7768228084
8280954204
3618788088
7674363759
3538089679
8151847288
6003828456
9997230498
6533541432
7499942449
8995692217
13194862667
6865671242
12437982356
8654566432
16111729093
10462314227
8732969132
10859568701
9397741097
15505661217
6588037242
12116484341
7936875408
11663667789
14986541610
8097327761
11943253451
12497856700
6930178677
8373019125
8072814004
4278937184
11334677546
8632291938
5132576207
2213921618
9365453079
14794557263
14341437590
4657875474
10394023085
13021125023
10624448614
10341006894
13320707614
8759239822
10081790329
11503370354
13491420196
7427183553
5780554438
12490104750
14633844256
7776923390
10355251186
13788256623
15819098117
10819399315
7585342612
5324738144
7909451714
8160914722
7822629910
10961020462
8152258652
11007084959
10019942336
6341652172
10169215273
9979107655
5768219372
9539900330
11622485672
3318641969
13915010362
7643513612
12718953055
8764304809
5163996762
2196314830
13473976611
