11799483036
9147246493
14858031451
9668584326
6339787683
7260886591
9371643927
10727747867
12673136343
6172179477
14264173148
12210971445
9874463582
7621476070
7436492050
8841897961
10155574656
11420906249
4879964066
7835664472
15753911023
7544401933
14115935590
1330278441
9345220443
3186370751
12590665925
13966847838
7435957379
7884151918
10757167125
9396369954
14427156836
11136862626
13527854236
12959911775
13347222408
8982555593
15017711944
9111383751
11067170414
13816039092
8964204013
1196674168
2811133189
8818415331
8694872120
11927733755
10807042509
9185612112
11224354272
11294255163
13064929450
13293519188
11132096722
12405345680
14793886870
3499225440
4560043481
8541600675
6664925159
7583961863
11583645781
9620294499
13533892806
13692659183
3434968123
9671659304
9157675236
13543338097
10398038087
11008669524
8856590033
14448287328
5984215716
12493442943
6883142831
11898224366
13192527379
14111059487
12701360775
11992354684
16922285662
11287586395
7574745750
12423166341
14314180577
6999749594
12130614233
6676418148
9499749170
17758656254
12476456129
12023829137
7615266855
10219841874
7626902410
5570236670
6087511958
21940295658
12760703096
9570643592
8449455896
10800842886
5693493512
6541268968
9494415699
7877550715
5994186258
19680430735
12202751473
9968814162
15608837284
8351158866
22566174054
10781300318
9040947815
6778029901
10151461576
7378238405
8236062542
6525408816
9130574281
5771874605
6803997306
9929875241
8796226797
6001281411
16606146551
7087643570
12631511569
27893562215
12838612131
9015961911
11417963445
11212707263
12653661177
9571831481
8134480815
12577611183
9906648294
14126379440
19744091455
6322739004
9111193743
10637089224
10534024679
22911136466
8985354294
11123470379
9953409502
7198747278
7416666575
10643908287
8687286109
15012765631
6524577453
13696212392
11133575553
13979030375
19083897190
9609342914
5969917012
7837688439
6987822704
9212703848
10918122243
12907976772
14563623220
6857440789
19147479741
4588051264
10814300343
8852367451
9499147911
10963863013
6447733659
13129118491
11439116678
6463530539
12816103024
11958245525
10456086515
9978595996
9210918158
8370261702
8636629281
10991161269
9196292908
9826299334
8604041955
6859489499
9559481353
7158809063
9347193154
8767154044
8288912320
7885317276
7462993627
6478984144
6645809269
3691427561
5849692515
5075078033
5058880949
4705617998
4374581319
4076521583
3774781663
3528835132
3259587052
3040827783
2836661088
2644141558
2449600131
2300831693
2198825654
2082791410
1968713937
1854993360
1738250893
1625605796
1516291238
1413416541
1322845572
1235651318
1161994264
1078860392
1003652861
930128401
880627412
832716825
780292420
735876661
693111362
654092723
608105000
573538394
522101554
491460208
459879032
431731274
399045672
244325550
332777612
324074102
282503171
278549093
268288259
234468457
236252102
201842600
153409981
156945928
49416032
104089993
131050051
61467307
65566495
49160371
64544274
48680915
88695634
8754852
65448477
52038873
88336879
472032251
2366068938
3163887136
3048762352
3274879556
3233611959
3222935756
3129216906
2998674619
4273709916
4290835755
4336142932
4611031136
4798009122
4764849818
9315765627
7836575003
9233632974
3619016566
7625719794
3450286729
8491816783
6301493526
10301263858
6475268744
7538663552
9122399181
13275494811
7035969405
12721881654
8612645386
16254226499
10502022183
8649525054
10825765605
9423360502
15447174394
6282528095
12338481868
7794666165
11774413399
15090369041
8006049883
12025471102
12179110192
7121899474
8337772075
8069614042
4305109341
11581773317
8610101449
5124026897
2248615501
9235692937
14908866050
14349621926
4476618516
10331719039
12910669630
10548070854
10432107225
13207495698
8464177520
10041004674
11592025002
13396373408
7241389046
5889358725
12592175155
14688206659
7883151374
10172825960
13895189115
15601871178
10809508706
7528661081
5317423600
7826604297
8233469131
7973194448
11144725877
8044757654
10647806186
10050175350
6375446450
10336954077
9854988984
5763341587
9402561938
11559074717
3426937472
13949329164
7633361198
12905197033
8659966736
5254239909
2206197973
13457150523
