11691086247
9224225460
14755885665
9594728243
6261579512
7104536437
9326932550
10716775064
12647268093
6259161814
14387858450
12234661701
9732236544
7473829799
7382421682
8584688621
10348196739
11582082261
5020000839
7748692659
15780022701
7626943795
14034608289
1308740567
9337072160
3293597339
12651170757
14090929546
7445550618
7917954359
10714729297
9365381031
14370533461
11342988195
13631079245
13068257209
13261929891
8945484716
15073597926
9147785698
11096362504
13657682826
8791059851
1219705265
2937441225
8751382363
8818653540
12104134162
10955991506
9392589496
11259178382
11314301235
13077688290
13289856762
11099822299
12506058924
15018369352
3656406572
4384511317
8604851722
6512055311
7397135770
11377327849
9854282957
13851713714
14071260538
3654094092
9677592616
9236688267
13805789630
10452645570
11085836843
8933089745
15153881813
6053532432
12582747040
6862856308
11852785631
13330844716
14187653080
12795193258
12207164425
17888061681
11365239931
7637225097
12405039929
14410589737
7002091500
12144461287
6606637652
9654081955
18888129343
12474184443
11876992678
7722740189
10187196741
7810697074
5517285394
6339776824
24141906340
12844586826
9793119229
8566841403
10891758588
5629972196
6408894671
9416048948
8119169305
6029741592
21176948924
12295805118
9941491238
15545588262
8303573571
26255805345
10661496859
9190325445
6835446116
10153817551
7490202201
8191527270
6539449313
9088575115
5512543976
6755630927
9518949849
9037060372
5962513949
17525527815
6987137504
12559726426
31085930276
12695706606
9217368747
11305156690
11121215526
12691079369
9458512063
8179983121
12603777830
10138008195
14063326524
20887826488
6303393435
8955222541
10686271449
10821982811
24812299335
8833615217
11074071086
9842610513
7262176377
7270838427
10333712589
8614339837
15447672479
6408234472
13436650469
11174740080
13807221173
19546584721
9367576902
6121595231
7797062630
7002376641
9232795911
11087289938
12900354259
14424883774
6688490418
18954283126
4550756013
10828664482
8828933623
9443172402
11004429936
6225716576
12953810820
11364428821
6236364460
11848941433
11157010698
10434503816
9779918694
9132345236
8414005148
8154881747
9650508162
9055155514
8758743555
8230734650
7014818750
7319281440
6817428569
6386928264
5995453298
5667528886
5394760183
5108647235
4816938266
4543851006
3679734144
3996602452
3716972671
3455869779
3215069237
2991412847
2784986953
2586018549
2406541269
2239395252
2079330297
1927083345
1802642511
1678208397
1565222845
1468321409
1379407717
1319073445
1237701809
1145086315
1085830295
994453405
942561567
888701193
820521353
773785055
720971658
636966578
616834511
586441437
554093980
516725409
456579423
438413105
436449645
409416678
359674867
359393677
324853099
291620431
268846454
147677492
130646459
66270042
44049616
109968997
168989863
45664505
30577357
149723445
134766520
15384063
3167433
113478528
38608752
27752843
63102079
35621136
44540878
12913993
4470842
54511705
56077949
10392165
31081184
13985998
35163400
411140229
1626328850
1608733386
1557309233
1486243122
1459384375
1408459784
1371626124
2520612520
2738379307
2993629314
3434760700
3823024115
4231396580
8235928807
7806668511
8149065025
3697984832
7595561718
3540973236
8099135948
6003582242
9970858752
6459563146
7495933600
8939802100
13163369368
6836968004
12279728556
8637161855
16122295643
10484259887
8781639317
10801122209
9366324180
15548865357
6611535073
12162660380
7955569750
11624901727
14910475889
8091673708
11974752119
12494160810
6941479652
8377216274
8024293450
4300251031
11298400387
8622033732
5082323674
2293558139
9392772959
14813528652
14377057341
4569329234
10429185458
12991703933
10573147983
10300251314
13326842723
8686998228
10037483433
11544478710
13563548483
7431894958
5737784105
12578883673
14668461800
7808455664
10399255283
13808586740
15938882212
10745895069
7634744457
5305151953
7862863202
8093319936
7772598121
10936942543
8124527796
10970597157
10012858244
6362411219
10155293679
9884977893
5805721608
9584216626
11641214129
3283908004
13910685574
7532328877
12836656886
8783700090
5172838059
2111795433
13442028303
