7631480130
7680087072
6833635966
4663237955
6350009712
9428542770
9295550268
6920826682
6593593461
7732735066
4652389184
4185563024
7521578856
7195849964
11559406906
6617210148
9844739807
9290742816
9510288399
8121065469
6580894540
7781563220
8734275038
8694857585
9294043167
8058577554
5525311447
8612238550
9254404847
6879478823
9164436642
8890409437
7788862283
9129079330
9026113374
7371106442
8170697759
5493807677
8616636765
8786245448
8023108612
7551137319
8408930088
7998053416
8638559944
5853786126
8097814606
7535480062
9036641675
5448478697
7129111649
8541304961
7346362364
5907185489
6104633369
9060368794
8553481235
7582981284
7201016481
9731679679
8641734529
3668936522
8096272782
10304590420
8083174028
6369720815
9554667988
7081875258
5394682663
12417114587
8447164403
6129089750
9175294905
9662410054
13622978798
5796902816
7806334095
8944384502
7403889232
10718114907
10102168476
9257468466
6120688479
9814806378
8464843545
10038389581
6870767781
8747361255
10506688168
9292211886
10792934069
7567042921
7176339527
8254089397
9338174103
5091700623
9801040312
12311823178
6895918720
8286940321
9305550438
6888138822
3533504855
9336239692
8453723411
8129122941
7017581041
9614264812
10923522973
10688360848
8928188370
6915575027
9989387235
7013278046
12120480012
10249206745
7279607174
6153057670
5795254883
8539030191
5643533233
6566713842
10755878536
5315439262
9200887941
4193556287
6997375997
8444931995
6902738006
10988530757
7189981503
7024608375
8617609269
7122521889
11051823393
4489005233
11097583326
6267970825
7314789825
9117781908
6287180940
9811908089
7216630399
9070830359
4370273005
9680759872
5639211662
11514267592
7605290716
6661993938
4605002277
8279697769
6303169535
9124497899
5793515603
6999240294
7648131154
10610291108
7821134578
5054690701
10292091353
8261470785
8138603028
7866182723
3985188039
8606314163
7932025829
12629719956
9679188896
5563648744
8588612316
8339646693
5421819720
11204201094
9410763101
9569085279
7143241897
4449648052
8632659013
4253354754
8187922690
6796561696
8191198724
8190007519
7985876215
4750839854
8119830331
7216514919
6165120712
7654632149
6955268163
7261095585
6538750709
7779580410
7431525918
7220041245
6703215022
6019013059
5071282889
8272138984
8035001136
7038188556
6624221953
7057623841
4725769475
5949061649
6382989643
4977153805
5490614275
5908706897
5959354070
5826876050
4699313297
2191994565
6348392039
5964531243
5996880250
5033848710
7229424836
6848597161
6524009788
4284769324
6034333581
5487515265
5208576574
3745275490
4577348426
3608063611
4065518375
5053071186
4983311761
4921451834
4723886056
4497108200
4376965473
3628602480
3907060233
3556043531
3531510726
3927445726
3999073938
4162734049
3766534783
4372690304
4170385749
2422634646
4332754261
4079630386
4244894250
3880714387
3631247647
2565975695
2919755042
3131105053
3320843254
3358270069
3046715028
3225665226
3081029287
5048184317
4498763510
4783513886
4454129306
3997927865
4046204528
4582215719
4635187702
5517533653
4913929009
5490189508
5019838197
4834568925
3569654241
6535111021
8079500490
7647806307
7511007067
4452439548
6264792221
4648943719
6111273694
4669514116
7613958199
6862109097
4916923211
9994689734
8633966835
9223497489
8668290076
6358066907
5715715816
9079229539
8871223540
8105590158
8599196417
9086886297
9236166963
6993954805
9457956030
8316867413
5597103661
11206812062
8902844818
6585384763
10221044128
6900432662
9206829548
7004203632
5786198051
8303094917
9095188180
8339408951
7282269037
9322864335
7301170954
4627129416
8626457193
8010410197
5764006446
9043566694
8468209389
3928788254
5556938638
7142859641
6252061609
6659910303
9146052246
9600080145
7732891444
10170888294
9427068928
7547465240
6227436586
8696518724
11370182188
7742411806
6776800946
6907703160
8314392408
7164370453
6142459878
9718360084
7992709204
8313040738
7440942941
6774578706
7422564176
7348994629
9318930409
8099322210
7329837106
7394631253
8094297244
10186449673
12447206135
9313024841
7738724019
3182851838
5187606735
4098537801
9137925782
6504219470
6736169167
9666205485
9558360000
