7382322561
7398582638
6574692116
4723930922
5862764809
10316844869
9491730886
7036979817
7299707852
6997050713
5009213890
5064319780
7894230459
6904246947
10910267572
7612419737
8744689772
8356213914
8967141483
7636304194
6674113052
7806694668
8112865847
9311669880
8484537495
7964573321
4400145566
7980708612
9264247863
7471158156
9842780001
9877199503
8162985903
8979550840
8531167470
6735637615
8277393699
5409983744
9658461313
8841791309
7248204797
8170684226
8785250085
8182513763
8169563396
6364149432
7918888161
7127396438
8786612278
5972024148
7349362068
8642090292
7778835487
5472928125
6514351331
9204575822
8492244438
7172340893
7214517788
9695683155
7621955219
4160624726
8637134984
11614963694
8785719960
7306354432
8981296809
6943626593
5792825365
12482086032
7959671309
5477628285
8945625059
10243957505
14224547356
5522188444
7333060209
8505087672
6884195459
10489567927
10010744690
8861675037
5786353208
8913031022
8539262969
11274714437
6770726586
9223512187
11269111956
8726646084
10291035533
7333034823
8565496487
7564025413
10021046835
4364176217
9561993418
11615006214
6476690309
7576550218
9058848168
6218268342
4095970099
9040654129
7647027194
8003613079
7277855027
9933814401
11444263932
11302513065
7658749542
8248498812
10302131363
7711891882
12713152205
9874173342
6989702460
6096754275
5448188488
8975407717
5040253228
6723172770
11472225827
5638123612
10233673177
5127890036
6873986236
7921297465
7289766379
10953484789
6530617654
7385316819
8150915532
6291312247
11110680721
4455261365
11449307816
5494933223
7373969393
9565109269
6327139917
9785764044
7490054733
8586677673
4297894629
8828470245
6450112881
12506393497
7442516033
7457303910
4737808223
8444545247
6262047063
8985074441
5720345572
6858175230
8345626337
10702491645
7120796066
5483512227
10558601671
9161228448
8240447771
8017862414
4360974362
9345199203
8378860713
12833123834
9984054736
5752607563
8535545976
7191943481
4693208010
10436839838
9895558549
9599965625
7193562846
4829426693
9375381213
4253823881
7903111139
7634857988
7855517960
8487722538
7767590527
4735341427
7310696521
6994702752
7323463450
6956376752
6620508900
7515619205
6549797854
6862414010
6999425156
7267459798
7618233822
5983820090
5337333904
8887995037
8009548965
7154907706
5873438127
6745033125
4034573011
4909641672
5721501878
4399883988
5220799893
6370256862
6061325695
5998119670
5265580264
1565461194
6289511073
5640601784
5534126515
4297904175
6661876672
6379143044
6028194025
4844881373
5528915638
5085563451
4388786800
3694545055
3934050107
2749198257
4219065335
3965395709
4322231435
4583748039
3915906850
4063788343
3665497426
3163599700
3489095700
3253880017
2928116194
3404102270
3129694393
4040381465
3501957300
4193081378
4196273808
2353133395
3936780108
3816885392
3667696114
3504064415
3020069658
682649333
2508764764
2882583698
2202750101
3119311788
3025749181
2330169695
3056503921
4486139198
3776907961
4149308383
4105222563
3394400618
3787091400
4638821324
4337580655
4687252312
4593416564
5449313826
5549239618
5191674983
4539142788
6793572709
8763942665
7299008046
9077501020
4811831566
6700602276
4724359559
5810874027
5691199752
8139199338
6463093430
5569334554
9168746434
9475350934
8550569266
7693654176
7666001318
5018980399
9010545194
8411893997
8911930168
8212823731
9232006664
9747783090
7833744943
8999514175
8622321764
6442266863
11586639800
9561200158
6880815843
10881386745
6781399907
8341327737
6290397467
5602702254
8279888699
8975702893
8210716281
7763980969
9890727090
7450759606
3756518752
8735244396
8244050934
5701917539
8544776234
7467597224
4333702000
5261163999
7748670774
5928157213
7130161389
8427001540
7719706580
7207040220
8937187379
9285667967
8013400237
6232851755
8976538721
11910519096
7632559887
6460316652
7711151364
8417210405
7715138903
5632842338
9506693318
8318701837
7537942584
8000817779
6393123901
7029890079
7156414204
9854815662
8168715484
7938130170
6630639047
8387499348
10907550782
13679879372
8704640387
7929897817
2903774776
4658415466
4346431709
8212074322
6330854795
7024240632
9679248247
9082850037
