8189075052
7812186557
6896966347
4959867735
5776467433
9457055844
8944621801
7017442656
6541515468
7813304700
4383295681
4027317271
7805932312
6883893265
11328911543
7105475088
9431747929
9376945148
9356059654
8117837378
7019696812
7749019106
9173858917
8164474691
8880196468
8429540298
5456176169
8613146469
10145596807
7157318805
9010544361
8424313931
8395606567
8856671201
8443458529
7377261413
8504319324
5527512765
8345287424
8558042269
8462024456
7294577758
8259572099
8290428222
9178826535
6603192267
7956578211
6835307108
8716054573
6075936953
7246872674
8951600339
7804185158
5904603599
6200140363
8786124352
8692187975
7667235124
7351416115
9488709562
8344511396
3761320195
7998859280
10686916791
7283626999
6293035554
9930286863
7375407465
5611391822
11777241078
7986729941
5837341905
9472415070
9089020759
12533854622
6320881853
8098702520
9380905569
7401960928
11040309732
10098368658
9236679956
5733174800
9059262858
8568870580
9914354563
6901354839
8974494032
10578131381
9505811001
10959462773
7446097169
7677520626
8352263808
10087492984
4752074027
9379836548
11727098256
7763896711
8515813650
9438908508
7143736485
3536663545
9419606851
8211133769
7599957668
6964673624
9696178144
10515997747
10458530937
8616261060
7266897647
9835449701
6924143685
11822606891
10152424023
7375010617
6819518318
5935196353
8761033418
5950578642
6381216651
10504450961
5159238396
8597241014
4096111129
7572831475
8389187661
7622993375
10675360352
7115915324
6912402161
8932317764
6936412698
11114733843
5478827497
11326850453
6285273890
7478869945
8739207809
6106245060
10188059121
7258364040
8400079753
4606810511
9844017093
6224024237
10951702230
7787239771
6659788005
4739351434
8369643677
6189365743
9003862661
5472314280
7580261903
7457916525
10264071745
8071677826
4785801913
10192626676
8266276609
8785183707
7582049657
4653700932
9259836083
7614296331
12524311482
9847270103
5477624931
8716223145
8249493441
5130933293
10836449979
9828093858
9788081304
6813246205
3934581400
8487714058
4081362689
8406311107
6301429092
8426621159
8177650082
7809943809
4905810969
8456133425
6998592994
6673742940
7604195454
7341351331
7076128409
6281585262
7780083107
7240101432
7521701966
6767323623
5772845654
5438539833
8600701614
8141511166
7564988355
6928837591
6788388962
4657319900
5870143681
6725656572
5050556993
6077832715
6109606338
6008712613
5476338266
5181971964
2387189144
5632530601
5552971204
6040008825
5594173120
7147791442
6883443094
6456285941
5284741414
6151708199
4950447435
5168670923
3811885064
4683223586
3923296445
4418571000
5734949040
5568091243
4568323792
5039457688
4774816728
4544926799
4463010809
4048019536
3547326373
4261593715
4103597503
3702221364
4546566229
4304102250
4689483038
4200697080
2819653692
4209430955
3871250622
4078138063
3825007180
3362811707
2484630428
2810799875
3609410755
3587312122
3368417116
3057575158
3256957088
3285784411
5483807082
4833274682
4113618324
4191705892
4404478668
4362581440
4606638667
5130397418
5763713230
5345854208
5017393238
4469427515
4588897187
3820132870
6552034829
8421834117
7706458568
8000356568
4454634475
7120116877
5790438126
5653194416
5132928002
7674957167
7315992120
4561161789
9384144900
8911481805
9131211746
8287538636
6186421665
6290877206
9072530961
8799736308
8286480330
8590246959
9456452282
9154542318
7166384719
9221890271
8424572978
5941023571
10338682257
9008810209
7186090538
10207088664
7451945361
9169309846
6351436378
6357514423
8387213404
9140705593
8515568916
6846051591
9000602233
6864482770
4754781713
8798450675
8137080850
5417874359
8713782577
7461134782
3807310415
5685065795
7057886090
6846915621
6459500943
9367605239
9494670708
7354437649
9065769375
9530636672
7811482055
6799954174
8349522647
11350626105
7714554090
7010803057
7194135155
8127272625
7395744598
6280092881
9379706192
8113865515
8471965401
7484393456
6767406115
7442541546
7600451630
9487780272
8444392996
6629612592
7537286694
8975677424
10083682792
12554176853
9351485932
7803756647
3866709929
5482123412
4296173870
8713326185
6641653107
7074581735
9446548739
9316570376
