7479642339
7618789292
6653251143
5061575029
5878415522
10020349304
9726346989
7190260520
7255125488
6763045014
5088734777
5043417122
7832961021
6627857010
10746138409
7432491824
8852871358
8382309729
9022681868
7470631710
6682935487
7819720879
8009130125
9231290489
8537476632
8084352490
4676929686
8227807143
9126242775
7527287642
9936735170
9838289943
8360005592
8942928371
8637316769
6667059922
7759510262
5759579451
9844610525
9020140715
7159132193
8540554988
8540130128
8083396867
8148439861
6255715929
7618932553
7115380854
8683739996
5709724404
7244793914
8749598190
7580617145
5456025248
6435499711
9366904537
8441376044
7302782781
7160528082
9919212389
8016863605
4080900292
8309997763
11492337989
8933030090
7272466907
9029030112
7041155126
5640389846
12647013617
8108438093
5818455350
8973577219
10500600829
14245224796
5698294538
7376185401
8446567285
6994715721
10376377892
10286310336
8713433311
5847057320
9144241734
8450066729
11336846719
6835809387
9134559921
11329371782
8875944286
10351704318
7462817759
8774037327
7772432499
9772543140
4220594547
9351047748
11465633724
6630892299
7588043944
8931850912
6467488041
3905150498
9382639996
7728593659
7958499854
7315475445
10012950288
11022164487
11090085624
7388311941
8267759030
10149197945
7863839076
12659674493
9697417591
7270762280
6099491641
5531375687
8956339680
5039215383
6685259230
11447929932
5412490619
10164277763
4769832770
6908554384
8116907678
7132583857
10906968788
6447072229
7616480026
8319664826
6318945596
11303290113
4367495312
11423374168
5575344329
7483326161
9514950010
6503837111
9985336542
7543444086
8796496278
4356338661
9056289495
6359659063
12786044751
7427844209
7058492971
4524669423
8322113539
5967808100
9246548137
5740000468
7057549276
8250188173
10356653298
7021361489
5439054704
10298340804
9267378173
8069589621
7815633117
4804854978
9294108397
8069073429
12786702244
9893733904
5969837496
8580514682
7444301046
4744824816
10534658249
9425132579
9781086200
7253912057
4627077905
9368168702
4284986078
8195825585
7512505093
8043761657
8322091001
7637969736
4412879139
7458935811
6911579345
7253526617
7226651042
6501665667
7741417281
6444437451
7187966287
7366750143
7252593048
7501445819
5901017300
5324723299
8742416993
8035260347
7249795448
5901654686
6811373868
3854704538
5180610836
5536389420
4263139119
5201054408
6695119774
6207514705
5907510447
5131365202
1805025831
5990331604
5785142749
5712290008
4356373924
6894103904
6621573035
5768816583
4850556275
5425763544
5055083551
4673608117
3478800327
3711091495
2892103986
4300061599
4202972084
4266782821
4412780797
4149467888
3852693107
3779902135
3488644208
3433856375
3135270403
3240522387
3358625420
3170181044
3980097545
3673534684
4086788010
4158244482
2389633406
3807404187
3926566178
3764880100
3431579767
3049068281
967748789
2695518165
3069807784
2357643495
3209657396
3063327682
2110659857
3063740592
4347483351
3852046607
4343915869
4275234243
3507118246
3428673675
4847880438
4296934599
4798801457
4727038934
5637775559
5399288030
5162407090
4532546795
6900657638
8652019056
7138579029
8847830637
4544824449
6690651342
4489307569
5725001397
5341072408
7949454492
6812629040
5242982578
9610600234
9120950197
8829426893
7809169185
7336356579
5253971857
9170727030
8302640996
8847208647
7995177670
9330355597
9724109086
7798716204
8983504101
8518870475
6394160027
11654849447
9440215646
7098062573
10731528877
7033979491
8777838095
6477198966
5648304824
8322562965
9116897890
8451295284
7802111083
9849933913
7357952966
3844636923
8400415214
8408556057
5850971414
8603652333
7792155527
4111759747
5063515236
7430954200
5721373309
7146387913
8455755106
7704463971
7661124461
9052143697
9183666287
8187183020
6544999381
9150270681
11797343295
7395722836
6625430404
7645443919
8276488487
7781382415
5709099330
9699233679
7869081709
7799423963
8018653043
6324765499
7134219918
7083718981
9762948972
7983455903
7820543991
6982265791
8351551348
10744923831
13617617380
8647437303
8131299780
3038931908
4813141146
4187831961
8081071197
6403354550
6944239321
9767592834
9184845553
