7619449842
7363722990
6697690988
4760231673
5839321951
9482361560
9040027340
6526810665
6732826386
7268947700
4578299643
4309626189
7734290016
6965369095
11222961906
6861712957
9369367856
9045453129
8973509931
7994771533
6794465659
8294147225
8667268645
9033574467
9131140422
8250116472
5168493393
8669459653
8678964882
7811042575
9356369384
9274139373
8156338086
8800090990
8871986183
7417574640
8268109076
6048899781
8712314692
8547994863
7407008729
7721376058
8432002358
7826092146
8185513286
6155946984
7599081456
7223322184
8575520549
5755035057
6847801451
8233840864
7080301908
5706775480
6563109527
9238904215
8518689365
7673000845
7244713546
9465714453
8482971633
3230883350
8321160366
10597832264
7926894198
6184212191
9433459233
6735831849
5554421978
12464429740
8753450464
5671439412
9490517090
9713692902
14445195820
5223860971
7900113752
8447898613
6907807920
10265886128
10496383428
8882856789
6195637579
9206853037
8551469931
10170103746
7027757985
9130658426
11031122439
8985190348
10705883241
7654914670
7964170583
8114990352
9732905566
5322736377
9711632258
11771914844
6619622643
8049973089
9313429565
6718941839
3714241237
9401185510
8109372623
7855658457
7039131487
9563604164
11121167524
10454274183
8143210722
7209682955
9673872400
7480502391
12263409483
10107143458
7018495765
6200058125
5471361670
9070001829
5314279563
6690146630
10812384852
5424177448
9505810962
4631413563
6807802394
8549620929
7267575181
10876343160
6764813144
7264326947
8648551393
7351968736
10256563550
4022899526
10908561467
6273547538
7670288514
9266854315
6410781343
10036459086
7018233824
9601776193
4442891796
9380408057
5857640860
11993318273
7297603214
6988908260
4469443253
8099390568
5933218053
8798386924
5741293492
7098104189
7438656774
10306168065
7450178450
5427186442
10535969146
8605403839
8256296104
7569535642
4049949246
9172970148
8058264485
12690812708
9399061915
6076041578
8514964380
7789526136
4642780139
11086682770
9388418057
9305707926
7099052295
4746881554
9282988213
4390786357
8078442726
7299868688
8195340518
8235174190
8257844202
4516691669
7954641989
7265715396
6432796035
7249722515
6903498086
7590508733
6204636470
7422103867
7928809505
7635950264
7172488809
6167641274
5004709970
8314321105
7976616830
6919431311
5858904775
7047685485
4427871536
5272687680
5777374365
5008709667
5239137470
6489835386
6317259767
5732329570
5074651723
1982655602
6128044895
5547016309
5643695649
4459731665
7033786269
6558790104
6316232519
4642967028
5659793726
5364332985
4776220778
3916193011
3685223946
3446401925
3871323610
5209656990
4849102924
4511999741
4223549978
4179545281
4115455482
3716876195
3758088220
3665035481
4005967247
3896274072
3564008875
4321589749
3964359962
4189323219
4123451364
2235936434
4268652674
3852233999
4015138582
3476296690
3475423884
1968308964
3234128920
3063612370
2860672626
2821423439
2845020331
2867989115
3131869593
4915444571
3992883200
4541504898
4182075277
4108235547
3518404229
4774768154
4171467910
5521283983
4456980442
5347482621
4778104648
4585792508
4123837398
6162667906
8435372515
7195158283
7730155112
3989804476
5934817540
4253586525
6129458170
4771627409
7841286331
7129532726
5087766490
9818972033
9065490026
8731460987
8498713614
6862769135
5390985236
9012388853
8039377656
8314553445
8344424458
8783469027
8995187363
7113392671
8679006705
8585830503
5423074329
11481110159
8748654534
7195242724
10426744779
6884274598
9188610465
7301247969
5996588162
8335206351
9520120892
8413453735
7753494054
9738668904
7423349274
4174179460
8582135876
7885911963
5297541256
8489672423
7835244521
3737928959
5203249014
7308299462
5861735029
7171873740
8941224787
8925776787
7952276303
10258426766
9367630475
8450632700
6377968124
8822006523
11686120598
7595897327
6500844801
7360195222
8103799698
7182236072
6021647547
9654049652
7853296740
8145485015
7134793803
6426971159
7209726815
6824090518
9197790549
7998949562
7692834279
7283655364
8224544637
10707577300
13166583756
9639104721
7891531579
2968001057
4965433816
3706433308
8592190930
6182829699
6494955469
9485013343
9399324760
