5490108178
8263803675
7375983727
3798821208
5539088335
11501674017
11287492759
6128182338
7361129971
6944572636
4899423064
5560203828
8521852789
7720297245
10864976200
6526424683
10075684828
10206889134
9515880692
7698910137
9242292671
8589092617
7564413626
9005768398
9868447240
7531285414
3062594479
8865258020
10298408726
6495501359
10520569403
11157679146
9602647378
9425045442
7861235810
5958073040
5849818125
3510120158
10857062321
8731770725
5277015498
8961954737
8074540302
10872563433
7092850227
5231262453
7406518474
8323461331
9219489130
4786276324
7756006422
8243525448
6391382427
3963093396
8687662208
8698203103
9424987520
8484994402
9459682701
8189130925
9080072431
3680063391
9341520522
13287544763
9556755787
7448453748
9012662459
7782378952
5865682877
12870382178
7454969648
6260267505
7041409748
9035605954
14270934590
4468996182
8582970634
8703553891
7994862605
10879810361
11196820032
7548678403
5592712612
9984203201
7982117773
12070944772
9208439980
9590969812
11077392088
9392464698
9957702471
7707835118
10751852929
6943422526
9002708416
4001270995
9600662196
12875363832
7752857985
7146811112
7433441880
5491098309
3103307521
9036060822
8230653896
8970786470
6748924178
11211727551
10690150392
13141543588
8101123428
8979682707
9649512593
5939262023
13076080967
8582278376
8429283430
7078411892
5280494298
11240262093
3603262806
6099449593
11077142763
7108934224
9902909971
4893560011
5310324014
8868653028
6709177576
13448057421
6880715103
7937143866
7541170863
7745048989
8009285867
5255770267
11358504979
6027287238
5770727618
8150350060
5168956501
9468073514
6759762121
9074945145
4777746184
8472325507
6436740256
13119849349
6693156550
8001630055
6438802707
9360079592
6654004302
10320272992
4929626373
5400281352
9092967982
10881900483
7316116330
6240945168
12094557339
9435345031
6301910111
7156354787
3132591496
11074586442
9656445796
14312055942
8509414068
5555434187
11057055253
8258763321
4595519553
11903861769
8916355166
9918710849
6328444798
5747506467
8692804444
3679903244
8787528968
7668348630
7340664000
8365237392
9155508891
5173863761
9033452456
6859349226
8664321269
6363858477
7406239352
6863182938
5317372004
6342325965
5976667394
5129416068
7239312588
6711835703
6658813833
6707915114
5426332555
6459803329
6347288036
6356783314
3797039919
6665904432
4100709516
4983922743
4934005642
5551954709
4008262241
4024583994
4687394714
2169241091
5137076184
4777954173
5146909560
5468507425
4984231742
4916262148
3057789374
4625551136
4369378533
3890759527
3792560290
3304946894
2892929634
3125511914
2918176857
1804689297
2589552236
2435271761
453235629
2179192831
1978972820
2055202402
2038143386
1938678919
1792447995
2132742450
2055835330
1952968948
1805497034
1307679389
1764396393
1807214352
1720930013
1125371827
1576161380
1750287808
258476728
439281930
1358907997
1314722257
167693153
1604564430
2321986456
2479298560
1976517712
4018912303
6325432552
5470664660
3396309846
1016371191
4373018853
5844389135
3907479132
4449339240
5363402622
5352326884
6574138281
8014477183
2220404309
5499330072
9908671255
8176602371
15915106450
3883266939
5965753746
5267582971
6595246979
5474599392
14015202576
7741528982
4882059145
9949987965
15797815546
8432852256
7213491110
10347744469
5655115851
12846654576
9451779677
8614014606
7554665665
14511602033
9216518593
6272140023
9292019354
6800106828
5735149299
11117950792
11662437258
6543320409
11743541624
6944139301
7501567356
5562359055
2498863267
9422042870
11107258814
9868710844
6681993975
11626398867
6784436095
4056434101
9674568047
6823837149
5217539266
10533580926
7938916058
5041269487
4771702970
5901505219
6428495539
6444806467
7833648244
7169270737
6742659309
8908887390
12296892377
8337468346
6456847780
8634585705
10906548246
9143810018
4951709171
8765316791
8320262910
6719727591
6311653712
11850104130
9396444425
5259957747
9197995339
4662070626
6982241004
6852404043
6935068925
9329781155
8761232569
8133192485
8839800153
11031435886
12701355342
5533272850
8150205380
1344461819
4100952006
5417794306
8335321121
6391305294
5887647596
9612624766
10682432312
