5485535842
8258857894
7323072145
3814334760
5552203352
11525200662
11320197659
6178009669
7374605020
6957278357
4912743448
5551010707
8489876819
7780189084
10861866047
6524653353
10081319835
10184128183
9591981835
7771071978
9312769316
8622534221
7541718322
8988000806
9839688946
7526729557
3073768845
8893954986
10307138118
6470146386
10489317003
11123879010
9631589062
9417818106
7875876889
5966074672
5886667347
3552856855
10868062558
8754918690
5276334072
8990688050
8064631184
10876869163
7118485116
5168880526
7399490832
8382670651
9194007741
4812267037
7744365721
8202547776
6403960451
3947065144
8697133673
8683277502
9408633817
8496173641
9431350709
8254425431
9080479234
3644684539
9315541674
13266049832
9599941540
7441574368
9009816647
7740903999
5850823725
12862234364
7506810079
6298925804
7054665297
9054545079
14276743152
4512417704
8559772289
8719413345
7957810358
10879683325
11224616869
7524647051
5607494446
9974540294
7998894928
12062737126
9261020382
9597969587
11164859541
9430606818
9917645184
7706106940
10731114912
6926445773
9031042616
3943726289
9634187970
12892901636
7762070353
7180643638
7431564964
5480418278
3075653960
9042661317
8159586058
8978558896
6700398581
11204802507
10673151124
13159813785
8088237147
8937411893
9644937135
5981840599
13071396994
8616948548
8436783261
7077821334
5282043795
11247670959
3542957552
6168767219
11107630811
7107693469
9994926061
4957253962
5326853222
8864327279
6752275216
13485966821
6934826009
7971619461
7522583867
7709332529
8024001495
5243337996
11389681329
6057637633
5752302507
8163738940
5134793223
9486805885
6749995329
9089639217
4794932355
8418773429
6394865206
13188492772
6699688299
7961007691
6443373964
9327750447
6664976324
10398264587
4931458170
5394729021
9052273444
10936358145
7324195182
6237846528
12151860706
9447700417
6310576226
7156469764
3112198282
11101682877
9653781507
14366279407
8467858149
5493803738
11062955310
8168005402
4566974578
11980326397
8884389476
9942735718
6311096981
5683617083
8714797734
3702513094
8829443582
7620079732
7391279382
8392757977
9171483549
5149735802
9026244970
6856880397
8689086892
6371264262
7353061323
6851654933
5294538043
6375564339
5934859537
5110931242
7202103073
6684820312
6638253261
6689064399
5469469266
6482356544
6414720464
6351273825
3763559517
6689997035
4139174182
4954780004
4904281059
5523111872
4012389405
4057793536
4654369271
2171340778
5104719219
4746950651
5139170329
5400555294
4993967899
4861433623
3028701318
4539567472
4314186033
3843660952
3745111319
3333936494
2894027636
3056963494
2849293734
1795165420
2514430226
2381800855
449832496
2138391207
1989030309
1999709959
1965028482
1847407737
1774775949
2052822391
1944423669
1875023463
1768380764
1330434652
1715085352
1717300361
1657479570
1112654531
1538801600
1544243890
261844766
431916847
1322712230
1222243906
162179356
1617884715
2254130520
2399520336
1957928338
3984617455
6230071130
5492655309
3364231538
978112435
4388592792
5884241097
3938489963
4483127257
5410202878
5356513075
6645011785
8199834301
2153043195
5482265819
10034720064
8129612660
16209173710
3870174181
6010498750
5264439442
6599613201
5456790849
14301291657
7754463694
4916562954
9950137385
16065042352
8413530398
7227725725
10333995929
5641189407
12927031515
9478811369
8617249422
7537448971
14622666800
9210319046
6317792101
9313980212
6778440783
5742974096
11151073669
11660188744
6525059247
11781971588
6944459608
7532782707
5578406024
2456948071
9402694236
11153703410
9898434674
6682213285
11616591697
6793050102
4012228740
9634493190
6879604902
5263758717
10519638303
7928269920
5054599891
4739148866
5945653305
6435195855
6459692932
7815256708
7221514439
6745539156
8937090584
12298553705
8376547135
6510103065
8670388051
10935257516
9085957179
5006271125
8744696381
8305547993
6670720958
6273978749
11838294707
9385693634
5257046443
9199812152
4624318906
6989278676
6884581241
6922682001
9372485781
8806861999
8141833307
8804818899
11021582966
12730860303
5555283473
8105006031
1349361182
4137068103
5421681574
8325282940
6321419230
5896412502
9619820470
10712669001
