5486907555
8252337964
7362806737
3806554437
5532841128
11497826786
11287666768
6145927409
7356697349
6948928393
4898971899
5557183729
8517988328
7724431608
10863779726
6531815881
10076274993
10229063360
9520167458
7725759828
9252150012
8582194415
7576518391
8981611968
9872663975
7538549862
3074230806
8891355790
10299955009
6484480851
10513832700
11155638372
9596237464
9432701378
7868908516
5969843740
5856728745
3519233520
10861582251
8743412622
5273249693
8985566313
8067722059
10874547632
7105338938
5214130168
7401395732
8342544078
9213696012
4804777757
7761561534
8249322031
6418450926
3956360614
8687522756
8707244121
9409862392
8499735730
9452321460
8195897436
9090439569
3656334213
9325730590
13288045297
9597065895
7459405302
9012484352
7784703061
5864836619
12869206623
7464991382
6272259904
7046033218
9058604818
14272601164
4478457502
8571417308
8707348906
7994348508
10870071874
11216391109
7538599173
5585877179
9989217185
7984711131
12059474679
9233712308
9606828429
11085946918
9408547908
9947792107
7683277982
10778028938
6940122750
9013710182
4003531236
9615752416
12874380890
7744675849
7153140275
7429061208
5500970544
3076870543
9002710081
8235631904
8981287821
6736157798
11225589860
10673639973
13155638217
8101417052
8964206585
9664310021
5936049282
13088527072
8580477253
8436082130
7064390101
5287736205
11247809655
3596678855
6115464996
11096163280
7094843085
9903657259
4917050539
5306356304
8864085572
6712260078
13459883810
6863057374
7930713756
7537430695
7736526468
8024786737
5262834037
11377795190
6017810837
5749548758
8162349442
5164705067
9462579588
6760294211
9070534394
4800704162
8456804306
6428340264
13128467671
6692813218
7996738123
6441673794
9358591666
6668945088
10340904696
4931925638
5381272895
9082261861
10902260447
7340601940
6262453646
12091974568
9447731060
6292765121
7155352757
3125704494
11086739856
9672482831
14332717922
8528943991
5534921396
11040595412
8225140781
4583871876
11912804514
8933305821
9935846685
6326400096
5734566283
8709362378
3667342913
8806990506
7656699837
7343303176
8393759518
9172515307
5161070965
9025354487
6876471197
8648371512
6379097517
7386603445
6873280452
5310092377
6342701333
5969385979
5107497768
7230817750
6682596107
6652678793
6719127784
5412869269
6461657422
6365446291
6337233529
3802339031
6667952842
4102402677
4975220205
4941165368
5536421211
4001404059
4025735290
4672207808
2183701957
5132637236
4769173634
5142134300
5461200142
4995303114
4898308306
3059063579
4629770041
4378980900
3880206647
3782409746
3307158451
2904765300
3087354644
2886291161
1809776201
2568666132
2421263943
431824175
2185309372
1981158180
2045787677
2004426966
1917733342
1801737051
2101642465
2034760357
1917894518
1806470414
1325013291
1777221715
1796230276
1716216042
1101741276
1577273103
1710858429
254647577
444589903
1351330239
1306103651
141602867
1599844340
2321428395
2442941667
1969792604
4001743968
6304368964
5510512937
3382199674
986235523
4373043102
5847317346
3893944565
4458102660
5377832551
5356859805
6596094530
8035430149
2202536890
5513121553
9939539916
8164084013
15971434687
3874649575
5981829530
5255309904
6596546389
5480014790
14070017589
7749702842
4888581502
9959494382
15862701682
8435399918
7218754782
10342366014
5648624230
12836071569
9460798702
8610672356
7553682044
14535962879
9223245970
6281634920
9304060747
6797927677
5739897454
11112560235
11676010310
6548225962
11739375831
6940661128
7524545727
5567685610
2510381830
9412157425
11101730847
9873282783
6702603314
11634610249
6790215671
4044510709
9654199037
6824354135
5219647274
10552526502
7941959111
5051194388
4771056277
5917778003
6426648068
6438219839
7841682184
7189544092
6740180902
8899388919
12292140842
8357319728
6445099703
8629235167
10920086740
9142050633
4971799395
8783757126
8341622938
6689593140
6303985994
11845337842
9393862423
5266594335
9205299514
4639875949
7004866193
6850755132
6930090912
9342952500
8776025627
8136352111
8833620083
11013972982
12720987945
5538532343
8134276079
1335797380
4102203748
5405696741
8341363041
6393954152
5890597190
9624558804
10699778414
