5495572855
8262133601
7350625652
3799182309
5541684195
11490374525
11290442721
6144869243
7332065634
6916705930
4858500845
5582743168
8532115528
7714005722
10896656314
6471369079
10085575272
10241201337
9550045154
7703394799
9280243861
8546790425
7597746265
9005017810
9891046069
7580833532
3024746064
8900579436
10224694558
6492631761
10524401221
11165200389
9614078746
9440375210
7854728719
5976219149
5841550595
3488563128
10851581595
8763925427
5289878353
8965571928
8038439480
10876712455
7068409363
5239590343
7428901550
8318882127
9216718958
4794985413
7728753633
8235260084
6412002815
3955497962
8686920671
8711412084
9397494884
8443749181
9455498981
8196268431
9103213247
3712100223
9322257231
13300812389
9534517309
7405832834
9027594481
7744140823
5890781258
12866466069
7477214722
6288390325
7041354302
9036364564
14221162588
4482634302
8595543329
8678047800
7977984651
10911900413
11206125363
7565865312
5558405461
10005148600
8045998103
12036933864
9269610048
9603012415
11133536858
9426593130
9962937932
7690940731
10730606322
6944326855
9040160696
4018938761
9561559455
12886773962
7738711643
7142061758
7434302959
5509243045
3148137767
9000967819
8221632238
8995347440
6708125642
11207507393
10673230322
13091804562
8135454886
8969109609
9692616254
5920948396
13037305994
8532372559
8417259411
7069221054
5309256294
11223395653
3601092674
6129366062
11081681049
7103899289
9922537903
4884226347
5333293577
8881224511
6725118841
13412220545
6839212504
7955817953
7530621608
7732203020
8021706234
5222850063
11300546098
6019131278
5749970359
8156563839
5199785772
9491906613
6745867679
9016322026
4792477702
8444651142
6393635593
13077771105
6698118501
8024043753
6419943583
9374281909
6637564320
10278736574
4922184130
5391708569
9087790036
10885039254
7332011069
6246733239
12053104640
9374904992
6302870625
7146541614
3123155078
11045265009
9656234562
14246880915
8501422626
5591681038
11056189674
8293366956
4600927593
11900646833
8894143542
9874266601
6305968230
5754618694
8703657821
3643092458
8794057877
7669525596
7398891924
8365401502
9106880327
5160191696
9020339762
6861971337
8602414442
6400368034
7384467721
6866872525
5365351999
6336929309
5962158696
5110426327
7201045911
6699255770
6657769665
6712480961
5385941307
6456373226
6373655826
6362326593
3774445665
6688305410
4060388869
4980595985
4948550585
5604030459
4033627983
4020071669
4676134148
2192464120
5137015135
4771587168
5161567722
5472385223
5024378693
4888316221
3057196235
4694839362
4439309852
3865994461
3829107897
3304944371
2901773723
3140485860
2948715385
1820472747
2642345125
2427720171
458366119
2212129430
1976521471
2107209088
2070300642
1953242348
1789218438
2173488569
2093384227
2008360039
1825780022
1276408374
1821225959
1832454241
1765996169
1090151252
1614324738
1977197714
273821845
483958737
1367385449
1279009164
157828612
1664898473
2337600666
2576322252
1987222950
4031093236
6334683086
5459765070
3391177372
1017305032
4388681216
5813770832
3913881112
4429199165
5364347600
5365224879
6514091570
7935459487
2205293692
5475833233
9831155367
8196261484
15737676139
3872453992
5939532262
5270241080
6627095082
5459142596
13798909285
7747068372
4880010207
9954028317
15692213594
8436537037
7206452218
10355263308
5643487981
12791733913
9460483954
8612840466
7540696304
14438008161
9188051825
6286705093
9290685762
6811184675
5741228229
11152942115
11611792260
6515707116
11711168300
6947327109
7534191327
5580665198
2550302936
9421636786
11104690693
9870902771
6691004906
11604657408
6806510058
4046876366
9695665765
6842870453
5233031704
10504476235
7949284027
5014125400
4747424715
5895626450
6430099966
6422777448
7868174309
7199546544
6759597959
8924138130
12334789140
8336426275
6486264935
8673244935
10931959495
9157767757
4959895386
8765028326
8309426330
6715623050
6310264865
11869811320
9412752800
5259162391
9176791537
4692273656
6946660784
6853524584
6924884387
9307606458
8773287304
8163303727
8819881174
11002163244
12674992287
5542755647
8188542244
1297490785
4096204753
5439049080
8289179789
6378488057
5834615112
9667549118
10653447947
