5485426975
8262113007
7332023012
3811379590
5544203502
11514292499
11311760662
6185292325
7371655472
6949645004
4914511180
5537590381
8482915124
7750644939
10865312613
6534707020
10065582771
10208442777
9567569882
7743962821
9291894878
8627132625
7534948886
8979274022
9853574715
7543838695
3068459272
8885109302
10302635403
6476520575
10503581580
11145994252
9615410012
9416962509
7860524434
5980511060
5868535308
3553235529
10881232896
8752679227
5271111375
8986988226
8075075011
10876082674
7104979164
5185087275
7398146882
8353142836
9206890691
4807670585
7750376927
8192642096
6397584631
3950982182
8726037152
8702570753
9405080257
8486560235
9460372169
8235936664
9087297841
3641069956
9326109428
13252003505
9605494213
7447559297
9017795881
7755687126
5857008781
12862527415
7485034735
6306511710
7054815204
9067876554
14269505467
4515845676
8568312370
8719352899
7974871561
10876671878
11215408891
7530734093
5612038581
9997535343
8018144943
12053361833
9258398185
9606970342
11150516254
9408738930
9936518949
7718990045
10728861379
6911341729
9021273509
3945017456
9634532767
12891440086
7750610244
7178702630
7427948974
5480449749
3078105235
9034759844
8167392977
8993873321
6724699052
11235058646
10680740543
13148475964
8090034256
8942746272
9663324770
5963060379
13094307213
8609591910
8451898842
7064007363
5252131177
11246655174
3566622926
6156549044
11109095946
7105945403
9958530948
4946032348
5320008803
8871513526
6729060941
13469664049
6897936344
7961375383
7534124629
7730781284
8017659293
5254202928
11395955586
6049178271
5746731160
8163488522
5118724306
9489249417
6738094881
9091546009
4790172015
8433865751
6406411689
13171086178
6690826444
7973108070
6442063198
9342601573
6678371802
10373375805
4941406371
5405250952
9061500431
10897114136
7338998820
6221544073
12121233767
9439611248
6300063628
7171902479
3121632657
11100347897
9672934772
14360094061
8479340953
5519911881
11071450761
8179241195
4590193490
11966248802
8898028889
9948239802
6299134274
5720608306
8740125836
3694460554
8830784191
7610623040
7363180511
8400726217
9188314303
5175929997
9019130018
6832544966
8694597437
6373949184
7351165987
6863787488
5296429134
6369339656
5949859604
5110054874
7226570202
6692063025
6647059217
6717933529
5458193196
6450284809
6381203012
6336825243
3754409148
6676840066
4139429977
4955706550
4906637323
5519823596
4008416909
4036359081
4671471896
2181335055
5118001637
4735211079
5143419388
5415598369
4985696707
4873531248
3029186629
4565711865
4335486055
3854473591
3752927589
3350287782
2893149957
3072326721
2850559941
1800392137
2520777607
2384209903
450248884
2143978661
1987181254
2020568844
1975611576
1867695343
1775236172
2043934389
1963640015
1861952172
1785499237
1310956990
1728087142
1727566865
1663156976
1099025069
1528319502
1573154661
269415574
428094528
1346671325
1260553366
136553762
1601557885
2263914953
2411656016
1953674409
4001292171
6251103349
5518250747
3361163502
964966142
4387035402
5884574886
3917895858
4465639423
5399731321
5350040141
6636139917
8156113266
2160105358
5480010623
9979531789
8137547522
16138065301
3872159778
6012736677
5251018267
6612779664
5475480958
14246724739
7745677115
4910038811
9944478141
16002196338
8417422956
7224804646
10343117736
5647440472
12920177385
9453230303
8608607203
7532197820
14608618613
9199873815
6313516894
9314235507
6789941828
5741074864
11142819502
11671308047
6517517966
11759250316
6927047349
7530156852
5583903999
2472569750
9413077796
11133435119
9899491877
6697199484
11608081714
6801903560
4028696082
9628607606
6852584920
5262430417
10526644887
7947305490
5058789218
4763856808
5943570040
6431463505
6463513562
7831233315
7212150751
6738158437
8937814269
12309066326
8383545280
6489590607
8664352300
10930635624
9097367613
5023168853
8745779219
8329191750
6680034239
6264045683
11837397086
9359819317
5256085818
9230240388
4633537478
6992310760
6890935307
6940340213
9352957547
8808332247
8149335748
8824079868
11024163347
12737089604
5550989200
8107168751
1352527088
4129729828
5409616427
8314407625
6334932556
5896082678
9608367187
10706036218
