9.031241469997592926e+09
9.051073349198480606e+09
9.101113747681674957e+09
9.187579512024740219e+09
9.278165415358158112e+09
9.362189702342317581e+09
9.409551111581710815e+09
9.407457876940536499e+09
9.268963940631345749e+09
9.080969952345062256e+09
8.884768920984584808e+09
8.705791894010662079e+09
8.532592933233543396e+09
8.532276257583545685e+09
8.595012274967683792e+09
8.678989187657115936e+09
8.745924812966348648e+09
8.841580398853940964e+09
8.876812291316650391e+09
8.920818027379913330e+09
8.996279712153753281e+09
9.119710500487094879e+09
9.224886874750740051e+09
9.331677259303989410e+09
9.409202103892372131e+09
9.439028660163805008e+09
9.457437195775363922e+09
9.500747083258956909e+09
9.534835504820253372e+09
9.569418698814128876e+09
9.609715371976722717e+09
9.623771279953824997e+09
9.617555601395626068e+09
9.604744865828666687e+09
9.585721901198577881e+09
9.185870376285846710e+09
8.753722808677169800e+09
8.295776812618056297e+09
7.836037380163186073e+09
7.397999955343326569e+09
7.697547108618321419e+09
8.060263593933822632e+09
8.506409472508973122e+09
8.930354854932004929e+09
9.301371735268638611e+09
9.315018039745721817e+09
9.304208152055492401e+09
9.200092018092538834e+09
9.131639177389673233e+09
9.109315191794601440e+09
9.069747417877223969e+09
9.033962372174388885e+09
9.000748678745414734e+09
8.960122829590986252e+09
8.924786090398220062e+09
8.961743736486673355e+09
9.024930014414176941e+09
9.156068509801643372e+09
9.306346737553482056e+09
9.442080566076406479e+09
9.505729830658195496e+09
9.525227341395231247e+09
9.498039946358276367e+09
9.447568287384851456e+09
9.415611931319593430e+09
9.444396460941917419e+09
9.508829930862104416e+09
9.597645602582973480e+09
9.694811012746492386e+09
9.798162760588779449e+09
9.853467179541524887e+09
9.863031241256484985e+09
9.833158463497976303e+09
9.776858928976621628e+09
9.668798128067968369e+09
9.575366491536380768e+09
9.544379188735933304e+09
9.552144229416183472e+09
9.593410189742786407e+09
9.674268728909877777e+09
9.750048924002586365e+09
9.755519659160909653e+09
9.748831855280082703e+09
9.726583620996515274e+09
9.677748064518695831e+09
9.603201502393177032e+09
9.557918248866338730e+09
9.484007606320245743e+09
9.405063409420988083e+09
9.344227576831018448e+09
9.315168844159107208e+09
9.343500395288982391e+09
9.439702979764854431e+09
9.555379291252326965e+09
9.673049546383913040e+09
9.780740402534425735e+09
9.827491445455511093e+09
9.826191380003499985e+09
9.823224958484975815e+09
9.837604976808050156e+09
9.888361204607522964e+09
9.960023014870429993e+09
1.006235730581397057e+10
1.015287080528101158e+10
1.021638855063184547e+10
1.017261924457508659e+10
1.006664669059645653e+10
9.908145175190973282e+09
9.747325409662265778e+09
9.590069767387994766e+09
9.571694249781082153e+09
9.605947714045522690e+09
9.531341579350151062e+09
9.061589949736446381e+09
8.556738262198469162e+09
7.965484068706637383e+09
7.395593584364974022e+09
7.116124645709484100e+09
7.648651770158449173e+09
8.265511570554150581e+09
8.931694300048118591e+09
9.587753618351150513e+09
1.009015482520237541e+10
1.018905554061786652e+10
1.022640627147405243e+10
1.024610156927947617e+10
1.027129880097362518e+10
1.032939109067601395e+10
1.039712958890851212e+10
1.050789260328376770e+10
1.060972147293150330e+10
1.065802811824724770e+10
1.064170923323862839e+10
1.056068444451413536e+10
1.042446776699904251e+10
1.028449243335264778e+10
1.021779577071236801e+10
1.021344285462186432e+10
1.028655058564818954e+10
1.041188740505120468e+10
1.054748013607754898e+10
1.064511565672277451e+10
1.071982361796454430e+10
1.076263293480224800e+10
1.077566347076292801e+10
1.082319805648660278e+10
1.093972761992254257e+10
1.105848918006641769e+10
1.117381315668223953e+10
1.127022800905648994e+10
1.124903140990345955e+10
1.112466432532724762e+10
1.097215672860711861e+10
1.039259550545008469e+10
9.830837582019908905e+09
9.363197638697479248e+09
8.882982856693511963e+09
8.412508758093184471e+09
8.781699735901920319e+09
9.131283483854763031e+09
9.474957443684505463e+09
9.858365172220933914e+09
1.026271966150103760e+10
1.027411906305529976e+10
1.035941663078696442e+10
1.042958405890146255e+10
1.051527620136061478e+10
1.058955917566309547e+10
1.064311359278365135e+10
1.063217595021091843e+10
1.063135151320100403e+10
1.067516640151772690e+10
1.074353754920008087e+10
1.081822307556192017e+10
1.093030919139569855e+10
1.105371093374199486e+10
1.107667324875159454e+10
1.107257435494520569e+10
1.108569194540964127e+10
1.107793245494828796e+10
1.106989858900725365e+10
1.068170966411120987e+10
1.031048043947067070e+10
9.898304900795043945e+09
9.461678101253356934e+09
8.984849681869258881e+09
9.383130679666673660e+09
9.755696637861904144e+09
1.016875856310186005e+10
1.062029541058448410e+10
1.103461666507943153e+10
1.103923543868296242e+10
1.101036466638626480e+10
1.113123498293263054e+10
1.161299592184510803e+10
1.175679764941553688e+10
1.186630817877118492e+10
1.207484226534197426e+10
1.201597225322088623e+10
1.132659415242723274e+10
1.148095188678722382e+10
1.158200468750995255e+10
1.161821000051317215e+10
1.173663982372394180e+10
1.203767166760292053e+10
1.208609283422184563e+10
1.209008496585445595e+10
1.218862392727722359e+10
1.230320729599896622e+10
1.242281507057778931e+10
1.215651367880205536e+10
1.208444254439159012e+10
1.184580740536942482e+10
1.154710804342240334e+10
1.132201324526528931e+10
1.127805287745505142e+10
1.113311468579176140e+10
1.111313058540500069e+10
1.119263293717375946e+10
1.127878237143895721e+10
1.134534046431278419e+10
1.141517067712710762e+10
1.142066022533453941e+10
1.127380464398207474e+10
1.119208868406219482e+10
1.072681068693565369e+10
9.804518683342939377e+09
8.930263168493194580e+09
8.316739111961364746e+09
7.640001270970089912e+09
7.376130308356235504e+09
8.034740677867704391e+09
8.632415273621551514e+09
8.998773834359949112e+09
9.255832047339099884e+09
9.981556868827316284e+09
1.025168474951038361e+10
1.058842269088761902e+10
1.105847683712442398e+10
1.162043903158356476e+10
1.168891932791359520e+10
1.171828684152634048e+10
1.169938718667764854e+10
1.162794345505527115e+10
1.158709589407509041e+10
1.159668790436084366e+10
1.164913298074012947e+10
1.125028811427718544e+10
1.103823272708765411e+10
1.067052826615542030e+10
1.023000387614164162e+10
9.720709405387432098e+09
1.015160749548047256e+10
1.016180432166060257e+10
1.036261013348671722e+10
1.059691161549258804e+10
1.080829244365778732e+10
1.067252903790019035e+10
1.078163503540202332e+10
1.086754131217783737e+10
1.100802334765518379e+10
1.132596005259824562e+10
1.134830808379831123e+10
1.134165076715815926e+10
1.126978423017067719e+10
1.119004263337297821e+10
1.100479785138752937e+10
1.099908950599468231e+10
1.104248229561240196e+10
1.110240380191306877e+10
1.105390198040111542e+10
1.098068068392880440e+10
1.088163305023249626e+10
1.074428591208341408e+10
1.060408302717553711e+10
1.055550770555098343e+10
1.054280794271859741e+10
1.055344332271310616e+10
1.057306419130887985e+10
1.059766218022886086e+10
1.064422371955834770e+10
1.066150801459160805e+10
1.066973332216800690e+10
1.065858234717093658e+10
1.061389131932084084e+10
1.046972218854896927e+10
1.037145908118385696e+10
1.022640836231312752e+10
1.008976564319789696e+10
9.990900700634227753e+09
9.941362392432540894e+09
9.806857836161014557e+09
9.721134835039218903e+09
9.635827309281091690e+09
9.558280089677295685e+09
9.495573385097829819e+09
9.518402445411243439e+09
9.548717196273954391e+09
9.612327089674951553e+09
9.688268086245779037e+09
9.746144155080898285e+09
9.768019768862827301e+09
9.797763727115922928e+09
9.797440491473449707e+09
9.768089948771160126e+09
9.776310735760826111e+09
9.409800061718942642e+09
9.032475350917907715e+09
8.549961268149601936e+09
8.060296866445100784e+09
7.515719075307766914e+09
7.767545218575137138e+09
7.977698710758515358e+09
8.382135226253977776e+09
8.803095540630176544e+09
8.891025804508476257e+09
8.565747104501636505e+09
8.295758034398771286e+09
7.581874537826865196e+09
6.865304992493890762e+09
6.514314931193254471e+09
6.157438756054800987e+09
5.407427316823690414e+09
5.303124153894382477e+09
5.180212169741513252e+09
5.410255029283140182e+09
5.591983991730609894e+09
6.149450069976268768e+09
6.543950039996544838e+09
6.973888490096509933e+09
7.067772805851290703e+09
7.226815013041715622e+09
7.640036700204200745e+09
7.869387277311290741e+09
7.958150148873006821e+09
7.949484539899738312e+09
7.578122303350418091e+09
7.070409670416012764e+09
6.710937440467533112e+09
6.238929744089610100e+09
5.906281599545148849e+09
6.316801036805950165e+09
6.237482827137140274e+09
5.997703705617725372e+09
6.337204989136544228e+09
6.691344289159793854e+09
6.610470796620742798e+09
7.280217532748414040e+09
8.067828013933359146e+09
8.800459513629350662e+09
9.525203869534273148e+09
1.027564923746923828e+10
1.063761280778108025e+10
1.089619503968630981e+10
1.057571063789317703e+10
1.004931173488938522e+10
9.526842553891433716e+09
8.955791077068912506e+09
8.122483089133918762e+09
7.589513292382568359e+09
7.213910186608509064e+09
6.910451583035882950e+09
6.719071311441786766e+09
6.852015496076770782e+09
6.978810525970401764e+09
