9.794545521456300735e+09
9.662326589769815445e+09
9.471849733205245972e+09
8.866086893801586151e+09
8.310892238608439445e+09
7.811061229995815277e+09
7.521142977041495323e+09
7.418021447678524971e+09
8.108558875710943222e+09
8.373440816936294556e+09
8.573090981711664200e+09
8.229724472539354324e+09
7.682443710377258301e+09
6.378416999179358482e+09
5.954883782822881699e+09
5.516900227319102287e+09
5.877547086124176025e+09
6.292849128947973251e+09
7.457811652789384842e+09
8.033335517804370880e+09
8.720962208985996246e+09
9.043011693858461380e+09
9.414888214974552155e+09
9.354018541071529388e+09
9.460544966924648285e+09
9.118345518389450073e+09
8.746700515591770172e+09
8.385771061892551422e+09
8.160413724337471008e+09
7.803578306511599541e+09
8.192286638608290672e+09
8.622275986208480835e+09
8.843731077316955566e+09
8.997328956246467590e+09
9.235011256520120621e+09
9.233074952354585648e+09
9.172587687545669556e+09
9.393839926153068542e+09
9.218637487961477280e+09
8.967997351364086151e+09
8.493464815594758034e+09
8.178802087930677414e+09
7.781399406989478111e+09
8.160533065035844803e+09
8.780042431125268936e+09
9.743292814624847412e+09
1.041876369941688156e+10
1.093652040970906830e+10
1.105689638704686737e+10
1.083578549677581596e+10
1.013968412307409096e+10
9.638077927331022263e+09
9.337873820925453186e+09
9.049984088432817459e+09
8.965105627138713837e+09
9.085692933964157104e+09
9.210635540390625000e+09
9.283299955195873260e+09
8.978126310330223083e+09
8.629116861076225281e+09
8.266581359298305511e+09
7.855717462786659241e+09
7.430537006716808319e+09
7.770763612757931709e+09
8.105045830988141060e+09
8.559054532336453438e+09
9.041991408908449173e+09
9.511552720416637421e+09
9.635656103568382263e+09
9.782433350766115189e+09
9.447998676178661346e+09
9.068965496806350708e+09
8.693872699087720871e+09
8.240663292160024643e+09
7.752673555400699615e+09
8.022774509604638100e+09
8.375933126503448486e+09
8.778214602376392365e+09
9.172585532278648376e+09
9.526084272070245743e+09
9.611296850067356110e+09
9.588490440147830963e+09
9.429775335676630020e+09
8.958860258657344818e+09
8.554970910292412758e+09
7.997711987609532356e+09
7.422533575862803459e+09
6.960257647237472534e+09
7.235230371045881271e+09
7.193450387198046684e+09
7.275826985695581436e+09
7.414546698974642754e+09
7.169401938161643982e+09
6.537256933671833992e+09
6.584408795061033249e+09
6.539785905463294983e+09
6.549102624554393768e+09
7.238653857264915466e+09
8.032424999464303970e+09
8.090125112181766510e+09
8.032091649029679298e+09
7.986616854232523918e+09
7.672398594572655678e+09
7.179929943239208221e+09
7.464492321329917908e+09
8.068429351562710762e+09
8.680813445770116806e+09
9.269555268701101303e+09
9.936129321454460144e+09
1.016063512099461555e+10
1.018530815253425217e+10
1.011261969083067703e+10
1.001910019509608650e+10
9.945300628821826935e+09
9.952996870174459457e+09
1.000728417820210838e+10
1.013360532469519043e+10
1.029010527151387596e+10
1.039338359408573723e+10
1.038022948050504684e+10
1.024364427852537346e+10
9.969748350921777725e+09
9.644624901309885025e+09
9.476735025505640030e+09
9.397300868555721283e+09
9.495727064032915115e+09
9.592809217732973099e+09
9.765965154082036972e+09
9.589003259082002640e+09
9.364179402632913589e+09
9.115311121151054382e+09
9.127809043797550201e+09
8.984669456026735306e+09
9.178596376670215607e+09
9.459709528692939758e+09
9.678869117551753998e+09
9.743869694473234177e+09
9.892567474810142517e+09
9.956585773787034988e+09
9.949627734336301804e+09
9.953564208957489014e+09
9.939048621653127670e+09
9.941884596493402481e+09
9.985381547388996124e+09
1.001408192733864021e+10
1.004359933813265228e+10
1.012542902912247276e+10
1.020236795228822517e+10
1.013159959735630798e+10
1.014243555666528320e+10
1.014974969068341064e+10
1.013464642525580597e+10
1.012112360247991562e+10
1.016841148328252602e+10
1.010278591785698509e+10
1.005231531975775146e+10
1.005519155782396698e+10
1.008182904768680954e+10
1.078349863439781570e+10
1.159583295147027397e+10
1.242238078223998070e+10
1.314144431609774971e+10
1.377386747759375381e+10
1.314068640462495995e+10
1.246478158474018669e+10
1.177292425329757690e+10
1.109370755794235611e+10
1.051649912543009567e+10
1.055292587098075676e+10
1.057189667084173203e+10
1.055419878688197136e+10
1.057551273397513199e+10
1.057907556640117836e+10
1.060052086140326118e+10
1.065103011528221130e+10
1.077294599722004509e+10
1.088561457175147438e+10
1.096711631080190277e+10
1.102511213363446045e+10
1.102557454452791405e+10
1.095725711587734032e+10
1.087286062872952271e+10
1.079623296587193680e+10
1.074777633869123268e+10
1.077753415595004845e+10
1.087324283429372406e+10
1.100001839892238617e+10
1.112846667273480797e+10
1.121781531350149155e+10
1.125041282762853622e+10
1.124019570934831047e+10
1.122196210310959435e+10
1.122062245245315552e+10
1.125840370387153625e+10
1.133161355259659195e+10
1.146260113450335503e+10
1.152819757178064537e+10
1.169531397032594490e+10
1.184435535233264160e+10
1.196961404128302956e+10
1.197622752548647308e+10
1.209307592073188591e+10
1.196642196634195328e+10
1.183997596221769714e+10
1.169312838623690796e+10
1.162711953663252068e+10
1.149437219113079071e+10
1.146132867859964371e+10
1.138156196140171432e+10
1.133181822982693100e+10
1.126752063353849792e+10
1.124311771701988220e+10
1.126801550268120193e+10
1.136081243373744202e+10
1.146682506393420029e+10
1.157939073004633904e+10
1.187604090077581406e+10
1.206765642236252785e+10
1.175825175829194641e+10
1.146546300448424721e+10
1.131968517224560928e+10
1.074628053837305260e+10
1.048190187091796875e+10
1.115674465206671143e+10
1.173661412263016319e+10
1.198377375395251083e+10
1.241368073216275597e+10
1.242205566602541733e+10
1.194357867532060432e+10
1.152266632958227539e+10
1.129362849353258133e+10
1.112666299260720825e+10
1.117031022295423698e+10
1.123996252469100761e+10
1.131011106574684143e+10
1.136751644598914146e+10
1.143147236090151596e+10
1.101512845656882477e+10
1.063099483312289238e+10
1.022070458629150391e+10
9.715535887285774231e+09
9.081546348272827148e+09
9.271475523442846298e+09
9.505771499229200363e+09
9.972098486404331207e+09
1.016811976681347466e+10
1.051160760830284882e+10
1.056104250839050865e+10
1.040333549906778908e+10
9.410891792436641693e+09
9.212925921262001038e+09
8.940125536903705597e+09
8.597750949643783569e+09
8.379428931955001831e+09
9.228814548574701309e+09
9.654589312068548203e+09
1.008881500831571388e+10
1.051308664624217224e+10
1.089289506425155830e+10
1.086992297979508209e+10
1.081467314289757919e+10
1.076701531684677124e+10
1.070756789312128067e+10
1.072981377576265526e+10
1.058601415323307991e+10
1.050771228108032990e+10
1.042447907733858109e+10
1.037994543991764450e+10
1.029677460559476471e+10
1.043000406489672470e+10
1.049710595318260384e+10
1.055289380962214470e+10
1.056399870788910484e+10
1.052637036324961281e+10
1.036872834745903206e+10
1.021529245435858536e+10
1.011103070768948746e+10
1.005020895252681351e+10
1.006483858052965927e+10
1.011693529891822052e+10
1.020329628879006767e+10
1.024293993397827911e+10
1.029044604052344513e+10
1.031454642886005402e+10
1.031804338369342613e+10
1.027983189391323471e+10
1.024258705556687355e+10
1.014196082937958717e+10
1.004342651021024704e+10
9.985994175991973877e+09
9.987837845613149643e+09
1.002877920436868668e+10
1.015852574861372375e+10
9.878394018955541611e+09
9.542303521179613113e+09
9.145601097092674255e+09
8.725858762070623398e+09
8.305581540977484703e+09
8.658508028212093353e+09
9.045026587111915588e+09
9.475466764179769516e+09
9.884366944102308273e+09
1.015181607675054550e+10
1.008118042432085037e+10
1.000109447394379997e+10
9.896649694633449554e+09
9.807248582538097382e+09
9.849029951357728958e+09
9.824902901304998398e+09
9.937309710474943161e+09
1.005652498795940781e+10
1.017349920569243431e+10
9.804779077972446442e+09
9.505205354721143723e+09
8.971023553672239304e+09
8.451750959207283974e+09
7.980536603865221977e+09
8.330468074658176422e+09
8.634863939540683746e+09
9.016514802494205475e+09
9.268931937705869675e+09
9.455639262248130798e+09
8.893103965817794800e+09
7.971798260064921379e+09
7.093521207323388100e+09
6.461109872830471992e+09
5.863503971711432457e+09
6.016441998755798340e+09
6.542456172294279099e+09
7.087154018475874901e+09
7.446793085321684837e+09
7.786360413324291229e+09
7.774761345740753174e+09
7.763162278146416664e+09
7.519963053367352486e+09
7.312289239191988945e+09
7.073663328500519753e+09
6.784451848565464020e+09
6.840951425515047073e+09
7.256508576897591591e+09
7.724576481607459068e+09
8.260719856534999847e+09
8.827192607909040451e+09
8.951773716112922668e+09
8.905064976066516876e+09
8.782502738085083008e+09
8.667679519111619949e+09
8.551917447789963722e+09
8.624493701064357758e+09
8.590496428581575394e+09
8.638460714913589478e+09
8.585788444363742828e+09
8.446770122450502396e+09
8.191176776932458878e+09
8.130923058938483238e+09
8.051938320404448509e+09
8.086520709611116409e+09
8.306431753667652130e+09
8.610092800164138794e+09
8.875643140905527115e+09
9.148411850883163452e+09
9.397638311968727112e+09
9.533219656043296814e+09
9.609468283120185852e+09
9.645092268797157288e+09
