9.651405604792890549e+09
9.909942807335414886e+09
1.018627745691433334e+10
1.043098970478574371e+10
1.063322405990636635e+10
1.062257405036522293e+10
1.041478303857113457e+10
1.020898808868535233e+10
1.007479990220173264e+10
1.000858193813017082e+10
1.004887852420013046e+10
1.017878023186654091e+10
1.027595241967971992e+10
1.036436145041093445e+10
1.033840543487922859e+10
1.026111062158101082e+10
1.008796615806379318e+10
9.856780151416191101e+09
9.521324068480421066e+09
9.277578073672758102e+09
9.030810113986328125e+09
8.898890459624109268e+09
8.840278483232810974e+09
8.885406869343435287e+09
8.938895785581325531e+09
9.105612818573444366e+09
9.283622751617275238e+09
9.515444684037235260e+09
9.733408024932075500e+09
9.950324904014345169e+09
1.012172087614593315e+10
1.029046684201664352e+10
1.042237276300746155e+10
1.051687204898097610e+10
1.055056713828958130e+10
1.055816827583684921e+10
1.048827003119610214e+10
1.035429279753493881e+10
9.849580700384761810e+09
9.351137608589551926e+09
8.904814759755855560e+09
8.473051403796141624e+09
8.053394628580314636e+09
8.394278124961132050e+09
8.791645567111583710e+09
9.001303957286470413e+09
9.167308788826374054e+09
9.346314165566478729e+09
9.137975761261455536e+09
8.853784558128303528e+09
8.669193745405288696e+09
8.584833385915146828e+09
8.502020729049260139e+09
8.089895604088359833e+09
7.705429575472692490e+09
7.045528765909468651e+09
6.330244941331285477e+09
5.637518483763293266e+09
5.633725180451065063e+09
5.633239505669463158e+09
6.301774215468485832e+09
7.067327761026724815e+09
7.894379345918206215e+09
8.434284465241136551e+09
8.982777893783386230e+09
8.814871748756454468e+09
8.616173592318614960e+09
7.968942335709982872e+09
7.224078479759013176e+09
6.521258255723749161e+09
6.541212299892126083e+09
6.456420993133122444e+09
7.119569460495688438e+09
7.843261230424752235e+09
8.150485269134862900e+09
8.109904358134964943e+09
8.146942333873928070e+09
7.809544405371311188e+09
7.443083086851902008e+09
7.816882250306744576e+09
8.154812241559459686e+09
8.461024972123129845e+09
8.842932384771846771e+09
9.323326120304141998e+09
9.528352054655544281e+09
9.818175815908954620e+09
1.019255432336976624e+10
1.054073401251362228e+10
1.083587136465255928e+10
1.106298653706355286e+10
1.124803012102423477e+10
1.135303254252500725e+10
1.095439218010698509e+10
1.047423329371139526e+10
9.944431162043046951e+09
9.386089234604164124e+09
8.832945143333696365e+09
9.143674537437877655e+09
9.442193731916328430e+09
9.721525031641960144e+09
9.956178399068502426e+09
1.015947135609298515e+10
9.962896641569004059e+09
9.852996609125215530e+09
9.746374441948936462e+09
9.714800599641962051e+09
9.773212054818466187e+09
9.876590512241691589e+09
1.000834742970628548e+10
1.027198664373611259e+10
1.051038435081253052e+10
1.070583067199014282e+10
1.084752572635332298e+10
1.092293113248207474e+10
1.094222889079597473e+10
1.093938421732104874e+10
1.060495275561940193e+10
9.839440210480195999e+09
9.035541980463430405e+09
8.199305786868830681e+09
7.439169524087814331e+09
7.342483312676158905e+09
8.103571358299055099e+09
8.941490962031709671e+09
9.792272429613742828e+09
1.052340318068472290e+10
1.045476913091294098e+10
9.548791287764831543e+09
8.587949347454684258e+09
7.530957887960710526e+09
6.622521204523124695e+09
6.616561270688926697e+09
7.501261611529453278e+09
8.525724076026514053e+09
9.781676044849023819e+09
1.092877011867767525e+10
1.162385860676080513e+10
1.182091968195982742e+10
1.183662041796528435e+10
1.159170956189303970e+10
1.092577612931231689e+10
1.022269239196363831e+10
9.489838817951881409e+09
8.825045709433952332e+09
8.391767124748223305e+09
8.914715487890632629e+09
9.582219604262472153e+09
1.038223519159040833e+10
1.121596786667107773e+10
1.190611345810203934e+10
1.205449717575912857e+10
1.212270238438500786e+10
1.214701341768498230e+10
1.215149743008345795e+10
1.218413812836111641e+10
1.228600667180691147e+10
1.233374703899917412e+10
1.233808711544328880e+10
1.234871134287751770e+10
1.233770490435329056e+10
1.226749320440712738e+10
1.224884279910467148e+10
1.225175036435021782e+10
1.216283163912338257e+10
1.213516923064089775e+10
1.215680070166901016e+10
1.218712125761347961e+10
1.223898192004969406e+10
1.243260728489900398e+10
1.258401000127140617e+10
1.269829148957054710e+10
1.275258793566685295e+10
1.273293559275158310e+10
1.262861836440966797e+10
1.249494333949069977e+10
1.239213487237970543e+10
1.236922697899994850e+10
1.238651574302150726e+10
1.243074584668052483e+10
1.253618578686736679e+10
1.260067031938703346e+10
1.258931499691898918e+10
1.258809048897655106e+10
1.266633092717423058e+10
1.273902055654259109e+10
1.285606100159873009e+10
1.293705589189375687e+10
1.251043755296622086e+10
1.179933574780412674e+10
1.107513766646702576e+10
1.036058380689970016e+10
9.858772915044542313e+09
1.040895525833883476e+10
1.133980909205743408e+10
1.239439283562642860e+10
1.326216868225881767e+10
1.382388048240075493e+10
1.389495964804504585e+10
1.378174611873587036e+10
1.345387205862306023e+10
1.347507767305480003e+10
1.382608476443462753e+10
1.404684834706637573e+10
1.423661668876148796e+10
1.445240295370686913e+10
1.429032322533404350e+10
1.393466285293828583e+10
1.353189285810309410e+10
1.316454777918714333e+10
1.285760663447941017e+10
1.282725425839333344e+10
1.280176543056682968e+10
1.299021759415932465e+10
1.313353109381957626e+10
1.325933610775300026e+10
1.328571430973285484e+10
1.323499175008206940e+10
1.303348273478474236e+10
1.274291961532502747e+10
1.230519059051983452e+10
1.187426861304665565e+10
1.161414030591579056e+10
1.148450585268378830e+10
1.147663653659847260e+10
1.187335412028600311e+10
1.237917392593999481e+10
1.290523682329251289e+10
1.329922301631402779e+10
1.386651158046619987e+10
1.408050554897613525e+10
1.406508965745613861e+10
1.386429724023144722e+10
1.376325993882227135e+10
1.347564940599306107e+10
1.327737479813572311e+10
1.321357948475151253e+10
1.324934992054128265e+10
1.316168687624206161e+10
1.307960512402163887e+10
1.307805545270775414e+10
1.312762984086605453e+10
1.324491976374034119e+10
1.351756963608115005e+10
1.382502943483925247e+10
1.400081638281793594e+10
1.400545713656867790e+10
1.384376645953185272e+10
1.356861888555909348e+10
1.326152275928905678e+10
1.305760319180453491e+10
1.300354851835165405e+10
1.301180469091926765e+10
1.299683616058180237e+10
1.295054837688336754e+10
1.280123854997579193e+10
1.251554194130926132e+10
1.223724845083699036e+10
1.204190061813462830e+10
1.180339377997109604e+10
1.164259951960527229e+10
1.162207471632050514e+10
1.167745862242945862e+10
1.173699207761953163e+10
1.201079294033463287e+10
1.229976342554376793e+10
1.252259387979850769e+10
1.267062498799831963e+10
1.265577881707785797e+10
1.251607544053179741e+10
1.238959204180020332e+10
1.220234908721773529e+10
1.192608907368897057e+10
1.140171482790988541e+10
1.092600936202887344e+10
1.044714189065315247e+10
1.002939285825359344e+10
9.768260133306606293e+09
1.027341663168466759e+10
1.013334808678865051e+10
9.912225614145160675e+09
9.714167829137151718e+09
9.419856454890911102e+09
8.744450207761062622e+09
9.033856593300973892e+09
9.233354391346294403e+09
9.452119922262247086e+09
9.757073162869926453e+09
1.011754390825341606e+10
1.019800193912314224e+10
1.041574013181091309e+10
1.057483187543812943e+10
1.075599197202296257e+10
1.092643869601631927e+10
1.100466171299651527e+10
1.113193553509645081e+10
1.134353668442064476e+10
1.143509927767938614e+10
1.146522607073424721e+10
1.146161715348854637e+10
1.134904248456156349e+10
1.116311290995292091e+10
1.105772502011616898e+10
1.093994081976869583e+10
1.089197612166582489e+10
1.090698304359516335e+10
1.100646387863858795e+10
1.109588121716062737e+10
1.114506521465751266e+10
1.103587452664704132e+10
1.090240973980118942e+10
1.058705641024962616e+10
1.012773350455798340e+10
9.688629687777595520e+09
9.385836978197364807e+09
9.116794553573528290e+09
9.006678519686548233e+09
9.118216117232301712e+09
9.338508396475139618e+09
9.567244315632799149e+09
9.778027443373884201e+09
9.902698737920785904e+09
9.875058376177209854e+09
9.767594704224515915e+09
9.251200027448841095e+09
8.750036387951284409e+09
8.307453888839509010e+09
7.968443040005980492e+09
7.622098473442313194e+09
8.025901449249364853e+09
8.427648145310603142e+09
8.795960433956954956e+09
9.001627258870960236e+09
9.237498880293395996e+09
9.132008748190690994e+09
8.979896089284603119e+09
8.856386816122501373e+09
8.902893940952430725e+09
9.001185327006204605e+09
9.120028124504716873e+09
9.336518985889102936e+09
9.584016630582443237e+09
9.872698807279363632e+09
1.005073619723128128e+10
1.014259284595454788e+10
1.016059534111921310e+10
1.016889504948925018e+10
9.672030118320194244e+09
9.304820978883098602e+09
9.026082322466611862e+09
8.778884177518142700e+09
8.513876294062664032e+09
9.061092415648763657e+09
9.483739027826976776e+09
9.426863827788454056e+09
9.294781658215538025e+09
9.086291124369495392e+09
8.447122271053495407e+09
7.771264936519071579e+09
7.852130404157676697e+09
7.996900209154823303e+09
8.215651592711053848e+09
8.496572021881397247e+09
8.930788362283393860e+09
9.042036614425107956e+09
9.147104173626333237e+09
