11169234988
14376488829
5006395231
11658697456
12465104424
8882226246
10690777934
12116171937
6718123631
14532834174
7029815276
11457966604
15944687151
12432320859
10827765800
14104205447
13308809887
9233192731
8517890042
13815040533
13586230592
8173949481
14946020856
11075402899
8643113936
11172398549
8229747311
7151163328
8833865320
9101791519
10154033095
11189010008
7893636956
8922441281
14264702445
12071916510
8936855800
14731361080
14260057461
12987759594
13644886136
6930873547
9431286187
9816896439
9730817228
11957689091
11125369302
10471174986
9823673926
7158472642
7124764484
13073802541
8758298657
12311579210
10962630153
9961820407
10188377810
13740240680
12525586291
12798727158
16605268557
7993396005
13997160394
8973609963
14759320015
7043680077
7689672066
13258265251
9313398212
4746962330
6457714350
10131251209
14298307999
8631671472
14125742075
12369585356
12322799392
14050644122
15340815366
15731405907
9910872989
11052128861
9947301431
11174102782
11742878557
10506486496
9452425965
11556695528
18165211879
9575795530
6899047543
11342095332
9101516158
5896032021
9817782634
12828488141
11606700193
14921283583
8759259114
18034396691
11029524423
12359043714
17311047163
7489785043
12398398978
10599863837
5171734181
9724783679
12455697578
10007963295
10477767296
15371598200
10555884670
7780838406
11479108395
11609723089
13191109521
11065167780
17918017739
9618586388
10772995802
13184516423
8896358169
8651655357
12433663412
11684687909
9440472478
3366271775
10397069315
5584449075
12135008424
8899138422
8249899578
5714795401
11380959857
13284353516
10323503569
9629383322
15080323643
14674874153
9349084063
13125899687
6263091952
16372635269
11118601902
9979163299
22968192951
11555052193
14042593338
10184652443
6879119738
17721572122
12162186728
13345114581
13604607633
10344972447
13535755931
8464525765
14141972331
13511886899
8797906506
15916604595
17915406728
14062567421
8019743998
6380992055
11275080477
9058844685
11218689268
9371113607
15506170472
8457694096
8274741673
9905867252
17153535524
11994108756
12740922542
6865759548
10425490008
13802400790
11231136255
6483250877
16225776518
12752244192
12910674209
10982249757
9339659845
16116459745
7556451845
8365417351
8611730489
6467101432
13968736070
9464298334
14836596536
8877596065
12110833842
12875747550
10263117578
10776027236
10547586085
13735445463
11049674145
12159504423
14166073448
11665298736
10286103949
12434919676
6551342321
10622739617
10098382221
10635026092
7722755943
12180466652
9900498135
11361681139
9658983258
9794673714
9059518051
9320258195
8626751258
7251565276
8886780059
7453028406
7910625877
5946804686
6209668739
6415920543
5413016996
5725101449
4395995297
4642419504
4647965513
5248037991
5217183883
4611839854
4315457019
4497911160
4179695522
3528761100
4043824329
4614139080
4716325422
4870332455
3643369966
3365719970
3976163594
3908503731
3338304458
3364467514
3092867818
2711007917
2494056526
1716468650
1875359952
2201273852
2536917373
2864698852
2263871718
2071739331
1964841853
2131507840
1668310176
1623805867
671510703
1246892684
4529469603
4149311040
4621057718
4759682020
4981550231
2759756548
4159469502
3493093362
4704068815
5023560036
5979087373
8564145278
10074328253
8571470665
9270533662
6970181716
8367773678
8036195524
9319253915
8217059707
9288508796
10838286732
10637109042
12005392337
12288632888
13872387286
13004803820
13052445883
11880564594
5637517512
9505002136
9511240078
10811009250
8840921679
12797110999
9889782868
15323187368
14275836853
10049313199
11880097617
9434300873
10336568178
10708481906
13632067173
10283618590
10663298651
13780887766
6304177635
12265651542
13150145938
12865881895
8320053423
7606875540
10229869042
15846769898
9947041705
10707265601
8229288736
11781395523
12725392835
14179220935
10277288071
16975307406
15278153634
10710239865
11405991818
10234864922
13071475976
7741856953
11011530183
13693571961
9496701535
8259392673
8401180901
10257673414
12431248855
10683668550
9874448013
12244489822
5418749442
11895657119
10518016619
10246911386
8879363480
12415087037
6670215235
11765417708
11296444987
10620670311
8254655343
11142063268
12834254821
14989017901
9274323166
9356640500
12982152139
15459344344
7813055947
16664732719
