11690570766
14288301219
6384494144
13434373508
9900658921
10858721746
11853815588
11781315206
7518516708
15541756452
7604098926
15000794993
13595656744
11717869145
13151190031
14968558490
15778168460
9906497478
8696747248
13525613049
12505784394
8499496068
16171770502
10589975144
9549219709
10996896907
8394240683
8959772020
9412463401
9734066314
9284159851
11739069303
6371670067
10333160933
12742945877
12340378628
8007134489
13464715044
14298700218
12953740054
12592778724
5287803191
7855818843
8925933898
9854737406
12244591809
10785346278
9224374635
10462311322
7112973802
7328528837
12705070012
9429711381
13004984425
10190383638
10165656647
12412995334
13401457329
14200243500
11463159009
14887072580
7795435960
15397402974
9747428301
14082110293
8225200709
9187558885
11337875834
8969139568
5781592686
5948539241
12167886198
14097233227
9491948121
12476128017
11615966968
11059797602
13673066608
14993498057
18191678732
10322387137
11240415331
10580134481
12032383569
11586330839
10428894604
10225070769
10434667084
18873745225
9720633735
7796579903
12155654313
9748050151
7505009225
9509038747
13117155436
11974391922
15637962933
9913202282
15268216999
10147538208
13161584486
17388524801
10852985817
11616543869
11919494052
7388553658
9832929190
11361508887
9566864998
11001649832
14508252270
9830922406
7075739815
11945128820
12943140920
14366456201
11209211579
17037826601
8739243571
12322135013
11509048042
9550427312
7753159268
12078580528
10909614422
11239239163
4484156698
11932868083
6603682359
11841115887
9355843694
7780824332
3998335506
12595527600
13399157036
11766970582
10594676904
15978473078
14310408007
8836345960
13292445229
8089254862
15524130546
11610778847
10226047603
20301495985
12056624918
13848239216
8696357868
7558160179
18323236790
11240227354
14644840737
12022462278
10306037427
14467418290
10084065057
12195189967
11874502172
9606963337
15231796658
15391342377
12531985795
7577215985
5520629940
13468505135
8664477661
11298539544
9763383648
14233939670
9236934854
9289538945
12132735414
17192274269
11184526965
11789370318
6939298612
11305936991
13837813333
12427955517
7172366420
13923939889
11884385206
12958584074
10400858168
10810539135
15944222393
9700290302
8917152094
7661347788
7698267849
13048990221
9168496442
13268478038
8595869769
11776172389
12531803738
11368491724
13059999530
11246631010
13464125378
10778728848
13130953714
14602645390
11929977989
10912431484
11129381161
7482741104
12050279287
10561975659
10132177788
7676628297
11120185728
9805380859
10058643790
11582488308
9020599479
9988326525
8966814300
8999299779
7018270261
9345457373
8197270671
8122808820
7221284390
7833166892
7498353433
7366525363
6992150319
5321362505
5437964202
4015674298
6161336028
5226479321
6053679018
5363641173
5130147328
4715156638
5154757440
6013056158
5995103071
5920432328
5479887352
6216301869
5798409939
4936533136
4228239779
4959772927
4737968525
4840486909
4660842891
4060571149
2482598294
3938691144
3741294087
3730427548
3900665819
2977128585
3865168373
3545069220
2539280441
3429404478
2077445321
2391994569
4167003581
4100157705
4296928252
5360538522
5926541507
5795774296
4994135213
6016658204
4064692462
5787033739
4565693827
5771073638
7826846000
11503669258
11251270291
8667823696
8096640032
8978328866
7570391673
9458073536
8941034900
10079422540
12028309012
9377674284
10731526229
12246334813
13540188674
11903968962
10706435448
11129006191
5168871456
9506417745
9208005155
9360201413
7059889637
12641882540
9707175721
14194461857
15087575266
12058005404
10699884859
10426524038
11582638873
9046089015
12344854592
11140272231
11737230278
12501265868
7174069963
14033065703
11680170757
13431295705
9124455361
8343811612
9090639797
13919026183
10325479110
12673359797
7555537948
12762390285
12518005714
13329269691
11075344447
16432263619
13893306801
11872165753
11513544344
11689750095
11243772598
9809097575
10173000408
12580916580
8956095877
9613756425
8891194981
9680233626
12082870833
9826074817
10009630750
11802467299
8033698035
11175790415
10645223204
11355247437
10291354206
11502310566
6510969634
10870773440
12971868972
11483518106
9149323897
10829963339
13025245218
16896499644
7954947610
8680229801
12902883602
13460963250
9054458422
15311629533
