11387305772
11245637602
10695619236
11508365707
10645364031
10598313494
11840669676
10991162334
9920249246
10689602156
10646848265
11480226944
9936973312
11065056956
12223510881
11545016373
10301221342
11425891944
10579669226
11403063483
10543078219
10750118440
11642504651
11106351858
12034716905
11076277389
10211202558
10377702325
11824005588
11520534777
10844091549
10558759913
11050051197
9947565406
11385200872
12133057334
11328423420
12346374533
9935906926
10931096889
11764859229
10907081263
10615386993
10816195080
10618065878
11929704988
10951493157
10903123325
11078865470
11180231959
11476835613
10762796088
10484667268
10797264270
11348706883
10880766093
11115035267
11282523204
11894493019
11247832459
12200127699
11976889291
12298974945
10472302780
11269925752
10508300194
10917142020
11334066143
11480288551
11456732053
11868530382
11878941385
11516768357
11269188992
11736076235
10056056183
11688307601
11289390428
10715597279
10948395263
10807543341
11452095426
9812186012
11134786934
11126443100
10844023232
11239472168
10774504192
10886837195
11539403188
11366029579
11835870884
11419544341
10899368818
11446444040
12076264807
11948356194
11148980374
10185476486
11375957381
11393572324
11343220963
10885815874
11132109035
11460773316
10056748341
9519441862
11620313810
11104064910
10903613510
10978338896
11357451417
10916021554
10308369961
10760421705
10842956746
11906459539
11277027879
11757470876
11361701743
11244066698
11886630646
12034565858
10067507280
12366711726
11528483096
11096751213
10421655383
11138735622
10774184549
10931735624
11733611631
11100284845
10681643555
10870287447
11764060185
11581319926
10736708148
10989463233
11660523953
9914284037
12051021510
9491617058
12439075040
11704314608
11293988315
11540420821
10065989834
10625930230
10115993124
10427701333
11828540103
12262734873
11809378551
10930237650
10938563381
11930561070
11072547360
11067916570
11162092530
10153189209
11030167215
10960937527
10740369707
11161057749
10375838330
11421656571
11180048381
11578486928
11030238209
11032508350
10757590424
11750964737
10268825114
10700597273
10755454320
10095628067
10663339820
10642320837
10793184941
11707300219
10012269048
11727815145
11483753742
11655669234
9700144838
11628641555
11025720866
11879697640
12197372038
10687268140
9785145749
11792387802
10874062615
11288101725
10962558256
12612267978
10948352314
10801056828
11428510400
10191874988
11152284362
10361909408
10889188785
11165745917
11562917002
11549374313
11250372585
11338031991
10324998011
10383642086
11275137927
11555522584
11050987449
10451572654
12054468589
11478944451
11106329224
10478818842
9696830189
11179350644
9478043579
11269104697
11314920342
11842749706
11289567922
12366259156
11443386844
11897062628
10910595525
11153976478
11447673257
11962274109
10125762780
11924616189
10740101692
11058615233
11241763277
11503899842
9343054720
10349510973
10935166694
10214309250
11280429875
9817787111
10728474303
11674366737
10667159937
10798764432
9218043051
10042064940
10642062165
10166185449
10182568513
10013650309
10576954416
10497492383
10072941174
10667909127
11181628196
10566837773
10319995630
10980471895
10754133527
10914767802
10277827721
11843068618
11239846523
10711410210
10162181398
10750672998
11825181063
10768631530
10117683196
9821295010
11365808706
11028781414
11200847760
11122415565
11411824821
10860360479
10749103407
11465791998
10897628075
10266931542
9950830434
10796904544
11435940645
10531896371
10902486790
11824140900
10470223748
10622821623
12108569212
11740531173
10381836844
10134972031
10711290649
11520254543
9923860472
10659788318
10049745281
10559684753
11406792471
11831502038
12466959640
11998156275
11502492706
10675726138
11611935390
10693373065
10738167754
12164766583
10830692763
10489792301
11665202333
10657820428
10621379689
10481244872
10255184524
11419349297
10904438575
12191005793
10235718240
11211735089
11441304698
10948320561
10834075577
11268019169
11517291758
11835822549
9996723589
11824904349
11701428011
10552655158
11800979303
11706600600
11553069052
11339100521
10545147303
10027393707
10272379350
11198551300
10862617165
11160405376
10579505583
12193237226
11528679310
11961072397
9389504383
12266741714
10852443019
10022324230
11060200171
11486484206
11463816540
12142198120
11429878374
10779909918
10728695195
10692881061
11390371125
10596075817
11972662149
10926859686
