9781986726
11348561688
8250007479
12303236273
9924518837
10687115210
10629227032
11130974804
6899915328
12239292102
8850483495
13177520512
11398245287
10747971752
12545654870
14142214358
10724021968
10602686345
10681789489
14301673819
11971879366
9332985738
13199129063
10824769633
9106797755
11730078781
10118420407
10823207308
12561936123
9919859762
11461006157
12835520566
9249847880
10197784487
12447624762
13233602613
11253647674
12855200282
11621874818
12193762343
10746636890
9144038264
8300714229
10062022542
8085798445
11121832102
10997524190
10049264033
10930608168
8821683541
11371219171
11402558276
7198361766
13095526888
9263117332
9290288952
12732673559
12101042739
12323495419
11054851019
13554374407
10259341769
13360589091
10028508589
12444959272
7860771469
12422466302
10630690566
11131405725
9859529178
10939223777
13496537808
11582543988
11724828847
12928319417
7474622912
11867270521
12855083758
11664473732
14643525015
8509986965
10590732393
9690036067
11906311555
12017552216
8833926805
9631412592
9210421570
12485265511
10197132067
9898474241
12992841174
11747396657
10781198796
11394270599
11418205378
11589963999
12577390460
10216428166
13084236395
9381784416
11988576822
11208197652
11618792986
9502690189
10650776323
10000544857
11924039030
10395907523
11422769151
12889664913
10848010442
10476606144
9815823566
10429437735
12255842531
14180051026
10319417182
14265320539
10419562045
11821585288
11306652809
10665502409
9104774760
13805081226
9523302281
9208122518
8058226318
12763826166
9407162145
9947642910
10602913165
11707019136
7482398432
12159772776
11469863696
13444827631
11996478622
12796657800
11921689558
8900580188
12780776732
10058834190
13206913708
11697948504
11548775630
12766972617
11118375931
11974107836
9331516244
8486191925
13048075155
13438945786
11798133533
11513902899
9968095862
11884600482
7558737628
10899688553
8941100671
8634440927
11312835572
12625416477
10398595965
9116265359
5907665152
12136149444
10600306472
11724969357
7469008337
13563762021
9209102437
11128889753
10508350762
14752030702
9872473242
11746619263
8126468062
11320330761
10667335926
13090559301
6531381697
13401495053
12491547801
11845274040
9143486375
11588612776
13300598948
10447709016
10203415747
8749054265
9675558441
12487775877
11252795478
11954313015
10782641637
11988137715
11808594770
10977609013
11868851164
10228911112
12491041114
9590562346
11384415079
13167481841
11229732390
9959541439
11664037503
10400401992
11424825694
12761602548
10683097747
12551530782
11097875567
9607455523
12183574040
9990915587
11169540279
8953376941
9944748030
10120306060
7093505001
10963224140
9763632949
9957717561
10852680533
9583877844
10278263525
9861805430
9498766941
5919465753
7964277139
8248412578
8021254411
7658303767
9455025018
8552802398
9157042143
9141269384
8405150596
8656751278
9878480069
9609041010
9086507410
9078585086
7121788380
8847482278
8373334811
8307298885
8644164219
8531090889
8284514967
7354493111
7722650643
7485170770
8554082693
8083273264
6659382931
7545142825
7474743984
7380926693
6862114305
6759902571
7734045615
8169707910
7938824037
8457231989
8800430635
9422064057
10249496308
8467017120
8936929377
8427717491
7812391711
9749517287
8042428048
9182215009
11453334766
9757956841
9625478084
9673833032
9891305093
8821254495
9236832280
8897582663
9303490167
9726624233
10086840641
9069693885
10608705154
8594412294
13235824465
10152739471
11375190841
12292033713
7938680879
9568038366
10161140013
10637458907
8467775538
13597247952
9720683718
13399832772
10794939902
12367735759
13839421309
11631300122
10449598876
8319519988
11467609463
12360334023
11605081124
13424765782
10175629989
12869261502
12226823819
11993844306
9907789599
8751975662
12236075051
12219570340
9723380650
12381720122
9518951374
11309719214
11612151972
12235631849
8470910637
12415455798
10934741275
12200021594
10950152633
9938039981
12004436130
8693657821
11297900582
11650720979
10135820324
10346209050
9373599565
10377159001
11214650065
9038761788
11966018947
10446204427
7574935294
12344673665
11551316297
10860272083
9093525203
9931270052
9970534384
11024413515
12303744520
12657441245
10266603132
11485288566
11018079723
12968641623
9381588282
9512302784
12490353363
12332695915
10212871241
13695223287
