10213895889
13287333248
5648321642
12379810227
13376513572
7516246833
12270037312
12556181478
6717650494
14595944315
6335952510
12161300425
16826053935
10749529876
12210314892
13786573737
15421578108
8234820821
9745734368
14798201954
13963144500
7723701911
14602054712
14377285215
10422490398
10641105717
6171177861
8007419812
7365993470
7562771348
11270667275
11874063197
8739727505
8564640141
16900035057
12635012347
10211493832
13825295560
14169452840
14364279243
13072812869
8111492881
10073575562
10283922010
11884000734
11160246882
10847711888
11205667646
9721269497
5524327235
7773846897
12286412780
7484536668
9863357416
10660002219
9908807178
10917536880
14423903695
11494043437
14668850295
15407053583
7201252760
14033131356
9462718831
13402161369
7484157342
5835368242
12391283214
9592069629
5974724525
6946993035
9631640024
15210521057
6478753252
13166263130
12548892868
13768696347
15952538823
13531250428
15744091041
10255652237
11061029182
10025775359
11411395615
10776684650
9875664694
9860783370
12368131089
18735616514
9227243725
6159617041
9911921730
7808415798
3992385130
9907968249
10761646001
11299666963
15451670039
10352317189
18279602047
11598396385
13273041155
19386412922
7089269842
12576409524
11012726934
5129095139
11646447794
12504935493
9868020161
8800907421
18137386249
10420842776
9481196424
10405717819
12191757972
13663977592
10269175316
21368087951
7494528123
13017135417
14130749329
9448893780
8612771160
13843509579
12067954674
10189685099
2878157280
10823794071
6509653442
12058011728
8132712661
8356234631
6946648519
12385250639
13185497564
10648839006
10152982597
15176166316
13364507120
11351996165
12569341335
8463028002
16542326698
8266098685
11630348670
21561363384
9182029345
12908851890
10200001118
7231173075
19435681229
12887967072
12545656554
14825607146
10309725514
12714918397
5372916524
14879390492
14252052140
8754586760
16429836628
16573655037
14145546644
7797257435
7729717107
13697477168
9866585139
12683369897
9617043247
17134852881
7074857185
7006142791
9433368055
16392583239
10500820534
10728773817
7035061143
9654230084
16017504557
8675445238
6349637803
17842727620
12965899781
15326975301
11123240479
9525816951
16844867643
7788977356
7742288653
7604185863
7239756395
17587694810
9931626375
12912716901
7994556129
12532022391
13060919085
9426333839
8554217851
11939957461
12976683613
12941042148
11336105139
14261447320
12793437380
11616332096
10090271047
5588349781
8000101987
7332535166
9830138876
9178868702
11681914601
10641383640
11424102128
8242384353
9966660392
9073380955
8826881612
8339137668
5911304162
7491905553
7751805599
7130520893
4726266442
4652630233
5759052348
3654547113
5023599082
4667902178
3108457056
3819689559
3802313824
3856910396
3712404893
3025917355
3411617414
3281944496
2796232080
2910987381
2707042964
1569498493
2565300701
2501674236
1908335874
2112250914
1811759929
1808736456
1772385453
1648235619
1418948936
1456096504
978266892
755949102
1226741690
1150977072
887058737
743538520
951515462
865865433
185029879
827939325
630163533
757970043
1169363981
2560681943
2649575119
2742727173
2581051652
2321876215
1133458890
2633540278
2026036206
2968438141
3565269201
6466489997
7244862337
7302347577
9195478142
10373764768
4701875054
7121653441
10562551857
7729534887
7826716323
10499946310
12928698526
14021224233
11594080667
13891075777
13164748415
14841161892
14671903287
11702578779
6394832759
9167398529
9777443682
12450863067
8493183700
9291637652
10534053064
15030158812
14376119994
9713153197
11411871578
8968458408
11227425259
11255808905
15703344972
9500345861
10611300636
13018835123
7382075628
11701711083
12552872208
13704120643
6016527204
6084372591
10525627869
15299894008
8795302187
11577943316
8255325582
8423648040
12426089910
13654555248
10804554913
15901551577
14159117129
8391692275
10836483385
11115536045
12899017700
9337296742
12440618431
12777687155
9447330755
7430496303
8406531698
10805689851
12562957960
10806246844
9258809946
11123721112
6087671635
12136085890
9108732011
9722339940
9910573059
12744805910
6506255054
11215035502
11466414521
11585863238
8737682421
11412257401
12714990740
13641722722
8350323619
11612162673
15342824738
16706692191
5566880176
15562754899
