11534473434
14399486285
5735292223
13873407083
8599492562
9459156580
12448148807
12804905485
8773270990
14579020392
7730722907
14133505752
13179123468
11990490813
15011418091
14691788522
14795311113
10136476409
9195757929
14878565157
12805997865
8468976580
14698333398
10423526727
9449982038
10379333388
8162909779
10715867642
10238995289
10002340786
9686399993
11770263948
6653590586
11143483831
13376901987
11752174826
9304378987
12585001249
13361966800
12824633639
11448980725
6522488249
7434397924
10377617766
9377016007
12826354786
11036692723
8647725994
11038984745
6655556741
8161817155
11761232295
10995604862
13481599998
10254056274
10867803280
12575243679
13495991321
13972866121
10988448882
14638741935
6687861429
15031815657
10477880788
13921483381
6414111497
7704422094
11712137578
9575357415
7126089328
7251229070
12648951309
12820968475
9296157007
11947688772
11081702526
11317262471
13361422532
13909884279
17134187353
11164266261
11479328066
10958825904
12787905009
12367786521
9688425044
10147945023
10428263755
19024053149
10240017023
8829307967
13191227407
9428219479
8668588192
10019416998
13510880107
11550991165
15393207088
10267568557
14061242002
10588609195
13004497239
16401430426
11329506083
11417184567
11335185318
8674263748
10912235778
11355951053
10227543677
11864450771
13433391597
9683660480
7394358961
12440471894
12832585983
13992404042
12380783890
16902322938
9568757269
11458083400
11120768424
11013514219
7848196055
13369537265
11331624576
11075829036
6106236975
12272462142
6195073203
12731482421
9933519257
9059366956
3867980656
12411944650
12166673718
12796529564
10866993708
14725483346
13092585741
7643908738
13183487343
8574418229
15048430939
11298612500
11031491972
19416050630
11551281276
14072368920
8247786788
8560311440
17752523077
11485522863
13694920927
11635270191
9970091926
14612051866
10371491159
12184195176
11642411593
8912651684
14288149021
14309963960
12374831184
8353901693
5286250070
13594169250
8946158467
11388888681
9740346373
13593887497
8765547032
9541723498
11991759300
15779533428
12220095867
11254578267
5883438856
10697813806
13052513510
12919923750
6256135247
13984137287
13535019392
12048213250
8696509328
10749949849
15564587119
9812615063
8692401593
6515106335
6845243352
13588693348
10372125554
13066204572
8188842849
12639620635
12774654765
11555820419
12968010182
10938058236
13103310579
10599232203
13499133467
15042596766
13121616996
11790867376
12028409941
9062192402
11477959432
11278880934
10405712338
8284717219
11692069194
10147810682
10066313314
11408354580
9926532443
10227321072
8262276760
8449717617
7260439873
8885833452
8776588529
9007893999
7600842433
8443349521
8167593436
7615033230
7071019154
5564694669
7191551010
3852750366
6295535789
4409203789
5606822632
5447742623
5692366608
5509978025
5387086917
7282372085
6968847319
6134688687
6556947731
6039532494
6079480837
5303233983
4938026574
5909511021
5583793979
4862331217
4728325468
5165942486
4671618154
5611300259
5062258935
4782125271
4967172654
4055410004
4396947532
4165866410
3925771480
4265126365
3528216894
3372698762
5869485828
5943155012
5194760458
5990062975
6186050645
6181848804
5635715390
5852862998
3421748388
6016545137
6623525589
5847769891
8533620657
11587058710
10795361157
8983997125
7911665202
9352213078
8787819964
9178266391
8411355516
9998946079
13098533914
10422937607
11386837387
11757177781
14128792034
10839988170
11107743224
11345151040
5067616448
9855533019
9870858158
10784271863
7591159939
12275787455
10383655321
14506824847
15456050196
13061783933
10515336175
12063997801
11772165354
8928597265
12190979779
10792869527
10955779377
12390463486
7628144526
12877202257
12359533429
13735201347
6911815965
7577908234
9466379580
14276354651
9867361426
12355360488
7407535685
11918364546
12777119074
12782076323
10041099724
16413279764
13987865938
11529531836
10898439015
11716575692
11266196195
9013937148
10518088901
12251313091
9303411620
10536815535
9174447819
8084323912
11812082191
9713426423
11404393940
12029016771
8625837889
12470445764
11040007377
10906551847
9067588421
11336755110
6999783924
9389631131
12984089262
12637453059
9277846993
10833400114
13498729106
18264103860
9284463905
7649190940
12569835553
13876401847
8365556492
15203174943
