9465892736
11390514473
7136848608
12032909663
9775938714
10183695374
11639419700
11210699987
6794594819
12314814230
8805613924
13232823950
11161123548
10313611121
13281577104
14351282333
11945634826
10622320603
11397961057
15125763929
11984350301
8802819413
13134965942
10725181800
10192931664
11123700926
10488949954
9972937429
13710967668
9672562911
11527307428
12363023570
9551124840
9375855318
12084504727
13126029312
11105034515
13436705115
11482330473
12428398988
11143127968
10065390887
8037214139
9942007946
8175133605
11819985881
9738714570
9925506808
9986802620
8144519427
10537877672
11982264594
7088507730
13350170383
8737347347
9787735077
12793269547
11844597634
11800989393
10954171662
14307171812
10371408710
14518367516
9463096637
13122360259
8103397540
12000028847
10914723685
10922366139
9753862171
10725880317
12997746709
11049595315
11857717787
13358036548
7285013291
11003811114
13218737867
12033581010
14892193615
9253875210
10909142265
10052940166
11630785638
11547285290
9921949800
9881857233
9191225464
13043729121
8713180467
8971882882
13060462512
10911024764
11150455847
11281638236
11647232184
11893951726
13816997992
10270805237
12543132660
9877552020
13029923564
11600131986
11687119340
10033571808
11075207051
9681276573
11668307753
10074961767
11560510499
12849892123
10953458021
10211360288
9367567813
10343181847
12572797118
13828852632
10573426376
14611642843
9873246130
12312603096
10812804572
9883950855
9342588577
13680661118
9965435420
9182268313
8483071199
12913679192
9629975749
10158660880
10671351205
11932147469
6599409615
11792347886
11025604847
13201834806
12648448067
13532668513
11361978132
8162322736
12407466362
9655429737
13033087916
10948923456
11593042239
12889882149
11257490522
11982321977
9636947224
8404061065
13538069742
13618282233
12396856296
10799946023
9747007719
12272224866
8104783395
10754882175
9086313906
8280227930
12014369836
13242482834
10420917906
8748638760
5221384759
11802661142
10967407041
11316898715
7184533139
13500212538
9197151618
10235405519
9964101283
15171745694
10525401478
11014994851
7611933753
11578350721
10756347704
12464213897
6842619014
13353197448
12515708755
11445399716
10025893224
11449905147
13734329835
10750452177
9833321594
8588109144
9167374785
12968806167
11147535012
11684201079
10308668184
11396194073
12206384563
11038467363
12051152851
10442085558
12370032411
10073787020
10225136053
13660149064
11543247288
10891500589
11241434392
10771006668
11588660969
12358893403
10698689332
11345010728
11624849118
9650066963
11467841533
10544583736
11964124371
8755906457
9667038527
10210091037
7272726727
10233313729
9255403456
9826036985
11436944684
9369008923
10001694274
9844647097
9405005693
4589563473
7489272580
8343651480
7955306863
7515927684
8983019491
8825672245
9171651020
9012573229
7975695944
7889862661
9907930084
10036748039
8989912995
8668438664
7089477063
8764151127
7882602446
7234759857
8724563483
8593937662
8372319847
7654162513
7837073127
7664899117
8548637754
8161806792
6435978021
7000816479
7085541013
6940726221
6418647071
6291703049
6486780541
7377915591
8008442229
7991121962
8584295362
9790004286
9612619778
9054694988
8802479380
8636756269
7430977159
9569119529
8030314219
9164576334
10514696606
9325115280
9726750161
9883039486
9308307566
8242326415
8567940552
8261453467
8923504440
8978693468
10745149180
9296495429
10870932333
8886094989
13287244895
9620110960
11734954079
12307965046
7995885339
9831650538
9716687319
11256890763
7483492817
13351423521
9640327973
13610666739
10587472751
12385271931
13488667540
12406082572
10149890906
8624201392
12627697019
11939074283
12027356045
14033005177
9617213956
12992601478
12928685313
12328349179
9737085071
9872054659
11661015454
12999224995
9593680264
12609939287
9024656770
10772810885
10435455670
11671406131
8078131122
12663906918
10404743240
11983081514
10935566759
10274213051
10929392807
8617980608
10991598338
12502666274
9384291822
10732737585
9089357523
9997700501
10992087942
9032053932
12128059715
10910109913
8101451887
13294604201
11775431862
10965629723
8507121608
9779681975
9445299609
10759053694
11640181860
12308999097
10564335468
11343866353
10951958976
13834343248
8990107155
9427654364
12809462599
12583762549
10898890244
14113220487
