9648556081
11649649000
6891151337
12317100136
9768396383
9692395041
11196022061
11217760148
7271506867
12642541578
8737210423
13928211291
11229278776
10475096252
13009859582
14373623023
12020018427
10969294263
11743999280
14461016753
11837560276
8730800913
13097263710
10802865148
9555474453
10829948600
10781586936
10097469752
12754118582
9777990188
10885951350
12440588540
8814459831
8168460588
12414159287
13235088461
11373771023
12962034877
12158561774
13064992682
10944695060
10381368561
8235203071
10594775468
8723596656
11350639534
10354370044
10173618401
9929855060
8022954277
9541531589
12350402120
7289358483
13500283890
9486407894
9090648286
13266568568
11596150668
12362828147
11365256194
14269345567
10301365843
14749229759
9592900679
12810034496
7042574671
10663857482
11291515928
10234130921
9287173727
10545671616
11620106908
11183926851
12489627573
12849667393
7635699670
10553663684
13654689076
12918678983
14785261615
8924557118
10829218204
10367180978
12514707656
10308796326
9825305660
10342760922
9652342555
13285057899
9599274682
9574049428
12704103921
11421824772
10361696736
11268004212
11723449034
11254161355
13672170804
11156764865
11421431131
10751733023
12829433488
10926361680
12099603871
10164833995
11815589351
9243266068
12197211402
10246163135
11015109181
13229447026
11106564802
10167805930
9012919905
10434396064
12420173860
14697525189
11456222667
14404707013
10005826472
12921716472
9732577264
9780724115
9675344165
14200057216
10112247650
9086482455
8368778883
12703991742
9725823659
10537339181
10667443000
11538904606
6735910461
12239796229
10552934564
12830601657
12120013327
13166629134
12028243766
8158248922
12615990982
9268479911
12490983512
10433019714
12168397208
13543833218
11016622747
12938587682
9453340403
8735396522
13217791711
13344128209
12228631506
10415250207
9799515775
11782609046
8264989088
10452982979
9146680078
8480076976
11870316629
13344808661
10675910779
8742911336
5022887607
11834827373
10278379056
10697037425
7365723589
13540174720
8881869593
10475219735
9517748766
15626958809
10796394949
11293479463
7809431095
12069428987
10670313541
12683892554
7527385930
12889128633
11879272173
10905224495
9778950748
10966419447
14451660965
10962440672
9501488034
8394011223
8299276563
13480409700
11526858990
11907292218
10807285718
11021957043
13007266767
11541561375
12790611028
10724888508
12787888153
10538887591
10370457099
13772076958
11253257035
11226399663
11110442951
10746118720
11063334277
11898377330
10667652820
10895316489
12632500686
8814031242
11771230924
9954196309
11801361973
10037222429
8928514376
10071129663
6856899059
9995606072
9467239350
10024603061
11477619038
9483844594
10026068470
8726653777
8036919099
4961148066
7612922068
7634602024
8274393067
7843333540
8320855366
8321225466
9337204080
8718396599
8168692757
7261553100
9804768322
9096767521
8258349578
8901143449
6872559020
7993896543
7526343828
7170486651
8918724426
8685394626
8002080781
7253966831
7807531306
7663205185
7656328731
7440733914
6712207509
7013974887
6877410756
7144839414
5212087876
6338609731
6127319848
6182791706
7892000024
8005278367
8012235915
9129117080
9518632268
8222588426
8950579465
8621519559
7158574442
9190942796
7681364290
8599802020
10947603769
9895791132
9807826873
9851172882
8550554027
8152838072
8377105891
9053136382
7961375857
8804437927
10365934588
9839579872
9930807466
9831155307
13187740802
10014323861
11165279447
11397017928
7083716436
10519066103
9854304638
10527726092
6934514624
12842851772
10055464752
13876622925
11454643882
12255840775
13405561846
12309378761
10721476171
8274296288
12314552381
11223950501
12023958680
13973872621
8997085570
12516850827
12496254983
12800461810
9601791180
9417678308
11739366527
13200535913
9588984211
12660108280
8971866634
11802341413
11168004608
11694679154
7683784991
13493187539
10194129296
12417266026
11512925711
10227371440
11663135199
9020984524
11460852516
12751117741
10061067333
10913636974
9382895573
10438693020
11632121937
9293057860
11543106144
10915216695
7582154260
12854813198
11613345538
11518999817
8492157100
9767785134
8482819110
11059468897
11705332882
12882206832
9892999111
11152357487
10522865393
14221096726
9136788804
9137064053
13176561260
12681163330
10200044979
13756125887
