9237602216
11819953297
8372741171
11205250235
9270934098
10539894045
10914958783
10777105120
7455018200
12200497741
9611079764
13600873403
11378606574
10841263265
11914154867
12097820301
11664112747
10137984270
10682500258
15554624422
12693751219
8510847511
13579291367
11105763912
10827869127
11955353369
9793629085
10018598860
11253157704
10423209406
11522749049
12485967720
8611191157
11187058085
12663279832
13392798097
11047275238
12274362631
12508444144
12090886418
11918728271
9566730983
9118403435
9551501334
9083532253
9965021749
10801550273
9501203090
9624394097
9449060902
11961032796
11877266327
8008125841
11695537423
8585990138
10018736387
12175154130
12313390949
12809225742
9964411529
13086897421
10982639298
14796152505
9593837718
11747575782
8923265790
11583619339
11470004932
10611019264
11287638988
10380290684
13216554647
12520948877
11770779802
12476022845
7217489956
12474250374
12230284643
11620425122
15425009569
9656910792
11297841657
9870426605
11250274495
11604942085
8985114352
8856369064
9902461490
11903527507
11471679774
10057122282
13257268673
10790577961
11865460051
11243882843
11868391898
10624672683
11738608570
10781597445
11263039336
9581652108
11882728269
11224813575
11262445440
9788713210
9628663585
9887047995
11277384489
10309699638
11112517496
13200176114
11746220917
10257992369
10619484275
9828344751
11587979142
13488606835
10701060261
13629289770
10381694152
12066435199
11110304508
10638938719
9019976113
13643297536
9727750100
10059140140
8307365602
11766082677
10410845858
9772033918
11439914973
12520388088
7224660973
11236736039
10754115597
13977264742
11930566487
12024445266
10938725912
10101196320
13413908571
10039800923
12449229685
11349751963
11206202397
13477791650
11131587254
10913533774
8833465915
8374355886
12498814957
13365292969
11665280910
11235629890
10602045235
11118171671
7220866743
10924291013
9029744503
9088058752
10635397823
12725077384
10914231335
9453611147
6766060786
11932499965
9906944873
11642482515
8347332191
13049467299
9329309570
10819888475
10263503346
13677372780
9869333505
10937660648
7409051137
11722619825
10994312687
12775541812
6424344573
12705664108
12086765101
11786115367
8771671125
11665702141
12317213298
10251142592
9928844600
8529037343
9905982467
13289382071
11472437491
12451353249
9625971784
12499797272
11254327784
10611914069
10810303821
10444946970
12285644230
9895050916
11412184695
12179865555
11938580161
10287785142
12077724584
9486613331
12055686059
13516969093
10090249683
13653869143
10588589720
9925474754
12517462988
10907060200
10893889719
9007886301
10844067352
9901230575
8254399990
10915256585
10131849790
10156174621
10079878836
9421833273
10618393476
9859580052
9783581775
6837256351
8155457748
8647694752
7828704835
8806642706
10810709811
8938082419
9478315336
9564651665
8638766864
9660234428
9953210007
9340823522
9532235187
9031296936
8886241919
9389361538
8826185895
8575172795
8661953824
8243286002
8498785481
7921820732
7787683458
8466228434
8927404038
8064416841
8197285047
7846416711
7141127290
7614230969
7141064429
6843861371
8917424244
9467534126
9256198776
10054555281
9885618792
9722645451
10133091486
9669169605
9131359634
8567437721
7541828131
8752943736
8164819900
9753187633
10634004791
10234752766
10158847889
9342292523
9790125407
9281721784
9493911375
10557107874
8798251871
9938766357
11391972585
9054583132
10012199748
10334875726
12606112281
10567532191
11404092962
11400276476
8475766763
8660989269
9885679482
10761720393
8318284145
12234296038
10067022732
13582799499
10354342602
11754942148
13883714818
11719704770
10788133640
8907357555
10484386116
11904735084
12518680631
12588666009
10155079955
11601434122
11718296169
10693993895
8596405176
8522953291
11622301962
11846439450
10030389821
13285325334
9662585942
11956703518
12108711697
12241206681
8351708032
12594032902
10955941552
11121351666
10785475152
11014570190
11901465006
9233687444
10814472033
11235253677
9567225728
11471408277
10115954280
10541135054
11378407730
9589693644
10067302427
10531203832
7222985179
11579841032
11853152137
10733765061
9288969881
10279438434
9395841445
11351440591
12884126124
11190707904
11593304937
10858501979
10215483042
11519940217
9020341221
10629197263
12053429964
11561331452
10280037718
13471251137
