10055834472
13195938635
5640061582
12109490226
13188869443
7620257384
12165139971
12467047414
7036229263
14485748541
6467662873
12560380784
16654173675
10765338649
12051210069
14014857076
15542836860
8339876525
9914572760
15288456403
14238175815
7726295553
14628596567
14233012680
10468379131
10554108917
5990006965
7909577975
7498525932
7535856000
11230436864
12140748475
8753359068
8482251815
16794116826
12759347330
10145561342
13945294622
14266073568
14083407658
12844072985
8303275922
10169854659
10048200052
11802622707
11029870182
11060694720
11245124258
9577201024
5887045077
7486156969
12126437200
7244899762
9830331274
10872290757
9782285684
10781753041
14444914214
11463861340
14516634731
15615246060
7210977807
14249362682
8858195711
13775765268
7266917820
5913514219
12578463247
9763770913
6177490243
6758728744
9759577394
15307706043
6393918320
12896253128
12234329040
13993747563
16043950209
13438532846
15722656056
10718717159
10990772810
9826392127
11261141556
11047347891
10167680968
9599352941
12569735555
18745703277
8912196140
6187933472
9799037883
7961781150
3883381761
9624528743
10800583789
11440630263
15451693650
10365050424
18612955509
11207543670
13231191593
19502630155
6955853395
12745741807
10930668204
5008245100
11904981189
12726510235
9914180635
8946169609
18214147914
10607979263
9625613332
10508134741
12026551800
13493086068
10402039473
22116969878
7293352732
13110108648
14207952422
10030274939
8363670575
13660933719
12247612152
10150850752
2922531451
10492001323
6428306226
11915977673
8505059688
8494914964
6993294710
12306450862
13459717160
10552231590
10504605117
15304566111
13312814472
11018104252
12519481269
8421796187
16524671176
7798275531
11507495104
21847644268
9522931607
12859156913
10275237084
6891463901
20130751512
12743102486
12706152319
14909865626
10453700963
12745540882
5373251761
14786315056
14529378242
8718593453
16480888082
17127102023
14083383475
7493273305
8014088074
13486165295
9789830762
12963150399
9630943416
17511314505
7304774877
7261062062
9626630814
16639473956
10607270972
11089043237
6727021820
9657561728
15910287109
8582093283
6364666259
18432222317
13060421759
15357642710
10420795866
9610576525
17149334032
7913877908
7583678262
7429454749
6941007068
18439714164
9847596554
13163106198
7860668054
12375288848
12926683120
9459426256
8372495823
12079201606
12921657863
13345009299
11455063835
13948409624
12568121128
11663370704
10136052131
5588042707
7894043564
7341538228
9473404672
9220559867
11356244066
10579479630
11208069352
8437394540
9682309621
9256758476
8647660252
8047456618
5935219464
7508659420
6997312910
6429350817
4790969156
4882653605
5243248167
4276359191
4364324405
4200602432
3008596293
3738712640
3421933895
3322588713
3083074879
2921485391
2781208585
2630512336
2453980936
2322406621
2159729832
1472406124
1800005408
1708899770
1601892563
1488258995
1388386501
1281755639
1169384386
1103276972
1007824135
1006328116
759668466
853667190
819832681
726782593
668779048
499109491
389709248
566934260
219554626
499379062
313197116
399591582
573855210
1916234617
2154664167
2181054847
2101582593
1973501237
1292388867
1879603019
1997410872
2342317688
3448594059
6489709418
6990855850
7330251913
8991401612
10023411531
4562850593
7066609603
10196566619
7852335789
7680825912
10096359786
12770578379
13696487598
11474885215
13670014126
12895096123
14775867308
14692320216
11797313951
6432634854
9007957163
10023525465
12318128780
8509510023
9433938310
10419689261
15196705483
14281375826
9694488189
11420392188
8813322574
11190860497
11278019795
16087798910
9786863405
10840165754
12906192673
7513639275
11953412225
12450989455
13650538433
5972288157
5998809424
10516088540
15358474979
8688775182
11838491342
8532339635
8011876512
12316367621
13546158163
10781148806
15830878263
14215633371
8543931505
10573010003
10902330245
12812569864
9723394743
12346551830
12641019864
9638175705
7324628348
8353931175
10851014858
12655455367
10977556958
9519601164
11169514745
5826334335
11893239581
9255320870
9814113209
10032027313
12565078617
6424317413
11254331310
11865086560
11470480468
8846785119
11339527492
12962038254
13634683129
8554529883
11399037819
15410572501
16676949453
5400327084
15682158185
