9200695130
13177875580
6409111666
11871965776
8908422723
8273461823
12086178139
11009141684
8646144985
15128858992
7783540752
14152281434
11968170402
11499389748
13662107893
15224886851
12469536032
9459957733
11291150328
15204469117
12357707439
7802152980
14300787076
10589220103
9403230051
10204980781
10187431903
11920451744
10655953825
9935207529
10714745102
12291127851
8150685540
8846707723
12036013856
12702454680
10624833718
13476720554
13375648399
13585299528
11145535350
8973814638
7815545844
9964900510
9077252278
12007967567
10559485290
9337515399
10251821495
6913736189
8961342283
13147339818
8917071616
14466636997
9001662343
9990879999
12821710460
13636554248
13191805945
11196773865
15101773301
9483536646
15620312647
11803366939
13175998117
6790200198
9052860364
11367446394
10215930732
8371136623
8684336408
12028412774
11195160135
11130232002
12899834395
8499459416
10914435492
13719798374
12681923954
15528454173
9916414983
11167872138
10419209910
13049476128
10702702102
9935133112
9660519927
9685892216
14290644222
9432588896
10037861421
13672367226
11025082011
9906046682
10662997775
13460217564
11498821208
13382990563
10106227550
12277403235
10774307773
13786881689
12396780364
12498284850
10481450601
10825600401
8893503982
11890139652
9670652220
9024034934
11194526361
11844514050
10449493436
7655740970
11250749695
11538005335
14814382210
12168606935
15162231665
9158914240
13932050627
10192175123
10115920921
9590073073
14061945356
10370920688
9859547401
6488687212
12208792024
8364047696
10561607364
9326082455
10589787889
6632594736
12931767525
9768313357
12957107269
11825444067
15454071017
11995375217
8999089840
13044262509
9753070082
13113565969
10890643040
10858368129
15181708868
11561461601
13657984447
8265492648
8745274615
15397039141
12087950418
13127954207
10839942149
9137878296
12097723778
8801453538
11000079789
10659108365
7761287981
11099093185
14302783586
10191276561
8440618258
5148918423
12179135866
9747382349
11692096144
9246082254
13613505898
7182308565
9851230308
9674018933
15287587146
10484018562
11071582893
6336465473
12112600631
9811853367
12171669869
7821099946
13584240640
13045277177
13544994825
9771622305
10702321693
14822155763
10442393333
9449854962
8655050610
7253390308
13731511549
10591935845
11981694602
9902322540
11057973544
13942897393
12052772069
12925878996
9985652694
12929704174
11924348870
11378323858
14544973241
12587823091
10435294126
11351264598
10692945378
11679345034
11256024598
11100240964
9758204320
11979204045
8323216715
11304395415
11307734735
10341344662
10571875956
8479636228
10280728832
7102718680
9302690967
8837096760
9537205565
10535525651
10200450680
9603468938
7765332662
8318348534
4171526199
7657677419
6218794849
7727071917
7204510106
8089749679
7126624374
7832842767
7420548317
5929524154
7619808680
9206939892
8634779715
8078021847
7548804992
6281459874
7398331247
7147154504
6661938534
7642308992
7436531731
6951405216
5954174538
6995297881
7293018201
6656238159
6547981704
6316231944
5997361215
5574755786
5352720140
4224049977
5159440587
5411038588
5413588761
8274148950
8194817759
8305579492
7931267294
7062204557
7467327193
8484348585
7604854041
6333270200
7697103082
7604456979
6797891028
10175568337
10492455320
9961529639
10248940597
7887943206
8512552391
8534379085
9168453610
8375686613
9204307256
10632956463
10046867208
9364952653
10205049690
13228491165
10704393725
11240830994
10659915562
6561743227
9342184243
10549942587
10671605568
7047174436
12728190420
9741131796
13308961413
12351171452
12384211007
12192034157
13929463549
10750673680
9147902573
12165408773
9979801760
11641234485
13110622136
7916709994
13614059927
12844975007
14740376397
8733593602
9342222067
12496911422
13813427240
10191678864
12341849131
10024427757
11942127684
12794072686
12955357725
8009762689
13880768661
11873270850
11994408271
9969573651
9620379165
12098159235
8905306323
10948428210
11330538057
9551566847
10708063128
8782095874
10130909401
10723088087
8766958414
12651814759
10503149951
8032079040
12137413682
10597163022
11495040298
9057993743
11226832675
8686247711
11901311010
12173050581
13627657643
9777724303
10129110582
11357633799
15066731066
8689784900
8251116680
14258216838
13523795467
8839745824
15380852561
