9987014299
13219068643
5719621403
12070078728
13267028965
7623087851
12176816271
12468085840
6926336059
14480091293
6423639936
12580063504
16653932922
10735701382
11936071673
13933913051
15559868175
8274049463
9963222754
15265477164
14264262928
7774406727
14631611501
14324153600
10480592358
10597690356
5993986697
7844664312
7596029601
7445781088
11300489166
12185476973
8745449634
8552770942
16765564096
12743736271
10189253100
13795116995
14328825043
13982319912
12737868217
8384231381
10193690775
10004389754
11847345936
10896045455
11252065378
11212993959
9529160681
5898302520
7574290431
12157377961
7183418261
9914666298
10947081051
9753390566
10678113715
14407953434
11377578940
14502577689
15616337665
7181360619
14085635730
8801545840
13757608037
7295033506
5976255592
12693043148
9712398569
6086741957
6676144336
9849567608
15271167997
6437376484
12902308228
12395915402
14022692332
16094582466
13395173998
15695955689
10683275800
11008794243
9871647237
11358417232
11110487475
10140225178
9623227196
12599736336
18598192255
9044969065
6184280971
9883542449
8088652527
3947145876
9574362306
10895589666
11496668096
15557686776
10393537717
18576185736
11102995217
13188001638
19374322401
7201498144
12725516973
10947906104
5094561932
11961562109
12710667459
9992143282
8915598773
18248613951
10589183027
9659534853
10489246081
12129470485
13497727759
10445527918
22159755035
7320832355
13071036955
14187734907
9971692374
8352243200
13555980893
12250483085
10312415747
2950250979
10505645085
6303702696
11897843806
8477469087
8569921381
6929341033
12198171698
13581146723
10452028162
10491088973
15403441822
13361467613
10931840886
12476018542
8444646565
16357898187
7740574876
11546153831
21951041476
9539920879
12758382368
10221733286
6785314780
20261235346
12660033809
12709381381
14921028164
10519540645
12721638976
5392822954
14872522193
14541054006
8692482284
16413880599
17266715739
14176032135
7560641551
7966169923
13478365466
9789230426
12927129349
9714536010
17449429683
7310483715
7369365623
9638056388
16817126949
10587644579
11062249718
6760727652
9707658606
15902211527
8611030834
6204604165
18544727975
13076442786
15346413947
10297111064
9562158812
17136629548
7838543035
7648030535
7539444208
6988528374
18577804316
9921372446
13217385092
7902147864
12425164151
12988134253
9570173453
8309854555
12042059295
12952970409
13187483337
11533212100
13822735155
12492161251
11739577508
10033862716
5408011152
7978199176
7442139549
9436502133
9313330633
11298894041
10647383726
11028576481
8461268491
9676088595
9252457171
8711852832
7945117694
6142155799
7445098452
6964732648
6503710237
4750666543
4802354750
5211958991
4270249938
4319307258
4161943880
3159485047
3596457724
3303951505
3247453154
3006869531
2846042310
2685218812
2517947800
2319040755
2149472773
2050631713
1449826209
1637115237
1665939030
1532685529
1311632679
1330348731
1258149784
1190578942
1043822236
976032411
950813461
777256081
813239677
762709834
718798065
627880097
563002970
366378363
518432563
153362281
387606506
433093700
360707806
507198109
1895450893
2024703335
1924787030
1927117201
1896344230
1190862757
1726008082
1966003985
2288992586
3420677021
6508147779
6899754907
7314748461
9104684168
10040159911
4656254206
6957250796
10148795864
7815189904
7726534916
10077890181
12812248557
13627259034
11542709139
13663518897
12843220291
14700116547
14806113382
11759443309
6471443244
8804910149
10107512696
12213174783
8607061369
9372015949
10344894498
15188610288
14298824516
9712235978
11364673569
8803507863
11290307850
11284769375
16065191969
9804319126
10768952889
12893346436
7566103797
11910754160
12463015116
13651458777
5993587061
5869040641
10611297234
15307041190
8551157734
11783518963
8360667409
7888001509
12385718478
13601060777
10906495027
15798016879
14114737245
8598378534
10608495421
10875373016
12895107321
9713633230
12489074564
12637970965
9626449573
7245938209
8363463138
10872497344
12707885945
11050703929
9498180652
11189517867
5938704862
11912273764
9278983234
9707458702
10014085640
12570871968
6418912482
11326614899
11811673926
11526927546
8854276335
11394250600
13025977744
13685356335
8544093053
11448385190
15346983272
16702114950
5526775163
15508990493
