466408013
353084037
563999208
393208579
428459151
450164227
436215408
210004750
622454925
569136329
506765170
239918786
511954866
481888554
464136689
315921817
479996978
442613226
284251206
288837498
408928076
261865506
311278704
288745869
174220707
348075067
321577208
346185132
282656966
257641593
368017900
75799083
406979381
363829167
561160339
451841232
193983412
545885694
328392318
214141105
304522176
166942602
338372791
393803443
630919338
541780043
334022797
293361060
431363365
373533177
265656140
229892649
305804843
382768484
330901811
324006962
314454016
371592028
295937419
304975602
272953108
346839602
184889016
373731782
275255703
347177723
366585122
254616856
354726008
321459056
407203244
271983181
670119971
214360036
177088224
434293915
319382023
317163106
462261019
405723937
597223564
337104743
246316857
789322803
321603247
524295987
509021223
163885373
310215040
195916417
363469608
520359392
332748038
110991381
374151079
384294200
523370370
108681642
328550821
254021743
201334632
321640186
198269401
343601321
594182266
536992987
220031829
122721989
116497905
197096545
383702291
69112927
451469298
278079349
356493970
198685783
243383098
533356417
186178910
278208823
415549731
52196833
351544794
358280758
714440109
299078785
245887624
485951146
220332126
324575190
317328669
290726056
263327877
320775085
596879898
338860478
379068825
152159486
167935899
470820559
713973139
429672055
286345019
162296461
389231795
396557454
188207141
337064963
326281184
460177328
273242832
232428765
186544803
409715167
395552484
324127452
392652189
657752648
644500809
573174706
339319382
350433397
182233708
292622379
638956865
391311807
211526903
452090315
658474502
74064712
361386026
250853940
242970873
295618533
513204073
195341971
255175810
341600232
554091148
463017725
257818705
295679495
97984812
564521971
203482431
366568604
400422272
135791025
410033976
323407769
477505861
184447629
533796395
251025247
388120226
316105359
328167061
244997020
435690490
330751299
284745341
314356668
405400833
208703545
264277430
168504051
373625256
340444533
228802016
302908606
269798786
271904703
184773459
221477780
236056589
228353154
209894911
191540090
171006433
171987862
135643774
104384132
132244864
104009538
50744113
125912886
115806961
106763946
120219550
111714211
86573688
50544720
85847618
84323552
50252290
48871334
79847661
69875192
73060127
64648744
62723703
42968422
58242223
52335103
35675993
47542646
19539744
14660495
44873953
62784571
57297080
58945190
53677993
29999049
35025004
89730081
125438207
153045713
168087492
194446400
88241853
191440047
218056448
50274503
261041986
145592166
270040628
203951058
184365731
257581508
359238173
203554258
353725758
278115079
115805786
211279700
301369187
474702209
221375080
454852575
220856308
480373506
138613138
225296607
275772571
352336408
509660450
211991041
380102018
196489940
428612790
510877585
311192048
303572597
187191923
289050503
520239479
155804729
236134900
179689941
365734868
198333678
402381676
400817170
66755340
404374527
352684476
473575682
315978525
372203954
329935905
435723990
320321675
354657779
338092027
284470995
589333348
399464660
311014486
579489995
438453246
556437394
464781256
301315980
144810021
303697863
425494068
331278424
187615717
429784030
407638482
281328821
450441232
409012295
582769387
353645469
268785553
231572604
388208276
359884309
314055805
604424614
237717585
260598138
515997923
379158563
403511314
334059162
228529080
324039712
136832103
193074757
215874792
133951553
537728837
393199802
306512374
220426076
439730398
380154120
349194850
132072442
236170099
251589282
346440543
