479125771
339037550
563307338
387367752
428831470
436844857
452471238
194725069
621228405
568163851
507989916
243652314
491418422
491074836
458208070
323395616
475584779
445413733
281452918
288594464
403489231
283097843
318528091
279031935
159410889
329787263
320607536
350642512
274317088
251386287
380903029
80807488
407801530
360575639
571402558
449080405
197103630
531602023
331188053
211120428
305804067
167687505
343119652
382603917
613171469
514065718
323896406
291576232
440910424
368860707
273488193
232903676
311242715
385942397
333511363
327602570
328392940
356035836
292177381
282460089
266633086
349766009
176427913
366513209
258719358
344441953
366317257
273063267
356592144
318454296
397076684
263318927
661226488
208295241
184143678
422824909
324399075
316882931
481720534
413534906
609313202
347021662
235724261
792696137
327299579
524433549
521692359
185070398
309776874
198752947
362892525
531759545
312144770
101927599
372945045
378407738
524487245
110884497
316221436
264257942
194498925
320145945
186862986
320243295
584949561
550441616
222509557
125526140
94514225
198147049
389702010
80734119
450652571
264600056
369672433
215084567
263719226
546176173
190349415
300589936
399618235
37502351
364741045
358926415
707779499
289578435
242074589
475977768
220891768
322147310
301444475
287146427
282840501
322109933
605182444
342206589
397358006
152883515
163595047
482739839
722995083
428562781
291345928
165772866
405276333
418515309
183286393
351129713
319894774
440437074
263841105
234307407
204256416
399789895
386735879
316320156
393585075
670462834
638908977
551998485
353155308
356783390
185362785
274448241
653591344
387344306
204426289
452832054
661540384
62787913
367877123
256763743
248719197
289125409
508184568
198734208
264467900
346883730
552721675
453879786
259673093
280002745
87810670
558048475
204002212
360171972
409321757
141111945
414177991
303516136
508659562
191967359
531992638
240994671
382027401
318672943
335545764
251616267
439389703
320784036
273249900
327070655
394783103
212637403
245444466
189334791
367978529
338318088
243139021
301654625
256652017
279179574
200324320
210436188
232481447
220467684
210689780
195277109
171094669
171067684
138014671
105144652
138003392
102636661
38139402
107212336
118876849
104319879
122201097
113795271
105213520
51249845
78554257
80369575
60606981
40925381
72587401
63445716
68738973
50728039
58152675
32265105
52629131
52281437
33770877
35397681
17913729
6643951
40074481
48772856
56200912
32704015
32808910
35730813
45233497
95186273
137756427
157635158
149057492
201287579
75350561
191279114
183442622
59554948
263156700
140715458
272045383
205437465
198975923
250905212
374229760
193557778
354197876
276559969
113027571
221400136
310475781
482822026
231423803
462838197
221134878
473105392
124628478
230910801
272379891
356091593
497505334
213649151
373178099
200360119
427634749
508136621
306589047
296128309
197752903
286406403
496765369
138452369
229257995
172210854
363892177
205379159
395753045
403238464
55148114
399048664
349688534
480763762
320928607
368629657
334351712
421931333
325843721
349883355
343783021
260207265
583636518
412222397
305515564
570956453
427115457
563463744
482965059
293940618
152963789
299389159
418662223
320874699
198759883
440708496
396074305
265365211
453259986
396363363
601431000
362510723
269821116
237469325
395502097
363304175
314950656
586256753
246321234
262288417
515235542
377650003
408794661
334079536
226622150
319222332
133472932
208058700
194897311
116014757
540612102
381195022
306158186
223076796
433971466
378228773
352412335
142874332
243608105
256624360
337851793
