444429660
280589254
581298065
372701920
405040241
388501707
448241061
174642212
600676663
593399111
473833234
268442921
451002516
448983485
486728150
360514187
516043460
432717399
308712447
279398930
391244184
264561567
300594042
273899762
189074117
328414440
301678830
308212921
259026243
274190764
351421332
148799831
371673776
363395036
619865604
411263474
167537293
596927358
345203716
218078057
284557290
195804605
392972101
373981374
641719463
515987948
343337595
288864080
391513472
389855198
334749280
221747761
259526410
367187573
315320571
323700346
324488260
367865263
308654830
288989647
256431273
356375091
90086486
336858990
289897653
357061610
340002314
231598704
380181379
320267365
447543388
305255856
641179519
213338717
185230119
336934125
311198828
366355712
487998599
422326413
597836031
391308040
225632552
799258140
233837548
492036417
588140012
173403045
276451361
154415238
391756183
543124509
307466240
83161977
358409229
379503036
570808042
104060868
328877654
275762657
201039254
261532634
200059762
378851707
607524388
554396886
188172601
164782933
136520509
291454777
434355100
15371720
399881527
259425014
445911558
144751749
299453489
569596940
164649096
312586827
327804204
10682769
380952066
379526658
724509739
328885826
246744440
463775834
179925922
365472980
336934063
328018848
343635653
326790274
719673694
303328665
432552995
118796329
153247418
445189240
792858921
406786697
287090585
222881335
382966253
448179085
204928141
382688038
302590225
403798254
276959898
181607032
181641487
487558550
423038760
357342887
425317173
678459123
811172994
548122054
333007433
368345165
184961454
284448788
749708918
412240842
223348977
410633228
752751104
53118244
383737457
187436973
178606683
273843047
556624461
116191786
238862605
291601951
657226678
423745601
272564369
282034020
64598738
509042088
154362324
342007008
374495533
159082617
432449811
239595768
520110063
214776984
538267777
208368288
389675163
348605878
366630690
285681598
374530570
345627186
263947552
351250532
373023569
254386875
223462883
244815820
304089626
277505886
263476302
255883978
236567400
233151587
213516654
201964836
151173532
175776176
162470718
142651624
144941560
132061648
118398057
74592361
60596348
65442159
70669691
78389330
64113588
57197589
70193131
62076693
61446853
53874658
38863858
50938058
1491341
29366400
39559406
30971433
14274251
1448863
24153866
26196784
17782717
23489817
827245
20839840
11623197
14866030
8751999
7822822
11901557
7906737
762048
14153557
11953239
69415440
84714693
162633367
170854457
124241344
65909176
159043474
187662702
55922025
247226571
137454771
242819935
225831961
191914750
176259981
449739805
242918940
386541802
299187409
213434200
216154017
252655496
465511188
177116633
483216966
305075270
395085547
134236942
184578128
222251339
369188407
486315283
247122006
348831743
238327634
371444780
574778868
331367677
223618238
173425968
294049784
473601781
180984411
199330852
145907872
353403891
174656609
396163714
406912713
77090813
365419602
362974723
482464037
336707064
373099796
269189301
413063814
294537973
316131992
280364168
261361292
631425819
377771795
334525462
596081247
439077171
528728604
540113565
237938554
182433411
337877192
395561905
309031474
216161547
454540341
391841379
258773739
447515521
408064357
545358365
359980085
260970433
161109355
388902362
413639369
373538716
596436465
291466834
382132506
507878492
347867500
416337996
326964535
239721098
350473106
166673085
177572928
148066779
60582315
519435054
387447263
364448279
250656846
462010395
409081835
335345917
177530718
240396363
199164316
300583421
