473245765
319924611
557940154
367678891
433768917
403529778
408875892
187837173
595049391
573987185
504966323
254216970
483221465
483943366
466785655
309276730
485483656
445153124
263644810
289737236
369366823
300319403
321496044
269633120
182010989
311278886
310073125
321594873
265676977
237123902
382896661
88035176
408955235
385190261
583043133
444603571
181902741
551385463
311447616
219358591
312075770
183266408
349961811
388383401
645348001
508456075
332702047
281573053
408260231
376901148
292519904
236149298
316821627
374931393
316311245
312858287
326391552
357086973
276382513
297458971
249600918
337419307
171873638
353458838
255013582
346208837
366486680
260529599
344860645
304081068
388545964
269483772
681974221
214461674
169443523
403831087
333837456
318457474
484297136
383421706
618621811
397037958
252562982
779563405
322914745
485161632
523650208
162510374
267423895
189686021
382336714
531937583
304914277
81230327
383305363
390816895
560268440
121979714
289915262
256615747
186553498
286523115
185746260
347084606
587432251
533286673
206090412
139725483
94496379
240173343
401769102
74494483
404938170
265647358
360977479
220088660
256615355
517262075
165799901
319667842
396656249
22778944
380514922
382681491
719024299
277978469
227828340
472681975
196540009
335739454
330661112
322876769
308948051
284985044
638489162
310640622
403723986
144018043
168048675
480045159
733712476
422205489
306896285
156506147
354912035
444789514
205210065
377907492
327810609
451435414
244179970
203437153
208710840
434249747
388023454
348715415
404255369
667307583
708063716
562766851
311771397
359875941
174544201
264243659
661498523
416592404
209867789
428262611
682202368
27780441
406190138
242793722
231849832
304458854
532150217
173187090
257571186
327634637
578916836
462584634
254690515
271893275
50816898
552400043
199614727
352574342
386461017
142622145
427148416
310393263
491756315
168727290
524865585
206914323
413036382
342364388
349071691
262185351
451257316
328538095
286166956
303575526
372129213
212991247
234094661
256553547
380706133
332001965
220600867
310562434
242649733
274550923
212236009
213753892
229243276
191301905
194342679
169476971
151558446
165048412
152584102
87662182
130698261
92308445
62231294
75691005
92001213
74387740
83656945
71927967
71894896
28636034
63377079
45921239
46571715
51022122
65807943
59664190
56767003
49235832
40793108
42716721
33748508
25649855
24683121
37761153
13458029
3148175
15136295
24944881
36178748
17014929
269501
9041574
8141705
111136886
149107569
177969614
150545551
178552920
58179114
180780724
184876722
65088458
273766751
143618117
264157808
227437350
169371001
224676061
403806890
210069526
355855134
301040018
138344008
236319411
280617104
465642867
233774040
476726044
249469892
476327371
113977776
204469900
255106193
377572793
497270322
219066546
364010047
199097007
428357484
545030766
320179625
270400350
189541073
254361824
480745183
176150101
202568968
159507992
369683732
191700145
413304962
413050135
48345916
382358428
387830735
469260509
301964158
364339088
327429503
421413242
323889613
329364360
327979183
232569124
569340039
376487758
291772816
551772156
433457040
567500265
484464084
257268241
140827572
331553732
437777958
349167926
194973869
417969468
365520655
282467049
469372398
381332499
568502783
358099546
238130880
196904663
381358127
363745132
324767770
595000609
270348269
290537004
499466756
353147295
410873087
350253904
222881052
316795140
155011680
204851018
165799021
80315671
542037974
410550817
348103378
227741561
432006016
366650558
363082792
173251418
254315640
216370098
357458228
