456648642
274873523
593518755
385579139
393106292
377867855
439850457
175401559
598455470
608421524
473296560
255132440
420310031
451521233
483897855
353207923
496341874
415805100
331352065
287283200
397472342
292989838
228319325
254916762
194593395
342057243
298739124
298224395
283446562
260838556
357942128
174138621
399368208
369284729
576154813
423330117
157341727
569825747
334181275
199053257
306360953
217795832
404032932
389383986
647240933
491595995
378602942
282553198
391852616
350249584
349409776
232891354
234580705
352860127
328166397
340191193
307477104
394950476
287685156
302405861
241893191
349798481
105195450
342997529
253653237
367896739
333153985
220945330
353463630
342058850
449332719
317839363
663610333
195452357
201527450
361145001
316871936
392182595
503837866
411392340
584053592
405810937
236025304
805219557
237767984
482188799
562559093
184609466
268866142
141038332
389723191
543481518
295567490
36308888
373662156
386910249
577414179
90880666
348350703
268626144
185587858
257780241
188502496
383671044
609521315
551193280
173410045
152236289
137519881
275799086
393545180
-566782
365278745
276392404
450944189
162785577
295749665
618916760
161609505
289873519
340693147
5757202
337595024
388298980
777946717
320838288
265981630
469031277
172527772
371409174
336079851
322543108
351241708
361039983
809835469
281220672
424712722
138589945
187062855
446904051
874672416
394927485
304635056
232479106
399454281
455554460
181752548
360003709
330999600
404476078
273925555
167411685
175919446
524341356
405259815
355178044
422791337
663525997
844169244
552416109
301921688
375852216
167192694
278275954
785554360
423040210
213296667
414896491
818167139
57227159
352340192
189146842
197134526
246310289
569869897
129545662
219309888
287648718
749682738
380576431
274871981
265280943
67089410
521300881
175005718
349558480
387530294
153636346
446353926
228558045
497655328
210663425
536437527
224081576
428178032
355878954
379542728
273212155
359285475
341399721
273255625
310521412
293846445
242923635
199473080
250305653
259485975
244244057
222524537
209574596
199958861
177743603
168690350
153445101
131883109
138775651
127692354
116303394
106700366
91872288
98194853
69380554
82530714
75987657
59116386
68387394
52572023
56805704
59612698
53073568
38182753
25132220
34893333
35257559
-87754
32761221
35389159
28540009
5127740
2889333
14757482
21700190
10697163
2296164
10722745
8440140
11755244
16420566
16983977
4731635
-79738
11436015
7600852
2897889
8215254
45733373
71753633
119559341
125282629
127888508
58771674
142830397
202869852
62650903
244616185
90959216
246861687
222235822
199822011
182520798
451027198
282778100
374351498
274419661
240943262
213345365
245583660
487837263
183096291
521756776
310084005
396215636
108295683
177210572
198440066
352609272
500694516
256677657
332449377
258181226
369803779
558693413
308270203
222991429
201714265
297240074
506964349
156507797
217191678
114698181
360184909
178652641
389898855
401614047
98312635
346932882
384077444
482963638
316880380
419473861
270854346
437240629
275124769
309492703
322511929
254531945
628750360
345053196
331626811
583518932
424289796
557738083
552611875
246575672
200435503
347554715
386549023
333481276
204358847
441140385
391263269
276020297
465464190
385524476
579953385
373326499
221672875
127206119
377562910
376779119
407924637
604831149
323892644
403642475
498888026
369601557
392462696
313826436
265376018
346443503
178893816
192450728
150351131
57561475
524240639
409596700
354974165
240228857
466310005
427000585
346004261
215908179
222769125
185672432
290867586
