460122946
278980604
574846368
386143912
398522896
378347713
454442669
182593284
606895072
601673805
474123044
266567090
455321210
455634836
483622869
361222201
523838906
417292730
321691032
307914942
385100736
292298647
278272537
272408152
181436555
336485752
313700633
299995690
275435828
271252842
354022974
150872514
381669501
360948988
599078769
414291248
175091793
559725956
343286627
216063462
291434383
226675598
398106210
377747071
647771987
497748153
360535457
286799433
382779359
364861402
341438614
230186989
240307630
360887060
319042693
337529206
314392941
382148532
298067240
279156410
230989564
332138597
91632211
337743157
288585846
367492794
321874777
227819088
380814711
328483454
438646919
324517352
658278415
198200058
213862234
335484801
320055245
381629389
484362168
418136927
584475525
385926300
220239509
807558149
239299918
500383391
580918446
184724414
262230505
134862615
387203222
541829047
300225927
84704599
364827700
364496242
570514600
99332320
340565790
259999784
206977302
255152268
195450746
375325127
615509099
561893801
192321156
174017539
132658655
284547666
417181944
12982730
373408716
263358327
447503673
157337137
290064771
588496277
176076959
290620321
331585478
6713908
358590987
386803668
747204722
323040555
263205513
468161018
170450737
358409844
322307485
305650308
354808536
342426041
750231629
291541932
416981674
121882786
152251172
445948478
832018596
390279935
279380469
241097399
397442719
443815354
184914827
375815252
295703558
395801290
274316582
169452258
187332640
510347240
421316307
357925348
416990987
666197437
843344887
552984081
316138322
375159120
194884517
293246456
768224647
415615713
207265854
402231078
786416870
58855580
372964339
185415338
193253564
265497114
566327252
135766423
230763903
300214506
695905258
399666291
275518374
295671310
72768006
524981804
154806380
351607297
370308207
161561095
443084643
236115383
515118826
214910216
555519021
217799763
395481151
356262051
379000162
271048364
373628389
357101581
287236339
332622010
334526334
235378844
214117840
249202414
289835702
270280364
255798421
232923788
220436552
206858753
192021365
179642345
155726839
153904234
141667061
135261056
124477013
113388277
111091371
77399653
89307509
48180363
61004581
73265262
57189037
50284231
62361260
58133902
51038301
48061863
32329123
30547946
10446603
25437852
23202246
33868306
6942066
8284703
15156675
25403944
24199737
8029941
1991214
8541713
3893646
13022902
3353077
8991651
7222941
2665987
86599
10429984
9732982
57362737
81917798
141146531
148000732
129205149
80569660
164374203
203778392
66107620
244876760
116563122
239653932
211508493
201089938
188152193
443969612
268467348
376028726
294801317
229056210
205702609
244139909
477112000
173860636
516301567
303749986
400078138
128210679
164817535
195547626
352916495
499467730
264687381
342600769
251719713
362036655
594733870
313807196
215572399
195222631
294957535
482275595
175043796
203199524
137110529
359880189
176210887
373136593
419563826
100549703
364322950
366890254
462730045
330079430
404192194
268031492
433757302
277282123
307592557
299242706
260766912
620443065
353795873
325760381
578157436
431881719
552830005
553459133
239464481
184729461
351338198
392061809
329502166
204456909
454173720
387602558
282991868
444918184
401296554
559280153
356488772
252628996
156629171
383048313
394751231
391480114
612744586
313904378
381263504
511550960
362848970
408134534
324210680
250352999
357777202
163299968
185607878
143099495
58239168
522622962
399394295
364610583
244665912
468327361
417290782
325522416
196492643
231930892
183856213
295265864
