442669109
286817361
589877167
373703781
397471726
390248684
444916255
178032135
603171313
593127613
477137640
272290251
445591391
450114111
487188065
359986859
513653672
433399188
308616767
284123389
387216625
264999866
307960614
277023534
185206386
331705527
304106971
308207431
264328673
271845118
348298904
141982775
368221511
362872393
624988911
410507363
167887932
594359023
349359821
217674490
285898492
197079475
389479250
378724678
637823119
517955118
342396082
287743071
391669289
389910481
338525525
218719437
263202024
366833765
316715232
323508653
328526203
362703751
301037155
297476034
257235967
364977091
94619019
334775441
291167385
357187181
333714055
231289116
385454679
320591049
442936936
303372819
646066389
212926629
189151279
336941579
315553759
366602631
488097885
423733087
599697578
385359642
223371851
806079893
230768364
496605213
581901795
173206672
275671376
149729527
394237339
544476087
305536787
85946223
356161252
380333296
567781094
99937244
328943021
274603647
198737444
265027097
206799665
380865571
610266212
553172516
188737091
167004657
135762858
292856947
427192877
9787862
404341389
266081526
444885948
135095869
299435955
564340075
169177018
312999852
322954011
5986333
381624475
379874960
719779515
328151897
250867059
462347706
177644714
363649445
332668087
334819104
344499996
325673692
713818369
305675061
429994852
112763203
153204627
441890659
790639345
401270225
288130494
225519553
380506835
446717669
206295573
377616772
302158025
399979440
270712115
180166983
181526822
483422008
420763075
358385753
425230262
676892694
809076313
547026863
329426628
364653437
188512027
288768246
752031310
408030969
223417455
412955667
755861130
56605327
383432514
187074045
179121026
271520540
555533729
115465758
240327561
298725458
656169692
424765046
276136529
277947638
62973232
511193256
152921401
344605133
375951066
160911228
431777282
236107578
516279236
216362501
540607109
210783106
390001087
352962050
367374862
282007048
368889744
347609466
266104637
343448995
370998352
252995583
226908247
252685290
309402662
274979995
257362830
254283408
234063894
234916756
217089359
196401343
153790106
179691098
166118576
148227571
145585485
137483849
125665571
79223027
58225181
64753437
69749292
78242450
64348450
58752039
71386407
65523661
64504173
57723302
38610138
48398490
7681875
34900605
40724844
34606546
14621723
1369002
30997501
14196368
19187386
25318350
1573883
18928056
9019684
14830721
12474076
7419216
9662746
9607816
2670948
17075216
11415654
69949224
81544033
162320841
167432866
120446225
68682293
158961141
189940332
58569570
245998609
138276202
240386991
225835204
191140990
181119867
447018541
241531138
382608006
299916275
209191834
213949018
254476629
470091056
177148536
485511955
305412861
397521939
133707682
177399774
225142616
367956674
484507918
251067474
348137926
239355101
369085444
571105355
327688120
225328762
176973338
289864248
474473016
181223789
197208363
142938828
354013473
170302163
394011963
398032568
75848835
364686957
361333193
482090626
332709778
380859703
272471636
417783581
296423357
319678589
289369171
258102267
634610431
376231090
332127652
599675281
434587433
531021320
538682305
241753936
180664012
338083358
396504366
307548691
213797044
449387001
392102562
258089933
449153992
411294845
542480988
362330241
263984889
167504719
384792276
414565185
370841367
594316939
296761549
387159697
506131590
352395908
418053639
323172156
235233460
350240620
165744461
183056466
152596944
59499214
519098158
385674860
368890756
247781977
466256540
411429786
329452511
180022402
243053243
201253078
296913108
