441191005
293539473
579472970
398251876
402421876
383236332
423939790
143248927
615621067
600982079
446896107
259451196
471266655
439743473
468335884
341264385
502339150
444558428
282032398
281637971
397619420
278186784
332784857
279004832
177301417
319394360
292936753
307568324
273954814
257283107
377954557
88549997
393019689
397392059
615070141
415036516
180380767
564738060
323037710
189318438
297519659
160013496
374096719
382141066
654231198
541672715
312393156
299750043
420502231
373523062
305806206
241699565
280661909
358487650
305999022
345656202
321828556
363880657
285323283
308485315
251728896
364343649
143760293
339876712
271452058
337523809
354718820
248914723
372421562
303196442
406528046
279534064
677669254
201252871
202526247
384352096
330842616
376309459
468480463
389335891
617596023
414578012
244855654
761976308
269987658
489807762
531241363
163800367
308744420
174185922
375464727
537972417
316849960
76005802
351531802
384258166
583948066
104660035
314254869
272062837
175685418
266245355
207499338
367253491
609338773
543006500
212350942
161882187
117668875
290407551
438964871
36190255
400227316
269517640
399461344
144006395
285680814
540292093
181843319
332016181
350758685
14070388
387280393
393568839
743226185
293019532
221090551
490537256
194848573
340718205
328079153
324063589
329842380
324876186
668925911
317050613
458323182
121084288
163520188
442831491
751411915
383952156
259190502
176253352
394267964
452187881
206681131
364900464
292921313
436524311
258936605
211878127
227566119
474666933
409306331
329416530
416338381
667808736
744474675
559521231
334491102
368406902
192199213
250981086
709627150
394013282
204692736
420341163
720782450
68719558
433338385
213413854
195103856
293346788
549047088
153341563
238400716
323256250
604850344
429740696
279210300
260102071
49216314
503359760
156139094
359082026
353337662
157176831
437330910
273022012
517905160
218707260
530037841
207817977
396010641
359097345
358412654
274282784
393090206
346569964
269766823
319459871
382841175
260147333
284168645
256942169
356698858
328018006
225205542
291201630
261384703
265767116
226894941
228340988
200489303
191841826
184842710
158992641
162646018
150617351
128970095
65948715
111749178
49170386
47085489
95941684
71984506
53238424
81950568
57099531
65100309
9843850
35517030
33452507
27557580
28732541
36517724
38539068
19595783
37925911
32230008
3313848
13335117
4089915
17654163
5155558
22096419
5571500
3092370
5234675
129962
7150070
3074601
4537974
17141899
99681100
116984409
180075077
189953269
175539329
40801202
169703578
194526500
60227904
257060246
151141732
270218017
225942062
178297474
200642006
421100843
212348906
336782878
291613604
189280504
229063907
285393318
491535969
206435887
452160201
237713544
450315382
129558964
173777370
256609242
369832937
483858578
253640120
360112894
212472235
376895031
565434601
323285255
224980503
171712796
269464335
474046617
203099912
186821827
138976473
379621981
180357769
403752920
426967737
69673454
376654457
369883879
463050559
297931661
380841364
283984040
430365501
300936881
289905989
291884561
233492234
615898925
352663895
302582703
584155270
448341466
549294469
502853015
285919312
159115333
325726333
406526806
322473135
214876265
421427938
352233777
283946669
471377707
376509744
537846141
367567512
242098029
175166867
359748631
391657378
346212158
603842656
268099352
341966816
495380320
360127394
419321152
325355149
217246168
310187829
161943148
216001619
122231072
71863090
531941149
411095030
352859743
246636345
468689380
398062487
357538350
164209575
247717360
219200465
336728342
