479656003
330074700
521345810
385897966
431379623
430581685
399548024
282347499
564750258
545514707
461491555
282594000
506278523
412979005
491605546
279874856
500738581
515681935
281414229
239319169
392293727
258094969
320307263
343311946
180609564
305094681
354544330
342640657
330375416
305968284
325408702
106911574
400313212
335757502
525038390
419319032
229131536
515281519
341380094
194144440
328168804
107009541
284689539
358045429
633319204
493606388
307102303
343839743
480416953
351471620
229462542
237129473
356446029
408623635
378046707
311671024
373484671
350339112
218092411
314875433
238294499
335842237
203489169
403036730
287727394
301969489
314570007
275710310
329143970
291634361
407638309
217646324
626315594
265378484
179549488
492950891
303347587
326050197
434243034
431826306
612114303
334664685
309742121
783458515
330995611
491424825
475532736
227780778
285712715
215116649
373593184
458495466
320285066
68730007
296972876
407848383
465026133
159703472
351041438
258288233
155230501
311092988
244845899
376885108
592533389
550428631
212697575
149343140
155722314
164638459
369351766
88527336
388524637
301797867
357496175
133329622
326141608
528678405
179399424
264524473
405691129
61526541
349397583
324642979
575767504
270480094
220712655
408545152
169310794
252961565
344722277
307843464
289932979
321640791
518044349
346536848
372460226
135566862
164252591
489632471
605999028
479939785
275420494
223305962
417692991
392283860
189648219
362545414
365052335
415538673
309622820
262090037
231919362
401001185
385804669
326826908
420815602
608516002
622182544
556823633
382909502
317826040
240047666
290181526
618868673
377515382
201969221
433047080
554810858
145504895
313986043
244975390
273624724
330904679
457637789
231509672
244586876
313408021
465724475
429053447
200191723
316756387
112071519
469736326
227148208
328566687
418740998
199889705
436824789
377160150
431391256
198456167
443210121
247907463
359710655
349436737
327184555
217233774
378435884
277739199
271439853
295261583
320440801
252477551
323572901
215087280
389959623
362971240
167554187
270069730
290771317
272077131
224558839
213409952
311674703
299201127
288448338
266633458
198948172
202793084
218546678
90744157
191883635
165126062
7984164
178074794
201694501
213365378
197829822
98875055
103546326
106393710
142225210
143185911
104648238
138264142
115071608
121932262
138208892
139157880
128122463
116074683
122949056
90977729
112382619
107610832
101488709
14103031
95989948
69331961
85611173
131891187
88400688
111610041
104749676
142102467
152988559
164782019
216375230
225270294
180120445
204837299
191870033
107943948
233757682
154032518
163601307
262355032
207640159
274552221
322912509
172705037
440346337
223075695
150297753
218744471
329114725
448349300
228790820
407723523
251166262
420470565
180862144
233135174
245629879
353378105
512355037
206249423
381324507
198222781
359989364
506988441
342305465
252147266
262460749
304125214
560768398
186366615
200028463
178796225
349513187
135192376
421657237
403545300
117930796
419033683
346580389
448319665
308533520
397295889
336761827
414215534
305701946
355964452
361991198
279949178
537045931
305888866
243588141
496799425
410319550
585614525
453694233
255327369
170949962
324509106
385050054
314336360
230885521
450149381
357672918
308363862
429378277
400277940
550284538
365417966
268330173
205877415
396968066
446392090
267934704
515175560
215085679
277256783
468233301
399282121
361428065
232326250
362589835
320840876
238576824
177559960
147177800
183949108
497967502
395473934
321215246
278112010
409046467
358124501
331699047
169738942
218249196
265835645
329907349
