453961388
279733430
591713169
378256965
394479480
367105655
432544494
175240311
604420865
619056189
482655346
251981792
421332509
450863200
489124044
356395062
500011141
416960990
327433650
293277321
396790920
292012995
234968653
254889221
188587701
336874677
302941132
302780931
283713689
261667117
353525983
174307206
402140485
375521249
574371920
424344617
161147414
567607364
332610424
199535012
302897517
218439155
403335225
394871010
646954666
486673455
375851367
283657917
392598353
354857736
349416651
235524285
234249170
352950655
324044277
338437446
311487436
389406858
294039685
299226624
241759795
341464396
98526347
345229524
259021497
376637047
325850142
217599190
359703591
334033628
447538240
317445005
665277599
195668876
206061586
357290838
321293908
386153721
501828839
411616562
584819438
409379451
233909474
802537112
241326577
477379503
560241073
182498512
264797852
140861291
392262043
541666775
298197960
40750088
378737440
384806331
581094895
84685951
351991949
263628011
183724765
256939245
190731167
378862844
610419485
548215741
180843017
157751380
139886126
278919609
394402462
837717
365188443
273824371
450377209
161323153
295506949
619815581
161971027
298203306
338633886
10652390
332667330
388605444
779770531
322142931
269389241
461301545
172389769
373921615
332145026
322830793
352744173
357755667
807769177
283677915
432005514
138823901
183678739
442260228
874024783
392801079
304397676
232113022
399044244
451559871
181552297
360754321
328832587
405543237
280254769
175313830
176329465
521740413
406291759
349065561
425320228
671733959
844235067
551993225
306365190
375861584
170093219
282596346
789202347
432567943
208970285
415053345
813663476
57979351
351762901
184867797
196798310
247189556
562515155
134268566
223853600
290539906
743094819
384003404
275763512
264860994
68360723
523461449
169937446
347840895
386886655
162492450
449916764
232464316
494938636
212399281
541155687
222659964
425425736
361613267
376474516
272260285
364441743
344263733
279468715
315641279
296655204
246213421
204625252
250618868
258028083
240361685
229007338
211975386
200227825
180358883
168705699
160012849
134679253
141033496
127459347
117928908
104149209
99939721
100661270
72729938
82609962
74344134
62296879
68072922
51287344
55886682
56706480
51556892
40177857
25602646
36018127
38607330
8090696
26719717
30950487
29915223
6629352
3823293
12654361
18642737
18073878
681054
9652642
6020259
8202801
15061059
9119032
6461713
5124835
7126845
10581179
3386033
8210217
50150491
68944514
117824339
124477786
121214701
58939916
145396225
202832544
62478487
243989011
94363874
244292519
219408103
196424278
176905069
445129190
273564782
376558033
277681144
238785098
216438147
250064267
477664359
176112382
524342290
316994838
397626727
103214722
178782229
196012472
354367415
501240081
261972615
324523167
254446869
372558623
564154182
313512139
225136380
198980754
298503413
504089955
158561960
217187370
118910010
365990288
177685809
389006950
403362082
97362230
356074250
373322899
479578442
313232032
417304298
265342211
430849904
277211289
309194110
317772006
252820820
627485705
348785296
330285449
580097779
424278189
553463483
549451233
245862621
194217031
338829293
387354565
337775404
198227482
447350557
400002352
273428864
460309991
387000917
581570244
370104165
224408591
131622899
382855478
376515878
407097174
604639403
322976108
402895669
495166739
375137659
395803645
306442372
267738507
344608412
175509276
191994619
155278052
58179111
523623240
404422373
351355589
245698191
465491247
421472355
343985752
219290561
218278439
185197141
291661952
