446148395
276405913
577042084
376863921
408347820
387948121
449840909
180985178
599713772
594064632
475701915
273860034
450632196
446275044
484309074
366229104
515422443
434892507
310807406
283020044
395358674
264000679
298223821
273781404
184999893
327079054
302927985
309375537
261210243
268319750
354680957
150886432
372493894
358485673
615059440
412991778
169870086
594873314
346651151
217667013
287140905
201362572
395958320
371201752
642987186
515640580
341209292
295208459
393564171
391339075
334764923
224310475
253461879
373648635
314709674
326107668
314083027
372412243
305244896
291300143
255350343
353006120
85177904
335763958
288004782
358628099
340840317
228800202
379377011
322625183
448996611
305457222
638755667
209550938
191195095
331672279
308217111
363060864
481552610
424001285
590301543
388928126
228796078
804278119
234342034
500293922
588948397
170317636
274544509
152983480
389883944
540812756
308979930
85617649
355757482
377927659
572448344
103925127
330083711
282585182
207739772
263263698
202006866
380902361
611086915
555240030
190217285
162296455
137089361
297027763
432488502
15896085
405930462
264120572
451580214
151165467
296395819
579611211
173023972
308106698
325574766
13875134
378786351
387971571
728755677
328802017
246405834
462270814
177043737
363003844
338178205
324912967
350518161
326208868
716976295
312439720
431505257
119174742
152511071
447900191
800025639
407969418
285451331
230610803
387250876
449798539
208381734
386324085
302480129
407200383
280148197
182027016
182732222
489124579
424031474
360828349
421874663
678527961
812109309
546585997
330461980
370474693
191740417
285419008
752433082
409526557
221036559
415356312
757119781
55995680
380752711
185977672
180697408
272976348
562386207
118081990
244034611
290738440
656777137
418180651
274895938
280929180
62148526
511356779
157058943
339300056
371712493
165714421
436396845
237076543
523419989
213910884
537794979
205396403
389074083
345587132
366031436
280513320
373353777
348602300
270406191
350725082
367204848
250486092
220453635
250301469
301585924
278761003
263294273
255820996
235350432
226638410
210741420
200163619
148892240
175686320
159223730
145149938
141199900
132669155
118640150
71586619
61462925
61582837
68942820
79840757
62268745
59858480
71659519
54167609
60634001
48442836
34640370
49209218
1097399
31838475
40256572
24487391
12571613
528262
17720477
27642867
16782385
24998536
2721289
20648285
13247145
18854337
8061172
6153304
9799840
1793760
3195815
13209495
10060702
65469706
88756453
159045604
172657375
123848893
64403709
160074238
193020428
54484553
252706331
130282719
246182699
224121267
193676212
175065208
447674629
244451356
385862868
298220353
208598375
213141349
246894022
465367183
180100960
489205168
306727106
399209309
135500081
181343160
218668694
368542476
487886435
246395657
347186366
244304488
367947193
581546564
332935918
224294913
172303694
284693344
465438658
179499231
196432918
144254785
355404247
174366520
386690444
410275803
74069873
362592812
364151418
481570470
337730431
371453347
266607204
414730470
292784016
321226769
281040245
258561174
626306790
376240427
340624906
597238818
443182254
525674388
542599539
244216916
179330576
327885472
399417976
306812310
214073847
451411587
395488677
258053226
446005013
406242827
546833663
360044843
251939289
158847594
388870038
411422071
377524285
602729081
304823472
388876250
512239243
347956011
420810837
326462868
242115366
352133706
172338447
172737666
148589924
62800863
520617289
385618645
364051611
252364661
460579556
410228869
339482307
173295213
237431917
203345375
300684354
