453174491
265596182
592197845
382887288
382356971
369711602
443794137
175301934
594383803
606372316
470026282
256673277
422469161
447328901
486852867
348885261
494435136
414678909
324429667
287367972
395418300
295956152
235014378
252288693
190402655
335721680
296261665
298399449
283371620
262891878
358713607
170725799
402237495
370248521
571472392
425289940
160193797
569351882
333312329
196204611
296642666
217316609
408547239
391410747
646610997
489900278
379804411
283005757
389074153
345834906
349137393
238383920
232615319
360678476
328393920
349349533
314066198
398364001
289175078
309363695
243945827
353515330
106824228
340873512
253522352
362897969
328522981
217030478
346512778
347142005
453212788
316696090
661450254
189482113
208787248
355967078
310369026
390930565
503189074
408520083
581025289
400293787
231021899
805090177
239495640
479855177
563251766
191457919
267838547
137583580
385345859
547147727
296355557
27617519
375160913
388068033
579275722
90344470
343397467
269122236
182364070
261586462
186033554
382851400
611372117
552446939
176043360
150554686
144011601
276629361
389920555
2119547
364047159
282083804
446652426
160322446
297096623
615452567
158218415
289285202
345924782
3406150
331799515
390878173
781321104
322375245
266430621
472000647
174667200
366804462
335991634
320700103
353113749
365111514
805218380
280254103
427866197
142185890
190974191
443166451
876727251
389550444
304089690
227138185
404499161
460729459
179397204
362151816
326777557
404041360
275266537
166691829
185429374
530003069
404614632
356035155
421972307
663377707
839202996
548170992
298801645
375686736
167425243
281538262
786821036
425981379
214731097
412701224
821145762
55998396
350040228
186178357
194115471
245028953
570328588
125634185
218151014
288334387
748119168
384126803
276746222
262645548
66684405
524047854
173942771
346707296
390512466
152171764
449915265
237137525
500755036
203313856
536261530
220015648
427066715
354574660
377329645
277458596
360302579
341189233
267907449
300598074
297944095
245345995
200734284
246299902
258359768
245526266
226708930
209049321
198960806
180002572
172727410
151045233
132071338
139672832
129947482
118697427
112945043
93922127
98094742
68859182
86788347
71719220
63923121
67746025
53184292
59478197
56955184
51009817
38639393
28498516
39866245
34797306
8070906
31410840
31008719
19344720
9538623
11421897
21162570
22162806
7304480
3526038
12421798
9127593
11352462
11399432
16601588
3705134
3773949
12635034
9314662
3559328
7880400
48997331
70972295
117696743
128025235
119589850
55242134
138954086
201999433
57457726
252715255
91238530
245281980
230065670
195599460
182128495
452356331
288796125
377730064
271204596
239970984
206495841
246535673
481206876
176904630
529352076
316358924
392953305
112540990
175381153
198620807
355834816
501032255
260267807
329696768
263316087
367547383
560958905
304527168
216698435
210130612
303105598
505697800
160698919
216263369
113027714
360187720
172479362
386162801
401045284
96920841
343723125
384798793
482862911
319752149
425079884
269385953
440248346
276496938
310099419
318655464
258603526
629623701
342499078
325267829
590399709
436123293
553089142
548072129
251704138
202794190
347892734
385931283
329359841
206056267
438195707
389945152
279770623
467054592
384333943
584918746
372079704
219642288
125562417
384351002
369518116
414974764
597264776
320432063
402349186
498535197
372062830
387030454
307518793
262266715
347314292
171403477
190202646
145707055
59112585
526620066
413793414
357111150
235483513
467562011
420644949
345744817
220560397
231430242
190493003
291164590
