481503267
375503153
543215433
433831331
431926295
459932770
421337992
234781507
596625914
572051596
506618319
227823242
505886238
461520306
484249901
338038880
487304362
473396247
286284860
280173115
419857833
244816983
299685962
306182818
165233292
323652173
342320155
353633312
277824007
269406789
359328068
76439495
440813812
350847568
580234299
444998082
200735648
537236998
328565817
186893372
300733909
163439785
328241536
361625495
628340930
544607291
312803128
303837309
421456934
343329682
256140502
239269443
286097203
425441577
336682834
322518341
330942715
360541355
286225006
336608448
256861727
333841252
180808891
389904438
251343612
336289762
354091993
257381552
398771430
307743909
395908187
255247663
684695558
207044643
140673124
453836962
337616786
308292945
454763500
437642895
564508824
329365122
271792373
788242555
326186567
511697603
515326546
210920601
252865712
170495143
352185093
514344020
315417820
94311126
358373107
430821149
537640372
151633096
369365736
244960683
178842560
304420319
201849292
385009792
579701949
565137829
197414088
136683949
129896607
219970393
384298910
68789464
419718224
240587599
358356743
206016567
246361991
533016301
210512874
239884272
398327654
96871791
351436732
345723046
654577086
280923317
263671616
419776451
205130442
305983187
325719734
271507233
297448391
292051122
584900250
311799022
366407457
102028448
160746264
475669598
675144153
437125203
301695582
180435625
413161024
412941526
190709691
333917527
353201507
431389921
302534357
230681170
226774826
372553696
399823187
326352800
369292375
637715270
633384857
563639541
332690354
331578345
203833398
300157490
632571355
388950896
202836878
434901175
660142475
79749613
347261230
263263573
275178722
312109977
514928849
194771761
231750650
321921995
507802322
411645517
228190408
293630354
119617577
547071119
244530225
347664361
427903761
143844424
419860893
331722089
439394544
199235647
493086113
226420548
406903769
350762367
307531433
264481019
428644074
304378068
283069374
289903567
354669461
205745053
288761547
204096838
364652786
325862399
233718258
310155661
262749837
271118347
212757180
216724604
279046117
268043206
222049761
196042515
183402409
205462524
184981707
103869121
151905609
131383193
58391910
136493377
151520340
149707779
140707249
130465313
85373790
71724621
110035308
92655579
96532370
94553178
84248352
80716335
74508970
76134524
68881711
70396805
63236719
62257049
57843943
46641433
42959773
5825658
47308372
80072016
68141199
59073334
55891386
58850801
96632763
119307773
117520117
120201686
162184555
195775043
121666629
181769732
214733091
75343464
202641182
134394823
252512439
228985352
213110499
267891995
343215416
171997710
393677493
258276896
113112521
227062360
313009734
452069609
241748739
460704386
226624359
463817584
135864496
234922501
269068360
373844791
523954396
221473953
387008884
179693599
379773818
516244006
326582670
291092251
213653916
331124322
499205364
168786943
216013149
178581937
354007612
168037326
406864502
399904616
74608147
416119573
355939201
495214834
303295697
363483515
348631553
414676941
303715417
375448842
347659846
296791801
541705214
373625097
300884442
552096056
437215983
578703761
451587062
263603975
147952875
307896504
389278202
329991218
204863817
452180041
409820862
279801363
398414464
408279957
548759738
378851440
269445053
217331245
402168471
352414647
310934331
564459510
241227822
251960977
493717185
354723067
387191611
317485792
243334600
318392001
189612657
222590360
228611247
156093357
563647945
366129851
311882550
221644128
430644757
389505147
371926448
143376757
193275585
232806345
345162776
