469689719
328151912
520088758
393527761
444607240
425012582
406406388
279319095
574185564
561643636
484999483
283127292
497954562
428851254
505405424
307204976
525519435
517549048
291957411
236300447
398754041
267278727
330422002
352874042
187533069
300233449
353479051
310954592
337774249
349680438
307519873
95479223
425602489
343181419
554713839
426574822
219244292
485586845
315778783
207751670
338918318
99550068
269165013
316431840
612212099
488754664
306271341
324705005
471081448
335633379
223655088
266930811
351882054
401401368
371076492
295175189
383144484
371026220
234762339
309365939
197843566
333961820
208026704
393486795
289351899
330009700
346408912
266505332
325684280
273664561
417529050
222707423
592535112
298906458
177421590
488527774
310214597
304446119
452314740
413756244
630324822
361275589
287440062
781410200
342855927
489138004
479447294
240150714
311559186
225370301
363506818
454114003
306316009
30148954
310073908
399285962
460858333
184676516
357060134
267535671
148829298
304115514
255032099
370931649
590043401
530793201
239838634
129880184
167045469
193956013
394637157
104556828
411200172
277790176
348027759
124931356
322779892
509035607
177510690
294986716
403781261
58030979
381225564
334081754
527066433
280914856
216668530
396981067
153456770
232782120
336569014
322687219
273368368
335209323
498017696
347752499
389915413
133764730
165044523
478773255
560626558
452275846
269939800
257703870
433099769
370875416
184381900
368329549
375731356
399662460
305499651
268082292
244998784
393087608
409285415
311518896
432090496
626059202
601395153
548685917
374705514
295140334
252102890
277375707
629646833
348325244
219436017
412631299
522703612
167585955
327733761
263580466
270422023
343612220
477962567
220207846
239732831
296727719
461279778
395731750
194009500
284190801
134251414
475076262
253767707
326394184
411245937
219127578
425494753
394017929
425134731
214251882
432007687
247916822
348279313
369409053
363050492
212914683
375648468
276539818
298912626
284734842
293393880
242252716
338254463
224593588
384660193
370394225
174998687
306789825
303903955
308096480
220805002
237116826
306693351
312509633
306210467
267167932
237291657
209326224
217821785
92650466
203986181
119324638
2485925
183702243
232482371
198959995
213245919
114418970
115441515
104782165
179471178
167136757
104043826
133349070
146103496
146188733
147742678
140909928
140746896
129377628
132310385
94218088
117768448
99256762
93580763
9875007
86974449
92217385
95201834
140298709
61378622
117474158
116638947
132760118
165257282
156436211
235653283
213348197
202675722
216561478
207818517
111707067
247031877
153539959
151998061
237900484
205323674
290031669
311496586
181953812
446163438
254697485
133894321
243914636
338913370
447711837
217272502
407692910
259134992
426765006
187298136
222353767
258759209
357684354
528730604
225561290
397525485
196337843
363133597
488203452
359056641
265169220
253752969
327908213
549032132
189573662
169322760
200704514
339399389
120419152
440451441
389659451
126722100
422070038
346043201
443873603
320322029
382356376
339045279
434301001
322211694
359812580
338246086
278633875
534763496
323961712
240269358
480865703
391635069
560772781
469939101
250251010
146248585
316269174
399595382
337155415
217853309
459771844
371414648
283333538
406957416
396828767
562625952
360635732
280983840
249183366
403065159
428713944
275204828
505800617
219282218
269476819
460154372
399781446
334415932
221531854
325395414
337916355
247671258
184207086
146942317
202902103
498382514
412315507
301340621
288489019
399031248
356320439
317627057
151367262
225300592
270874018
357304936
