443568093
285606364
590318249
375949059
400381967
389191872
444111670
177194554
601661481
590937418
477457667
274919103
447386499
450521141
487048567
361390270
512085686
431052633
310882422
284964064
387969409
267531158
307505478
278130544
185505155
330075442
305531264
310330337
266656184
274137811
346826000
140454872
367917010
361432308
622664583
408832272
169010655
594152654
351016198
215690102
285586564
198457577
388604765
376346990
636996915
516175982
345017603
287883823
393141220
387100555
340437286
218215348
265137435
366571190
318868481
322054548
328293746
364941624
302655309
298765906
256382301
363446926
91672452
334573195
290504419
357816848
334077234
233527074
384152100
320611293
443392815
307189471
646604451
211226726
190148954
338741914
314388996
365145861
488259773
422776050
600948752
384417041
221837689
805012286
232119683
500140630
581605273
171644092
273604857
150436260
393835946
546970630
306938444
82616684
352532326
378203138
568195781
98618636
330155680
273523619
196402034
265261975
208746282
379299653
610367100
556401237
188115708
167255738
134358687
292359799
425673794
10833215
402676924
265379651
443286669
135912837
298010291
563259392
169268902
312468807
322176870
6059430
378720171
380481016
720769875
329516023
251197334
460223636
175663608
362378969
329809423
337442942
342890272
325221217
711565926
309065233
431634154
113740902
155374636
440032210
788385854
403526119
290332561
225189179
381722790
446631087
204141966
376714545
303070201
400364702
267582605
181053060
181337166
479888691
419516677
356401960
421355990
679676941
808395570
547732355
330182418
364769745
187724430
289143914
751450720
405471103
222730397
413664999
756858954
56587772
381866750
186109135
183248160
271111397
551879682
116262543
242613118
298222352
657161855
422641018
277092194
275253691
65452000
508863994
153942552
342850376
373683451
164011212
431485082
236561441
516448778
214454251
540400485
209774677
391383054
351194257
366966986
280033843
368176930
348188681
265731435
341510675
373391787
250019535
229139050
252003646
311262725
274620905
256067195
254120519
234519550
235246382
219402059
197027687
155160722
180752989
168037529
146544847
145943680
135964730
123430475
80950452
59830890
61767392
70134643
80450499
66317352
57205946
71314075
67035286
63799530
57659786
37463606
49350728
7169534
37003010
39428932
35860791
13895962
1050065
30546122
13801817
17919382
24629116
4235753
18853014
7713637
16535827
11854117
7489437
6737184
11051618
4952294
19975178
11663049
71029890
83160104
161126768
167646518
120713246
68950548
157232662
189822483
55960972
249576857
139610814
243191338
224103335
189629745
181014096
448691939
242504999
380064429
301247600
209133826
215825768
254253876
472459122
176573806
484568197
305855823
398307565
135867923
177041335
226417140
370147355
483914482
252631747
353728289
239154560
367384014
568933293
327943671
223193031
175154647
288109107
473772527
181363050
196563853
142709634
352900663
168942931
397084373
399549580
74602007
362603355
362154751
483242333
330762328
380793340
268966539
418012665
298917490
317572550
291434454
258744114
636461894
376316944
331822772
596838381
431101358
532025184
539788169
243160442
181588182
340213483
395580252
308987938
217199502
448361801
392737344
259385766
447263928
409933829
539300704
362279180
262568621
167343750
384840644
414339946
371581693
594754663
296823913
389308940
507149012
352008493
416587845
323088690
232046295
351597628
163997065
182113272
150629516
60186869
522594025
386236491
367926827
247763987
471372764
411373493
327990481
181852517
241929196
202022453
297895321
