8717386925
12175597201
9918796451
8315311648
10286992726
10040177333
9186721035
9887628861
10594945127
11151822684
10022540268
10597347086
10181423536
9332031823
5818108441
10864878010
7260688771
10290092395
10463692170
4697773660
10660074439
12346153919
14788185008
7296536242
13394365208
10374225524
9571048980
7244755770
11065471871
7656157568
7639613273
10183680648
12088201119
12190167749
7321555589
12175728627
11096542217
11953898366
7761396754
12615309775
7661136896
12648551009
8829487126
13732191238
9177532232
7481798060
9572194454
14949699449
6762062936
11909106857
5599469392
9066751422
12466297673
6875101345
4795544333
10965306620
6555554428
8862887408
10850813180
10597114493
14307155241
5134098024
7480411510
10613586219
5917934449
7210338122
7105726497
12140289547
10117917745
5953491630
4598907931
15421854440
9711592945
10722724689
8377368575
11600385653
10812752516
9565817109
8728847452
10658969596
6163978965
12835297638
16169215190
9636412417
8454868915
11179661873
8858995483
10542342159
12955758166
9591160421
9812614438
11724470032
15072625164
10112326514
4939178884
8995870046
5439249745
8923361075
13385419070
8060901610
15300540795
11334787125
9009927836
9942644582
11586779031
8629963386
7972826739
14158061405
10083287150
13968722354
9887193601
8922943353
9612960938
11845282855
8214599170
9448340665
11246012522
10834323934
19315263423
12532049441
10969608345
8636928325
11169788223
15712179228
8329906029
16268090106
8721722700
6102329413
10473523514
8253600335
7881566682
25716411677
9131184541
7338229755
7473614766
9491503325
9614729066
9800742493
8148883602
24941419903
12357828808
6151961882
14070565662
7843136043
12361311986
10023516951
8783601409
10754463606
6746917678
7307485073
16326427560
13394298216
7847941115
6667204288
14815613800
7072920362
16464115819
11515495450
9776188636
15710615719
10626971243
19811589095
14111018542
11363823475
15350197690
10554741088
12746731633
17909775633
6824275687
16918459945
6095657781
7820851746
15834737738
6711750107
8247183304
10094402665
10934820204
6491071365
10250671511
7499220866
9938395389
10972053570
11115012788
9976057872
10486742334
8786334144
8393871778
8271794269
8415928433
7798340053
3545791598
5120248502
4985874111
7522439166
7297939018
6213013179
6657226436
6149150669
4861581007
5586240772
3978903246
3881170389
4207257768
4626444228
3577805768
3313711048
2978289284
4095547406
3128880951
3520418871
2356611510
2432126855
2621189024
2775816877
1600161703
2655303134
1365348000
1775254025
2434412772
2490342440
1998546379
1491030183
2171216724
252743845
1875407461
1684049474
1566643923
1114059844
1471440432
225042672
1066236660
1144999341
1182343483
4035424
197733009
40148882
168014226
490473324
162185376
675953284
483274342
175773951
57220197
2027188548
2350992891
2183488186
305374555
1278666882
1811014386
3594373460
2525692731
3509540933
4691492904
3505805349
3961692034
6273975004
5949078646
5627272165
5475902938
3626652571
7413659468
7395867532
7244414338
7272682643
7754780438
7383201651
7316409608
6057232733
6481505089
6431964462
9317246821
8360867960
10084546675
8768914080
6766672111
8629049449
9833940118
11335009107
10654047060
9562228831
8093610112
9170117148
4244086381
10097152156
4230172812
10375535508
9940726026
9068371383
8639945899
6560170138
10083177943
8540429240
9739034487
11392569084
11113419263
13473165438
9022332624
6205522588
7974459624
11476554798
9788269649
10905663049
11732543107
8262671299
11375061457
11919145725
11877994173
11614905611
11048266647
12136026710
11209493425
13360676341
11692494512
13212923916
8755164616
9826015682
12885900800
15884093666
10208560528
8183129950
6296549306
13657831855
9336136208
11734032301
10093238425
5418024543
9284500284
13454455553
13580614110
9756471222
7260301851
5633726343
11837429753
7517180076
10066528492
13472245912
9698320222
11964732035
11537759163
8622361109
3412660161
7989405242
7594743873
11087371588
6379537793
12262228427
8220274415
4762646884
11771634167
9354273281
8300855168
7719189570
6347938592
8073867192
7302684811
8134651500
9520405664
13497104040
11119642091
10332400944
8583317550
8215646676
10559434357
9952976118
13792280387
