8282148002
11760953543
9886572325
8546874928
10287470419
10318268296
9334330666
9688826464
10243180255
11154572747
9800554884
9940196516
10258226926
9621044030
5671925327
11358537719
6923554713
10561666673
10730457353
4893212498
10656171509
12589694286
14492200670
6932070438
13072747491
10408207100
9615119252
7198570056
10987011263
7425664654
7634493496
9806725924
12022185561
12166503281
7528310719
12329558951
11282462085
11918313458
7756889200
12669208707
7568911520
12911096085
9010954964
13961756534
8872571986
7529429482
9733968812
15208153811
7171632008
12368291978
5824490952
8950570261
13032421143
7110086732
4809843208
11169370046
6424525593
8921203051
10947609294
10188689698
14715383336
5522783754
7230191610
10898911616
6472470788
7090946834
7190101775
12679873735
9828377894
6197990396
4501345856
15991677023
9243411467
10980890191
8416820320
12034418567
10742678150
9502080080
8591199946
10377032909
6172168679
12997888215
16122954728
9786153672
8737820544
11103715426
9344096949
10298763707
12683330138
9631967454
9876780518
11804626537
15448334048
9937825707
5460048413
8663817318
5475832369
9048891329
13077542281
7469184767
15124742615
11208505808
9134588769
10228542514
12281993468
8500254623
8300165594
13973041917
10365781255
14043916353
9883175513
9197506690
9560780482
12191013530
8571744419
9423418782
11192940057
11254644768
19786315681
12579590150
10921423537
8983136735
11473180432
16298947242
8495008662
17221838213
9459206628
6516904014
10363341548
8452815501
8026248937
26525521938
8506677333
7500814962
7578112554
9468075015
9975923622
9535603257
8192494688
26744660479
11849106206
6170587719
13938625258
8217780953
12301286844
10139931247
8882901067
10886395389
6643261866
7582379107
16496678928
13423058881
7735494226
6550282978
15236145255
7159528986
16893549102
11287793601
9651866521
16493980085
10881242424
20279895203
14434212553
11336880275
15008403978
10682416063
12808743087
18512560924
7023095571
17318409689
6124489770
7608635231
16692416783
6484147998
8455514096
9977780825
11195828401
6524828769
10355377827
7330417380
10062945295
11021585564
11097266768
9842969271
10626656895
9146491916
8559465571
8117433600
7847611457
7884609755
3419156560
5303199558
4691904391
7226127174
6717931422
6311942934
6058819676
5635495926
4284333826
4878168221
3711273872
3940580498
4044440596
3827855735
3328479443
3360803508
3203396620
2982192720
2748056319
2595128334
2269993317
2283230204
2145929791
2007654830
1502340401
1779361060
1461615603
1596827183
1498225359
1323032130
1308776581
1214203919
1135626508
260762259
1001418038
826306886
904758586
862982193
808273488
13096610
690016882
674283503
621903905
32857109
15113763
50468318
448696630
406592461
104882298
371880770
197197461
332617255
321214811
928487556
1078397389
1044732500
361549540
1347442038
1692446700
3050079430
2420801964
3271864655
3587576499
3621892613
3574217912
5504284987
5537244495
5448693962
5304505958
3081739834
6869294537
7134955134
7076306144
7132509298
7650106696
7249020760
7210367789
6243548200
6278924138
6017713249
8470187954
8403652895
10063857957
8713205392
6874664141
8048555711
10354663843
11268943283
10882308778
9758984344
8282579511
8877739329
4424407381
9789027786
4285437840
9962167448
9916613575
9188320777
8216997381
6517721217
9723022774
8834535846
9442634191
11581148224
10993034980
13628457346
9278088239
6560566456
8344211996
11447962594
9897461839
10427255849
12425039653
8229996237
11169766661
11957179735
11983508449
11630877255
11183015206
12277247060
11361495808
13382839520
11164441771
13353705536
9103223208
9614914047
12663182948
15608961653
10565714913
8141248477
6482665510
13162499647
9530812064
11109463993
10423560562
5775911483
9136468648
13725697594
13616786545
9682598016
7304964913
5996732612
11791093828
7658255193
10166452842
13659022573
9613814376
11856496781
11886637901
8702575229
3089442836
8259092855
7536513643
10919802122
6136877781
12476604458
8325351229
4758418815
11519519999
9531082227
8113551641
7741794777
6530365218
8550901828
6956939705
7647973212
9441734695
13662915275
10740346108
10505285625
8693094110
8022321084
10554273765
9622360997
13198857956
