8707256847
12187530264
9902610094
8305824169
10276528137
10045234877
9207857340
9891954453
10590607996
11145037903
9991482904
10600071549
10159238616
9311408746
5833461646
10884026071
7258383292
10278834963
10452753461
4668040518
10683209158
12355882632
14766577720
7280799033
13369567691
10370242868
9586586158
7247409464
11069723958
7658679132
7656375198
10208341775
12107806500
12190353184
7325370980
12183680473
11083680761
11953988668
7752201196
12632780815
7672327431
12662767527
8863670624
13721277351
9163088568
7476904634
9567628262
14942384642
6764541043
11884981545
5602301943
9073983524
12489973483
6861660230
4797904582
10958508438
6545875001
8873031779
10845708374
10600578766
14321445133
5144925616
7479032368
10615668259
5919826921
7169479205
7057197263
12151368207
10094109311
5954205615
4601918769
15416512236
9706298012
10711629424
8408966261
11587112904
10843014879
9573090899
8744167269
10666992003
6165489383
12843459808
16152287327
9635861352
8466655167
11137681073
8876293284
10546111495
12976431712
9591097512
9808995902
11722208610
15073591342
10140238784
4932989427
9012009299
5440082039
8944927624
13375944628
8065419147
15335418731
11342231451
8987654122
9963542584
11588681176
8622121298
7932695258
14144384854
10087419479
13981488773
9899802328
8920200080
9618558538
11865187817
8190350180
9449017605
11233895624
10846479434
19353494042
12526459408
10961833643
8649558044
11167058678
15721635496
8351035681
16293834815
8701457290
6071283650
10462310815
8260705281
7884795340
25712999889
9149547171
7363659079
7494850193
9492288539
9631855297
9806204288
8165950837
24933681300
12353788731
6162144458
14101593849
7839713343
12359808734
10031649689
8795207902
10745275559
6724823957
7324109295
16325039542
13387061220
7859521218
6674384705
14801021229
7090051264
16458949853
11515537805
9772139825
15675775296
10622063917
19814388333
14105379952
11365963835
15339304705
10569594291
12772121866
17932687951
6823701666
16913239701
6072352536
7813591776
15838810837
6718003050
8234127785
10105166484
10939321845
6498185002
10232759235
7511865007
9938788696
10975752316
11111892352
9974540524
10477108839
8792641870
8402848541
8249007136
8431645680
7821269280
3552539677
5121927181
5011771187
7494256913
7314402904
6210420107
6641494956
6131189236
4889680510
5614020243
3984309761
3868030815
4192572313
4611649152
3572539354
3299704985
2970745271
4104272345
3150027015
3523232671
2360131343
2430358618
2645573734
2801094333
1617404984
2637461560
1355860918
1799390838
2443526522
2505296224
2008176709
1497375601
2136103423
263234251
1878126135
1667518611
1588971996
1073808162
1474824414
247182455
1060641057
1154052192
1178293633
210125
220421756
49484484
161689678
493632121
173125392
649874044
498730023
187790656
68267789
2014227420
2343828039
2162971565
282753697
1263182477
1819078493
3592195634
2489399880
3510850606
4703765748
3500283964
3965488007
6268082267
5932919282
5625641316
5457129132
3612028472
7412748965
7379641127
7239852377
7254904267
7735145958
7391325941
7290034517
6037748822
6480064491
6452498919
9321396902
8355912878
10080481335
8772554219
6793733243
8631391096
9813115464
11342615493
10651879827
9558939863
8142573832
9188241209
4261985785
10106186112
4217087168
10406293027
9943679773
9070111034
8645068448
6601627599
10112794851
8553641681
9735856356
11377906753
11110076939
13453830864
9027431447
6160648149
7966651326
11478716321
9780484020
10924232531
11730599351
8248068379
11392194001
11916042813
11863352164
11632909691
11065731705
12134102035
11229908519
13351452025
11712074557
13226890561
8742505590
9826214831
12888328075
15876983535
10200280479
8167739281
6291464942
13636948515
9343580485
11735292034
10101869178
5401691928
9299534566
13456063584
13588873139
9760327598
7266584709
5632475906
11832429774
7506532588
10054066312
13482780037
9702889000
11964079583
11555028001
8611435325
3421594332
7988181685
7600471067
11078186164
6352085511
12231904123
8218336937
4738119616
11773892154
9353122838
8284202623
7735487272
6340559570
8044075841
7303750083
8139412863
9540564387
13505634641
11117478938
10337423652
8584467609
8217821790
10547423498
9962062207
13796014476
