8276211073
11765595468
9878272742
8568836734
10280953575
10297628481
9313390971
9694998053
10230777364
11143277888
9787755465
9959995188
10269260125
9630654765
5667027381
11363476575
6938828474
10581013199
10741460764
4905684235
10649169931
12584183071
14489647044
6909291981
13056848281
10410054343
9624213535
7190684735
10966998752
7438810829
7607475548
9826309748
12025246669
12196300844
7543085903
12338626384
11278573692
11913900770
7739082062
12687901014
7592764781
12930989224
9048637331
13952612813
8864923059
7542018265
9722196695
15189964974
7191433149
12367010573
5836843926
8935580390
13021233748
7093680371
4789298376
11215965990
6411661352
8938613750
10968370584
10183114807
14713098033
5535843140
7210925578
10877135256
6487175468
7098510541
7202238185
12697783855
9828535626
6200228522
4503387765
15987295273
9220984225
10969598552
8412118407
12052805144
10748812754
9491747532
8583425939
10390938136
6158950308
12991715402
16122527328
9774223046
8739847801
11084849073
9361874207
10299719118
12694718981
9637202910
9889598671
11824979695
15456398194
9912281624
5467069873
8695493897
5475221502
9049883241
13070615770
7506696744
15117786904
11194003638
9152112834
10259989417
12302441652
8507249719
8292229862
13962813655
10378487726
14063174091
9895043479
9198558319
9552369299
12190758835
8570295389
9429344998
11190553380
11262954984
19814037867
12578427184
10903830428
8978004224
11493779955
16297546327
8461205240
17248773682
9472387745
6508941147
10361136857
8446990973
8050335115
26608953814
8522378605
7491702694
7585361095
9485066471
9979883043
9537799084
8208251628
26853820352
11846782311
6177104224
13918502165
8250531883
12327146546
10139219932
8919409309
10888088943
6644972728
7579290033
16500839083
13419244883
7742488744
6563412698
15247781166
7174762164
16932920076
11329942433
9700125658
16511739640
10856472849
20300390858
14432636457
11310167869
15002565283
10686612058
12826567903
18530668430
6999794998
17312937555
6123664170
7586448624
16738647520
6493243486
8443856407
9957443056
11182898637
6548010291
10324527073
7315910834
10076660181
11021862773
11121783666
9831789148
10591690916
9161741378
8582098902
8137818665
7867976201
7840834072
3427556860
5296691307
4703935258
7220150537
6692503858
6324268141
6020518228
5601795344
4290141776
4852427625
3710369554
3935118774
4016191368
3798723183
3327435065
3331843126
3114451558
2895351968
2694709689
2518478590
2262307716
2215142087
2084185036
1955630851
1524194891
1733275944
1458170244
1551880044
1464299419
1338729042
1270582015
1181319200
1092131780
272445953
978009003
831604813
880353296
836611831
792287265
14299651
690265571
659047730
613002599
18764836
3725864
37253157
463145957
424170015
101246606
369042877
196541270
324664298
301578281
900313491
1017039348
972847389
350878847
1291631527
1655453532
2984169433
2447765077
3270114076
3579189862
3590127110
3549064937
5488345002
5522000316
5419361433
5271349632
3089571336
6851148072
7115652896
7104451498
7104126100
7618907950
7242357961
7180226663
6252014705
6280808310
6014488435
8455945189
8404809125
9999360076
8714966901
6862180053
8033588984
10339377860
11239769739
10874484846
9776830657
8303809172
8871269955
4408509361
9772543575
4300618511
9938624210
9900404684
9197118675
8229447652
6522323490
9732694756
8849839764
9437275190
11588754807
11012213460
13636750438
9284057644
6545463260
8365074600
11448697574
9894718226
10423964238
12424866995
8236840956
11155407792
11940480237
11991605294
11618350141
11207537665
12279584481
11346824478
13378555348
11168195220
13376391870
9114387482
9631055632
12696349061
15603441550
10570543798
8129898930
6476910139
13158865257
9525730581
11100405615
10421622852
5767007648
9127874625
13720912129
13606417315
9662287815
7301943775
6006355491
11795601618
7636228494
10179763641
13655088305
9629978377
11888237099
11868541341
8712784977
3093574793
8245509884
7532501900
10939688657
6150920907
12483943561
8323332668
4736489362
11550605181
9520575669
8103046983
7744540626
6526444794
8572445161
6967092492
7652172718
9438743269
13663497906
10768465449
10513847776
8735638385
8033685511
10556942428
9599688807
13216732645
