8262177595
11771646595
9911670255
8563752689
10301910152
10299874763
9320826738
9694821804
10241116523
11155737055
9775635707
9940153780
10255248418
9592495005
5691205243
11363660903
6905623878
10539978367
10735878801
4894210920
10648437968
12597827508
14489402284
6946772268
13096014335
10414238400
9662328072
7218015115
11006757516
7411766078
7641517570
9801155985
12020023887
12166229631
7522314839
12326014850
11288748644
11889265023
7765611212
12667079842
7571242206
12922719467
9004520795
13970106203
8848090335
7530965735
9740732494
15194621821
7175896639
12359553923
5849827265
8955233123
13038131930
7089596859
4821793355
11156861918
6427100102
8920136178
10963610810
10205499430
14698571396
5492244077
7214910394
10904204448
6487302482
7101634090
7205101214
12711485497
9848959029
6192117166
4525255660
16004677817
9231998804
11003559884
8406807090
12016008806
10746996722
9528405972
8579961160
10399348361
6177975823
13013708961
16112666260
9775344563
8779701863
11107453617
9340428235
10303161450
12710806028
9638329788
9871939305
11812204598
15432376454
9950588379
5470096257
8665686711
5478450019
9049748235
13085379187
7481477299
15129146275
11216261543
9106930659
10222078472
12263893311
8490984329
8317012120
13971650522
10334116161
14024753430
9902497216
9199350268
9587288341
12193582115
8577045681
9421701196
11205479364
11234339936
19793897863
12564154080
10876356316
8936270171
11470425582
16318669362
8487214125
17196901937
9438980320
6519083428
10358726209
8461269922
8004807795
26467899996
8502295883
7495138033
7594613789
9465462507
9974680754
9526422558
8183079396
26699115562
11849034678
6177752840
13941067388
8223719435
12324855616
10134904383
8905650268
10833715721
6660842602
7573456989
16491996181
13425625178
7730496518
6563471003
15221350594
7160472410
16886802896
11293474214
9638222262
16488114780
10897346707
20284484092
14396542724
11358944487
15005692817
10683609071
12801252066
18480859636
7027245656
17302632001
6105127625
7619257618
16649330641
6484667247
8440667291
9955092625
11223001033
6537404235
10356471033
7333627406
10044967831
11011704565
11090816923
9824753743
10640639828
9142142542
8562362943
8148719262
7862737585
7901578174
3429714635
5293390228
4706268278
7232922290
6728125404
6312694692
6080492014
5648089049
4286375028
4924688552
3719014218
3946069407
4087885998
3865748798
3356159559
3361776197
3262876710
3041295075
2732585031
2641615869
2235769059
2326616338
2191039738
2053187795
1499107279
1817865023
1443652632
1625613564
1537141461
1351420131
1335103356
1231846579
1148958630
284025684
1028533362
836195505
908741275
879632949
832018050
30902530
685306645
685667737
635784744
27638452
273353
38854977
445090767
420536075
98312244
376263597
204066425
353185781
346166469
971040469
1119100925
1114203292
342304055
1372694814
1719281810
3083302205
2432502833
3298561243
3630659999
3648534362
3595611226
5542959899
5581819926
5464082948
5305961272
3082440987
6898791414
7144802218
7078290147
7116647058
7628551956
7254417009
7215316895
6237172314
6286999933
6013789528
8470716847
8438028287
10037560041
8725668207
6901643974
8047272878
10363739080
11279488743
10914189598
9771675031
8283032698
8890470410
4436085078
9792649918
4261389158
9967704776
9910642558
9181935871
8233826725
6509611618
9728439683
8856145278
9459082013
11563821608
11007839830
13646005002
9271299484
6565422292
8339161773
11452120348
9870815192
10417509768
12389589905
8245563307
11164171780
11976827580
11989809114
11622726919
11173868447
12306850133
11342066430
13344965753
11169605339
13377614717
9096148654
9565378560
12672413969
15598455124
10577629697
8113398443
6465728007
13142376148
9546735810
11095920578
10423622608
5756712694
9117012954
13744207173
13602620509
9670372327
7312109684
5975181782
11784559500
7651513408
10173112524
13653755352
9628993066
11863771100
11863990151
8685212224
3103240387
8267050680
7544350551
10932423800
6148347111
12470028122
8324214615
4759864101
11538363010
9541770845
8121017458
7749759210
6517934208
8540075176
6953683120
7620194465
9446503388
13678644650
10744940337
10476689148
8666614245
8033095643
10540224774
9607671338
13202134734
