8277910891
11764164200
9878627065
8566419947
10277665909
10302709469
9306227404
9692788959
10228114926
11139427829
9786488244
9962789271
10266116176
9635640121
5667771017
11365641367
6941231919
10574615798
10738091681
4902889219
10649381691
12586530767
14490829852
6913145251
13056405803
10408927343
9625404107
7189522798
10968570298
7440354273
7604109479
9826593798
12022136467
12195057884
7543441793
12341066301
11282865803
11908747394
7740441519
12688285479
7589523902
12935047253
9052715044
13953225208
8862556108
7547473940
9721842084
15189249761
7193079177
12364350270
5841282135
8936220049
13023038200
7096238421
4789501608
11214595628
6410164663
8935271189
10964615389
10180354152
14712883381
5539759173
7212850983
10875817298
6488552824
7093870473
7198706935
12702288104
9833346897
6200024993
4504854422
15988052250
9219211664
10966187448
8418229027
12049730690
10743052080
9491605283
8582884781
10387059359
6161097513
12992465374
16120739076
9774893384
8742793555
11080928438
9364890140
10302006269
12695305990
9636118961
9890147296
11817987747
15455734387
9918234573
5467655649
8695706524
5475231120
9047977762
13069099598
7502710061
15117178557
11196500251
9147229362
10260197958
12298353691
8504930171
8292625238
13962577222
10376936289
14065146294
9891191595
9195059169
9553494410
12192145873
8570059548
9428687555
11191593464
11260126356
19810746347
12583707214
10901647738
8976550999
11491496617
16289684338
8462454124
17241540699
9469338276
6504756442
10358011877
8443831732
8047867520
26601872132
8524350278
7493672145
7585614365
9486298459
9980294359
9535233724
8206888983
26831056413
11843844944
6179603092
13919549344
8247508469
12325210515
10140110573
8918278225
10888225422
6640759957
7577950803
16499463399
13421323783
7742632858
6563924954
15248635792
7176606637
16925058171
11331173165
9699903756
16506632482
10855678538
20294163795
14436877571
11310139960
15003437670
10686402205
12826405444
18528093495
6998116850
17306890862
6120602895
7587759645
16733690123
6492858553
8444607665
9954594101
11187470389
6548799733
10326142439
7317557618
10078993412
11020762194
11115918650
9830001622
10598857629
9167259695
8579110575
8139136431
7868489143
7846184021
3423789681
5298247883
4704779806
7222179674
6693134873
6325741332
6025295103
5604481252
4292863274
4863893348
3707282747
3933805958
4014156045
3809298473
3328827803
3335568405
3129937762
2905392581
2707636298
2530714120
2261199559
2226563871
2094072489
1964578925
1525857977
1741929727
1461975338
1558521754
1472063148
1337982900
1276922448
1185674146
1096726557
268353120
982677564
830620776
881048350
842161877
795557635
15354589
690624619
655983371
616563210
19676097
10951994
38145666
464705005
422636905
101064458
370596925
200482199
322520502
301201593
912941160
1031419243
985611343
351605230
1300046385
1660096562
2996175600
2446386565
3271803097
3588026146
3601498752
3551791213
5491060120
5520806422
5423099663
5274073314
3090625854
6851371690
7120653293
7108648998
7107688868
7624313311
7240151742
7190523446
6251814110
6283484244
6014690221
8454824444
8407063765
10010292837
8714017128
6861062278
8032936931
10337036052
11240787288
10872159147
9774129846
8301455511
8873932334
4408354869
9772111784
4303967518
9935083014
9904810873
9195948638
8232599227
6524395641
9733098787
8850404695
9435348382
11590684498
11010989843
13633779169
9286507202
6543464556
8366608257
11446538675
9895738216
10423924017
12429896799
8234013303
11155614095
11939740475
11989472442
11618936926
11204052531
12274278581
11351901698
13376805776
11164486019
13380618492
9116347509
9632068249
12703877838
15600485630
10571286577
8134027493
6475373301
13157526557
9527783345
11102776942
10423814292
5764600672
9130354217
13721649085
13608670116
9662971911
7299221063
6006911007
11796574351
7639050129
10178904676
13654319411
9628745265
11890520430
11866148061
8714956517
3092360284
8251400999
7535743022
10941646206
6149599396
12485249111
8321391690
4739503070
11549160985
9518588739
8100773043
7745791214
6528232733
8567252818
6968305087
7657482052
9438944912
13662304740
10764922978
10518330441
8733219588
8039685693
10558142880
9598588491
13212220946
