9577298491
13397839734
9757204155
11221865719
10102386603
10370775481
10179182311
10422116036
8218633311
10090703836
12101945319
11902305366
11365968403
10501006369
7878093179
9864878835
9478311900
9121294016
10678376827
8245498126
10774725858
13275766061
14693726343
8640591389
11585699364
11350906604
9697596391
10643576135
9897653946
6178875566
9475709518
12934983318
10554697257
10368068111
7726717883
11348320119
9967460085
12763180783
8140851953
9904981995
9513745639
10553876957
9560168575
12121962885
7884264748
8235841397
12289724081
13682767692
8754680936
7360464768
9268553982
8189840553
10856259788
9918118911
6933401828
10806019171
9522314759
11811241248
10946364107
10829230694
11149799125
7057370316
9417980477
8971109244
9715379777
9443409515
10425102484
11787834395
9804202059
7371140285
6205569292
13442035613
11547530141
11858989027
8406246257
10774895786
12750485520
9359444994
4294858140
10355234059
5845562867
10397806946
15246550850
11217171255
8694531557
9655136310
11551345280
11972597186
8800749736
10468348640
11066828487
8140117365
15248881242
8779848431
8266694026
9159445692
10109703336
9107842544
10896778527
10182661590
12726285812
13077858525
9977364432
8985075958
11502307967
8328606754
10388560563
9722647864
11548164922
10627436083
11531620824
10991429680
9962430842
10416387155
7898728927
10305201227
9143984910
8064795839
13174873740
10848236583
11036221937
8839683043
11907739059
12755503313
10497548454
13569113452
9704479415
7965556303
10805573524
7880034283
6698097643
17273446263
7494106193
5967857443
10133091788
11238457689
8863755263
10327664487
7059403547
16877568307
10081217335
7369303130
8958297195
9520066825
11981131171
10478929957
10094462784
11593226779
7685069585
10302596558
13839025620
11123080172
9207350745
9513716871
12571370263
10598341918
15987374280
10722148286
7707495486
15566185501
9832995531
15595348980
13943281920
8293629316
15009505225
10359925228
13439968831
13654492511
10133256336
12353079335
8445254074
9042695393
12770340497
7999734196
8917822999
11157571864
7941173478
9901385554
10979256190
9682120636
13753725379
12287695207
11728017335
10730631961
8522906765
9013614946
6701415569
10012723875
8330358451
9340117265
9423150124
8853823187
9333087576
7797511607
9772805448
8651123902
7525563583
9084841621
8431605419
7689935538
6797458176
6844431836
7129113590
7910935013
7388177946
7215219832
6284648953
7136524379
6214248118
7231788443
7502545292
7949370644
8018375627
7755284926
7855228082
6660715689
6984505755
6260030904
6308406155
6049353726
5611309430
5262293567
6567158864
6773700881
6555659144
8060657033
7671750880
4625535709
6804633461
5521951104
6079092829
5021108778
4656401041
5165155080
5156511174
5140997178
5785408852
6287244899
6713186564
5898365134
6075501411
5176394257
5802298064
6381599721
6159207097
5569899476
5294148484
5243865334
4808935935
6186045673
7115036799
7436723586
9705037818
8381009134
9335719782
9124255482
8415976184
8463931273
7881588284
6911497156
7486758945
7187141208
9672940961
9118570327
8929196325
8081457310
8492598145
8094614933
10032867710
6934613572
10154165159
8963855289
7808580705
9700948958
10371974424
8358779544
8356718591
10100117661
9126346673
10941204322
8434664133
10268328046
8161968433
10259379253
9089353467
9247320768
7688508555
9465474020
7686175777
8255938715
11596618620
10073185751
10380126790
9852678016
9514511995
9031437983
8770187569
9225603130
9573717776
11357595225
11014247479
12238037949
11938470219
9759731205
9493149970
10696366733
9065053317
8995294872
11869479653
11515181476
10788279740
10353152805
9126082975
11782786524
8736553393
10264237985
13254167045
9588883453
10754302385
10345970204
9081996467
12228758717
10904696205
11828298976
11471222479
10049572065
9474156997
10094087880
10136028512
8808475058
10357009425
7748921256
10447746251
9471359942
10267055115
10691518459
8538411503
11453295793
11821125385
10636998546
6349633128
11795930758
8223783448
11499676847
10059845485
11237929461
10203925025
7196637487
10652976231
9952512662
8859715703
11656671410
11743923876
10447680295
10549380452
8040444857
9277667502
13119516191
11849048673
12624809930
11511328892
9917494279
11835358186
11525757160
11649427136
