8311049565
11950930386
10129431294
8315612114
10323323772
10483975919
9517370513
9873217416
10438632342
11095581462
9720545027
10186506556
10209835427
9553352650
5787189145
11529057552
6928843640
10358405732
10760515909
4763208671
10701880785
12641414951
14649154444
7111038989
13288140454
10324246318
9861594357
7173776565
10909861756
7576980596
7549329404
10049827603
12014313092
12085635260
7343544890
12276198586
11205491615
11945343254
7666041927
12715827945
7747727134
12749137519
9078143105
13965884135
8863800815
7474046588
9715559207
15016950254
6972887241
12262756682
5774093941
8958675900
12851389287
7057905005
4799143715
11170169317
6459708370
8823699861
10987379577
10361834595
14766641458
5397315993
7241922763
10807167398
6516446587
6788695559
6952286698
12400641024
9894641541
6144495221
4519801699
15822158802
9273133470
10951977159
8422691039
12062098478
10861043009
9495131116
8616832513
10484043264
6263265821
12709627872
16243291362
9743155372
8684850736
11132302809
9435232658
10531158679
13023595900
9627502843
9852795505
11991704455
15367631724
9811552955
5314041212
8890083478
5341217840
8961020958
12990727083
7717013266
14979613363
11184353347
8978965691
10020998691
12029241150
8271429860
8136098474
14070867440
10371904502
13865056711
10001361806
9227103388
9662831453
11944823996
8584438099
9212668792
11230389490
10974736911
19807435624
12789457703
10896678955
8841926103
11564340267
16337702181
8621005733
16713847706
9215537884
6394144871
10229728816
8475043132
7750287403
26275149286
8516414006
7788830525
7489519871
9607685048
9733030362
9663101706
8411047383
26224574542
11851648410
6068149595
13856616358
8281619735
12289013969
10141829675
8752870117
10870974716
6709341211
7482610868
16402064209
13653578919
7975267142
6770702683
15099764070
7095060232
17014537520
11517078942
9770307557
16063453432
10823254822
20119781585
14312787458
11126385479
15078474153
10418688838
12811279534
18158034307
6829506067
17076296929
6162302656
7653249930
16488348626
6647613427
8454327396
9800149670
10999802972
6637958763
10451477319
7181692103
9889698417
11069184006
11007202985
10006866682
10526859954
8963323324
8665520922
8183904049
8269983616
7885724536
3359296453
5497692091
4786904173
7255698307
6857646070
6134964478
6273364567
5935400736
4360680194
5206395014
3771067745
3947773390
4280255670
4082355329
3449851977
3376501242
3305317743
3390106953
2942275630
2931211963
2271863101
2420265346
2644168375
2566765657
1390122060
2263555059
1608786888
1718531630
1950993785
1841578481
1676067371
1358201391
1411217279
372400799
1296460964
1171516987
1180989902
1033682434
986765457
317620059
919493205
873827187
776560395
194649825
35051008
156320435
226366809
591969115
88342392
519544594
380611181
240089212
176877078
1392509077
1437326705
1372813165
322504981
1577512030
1641695181
3489214978
2605991014
3488072617
4118068743
3609255372
3878784521
6007409214
5902564207
5533118793
5391728348
3110491046
7131879684
7331412429
7192789806
7119538125
7792056957
7371090280
7230463266
6219693237
6296726060
6049171566
8729974884
8604873521
10113075247
8797329432
6848755357
8438813525
10370838539
11233251162
10820243620
9753127852
8348965258
8848226213
4334611475
9816772440
4469093337
10263873753
9949217002
9069497262
8423143285
6568239566
9783005080
8741372169
9358320380
11465665166
11021301407
13696303265
9352984388
6474702783
8216507416
11307483351
9709555855
10454448477
12192775803
8173006293
11232861015
11643659400
11772877582
11589566036
11194900682
12220926303
11254291924
13566315448
11344234639
13209143575
8953133906
9468171171
12574695572
15626659901
10457764966
8171443377
6284685999
13386100569
9348001222
11434448223
10286044265
5648905248
9205434840
13721660675
13409540153
9469011789
7342126059
5980290047
11523287640
7585669464
10330445468
13348147034
9742744297
11837457855
11757835480
8539001544
2992359074
7955978051
7509803638
10899298836
6225260899
12682814230
7974722016
4703464354
11636759066
9578407647
8329838163
7644331224
6553104764
8314619383
6885085119
7797486481
9419987980
13666393392
10718296390
10488977709
8627846296
8076384992
10612779657
9603374298
13334458048
