8236419648
11892699150
10064222947
8374576780
10347908867
10505399325
9598976163
9768974809
10499135897
11015288636
9694143601
10257840476
10193494469
9620445900
5794454958
11478452267
6938007603
10374206025
10724164898
4820877004
10732400313
12534145267
14572816517
7115304584
13281624278
10350254806
9795079275
7152172632
10956490131
7534818770
7587373547
9993598496
12078666846
12052778430
7374469938
12292839073
11173054422
11901755671
7721672861
12674650104
7738921766
12776437821
9075921353
13933778627
8873654790
7448078823
9749186530
15081172492
6937712780
12190909621
5724188297
8982094132
12812671326
7022273510
4780020699
11172047566
6421185990
8929971626
11081146745
10341715193
14681127610
5535566103
7099482780
10802092911
6495518602
6876776181
7055428564
12338754618
9922085118
6151705686
4525046665
15790422576
9367876157
10922028429
8425147081
12046142110
10803847978
9550509155
8633047442
10511156812
6168932541
12685378594
16245513474
9780377681
8675368209
11141986331
9426139651
10559351011
12880393831
9576549848
9853597510
11962640674
15396666048
9794499093
5382280412
8764813174
5357056063
8996805155
12931713789
7668193854
14998092394
11122488020
9054903479
10139181876
11988949967
8257872627
8117233861
14086155998
10328692476
13953562056
10059923966
9267873321
9663889423
12024595557
8578539715
9214704358
11145138289
11001460877
19821699126
12836334405
10838451799
8872789249
11544744368
16291363337
8571579897
16785005974
9298524332
6379323069
10306462444
8388091978
7789229570
26367799258
8475167571
7698939786
7511437832
9583521673
9752830971
9703552427
8462708486
26275704947
11724569329
6017960691
13810806036
8356800640
12285351480
10214732562
8785000774
10884548401
6724459896
7560568922
16474780270
13592264777
7908336717
6733033130
15007170077
7064879046
17003983984
11487048864
9749662037
16067648402
10879249718
20092168373
14362198047
11180335372
15086621472
10362183496
12895044297
18199500870
6763201325
17047700028
6174458073
7770037994
16547710534
6630226989
8370796813
9749199691
11049756981
6666965736
10442976355
7182243618
9915204807
11046434274
10925930628
9912928538
10509901149
9008085374
8642421558
8191182222
8229297008
7905293327
3314712186
5436064814
4688225607
7246229757
6865524088
6103024688
6345519531
5943585007
4294170938
5176687119
3650469354
3874149296
4273725675
4045860756
3326401049
3428088978
3327117633
3273762287
2931537634
2849638434
2310506636
2350949150
2542631953
2489521374
1429589027
2118446612
1529181436
1715894185
1876119225
1749529406
1634485397
1434531425
1445061374
405406111
1291927468
1191491664
1161281128
1063019372
1030174979
326047145
854345968
788746702
807606975
128740403
19465381
198739454
307997021
559659133
89381601
439150372
436932027
237144200
214172181
1314245468
1357066403
1328815656
359397715
1534677240
1722712419
3474898814
2528011941
3386399143
4068774850
3585130089
3911165380
5904094428
5802915907
5552130192
5459780083
3112299105
7142868106
7332057374
7284261384
7076765969
7818291864
7262758272
7216252272
6178132325
6306467287
6048955868
8610010102
8527519734
10159175128
8848776977
6896215820
8377938307
10379325166
11226164336
10887247212
9803093848
8326135554
8844357829
4378723229
9784788037
4482068623
10273402489
9824046085
9083786389
8495330618
6540140374
9763429454
8798027652
9307634647
11481149417
10940733602
13631485660
9216003947
6465043536
8162456998
11409167477
9698289549
10448987542
12289399192
8153932594
11296229530
11707120426
11807379650
11543249657
11185111273
12290206206
11289136019
13473800538
11394994169
13142574506
8991077885
9504639078
12637625116
15618412095
10562323008
8155154284
6379469232
13343292215
9390629361
11369076904
10269621241
5623493541
9235314136
13744353087
13456149266
9455791017
7307547406
6035996329
11604724943
7644702654
10414613021
13356430784
9762651837
11828029496
11855030259
8532464638
2958395367
8093414674
7473388216
10952753447
6226006696
12540972652
7925093925
4749783110
11612979227
9566214161
8340961220
7648436986
6463697595
8403493565
6832153453
7832561427
9424311572
13708871204
10771806994
10485211502
8613993226
8079955233
10535746985
9606623860
13372346543
