10686454193
12943118915
10015226488
9304588330
9012496885
10438584700
10863077315
9264369540
9277935225
9151093128
13481731760
12215339813
11994777862
9384580727
7253376717
10182808872
8150933475
8854159817
8903378226
8422259194
12127840670
14063523762
13516166932
8353858662
12919298665
11544473351
8583848710
9974663024
10854082550
6062195561
9651037326
12792751469
12384380505
9691025634
9351054499
12702591125
10121677963
12836770902
8905699694
10637625692
7922546709
11480392631
9141831286
12335391937
8791689079
8420257080
11942138262
13472503113
6850367600
9509139610
6302556709
7001995843
10812324261
9205972087
7482186351
11360630342
8798612290
10762334410
11122123285
10120955271
11089295146
7595443935
9535392484
9165344913
9815473369
9264566105
10383141205
12787377293
9620992886
6622020398
4388839564
14256402546
9609016309
12186426449
9436506834
11492962080
11806705781
9330453777
3706089221
10047111362
5109826882
11149467622
16183428718
9059822644
9315130929
8805536425
12700093371
10727682514
9600018409
10416083714
9907917130
9223984899
15349950177
9702604073
7354578257
10537481856
10131708142
10437749407
11563833467
10477164522
13608308612
12754048705
11539190837
9231717602
11123720748
9534242606
10807401529
11229450844
10678415698
11976527502
10842918999
10395769528
9887643938
12066788512
8853301102
9053239452
11276745636
7519742947
15106445017
10215961201
9845298390
8821542071
9648117739
13291555317
10444022229
16152162236
9035660788
8092435536
10030948843
7412299577
6084511190
20666666498
8569036505
6617247254
8902672171
10730174525
10192020806
9713535022
7524656754
18922743666
10959270983
6828477592
10646273655
9396319267
12472704926
10929366396
8331962769
11744817612
7046147104
10466162281
15319158436
12267525866
9918909036
8422011650
13042670488
10752032974
15496524598
10250159378
6642302856
14010662485
10544097692
17312038050
13507006574
9158988869
15340458525
11176327670
13022598407
13344744999
8781377884
13973598857
7800463993
8822204333
13377298153
7216760852
8334563892
9920990727
6560341876
9703754806
12198789468
9238892363
12853241187
12255313920
11700284211
10960585507
10271033205
9451891257
7247126859
9289057744
7550848353
8175723956
7783128366
7593836271
8008457879
7870377289
9643747728
8599858171
8789337369
7242659043
7663691932
7223982692
6107495712
6075811617
6220616616
6444670992
5650572744
5556305429
5788206276
5982958619
5388651743
6182058453
6155629617
6735296788
6565419820
6162833062
5628451987
5243124873
5391790195
5538787595
5524404814
4541901803
5020584229
4888721260
5496053572
5205525072
5142482591
5358217051
5141101291
4143939132
4666160113
3244917222
4873325281
4809421985
5236296716
4262763451
4627081644
4984169034
5161170434
5114135237
4773548761
4555058968
3860488415
4479546644
4994847725
5309427939
4674712226
4624815450
4246175318
3208007846
3684532911
3615535759
4729165236
7443247529
6641666247
6949012849
8104945429
7985383031
7361574773
6639570172
7800529480
7208853252
7847371664
5497712784
9285441429
8895405046
8147436934
8681343625
8355892766
8191445256
9693409410
6458002666
9786485486
9842973237
8447998670
10098183369
9673532445
9069045047
8788951085
8883095580
10343218366
10120110846
8817061133
9942507801
7179812259
8948066762
8650983870
9303233891
8071487845
10621257885
8060589242
8687460237
10912783430
11232874199
10282651935
8913187994
9507021633
10590037338
8973361258
8002742545
9353514276
11464836975
9684406537
12633065783
12173293843
10142928129
9036060304
11732486695
10033381960
9304596611
11969637310
13267998618
10781395298
10311827688
10060994726
9892137720
8099971131
10274566879
13220777202
10068655835
10418565111
9712872260
8012585983
11536038793
11262530384
9946274890
11817523836
8690802601
9510710087
10412402921
11747094400
9794245403
11322013179
8363529536
11853290816
9261096027
11091810789
11065531585
9287397296
10332991023
10550695811
9666801103
6408760473
10400643732
8527497139
11018026627
10377011838
12023970581
9650332108
8341433698
10479561585
10640555320
8882630823
10577624010
9481524550
7220937771
10785304313
7633689380
9513395288
14457755358
12795035119
11342591032
9930799247
10275672295
13115941773
11299388773
13260193303
