8328312470
11945244215
10129252468
8343540919
10322950100
10476745380
9526413622
9862616255
10418445210
11110398332
9724806710
10176013334
10203503185
9552076605
5803062264
11532025297
6939953613
10341483619
10756650271
4779479239
10670572136
12625380848
14648632843
7116171036
13297184483
10320831420
9854700731
7175267440
10897731045
7552237505
7541429210
10050854632
11994224121
12089825651
7353122686
12278963989
11206738540
11943386569
7666339979
12728357718
7760868966
12743982152
9073969653
13961341404
8849643767
7474802450
9724288799
15023295221
6955244679
12253649646
5766578081
8970026975
12842688820
7073023031
4796490332
11175788923
6419081813
8809337648
10978846540
10366421243
14789441558
5424323318
7203338212
10799932209
6525520809
6773383985
6950656599
12375496279
9889401552
6143866033
4512481992
15810452623
9278245588
10959871234
8432089664
12066925633
10868412034
9516019178
8638110748
10484067656
6312896218
12720536209
16253533211
9737074039
8692202026
11134076940
9429613589
10544744336
13005226600
9611178963
9842508645
11998100127
15367161223
9828116880
5324569109
8904252242
5335422161
8977443664
12981588256
7719312910
14976031451
11161016575
8957274608
10012352590
12034232428
8274752744
8111450211
14066898556
10364530960
13868538991
10004182954
9247453458
9643010882
11950428277
8585279086
9187140563
11224163070
10986598113
19811389251
12780487637
10891556007
8849958111
11561309445
16346243643
8648915994
16707782527
9197577056
6390078386
10225867725
8472681260
7742268119
26277178615
8505631615
7789024846
7493571143
9592248887
9724827944
9644510218
8423433489
26214034860
11832799261
6067813518
13849867444
8272110500
12307050653
10153836266
8763126902
10856976536
6714280739
7489195048
16414134123
13660413175
7987038566
6763089421
15096623268
7105527476
16998097900
11512572946
9771788665
16055947579
10836121342
20096807931
14331132146
11132933151
15077241032
10417337256
12847633052
18141202171
6830214605
17063851287
6160045701
7650482535
16467667780
6636682830
8442536268
9772549661
11026402393
6649116947
10441017070
7173602327
9905919234
11073292552
11013513791
9979424783
10496111576
8988243604
8656885943
8159221231
8253873684
7893110987
3357323488
5478701219
4775704816
7245997440
6863966685
6119752861
6251193408
5936460213
4359511627
5210624421
3768600519
3926298579
4250981413
4083370925
3442113770
3360660203
3300690479
3367049911
2960453398
2950495169
2268459682
2436995080
2630279869
2565682523
1400751715
2264598284
1583974646
1686754614
1951948187
1824012723
1687631993
1370357425
1426951652
400785221
1308547483
1166478715
1145628194
1037836874
977320264
343794774
889827726
860138540
775682727
178593892
15783809
169696806
231115010
584268621
91994769
512704830
385707345
241537465
174692135
1377329939
1417872015
1367202943
329279969
1569209409
1638883003
3496029729
2601040924
3472466570
4130773326
3607193601
3891032408
6006215054
5873023551
5541688527
5420946851
3091702246
7128941860
7335483117
7200769734
7122486437
7764942290
7358911256
7210556282
6190846213
6319264970
6044828379
8739983927
8571113687
10114148808
8793422827
6855519830
8422978489
10356987107
11226690429
10830495832
9771737183
8355080688
8851079957
4374470847
9823495857
4458578650
10279662802
9944049936
9087986761
8415123665
6591433218
9817489628
8722211117
9361033155
11473749468
11028041197
13669645402
9313133272
6474721179
8227336559
11323402640
9696393050
10470083892
12196048710
8189878585
11250439030
11647005030
11750022942
11577081173
11196053143
12225708076
11230573053
13551020769
11330483381
13188894761
8947571429
9463447806
12585013991
15632102526
10445338059
8174931983
6285878400
13378120317
9328133324
11429368346
10271214836
5641380387
9206061367
13724700871
13418842158
9457778078
7344927823
5993370302
11512455604
7598698121
10326189490
13339640666
9768399981
11822952578
11766806104
8546494292
3007112468
7952549172
7515652186
10899306375
6230931058
12671745919
7957622156
4730153593
11645253427
9563393475
8339910112
7620597626
6550560083
8333944672
6875159728
7785593918
9424571874
13663526994
10709399519
10519093747
8620183646
8061888693
10632443496
9595638533
13344586303
