8521682892
11926452772
10221586544
8267500055
10286132321
10453890381
9561608240
9975001431
10462679242
10909676388
9842985473
10356568400
10294139524
9627386501
5834557882
11342992090
7092801079
10399768457
10543638579
4671729869
10775834357
12476215345
14693721915
7144869119
13201491632
10199900040
9678216247
7241990950
10987819146
7678496224
7534529390
10215530153
11904610707
12122436441
7327478825
12094685485
11270890855
11798348430
7798225455
12726481236
7801529555
12585414558
8889729521
13921887310
9107937989
7434029714
9899773113
15018258318
6946149283
12102559718
5704226197
8965831570
13002430392
6930033544
4775003727
11379725629
6544579308
8857852671
11043521874
10312120800
14667713397
5348853210
7309058580
10668309235
6311914910
6904763713
7068354620
12526669442
9796747655
5902621095
4451897695
15715353302
9435441555
10822012281
8359041686
12053394797
10876777038
9389503074
8641716755
10411772936
6350449007
12618119442
16306000290
9754928060
8470455807
11186284811
9407991344
10617084051
12824308193
9586169123
9826919915
11867829603
15252766309
9758011183
5109255119
8899757941
5524337618
9007706838
13020096076
7999577695
15061656531
11318211054
9116030101
10020927545
12074416410
8431378191
7979193851
14237874492
10471650666
14083166990
10163364076
9321821133
9581564244
11907660852
8455733594
9087375122
11255705416
10985304753
19559106440
12625334414
10894148700
8670460101
11476347068
16353123768
8492096352
16710833182
9119553639
6263740623
10270570577
8364546932
7744448487
25992145255
8782239729
7629045351
7478597889
9706433867
9561542803
9558186419
8212382690
26062939610
11866997577
6103050972
13951993318
8194318480
12298253809
10141800030
8776354990
10798025197
6716487597
7409570817
16239578051
13595714559
7790783675
6830450566
14915988093
7134170107
16763836065
11553997256
9816780807
15916800940
10885962092
20023411630
14281589573
11167924161
15162489978
10553200308
12914846648
18066378580
6956365342
17117466420
6103412748
7683806624
16211603053
6675551606
8317169177
9782715609
10948988392
6567643204
10263506609
7307285962
10011422117
10984336019
10899950425
9936626160
10474897558
8899858064
8436224273
8248456959
8459930071
7901622671
3340389932
5346146629
4904215034
7422549332
7022872556
6177968916
6263195897
6069217106
4341577234
5286327374
3748742512
3946173109
4186792750
4292147192
3546415232
3396495066
3211040782
3664868714
3180749942
3193396042
2219529903
2268784098
2605131326
2812452386
1441946536
2529092726
1533124168
1531830908
2212003780
2027886556
1798624789
1395388060
1661311651
583820692
1485015193
1398569153
1117415115
1162165471
1037845779
69757513
994322771
1009013612
937111751
57753094
161225882
205060097
11877387
476688729
47250109
575513100
357655454
89815696
180239737
1559095315
1796355706
1661864200
273079818
1661396839
1804376620
3486461885
2704459005
3600950261
4358888370
3692179465
3879025466
6100120906
5756624565
5382685528
5428536099
3318570610
7292018970
7336048218
7339100575
7123073957
7816496599
7506278272
7272635693
6124787431
6560505141
6186692250
8823183856
8459566822
10019584287
8856469932
6729941203
8733815203
10347168406
11418012617
10619624266
9724236123
8339506109
9232234312
4572560512
9917910094
4402513611
10261346264
9857698810
9022306047
8410206189
6539213364
10004706870
8545348439
9407781603
11418951303
11100157652
13729710341
9232565997
6446375024
8174633824
11448667976
9517064855
10666539596
12266511297
8284806418
11296972586
11860611118
11874418857
11436643599
11092798299
12318008011
11370312210
13495224659
11508848967
12891861763
8782620234
9672572166
12771726302
15752800382
10337404812
8165893811
6113968316
13377090603
9145521974
11700204067
10244392774
5735331402
9110283731
13681728576
13459765879
9513473493
7381881229
5799768188
11377624593
7691794655
10358395924
13374984592
9735007570
11963616607
11631984237
8527570048
3199422650
7800575925
7480807787
10903095750
6474892925
12573899151
7848817364
4634546212
11549159803
9511252266
8089166502
7723452558
6484069085
8199607826
6796411594
8104781839
9448101943
13462509491
10802298730
10408485466
8503415358
8155188255
10587122765
9685591221
13479850781
