8277196772
11764421322
9877710107
8568097159
10282544613
10296119178
9313853577
9694507247
10231726922
11142747397
9786887860
9958710061
10267082529
9629836997
5669547284
11363782948
6940100524
10580424231
10740364225
4905777748
10649210251
12585740467
14488887842
6910355281
13056249073
10411342306
9624149850
7191036103
10965804070
7437874610
7607328123
9825513970
12025936088
12195292863
7542047695
12338000227
11279574829
11912555309
7739193714
12688822576
7592186998
12930536177
9048340325
13951509181
8866923987
7542982167
9722205544
15189263775
7190932227
12365614122
5836966321
8932427439
13021142325
7094356487
4789565986
11216757837
6409933358
8938670060
10968272584
10183128147
14712462191
5537532308
7211083945
10877885924
6488093294
7098977646
7202788105
12699032346
9829762345
6200652960
4503305872
15986206563
9221250393
10969791015
8411145837
12054291162
10748169622
9492534600
8583120216
10390580290
6159540120
12991180939
16122860554
9775657479
8740121262
11085861641
9361238619
10300123956
12696111802
9637753928
9889334400
11826110825
15456379936
9912352501
5470315830
8692586558
5474796767
9049885213
13069413960
7509488541
15118310208
11195793864
9153123944
10259796681
12303018781
8507021530
8290941368
13963185753
10378659324
14067391309
9894770243
9198146592
9552611346
12190732635
8570271295
9430498357
11190763227
11263095875
19815049809
12578061075
10903661400
8978794415
11496147743
16295698174
8459715048
17248910263
9473235935
6510167996
10360193151
8447795219
8050837944
26610573746
8521992469
7492933942
7584395791
9485918928
9980581397
9537552338
8206992315
26856833232
11847356432
6175690932
13918157392
8252609657
12326061509
10138543452
8918388938
10887214587
6644365547
7576832406
16501337934
13419963852
7743865611
6564702863
15249048463
7174298254
16934401324
11329806319
9699538995
16509671512
10857834577
20301765667
14433401224
11309648586
15002997678
10686502082
12825719727
18531185779
6999963261
17312398512
6122027845
7585424965
16737800058
6495056892
8445310165
9958839885
11184682966
6546698309
10322754749
7316849937
10074367296
11021627009
11122647929
9830078501
10590993978
9164082029
8584308473
8138412262
7870044200
7841397152
3425870362
5296804562
4704339316
7219243840
6692848165
6324215470
6019449746
5600679197
4287452283
4850342557
3713208913
3934138950
4015414047
3797123163
3327564324
3330324943
3111003439
2892834627
2691882887
2515760436
2261358304
2212840799
2082424193
1952639062
1523430756
1731737495
1457847825
1550117047
1463393823
1338481205
1269423044
1180311605
1091719459
274066316
977253160
831126971
878875005
836977949
791135632
12664664
690141540
658657887
612424367
18259158
3045508
37955468
461620921
423333745
101585860
368759938
196591438
324668368
300935222
898020404
1015091225
971727460
351192071
1291105555
1652869674
2982070290
2447100669
3271168785
3577465341
3589047558
3548455010
5486748871
5520673113
5419620345
5270446148
3089575444
6850849582
7113811413
7104895617
7103303013
7618119815
7241285251
7177895443
6251512550
6279913782
6014821354
8455199880
8403641422
9998910011
8714151071
6863496622
8034334005
10340922256
11240662408
10873917931
9775999298
8305040715
8872323837
4408381297
9773021024
4301504290
9937962558
9899579715
9198049510
8230279636
6522333855
9730227056
8850424697
9438395618
11587366203
11012048338
13636966287
9286112623
6546963547
8365802798
11448837335
9895772336
10422525413
12426272351
8236087614
11153800286
11939368825
11992127770
11618837075
11207159496
12278473630
11345544187
13378899268
11169161334
13375741094
9114784446
9632488957
12695948274
15601397761
10569856319
8130690780
6477401621
13158271453
9524675501
11099842365
10420205130
5765902400
9127315225
13720625101
13605546622
9660389654
7303188751
6004791357
11795485316
7636880465
10178045289
13655121030
9631567172
11886524764
11867854564
8712760074
3093818670
8245052904
7532865646
10939222803
6148580779
12483943642
8323287295
4738484218
11552016309
9519268624
8102986441
7744265086
6525692227
8571581670
6969113396
7652086494
9440095734
13664561858
10767965363
10515108170
8734990438
8035468234
10555995587
9599214514
13216956513
