8281949167
12010563953
10249958681
8285638472
10294928818
10489466404
9489180740
9860218532
10409699954
11005098677
9764250278
10235187496
10158722590
9627894227
5827861620
11431675393
7072657044
10359114541
10607332899
4749384517
10730583469
12590210209
14621898944
7168174952
13311168997
10301533361
9785939455
7243578614
10965356095
7688734160
7510249410
10166244888
11934678506
12081403828
7336427630
12248051878
11159537455
11922459490
7811443091
12682192559
7833574526
12646430433
8967652608
13991754547
9035663939
7443035007
9765929941
15085051006
6903607057
12162234250
5812265337
8991327721
12874911683
7002790138
4771360735
11221632950
6481863688
8768260359
11015775336
10386324754
14670468128
5345368470
7224130814
10791176013
6460394716
6842249467
6983266002
12425699818
9917849511
6143798112
4639463169
15821670498
9295175103
10938208922
8421978718
12000238360
10858464573
9415200419
8628776349
10503411587
6349770941
12645551684
16291503784
9727032617
8700173887
11132365385
9361211809
10537150469
12933295183
9697781600
9806907789
12000455605
15310237844
9801369111
5198704885
9009701950
5412092714
8945275820
13051592334
7721515965
14958310644
11165253318
9009461106
9986133055
12160488349
8207915756
8030538938
14207203684
10501695853
13938515170
9950860228
9205462735
9667537139
11974387968
8384861263
9171403497
11343125786
11033222468
19720749190
12840386794
10937607261
8816314368
11569491576
16353113017
8611756965
16793008275
9153905401
6177608926
10257970087
8340637249
7740432690
26168682140
8590967491
7699728544
7435460222
9579967790
9651377583
9526956494
8311129550
26156280694
11848668565
5981403026
13902714735
8201094715
12318162972
10104903546
8811558811
10928484915
6662421208
7479403749
16326382556
13778517609
7952098798
6837962940
15092713995
7218794932
16937912040
11476152943
9800615756
16098208506
10857827062
20093459232
14302656175
11193681474
15075692665
10449552974
12795515280
18111688417
6926390143
17145985162
6116247097
7616362143
16360412557
6670383753
8365007863
9818316516
11072091774
6531619759
10445537424
7157515376
9936328745
10988684119
10980245390
9999474203
10499722266
8878154438
8512580667
8232143030
8407095943
7904174912
3383041963
5449199489
4831449889
7232623328
6926708818
6123752753
6212061919
5969544490
4397356399
5257345890
3783300200
4003083189
4248655893
4204147026
3522936988
3328899558
3289467723
3516969282
3063831059
3067344642
2137971059
2341959179
2641606884
2637906501
1505910911
2324252365
1464070643
1651508851
1997894091
1887861713
1731755085
1324012679
1424510842
333990647
1333586997
1265325701
1139879352
1157202545
974276946
239203290
956184394
935821159
873603885
210066442
59480878
125207094
159059252
605294764
104921441
539854672
335908636
159467885
125625362
1504764171
1595218055
1533604927
330562940
1614919445
1659915173
3532075902
2710928568
3590400559
4203921054
3559805001
3780821292
5921799329
5805945728
5447331909
5399266537
3160397699
7259335656
7371757059
7250684028
7143243287
7812554550
7477841076
7205672800
6218801947
6368886967
6026453458
8696135978
8421561494
10065042090
8811996475
6912407556
8560140455
10438100103
11295293355
10693607117
9735808357
8328651896
8916147529
4488128403
9857001538
4524012346
10258553049
9917323447
9011503833
8377927333
6594081850
9811473208
8705672360
9357307231
11446055975
10991963220
13637754306
9264592509
6446483928
8155794663
11418520122
9646661672
10550781068
12279151368
8167139889
11229166046
11723574471
11813510531
11528527413
11201456952
12198592958
11326739106
13584606492
11432658847
13128794104
8883180560
9485017139
12657009572
15593329525
10395211840
8194367560
6187754118
13328874232
9282318166
11474083716
10259466945
5680821279
9134038470
13665270839
13474287499
9542372489
7352995504
5877848795
11554602989
7607089884
10382620114
13363008966
9743272720
11867333749
11800610406
8544015182
2957448751
7875760708
7523697106
10944688895
6336787823
12723180699
7949786285
4687452539
11616808123
9570483474
8254252932
7672257151
6526192731
8300254581
6905530539
7912244531
9524526659
13565590156
10745383959
10439171897
8575754183
8112041105
10626959911
9676742776
13424607655
