8258146104
11801176425
9914929825
8529380605
10323751736
10281498426
9333266007
9692646063
10255157367
11172930603
9767497900
9967944462
10269590957
9571824367
5667042742
11345857345
6924463190
10521001977
10729436514
4855962339
10659214001
12601504100
14493273109
6962952678
13061708355
10389887524
9636426323
7215212027
10998229066
7427560756
7697420496
9769617678
12022994756
12148036274
7548547545
12341564496
11303401150
11908078736
7764376773
12665650946
7563708502
12917164395
8988499096
13960466883
8878838658
7557190313
9717449194
15197268307
7156212079
12321402663
5836394652
8963018495
13045539907
7089977286
4806119814
11169599496
6438192968
8892683346
10978603271
10221326395
14713607822
5459974369
7220616392
10922880050
6510531132
7075135978
7209804280
12703203728
9833802113
6215570551
4526690672
15996955137
9219173160
10988075494
8412540958
12049279306
10763842947
9555366316
8551183333
10413112710
6174227770
13016259640
16076671346
9794046221
8758601629
11112068427
9329161895
10291361640
12720088929
9624252554
9899529043
11852746621
15445352538
9940458117
5466844262
8649175455
5457438814
9028841353
13086450240
7508883184
15150710368
11210602470
9088857142
10237367387
12258262841
8468836613
8293595206
13969176952
10341829810
14029438190
9931228083
9223738824
9574891572
12207173239
8567135311
9420905277
11195255163
11209958606
19821784092
12572843247
10897230680
8934444932
11512174837
16331965658
8501688028
17181635514
9465038150
6519251677
10371087860
8461789600
8011829661
26454019243
8499029766
7495148746
7603224719
9460718632
9958405978
9518861278
8224409903
26592681232
11842520915
6173194852
13927641051
8234522381
12314639946
10166878400
8864202582
10855274978
6643078982
7570801138
16505586628
13428940419
7763580056
6538336762
15183450361
7160257812
16859840576
11286565695
9684055904
16443433166
10907305062
20276137466
14380183169
11369439412
15013497731
10689942162
12778209717
18461374818
7015041437
17287183041
6109550421
7633202721
16593872265
6504759919
8397574512
9989805786
11198632520
6537216452
10345628672
7328011370
10019812200
11008438522
11112698949
9803010164
10632747028
9162722266
8536204107
8149701431
7868842263
7934875021
3449599288
5295542250
4690285113
7269532474
6732129957
6288035812
6091327842
5675929610
4291024401
4943949801
3709328654
3915582413
4136497599
3914114105
3361419836
3360036608
3303512507
3073840597
2737569029
2720562844
2216732125
2391932193
2247046646
2099015366
1502755838
1869544987
1472130052
1669418964
1579708183
1330074410
1368536935
1248874325
1176801563
283192225
1051071243
839963252
952533553
905896369
853564496
33669484
692472372
712821382
663128372
13019855
2005909
33590891
433442709
459981763
92970206
371058905
216620850
376756173
355666395
1002469904
1207084095
1173562185
339571749
1398228461
1737977995
3169278571
2445252734
3324587362
3648261991
3695856177
3581917734
5574676233
5592311298
5445071147
5333600604
3090707034
6918261161
7163138716
7099763384
7119390109
7619622431
7273420610
7245934164
6229354592
6286534120
6003055521
8456383950
8447026877
10049519052
8707828786
6881467319
8052007982
10345361149
11279059011
10909543073
9769296974
8271935057
8893692091
4444326743
9788021030
4276864093
9975239418
9915495296
9214653597
8220296255
6526710259
9736926473
8842076410
9460225619
11541261287
11044817900
13665878268
9247406905
6577539306
8329690432
11481185246
9872732801
10388551906
12398077420
8241451359
11133992441
11979905654
11991275070
11628496163
11176993238
12321045514
11310770704
13333517767
11189895732
13382454442
9086835144
9558702317
12687271527
15588531458
10556948406
8109012420
6455979374
13135216492
9544187082
11089061157
10425136045
5759481490
9126355213
13725376883
13620501239
9642939009
7297304871
5986201314
11783628719
7657720571
10150220836
13654421741
9633486432
11870256529
11875047217
8684329602
3116709612
8281205684
7510650542
10920478067
6151404517
12460559697
8359059077
4752421387
11536441943
9505449724
8148058124
7725876927
6518391099
8541894771
6942130838
7609694592
9433036977
13672961571
10745072492
10499386772
8670494242
8013029400
10517328990
9602915868
13178326209
