8277015440
11764880826
9878286532
8568611137
10279438496
10297961621
9312983597
9693344100
10231421956
11142420243
9787556813
9961688702
10269058603
9633415313
5667691125
11362440205
6937025937
10578904536
10741337001
4905527049
10649704030
12584117712
14489050729
6910163362
13057047797
10410506504
9623613446
7190894455
10965428572
7440492700
7606240525
9826074822
12025813441
12198562184
7542926692
12338404323
11278643385
11911490552
7739444976
12687922249
7593288204
12933053681
9049814339
13953012120
8864484534
7542728367
9721615693
15190487899
7191437740
12365054849
5836180375
8935423568
13019598746
7093678022
4789163215
11216627267
6409876789
8939519950
10968125467
10183223340
14711621776
5536081259
7210947363
10876540686
6487276736
7097035161
7202343679
12698451098
9830010732
6200925833
4503186415
15987523272
9222881637
10968463326
8412758878
12052207130
10748424204
9490659806
8584010210
10390527723
6160359434
12991913228
16122171113
9776117101
8740992839
11083886135
9363007986
10299771224
12695037414
9638660633
9888874944
11824279457
15456789825
9912143635
5468394986
8694490168
5475434468
9049215935
13070729463
7505246140
15117767004
11193796563
9151715962
10260677266
12301432424
8508280708
8293386522
13963730031
10379780290
14062738641
9893906883
9198590023
9552066040
12190827824
8570845513
9430949934
11189523736
11262037406
19814190932
12579352222
10905284103
8978235436
11493334134
16296567795
8460787402
17247493471
9471926303
6508081992
10359834329
8447576112
8051074006
26607954476
8523150540
7491139178
7586311963
9485433033
9978440399
9536117604
8207022450
26852408040
11846942882
6177322475
13918446728
8250641249
12328496448
10139350065
8920091029
10888487072
6645084582
7578732747
16501975736
13418742462
7741122205
6562706466
15246412044
7174969616
16932537125
11331009136
9698968419
16510982943
10855894375
20298896710
14433578141
11309404953
15002560289
10685876008
12827042555
18530489807
7000268637
17312517892
6123514335
7587268037
16738258372
6493336696
8444147674
9958227841
11184366123
6548142883
10324113793
7315550325
10075891887
11021863398
11120950287
9833725357
10590893882
9162975386
8582904893
8137625356
7867346593
7841984332
3426243453
5296064315
4703876913
7221272342
6692423250
6324805507
6020375539
5602854370
4289524194
4852917078
3709393188
3935283331
4018520573
3799942700
3325852866
3332023557
3116446933
2897635463
2696150337
2520081416
2261228214
2216167071
2085488820
1954899403
1525514781
1734605664
1460184304
1550945381
1465665861
1339280557
1271708665
1182051970
1093040683
271360997
977654410
831315279
879727781
838748636
792370874
14891824
690277908
659621535
612878513
20333566
4934079
38507795
464476656
423067612
100733529
368079601
196764161
325811887
301899437
901980237
1018143761
974527594
350726969
1293537349
1654903998
2986559630
2448305195
3269654039
3581908329
3592367708
3550855533
5489454757
5523370067
5420426067
5271819278
3089762655
6850142993
7115838439
7104146308
7104147308
7618480990
7241619831
7180564234
6252937494
6279555655
6013961622
8457037389
8406341781
10000606450
8714856568
6861370306
8034956071
10338184835
11239548515
10873669511
9775423795
8303495812
8870625899
4407822156
9772315889
4299685644
9937898497
9901943702
9197192540
8230160249
6521844579
9731794206
8849391313
9437290358
11589438032
11011572067
13635253745
9282633774
6545293971
8366230437
11448767255
9894722401
10423755986
12426009612
8238193743
11153805695
11941507034
11991653224
11618503202
11206079264
12278608279
11347184248
13379119040
11167481996
13375844514
9114505807
9631113625
12695914127
15603115990
10571098007
8130016990
6476653600
13158332686
9527494514
11100581533
10421648834
5766022670
9126804482
13721211685
13607046825
9662106395
7301327474
6007475169
11795954342
7637547715
10179212123
13655560916
9629757182
11887243408
11868576281
8714203487
3094094576
8244906269
7532570758
10938788357
6149964170
12484105351
8322882803
4736506745
11548416717
9521095719
8102123862
7744733574
6526238867
8571921387
6967089411
7653437519
9438306638
13661757369
10768198075
10514000730
8736072447
8035018687
10558458913
9600212484
13215272530
