8234337023
11880869206
10049367854
8371384272
10346875580
10519842311
9594033604
9764594976
10489225368
11017875983
9707545733
10248467481
10201514553
9622522296
5792054458
11495764958
6942428103
10390043993
10736638389
4807153616
10730650764
12549248136
14581242527
7106628560
13270059686
10361801265
9772821195
7155008727
10959377964
7547615217
7601092996
10001470541
12059286138
12050422970
7375806911
12289648822
11177563899
11902664684
7720686545
12674651702
7742282020
12775669402
9062836869
13930891844
8874913371
7442486616
9754986818
15085348126
6937334995
12205290599
5708010368
8982520016
12811858082
7035333550
4790080827
11175162018
6420663542
8916016931
11060106994
10324336034
14694627869
5522454746
7110435758
10813750789
6492110861
6848551331
7052076645
12349069328
9913626426
6163618386
4526044496
15796345412
9380573771
10931125776
8414184878
12063015647
10792605368
9551784871
8630608491
10503684551
6173665774
12682661761
16251962459
9773267325
8667320303
11142299904
9434823435
10550768954
12877343528
9593147535
9855466189
11947632842
15397094163
9799633691
5384938239
8765707109
5346666344
9006062245
12933731728
7654118359
14988367115
11124926498
9042782537
10134688443
11987779597
8246085531
8116285435
14069202028
10333071572
13974866511
10070152124
9262849798
9655940555
12046625244
8577668702
9214179695
11131956702
10999154021
19825590792
12814456748
10835343331
8882195060
11557025229
16292545327
8555773354
16791582606
9302648674
6381205281
10316333187
8403562130
7797889266
26365344025
8482377574
7720259635
7508674087
9568697299
9757659280
9699589000
8475691284
26285813739
11734881163
6025411370
13808652882
8360022776
12288984976
10207628999
8797422054
10890692160
6734406108
7551570210
16499222044
13596913643
7915490915
6727636201
15004704830
7056369180
16992127548
11478815677
9759246465
16066822933
10874069440
20099208531
14372466585
11165975154
15083259626
10360411012
12887305449
18202499404
6762889722
17056255230
6169365820
7778989393
16567591780
6631940434
8383501150
9749766981
11052486363
6663182160
10428774437
7183055597
9893393795
11050886186
10930080446
9917656625
10501708680
9010828994
8653552662
8189406850
8221982965
7927862076
3321778837
5421714885
4679392021
7247214866
6860311626
6100814342
6330776348
5952870953
4274971701
5173334571
3663566795
3881604563
4273448182
4061280969
3324857961
3443692244
3336060243
3279645258
2936240147
2853395710
2311527484
2363993268
2550849782
2496437262
1429517692
2125014265
1537988892
1694565834
1879896221
1746172946
1630004543
1446127960
1452393332
411923694
1298425940
1187584042
1164830647
1058997833
1048893934
322684588
853982914
784911420
795896312
125868289
21924453
186811778
310053667
559446886
98930497
457076606
450194632
230567792
199956323
1318580115
1363739982
1335344100
344712988
1535248104
1715829497
3487782676
2534232560
3388784159
4068135590
3595963445
3907739472
5909681248
5814615547
5553072704
5451593235
3110555348
7148915796
7344747206
7272944555
7089825964
7807711921
7264347086
7219018891
6189535349
6285722989
6038603576
8621379284
8516004372
10168028561
8850693899
6908487569
8378470722
10371004363
11226562142
10893700172
9792244472
8326482105
8845789926
4390620160
9789106254
4485892992
10253007245
9830600725
9090688708
8492134601
6543519550
9762929420
8814231614
9313367897
11459636597
10950265940
13625519728
9230536395
6469977121
8152370727
11396900360
9703130662
10442208888
12296841794
8151733934
11288663780
11718102592
11809990730
11539941442
11175924607
12279922302
11288514673
13463696636
11404702625
13130731876
8989259119
9507154629
12625442605
15627301896
10552796906
8158575417
6385687635
13350069376
9379971537
11376537600
10283491030
5619410024
9227846239
13725042843
13458740913
9449992781
7320406274
6022943736
11591111213
7652278863
10401580084
13343176458
9768673531
11827159897
11854178285
8562668388
2970240071
8111580425
7470268138
10955555506
6221350223
12557742375
7931044509
4751505941
11612118396
9557215936
8348829999
7632148006
6467521823
8381818539
6827410033
7837608145
9433610802
13719111859
10770355819
10492635536
8627652310
8097285178
10544311248
9600785299
13364071768
