8266977631
11786310426
9914274759
8543877020
10319585280
10281334539
9335636772
9693685510
10255039142
11165732113
9765236845
9964000441
10269072239
9578468969
5663010803
11350364483
6920671581
10522437990
10734171760
4855681892
10665361425
12603181929
14486264697
6958548960
13071890264
10397073534
9640199446
7220286440
10995029173
7409912406
7697334439
9768554496
12026744595
12154681293
7553441611
12343246915
11310372465
11915841546
7758816927
12673223863
7571829656
12913623868
8985755395
13964921781
8875904400
7555415087
9707095452
15198646183
7160141365
12336622732
5844369840
8967213280
13038596574
7092531446
4806400376
11170162512
6429415522
8895316228
10972109391
10226499838
14717028424
5454419607
7227085406
10926439675
6504992626
7085872946
7211187415
12706856544
9824019533
6219670434
4533793162
15995183515
9219925647
10991595502
8419867878
12050567268
10771828451
9571479894
8553557573
10409052403
6174551025
13014045676
16075623263
9789087937
8772070078
11106391191
9325254392
10295396584
12715943894
9631597333
9908225711
11842054576
15442633973
9935002358
5477357939
8654530206
5456865461
9029934981
13086250821
7502613592
15150244772
11214623676
9098983177
10236957227
12260701491
8466764325
8304197423
13981053860
10344040881
14036965162
9931345798
9221109608
9576697025
12208409105
8568144613
9426040965
11194946910
11211915684
19820923832
12570266329
10887216617
8938279859
11504959549
16323304943
8501760898
17182137260
9459524173
6520716390
10369514475
8459000727
8002882429
26461538764
8503790739
7487641116
7603300760
9462489399
9960850049
9522898214
8218380440
26612923811
11831321774
6169097990
13927292695
8232655595
12315630741
10164617089
8867624842
10846253266
6649416945
7568749409
16514870678
13433921417
7762487925
6547421233
15188876570
7155327247
16861979102
11299680450
9681261989
16449574823
10913852068
20268269097
14383711050
11368044659
15016777247
10682994377
12783860078
18460335986
7019477305
17288080962
6116770196
7636287923
16592202665
6501150931
8402462738
9980478869
11193688446
6544156997
10349081928
7331204956
10018986886
11008875954
11104617605
9803600169
10640886557
9152545530
8540984931
8148362799
7876622020
7936753136
3441231900
5294695705
4687999227
7272611451
6731276153
6280658099
6081342422
5675707349
4290360757
4941487483
3709143800
3918581568
4143956388
3904551873
3365269316
3363154691
3297110389
3072435164
2738022117
2713085932
2214317185
2387765406
2242559465
2103329150
1508689518
1863540061
1472126968
1670271757
1575977221
1329400496
1367038752
1244180336
1175348049
288981601
1052662263
841166125
944472043
902243941
849067752
32958575
694566340
706367418
660508144
11497037
3375646
26046111
431138795
449293938
92119097
368828320
219228347
365367923
365471312
996907669
1201775169
1172132707
338155486
1397933036
1727484891
3161159386
2449699887
3329876489
3651548771
3685109320
3593452668
5571372712
5590423833
5445956117
5338403745
3091710827
6911479307
7167440493
7106269630
7128384786
7613251449
7270913558
7247342530
6232764598
6288415622
6010749733
8453616162
8440960507
10045375041
8720848895
6890186572
8058737173
10345389802
11293475268
10910784432
9767135191
8265371095
8890111073
4450670659
9778315942
4272754352
9977425490
9912568744
9211540300
8228573681
6515967358
9731663343
8853165006
9466269733
11539314558
11037721690
13657321684
9252132930
6574267616
8320432834
11476028568
9875163013
10393965007
12399019732
8243742526
11145814902
11983559978
11984246061
11628835738
11177619220
12316412091
11309495376
13340729508
11191202482
13380361451
9085578466
9556777185
12686678441
15587536836
10558736800
8108456706
6459674754
13137294620
9546171780
11091163096
10425320144
5755956857
9122252658
13723139728
13619138530
9649239587
7292519731
5982837638
11780897988
7660521934
10157514598
13652414934
9614126738
11867253631
11875568741
8686639924
3112141818
8287101034
7516180383
10919727820
6151396711
12457593248
8352198247
4743981996
11538406048
9515603991
8146174760
7733526955
6512322906
8535017352
6932360400
7617419873
9434669672
13678914127
10756941556
10506227399
8676267069
8019375609
10519353920
9608160735
13181994555
