8284401955
11764140719
9880353851
8566261062
10284089113
10292703907
9316894176
9696203899
10229703125
11145069994
9788591745
9959911211
10268151623
9630011820
5670689051
11369911721
6937779743
10580544267
10747284787
4905491969
10651135236
12587533099
14491628309
6909625476
13059153316
10410977660
9622152840
7190339848
10960058547
7435918973
7609082709
9822804928
12019600854
12196738705
7542846781
12333527147
11281294104
11912123181
7740296502
12686384412
7591105152
12928203754
9049976283
13949626421
8865827530
7540600436
9723335652
15191591705
7187419645
12365319756
5836964839
8932815156
13020754089
7099634356
4790192053
11217066205
6408718979
8939008492
10963447339
10190862738
14712135038
5538525066
7213960899
10876025650
6490429029
7096947195
7198802646
12698965402
9833576293
6200979368
4505786088
15985915160
9224802837
10974906823
8410961837
12054565331
10745940225
9493604633
8580318864
10383658193
6159005483
12992364853
16120174006
9776529412
8739791189
11084124067
9358345367
10297255046
12695377745
9637595154
9893604782
11821380155
15451537924
9909381810
5466703417
8696027598
5474122513
9050228123
13068124636
7508161301
15124374102
11198042445
9151644551
10260186645
12299470086
8507669405
8289946861
13960713920
10379780803
14065857362
9887088302
9197834593
9552473738
12195796046
8571375858
9429158045
11196505270
11266681053
19815627067
12576719590
10904388369
8976030233
11496119698
16300005011
8463372043
17257013229
9477924545
6509921780
10362110637
8452903116
8048188847
26621306963
8519205507
7492651267
7583170873
9483363669
9976663644
9537825797
8209337981
26879003151
11845247865
6174875196
13918808873
8255567478
12322927598
10134978696
8919230429
10885151483
6643121403
7585437520
16499012805
13419250736
7740730322
6568810101
15252241323
7173579171
16942306010
11332642268
9696392449
16509240439
10864050036
20309626985
14435657851
11308675524
15005324069
10686987438
12827340782
18536376692
7003808366
17320666645
6122436954
7584637285
16742531453
6492118057
8445645896
9962668019
11185646074
6546564452
10320028938
7320353069
10077134677
11021331887
11124095534
9829592547
10588223633
9165253448
8583573302
8136617630
7866049830
7836672748
3427342680
5298276104
4704529554
7213531812
6690458618
6325344180
6018536509
5597744900
4286765307
4841060447
3706506870
3938738771
4009520423
3790799096
3328140466
3325554828
3095771906
2876987357
2678223289
2502722052
2262294603
2201788225
2071674136
1942465401
1519624575
1722454010
1461166419
1541693405
1455905114
1339496149
1262588495
1172563111
1090396845
275051549
970513850
831710484
875104126
832749108
786657199
11763818
689993639
655037414
610061203
20102119
3009732
36626143
461142736
420415218
103746891
371300728
198589071
324572121
301127553
889949875
1001256338
959338670
348496332
1285174253
1645601006
2969517485
2444740665
3265431445
3573370927
3582754448
3540213566
5479793583
5517475331
5414271958
5263796360
3086956712
6846252843
7108877270
7102958229
7101782791
7616979442
7241877397
7172411363
6250671059
6278791203
6015946701
8451697898
8401192520
9991612687
8712861307
6865358265
8034787860
10336134313
11237581020
10875595902
9777652686
8299809993
8872357818
4409879926
9772926120
4301365426
9942292015
9904565548
9198511848
8228980914
6520399703
9725533281
8846833667
9439945023
11586271041
11012777626
13638215162
9285537491
6542600019
8369239477
11446296103
9897023424
10418839615
12423182916
8234536741
11151352286
11941492956
11993571005
11613607704
11204453928
12279639677
11345555281
13381442139
11169247944
13374283426
9117255463
9632765150
12696480944
15604478618
10569018868
8132438675
6484646288
13158331764
9524139775
11098708386
10417915317
5763116436
9130203169
13719276457
13604951322
9661226778
7302450081
6005098123
11794007468
7634885879
10180764563
13657033753
9632626947
11888652859
11869038861
8710829889
3095642049
8240146991
7529841530
10942703446
6146073454
12481929351
8318669404
4737219447
11554595072
9517162625
8101170377
7740795897
6528178584
8569796064
6973104245
7656212709
9441082881
13665487841
10771179899
10515877241
8733673634
8038041375
10556966662
9598619243
13220104865
