8278880980
11764187578
9879432020
8566205029
10280956387
10297200100
9314800640
9694942432
10231699045
11144019568
9787088523
9960539517
10265187067
9627973487
5669135584
11367997182
6941485023
10580582858
10740729214
4905607254
10650445069
12589542689
14488088147
6909862199
13056420996
10410023888
9624833545
7191417124
10963300906
7434741559
7608421267
9825980225
12023404758
12196833383
7540221282
12335943112
11280324554
11912930047
7739416389
12688982825
7591562126
12929584722
9048572142
13952408076
8867009774
7545012031
9721103698
15189875361
7190081078
12366813294
5836340198
8932675872
13021977509
7096402043
4790563981
11216413601
6407545963
8938481391
10966190440
10185655951
14712614178
5536926992
7213195366
10876160604
6489974499
7097213520
7200938440
12699457990
9831524273
6198762626
4504431086
15988061750
9226195970
10970652884
8410914549
12055375942
10746848656
9494755306
8581409768
10387190673
6160110248
12992292215
16121900400
9776701228
8738323533
11083147673
9361501151
10300398850
12693816348
9636938466
9890654283
11823775380
15454327892
9911868918
5467270481
8695855143
5474488557
9052520953
13071258983
7510852422
15118122643
11199656948
9151468225
10261016433
12304156785
8506635088
8290570954
13960722008
10380577797
14066606167
9891092412
9197583947
9550905404
12192618615
8570384298
9428907850
11194015890
11263702774
19816440970
12579825169
10902923890
8979745103
11495754265
16299197165
8461775245
17253508057
9473131338
6510137908
10361162863
8449408745
8051792594
26615978117
8521362309
7490729637
7583530413
9484987491
9980947128
9538779952
8207582007
26866238203
11846203916
6175706900
13917109280
8253977239
12325983709
10139108456
8917500812
10886471315
6645191027
7580742404
16502939880
13419995990
7744665727
6568570657
15249718450
7174584014
16938585728
11331025642
9699889139
16508652336
10860028227
20307908295
14433675994
11308515303
15005446130
10685213023
12826943593
18533450707
7001456037
17315531300
6122570255
7584046604
16741231562
6492027376
8445895313
9958633262
11184536180
6547918764
10321180400
7318180476
10073262576
11022588982
11124092050
9830567827
10589172235
9164939381
8585103606
8137382276
7867975271
7839633387
3426032802
5296384894
4705906204
7217335308
6692327071
6325693373
6018467686
5603376258
4291563361
4845519191
3710325233
3935224741
4012990156
3795489780
3326302719
3329244001
3105328074
2886131797
2686494935
2510660791
2260612096
2208925788
2077655996
1949336073
1522829380
1727816234
1458995930
1546402374
1460272621
1338854277
1267060867
1177188425
1091793515
273876698
974361032
830371765
879470361
834719996
788700133
13224104
688161928
657045358
612486510
19663385
2141176
39117157
460938721
421809046
102215651
370867860
199245571
323616739
302031165
895306666
1008318183
968555705
348599606
1289178992
1647878570
2978758957
2446069640
3269520665
3573877596
3587425971
3546241267
5485838308
5519691597
5416820309
5268763559
3088727269
6850020280
7114892525
7106187659
7104338649
7619637339
7243898634
7178188902
6251818751
6279231592
6017589448
8453820687
8402785453
9995416994
8713377628
6863759203
8036099348
10341438339
11242101227
10877077344
9777143030
8302591386
8873948694
4410925944
9775594027
4300597164
9939758890
9901447784
9198883110
8228428724
6522941556
9726697088
8851742162
9438612161
11586232926
11011683552
13636975424
9283850646
6545141796
8368903113
11449105362
9894412298
10420436393
12425412905
8234899967
11155686041
11940665529
11992881413
11617611851
11205047629
12281321547
11344147005
13381213674
11169087732
13374742072
9115646010
9631136119
12695620186
15601317079
10569938640
8131634174
6481646460
13157707529
9521136370
11097450177
10420060177
5767065902
9126709534
13721273846
13606662969
9662092247
7304945488
6005785190
11792631020
7635414948
10177794324
13656062217
9630750956
11884522113
11866202005
8712966315
3093035252
8241932821
7529595103
10942458685
6148130177
12482566682
8321777600
4738354664
11553943864
9519483901
8100984376
7742120463
6526623726
8570539113
6971165513
7654606605
9439493882
13663592325
10769227259
10515620149
8735079408
8037887581
10554615775
9600278234
13217909130
