26221326
30288157
29852419
30119908
28159644
32857503
28331049
34372142
29869952
28841989
25401577
28831290
27998691
33500348
26527159
32712894
32810269
31909754
24340969
35723708
30078250
28813093
29587141
29519781
22725832
28278619
30190631
29286851
34477999
33025268
38175311
28490130
29662724
30865342
27001499
28569549
27082112
33969705
29657528
29308327
32290641
28475676
33678272
30466992
29609752
28211162
27747627
26945346
27385295
26947065
22125615
26338045
29135578
27777975
27931380
26491308
30044790
27804607
29575200
31276076
29598651
27552995
33442011
29679016
31983866
30919705
31863019
28262710
31009743
27703925
32337014
32233043
27431590
27055858
29941764
36507218
29313876
28093461
27759240
28760964
29327831
29203308
26155229
32618422
34281924
27869219
25590774
29655785
26760718
27389417
32668680
26240172
32881125
29866833
30811890
33557516
30980007
23015385
32967610
24315325
21832184
29763535
24597017
35067382
34064555
31348914
32123903
31936662
31013359
35935847
31922099
23928737
32407963
33441167
26928992
26124584
29885773
28876982
29046206
26994849
32419050
28729651
33268640
32647597
26967403
30056470
32901819
29098782
35715525
30847406
22082668
31900916
30654309
31817359
29517935
33198557
37104954
33398583
29956992
27597869
31030830
34059759
31003475
25669517
30982473
34834220
35567514
27952001
28251672
32245677
29853207
28606412
29973994
32362523
29709525
36644891
29953547
24611385
30424534
32344862
29369188
30606797
39670481
23912465
28818742
28138675
28241682
31506623
27482137
34159631
29086583
27040418
32043787
36051554
30008716
26897475
38201669
30795194
29209255
22764590
33802496
32481788
29815277
34154809
32413359
29973610
26149184
30591962
28810776
28633645
28550960
29225944
29299796
27462512
28306285
30897182
30214801
26669483
35440682
27521052
33711715
29149241
26011928
30930921
31100959
26740423
25124104
28368478
27930563
24333211
26234398
26172166
26012260
24314610
26294869
27778589
25104536
25414141
25698198
29181703
28176934
31687633
25551517
27286317
26515276
30882708
31519838
28200799
25569912
26776598
26435441
26523191
30167905
28810525
27925893
26027788
30048539
30355460
25990148
25615106
24318819
29246280
25332421
26389872
27846166
25327343
27893311
26523646
25219924
26199055
26180107
27004036
29705519
27940775
26226435
29594812
29438988
28861056
30326695
29789158
26198118
29297930
24307548
26660970
25343336
25568521
24229597
25316570
24302257
30655918
29868380
26836955
24127677
29931918
26667323
26346931
29103848
32131358
31343704
22241393
28624375
28175690
31081612
28217298
30051684
30758248
34181642
35311567
29668304
28102913
27021081
29090003
30877657
24304859
32158632
29093580
29442783
26608441
27099881
30663595
31538379
24792608
29375781
28016630
27867879
30369626
30340151
30114455
27674807
28110180
31512042
26892505
32286698
31259917
24876292
28538410
25685170
34145432
25001982
26921973
27788416
36730735
35232718
31529712
26966140
26474909
28212916
28289393
29562479
29072070
31777307
30310400
32277912
25220707
29030817
27061575
25212627
28772525
32298712
27489576
31040793
25880123
30879110
28847440
22742151
26388389
29286341
31199192
35890660
28665003
24894619
24937825
24278010
28349145
25218333
31980455
30868151
29203632
34170626
29795397
33842193
31400269
27485150
26034321
30596034
