25008423
30457644
24857063
31560658
23831815
35254371
30652331
38006110
29870290
30706493
30075450
25785412
22793480
33800162
27348107
33159465
30779012
32742688
24031321
34298422
27782017
27197308
28807298
26528377
27032023
26020221
32280352
29423954
28097060
36265319
36624337
26255858
26948634
33566263
27460885
27309549
26975771
32649140
25192971
27324178
31395040
32026794
29766767
32163547
28740775
28000732
28770186
26165714
24482833
27363592
28881809
26764817
33517610
24672321
28794695
27207480
31249015
32813686
26821132
35378704
29291014
28517214
31942302
28328121
30176145
31078072
33875782
29103306
30083587
29949243
36470315
28688986
27251344
26288955
26943302
39136831
29247445
26820891
26150837
27319470
30416608
22779728
26186761
30285114
31863294
28436946
26797945
27786681
27317180
26039088
30691076
27424917
31471438
32805670
29091946
33002630
31785021
19415315
32510713
25789161
21447787
30672377
23373477
35167231
34908573
25737373
30931549
35331959
33205257
40902660
32586631
23157582
38410370
35052028
23868172
22529901
27383147
28287693
30893004
24926259
35459525
28721689
33547519
34351652
26926518
27508604
26024365
34092321
40242028
29002953
22070072
26342986
29746469
34334645
30312881
33029363
39388686
35319720
33100261
28125600
34576106
40795216
32821800
28215608
30407607
36158450
36405269
26256101
29120363
38182351
30492780
29999178
29040840
37629967
27873918
44559496
26406339
22630523
27253218
31494406
30197210
31061764
39818973
20121384
31232922
26418313
25675630
33297263
26430698
36654456
27775754
32395041
32260232
38980602
33881331
28271902
43801864
27769894
27046944
20536093
37729355
31660999
27354119
35247152
34265172
30104411
26486438
30572688
31492399
28028804
30261604
28174246
27078581
27665784
26608311
29650282
31946633
27039143
36230244
28770604
34840726
27992976
24521237
28267201
28038677
26632497
22883535
24819575
24606854
25120617
23291039
22452259
26519933
27470715
24915274
26551728
24129348
24677844
25276478
30053737
29408766
30007216
26848648
26137908
22146885
29926396
26499444
23240768
24849627
24064557
25406262
23646533
28377569
28239719
25974576
25352940
26862323
27443809
24932462
23031838
20751335
28665709
27297832
24262990
26606871
25039296
23592669
22446483
23696675
24934651
25438280
24645061
23279301
24424044
26375384
26075316
26863787
30344413
29656143
26942933
28071944
25384809
26238204
27042192
25400538
26678488
19958628
23646632
23511695
25521907
27097145
28959388
23381359
24295915
28871722
24404099
27941650
29735408
31799474
26847923
27479389
33122564
28569123
26189730
26205839
30681087
35091423
34726705
33748659
30564575
23651384
28861619
28317895
25688635
29462521
34234977
32764735
22488628
23226081
32188667
30509907
21506242
29769915
31951837
27575375
32642862
34893884
29876578
26448295
24466672
30734797
26472263
31216348
27202434
28569082
30689033
25024889
35645912
21133712
26216387
23165013
34137545
33918648
29885919
21221124
28672901
30756088
27792593
26526006
28647022
29756127
31832057
28720485
31910837
28429048
26004266
27017101
29084927
29715405
28407109
28309236
27315495
29249848
27794964
21673399
26339274
27449663
30107972
35171273
31170444
22735895
22749164
24517952
28481670
24623610
30282721
30916179
27345102
35646226
27376641
29902551
29619641
24401448
32055262
34480088
