30595799
33338503
16603038
40869114
20097927
31620658
27409877
26498153
29977019
28439941
29756514
15684715
10354431
28395613
31234224
38909552
32177769
36902452
29900699
24557044
34219602
9551757
38012277
27134327
39046780
37418665
28617951
31887661
31771608
44417430
29367479
22857834
21122688
41588930
19175193
32602967
29879354
47867207
12294106
25197020
33548686
33463082
24620331
18934799
20547271
15074151
32997984
19007516
30526749
33356161
19475831
23931200
37496486
34907396
33247751
25259213
14366442
40667242
17378017
32256525
33366987
22059292
45162048
37236826
32460807
37499259
35594355
23800431
32964283
33127356
28197513
34408014
22587336
24883386
30681592
37880741
24896874
16462490
19033898
39133277
28584360
27282160
45016480
25255557
25092525
19803015
19011788
21677199
25246618
17304480
25079817
35989976
35561864
25976675
53022754
45711396
25040723
19336573
40270031
11890279
34278014
18773941
8371681
28959320
46463371
32981145
29672185
34199823
40709996
28111225
27016884
22849060
51619970
39930885
17832432
23379819
14741680
29884750
23161475
25720358
54097734
30932934
31571306
60103329
21227298
25358731
37401661
45650159
52710189
28644412
23048158
17075924
34911579
41224339
30185958
32409630
50121379
30331006
21531773
27112123
50872799
60703051
34015833
27162924
31872835
31997452
44383721
10623270
25082679
55573474
26680606
27737925
20598235
46359461
26978133
75799859
20405509
26223946
26923267
22327785
21703725
21654829
38200570
23901053
49889036
14121323
31787639
37633867
29449504
48194036
17416625
37956567
46026737
40297243
29892541
22293799
60421167
29389786
27269219
17932564
35206427
28732817
37479493
43804249
54803723
31510656
28246199
21406265
28890385
31695134
35796323
41137474
31981265
26900832
30649618
31221927
65030313
31737953
23645311
37545686
34779272
36056695
19352464
25122878
20210879
17210046
19059740
12466336
20401857
13194526
25257117
13596079
18532932
12320075
10664790
16617129
12080008
14831982
20708463
17823008
15962077
13811902
16159171
15742582
5579750
14168452
13054802
10190987
11857479
11196171
6823519
9631871
7522135
9786900
10039316
6078407
9115894
5791774
8175008
8055773
7190979
6685748
5554084
6532332
4508554
5972164
5241824
5643740
3896588
4308169
1186032
4352011
10048826
9970324
10378357
13859390
12646991
11755788
12042870
6851815
10114064
5460590
8818262
8844695
6965181
7104193
7092844
7620878
8994909
7112599
11654945
17574404
17072039
10717243
20326145
17754081
25791380
30514758
25963917
25139603
25064273
33441277
20734735
15626068
20936901
25658448
29928384
23055617
26310803
27613435
24712585
20499124
22369063
21193549
28557151
19471572
40779438
25798935
25614394
33533878
39887582
19260372
33296377
38042743
10763259
44169096
12795534
35799556
22864215
27211793
26967409
12850738
28508176
38615779
21903957
27874145
30268925
44512879
27756024
9667349
28454707
37960265
40096269
35081994
14911750
21029703
26890164
29730962
30131486
25610971
38251161
32546232
36336199
49742607
17488392
17605905
24933996
30750248
22149911
22266576
33519898
26415099
41786034
31198918
24248110
16479214
25172647
31672248
39604962
39171801
15423827
13316025
42252626
25355935
27625103
26012520
40377503
21112047
25434763
39481689
16314579
34670115
26708649
33662691
27359776
