230141571153
205463604034
159389009100
275516869145
246511137988
261200805514
285810060011
167577042618
148047646544
196911129199
206378140758
155997588263
165911124878
319972676172
218803530739
134766319920
201338669859
110326813886
225970961173
242924971631
212767384970
238339868492
259858174213
118091183481
200007939072
153086736720
207833157119
297966871006
184169094119
180039017254
167230704865
139251669198
248279764826
159630118613
250187089073
289683120547
71628027190
133651419832
206993282442
211131086755
269077328796
201761104321
193059891840
189470429402
193272720176
154635012852
65585304434
188071870672
216641347128
168811718479
224981707403
185796032715
264870004018
294696612704
301231215270
145913680359
257483020449
158920632880
235949787761
175154464919
232712517155
275503296902
158672956506
164220605393
213983391185
147359566619
155496450346
164069993550
370411561615
245966503371
174010649624
350059839340
185992678948
175091906353
138757370435
132603330934
117005603050
163856197645
164060625888
220016916089
217238512421
279678728208
172341786894
189999953111
130257511555
199842780425
179493092355
256972776597
161802180082
185333881636
179211807881
128902773371
190111643066
370947611400
183333884289
223427138544
207464029243
173158037429
217021838540
196664415363
265687986440
113725114322
214555721472
238442712874
294432703710
39735360040
184803153794
165137062840
215046790042
215209801661
307361148706
144243661517
157381422592
218688654184
206504996006
166104557174
75685235616
221212039779
115690324859
180700930046
191859435197
237763013184
147935530499
140593943194
217727292680
87169706110
255731211699
239573311242
313901561817
125298937664
180694297618
138618281276
315658906060
170480923845
136297735559
179510499777
238355532596
166736301987
208201121822
28050447194
70763806839
91787283206
137853413460
164654320618
153702767123
210610576194
202796994461
200122852119
132791220071
152277490139
52348136132
297037274453
273091278303
143437112383
217916337266
329271409291
124542628803
171082889214
99737724707
100890759156
221163906925
148524370527
99389587913
243626240635
251745469357
230534474314
239795913361
229627144833
197610174999
173323266801
347295913038
50128146026
253759797570
300250434394
395281909560
243451528832
404436562811
159923606905
170692794535
212045997493
163314142585
236189873898
136152238727
204417592565
109377895470
101430943498
217770014461
200246146952
159889130784
164416786311
168528726841
138060484978
97471996361
143598156894
67082706466
137977232526
66162443760
107283309787
89466122814
102275896535
90280470048
90807339288
63969194692
67986907520
42442196742
40210344915
41959424167
47187894236
39421716432
11989967912
48943697577
53157817011
50152793996
48331966171
46532301569
44746346938
42553187609
42906443574
42063130104
40560438072
37931207882
36909280988
35098120433
35425589300
43188354638
64402316640
63234447206
62048873187
60852252519
58887175875
56966710311
55587270112
53441247687
50685879885
45590696460
45653346393
44559790890
43527662861
42153771924
41047092318
75817903607
78498703186
93701081171
95263000759
102681139275
111399441074
118005123679
187081145229
195698906602
154684792038
208951892730
94820961080
131510403204
213860957989
242126899674
127422319177
193566983231
82982412203
235661727919
170452045617
231320045694
194110630211
154465417063
165871654801
252739711687
249545428239
101229150906
257725770074
200365080191
161055274401
136121506467
184417658019
238058220413
233503579679
184324580123
185114249449
214902570756
117509482672
206542750440
241271544629
123448844163
212382034608
185902322355
254908928964
199739002427
149458659736
182997126681
155057222218
235287754502
234249148019
200222582946
140691419040
150384267875
250464328454
197695743086
249763167689
171076074670
185701479850
249731128391
170416360776
192261314823
252794685416
76981803778
194144670474
207716260716
113517553123
225534011669
145804007076
233199957216
164026076938
163478751053
225433297863
111058694028
229567038256
216081119369
268381305188
171392352849
169918209684
104099670676
99955481248
194292563400
142012538589
251021303789
182370142837
140713424963
124434520268
203789500262
166949745047
260962811058
220538246490
173933117650
152587622341
141701527863
165774982257
120145924972
65507188752
286235936577
301990657611
166512006378
169083464229
224847861659
157710226531
261550435311
140240172297
207164487980
214181738105
198620151228
159737918284
204210426896
229092099893
246049996795
279975529842
298334016513
148547261621
204613034808
149001749447
215991398000
224569646593
198854667569
143562336332
169224640759
183711097481
111157055121
240841580510
116564453460
