816514905747
745007783845
686529771638
816743013426
639568484506
858137273428
1033153008990
774196477099
577794731927
508297010002
841052763019
475915522415
610369580122
591181280207
589364551622
682464001335
564299909840
910143565857
566861494526
1099487625958
555291063178
931807358298
783868456211
643950309344
739509378018
652996667489
440260497549
478663615507
505541847663
759151648488
648079069910
631880724181
684134336109
715005091921
712509129411
544757393516
729908625707
374959027249
757401779669
431014810016
689224603942
379662673392
615690476878
843998080130
611687095803
331725430547
796942384356
735866557950
655991825914
528200718170
360808742278
624319855579
272157620060
882518732429
863322885255
501480717649
495019250556
559130885650
280450510376
539111064166
735989096769
813777405092
671499282617
409285147301
581979751022
414556609353
819417823761
788668480178
555946031492
886331378415
698566640425
612838161558
749548368368
722054360289
408169040622
600709890333
491000040657
924927269033
665843273514
487958245730
808367809512
486216454657
780346797138
925149746709
572579871322
733885499778
503492552746
673367427968
161999967352
682624302393
385234542962
668699889115
744847103299
708808971857
745885379358
515804524333
438072348494
301754776953
752533469736
664810665483
710142826214
589701224322
475781148447
808291965321
686544785233
420553722887
1116527166392
602119409190
764992421938
864255630263
996155971899
638889435577
810882462680
668297399551
886673936422
549881086147
537806963053
442373281079
521376490774
502467627389
866044418399
314685118029
677209661204
577684233658
561981462409
580639648165
456022377002
626365250563
335330800298
720716572140
846279001097
469690787892
1109014334953
53505371025
733503525654
326852804844
816079359284
807428953520
660407599275
484977310925
843575942001
594784393967
500306708997
967907797694
825916827488
543346707754
571912211121
864275149929
586266024175
609651999963
451088031349
675333171321
354429980790
940615279476
934718949752
753927166867
496680547540
359112660494
697436508933
830702566525
389862926284
314222511192
682955266340
545317280915
695706101668
321183325315
480165514773
404948818671
789911773225
785770146976
942317120930
616975090700
468404273110
707335649430
591653378639
683255146078
572842117398
795931387014
725976954186
809147725317
777385687822
610077559226
890578622598
903166138608
540706433116
1138607043050
1386957869865
509288372336
588309532736
874662010206
817016929605
1112043848419
464839333446
1085206172951
421069335574
806358182946
651491066663
517761870451
445499843371
511778170806
602085792724
728910388157
445633152091
708146834927
423102160011
726235571868
716156578716
690895880361
586238565670
677210622468
619053364409
703113623325
650815148662
666088976336
639944130841
523175793963
523129788765
278582283430
362720414253
522502251012
546989264743
472957927366
465016854778
489510089076
414301910731
465989430659
459719167221
417004654707
404814697141
388452889830
352185174223
327682289146
360878133179
142580755704
286258218252
321082779355
291496185715
255029674118
269905352492
290078744497
230072708017
259018975759
162836979389
177144748429
224476821727
234270120764
168234807062
102473203692
85137900718
170490533724
94069570613
181683937229
194864424387
233579972973
249957635020
284210590197
255293037898
271042880598
260949666792
254729472675
189689606491
80693166304
184908354931
193628862332
198197555254
229613790003
238139207780
221165215237
177741558484
202343487700
205201242197
182333979601
167145360118
195409766704
205465099727
558789089291
527289713840
412774714586
569280500598
567776334221
697777129546
510473789384
536982919087
822201524005
722252904717
747943441025
638798059396
639706482320
760950096751
785717763419
567074008787
815951182929
641128590331
491949729532
479907440699
700256951374
812664384685
457435148880
710769394698
541216261022
608053597401
685151102930
562195894535
681510856944
470811548957
593287997127
683556482497
620153777743
835960972558
815551960671
711513987494
596576626245
403916188337
594451676564
703912653034
559872070038
504421327607
536336269762
435576213211
519190607301
498691372952
517775033676
403668073424
630627575296
637598525191
609796388629
303527969104
743468577358
675085782363
698665820697
736245278939
514632955519
806712335413
770044635382
769476988801
628927012092
528564106031
376410089666
777649165013
602405660206
632083943833
663149638608
606774151607
617711640003
583838477581
783434067463
492672865142
801885543960
568772733937
606231281734
859606306491
510716695657
760298924908
719962740499
448463444749
691200212872
575640885474
761037458629
665853656968
474715355624
820290079823
717852034523
609956497199
546852498869
689596526797
