230436893970
205436723944
159257244373
275428705598
246552721627
261119893979
285467360826
167562183040
147887667598
196959656327
206585418961
156070276096
165590275281
319671394616
218847614498
134670351088
201222645432
110469350211
226130605601
242974732409
212690845042
238353120380
259748882680
118127736138
200001925114
153291110574
207799670602
297901881575
184003549582
180177635052
166793971439
139224032078
248441187482
159725170248
250169662949
289640562195
71821230628
133311262012
206908248092
210965134282
268741369805
202077175838
193310489643
189302599601
193210240188
154526650817
65611012172
188300824377
216757589795
168614171334
224998649536
185963164466
264958048831
294703198231
301207033241
145912749551
257345502258
158690844013
235943138129
175224380354
232634149629
275651437839
158788489487
164171434926
213951412956
147466216139
155486345534
163940820038
370629846305
246029449097
173947631558
350079438561
186237960298
174920698352
138525907993
132737843387
117116174716
164039361895
163975510537
219874602569
217464968449
279855566029
172260464702
190147447515
129928587292
199434680227
179434835691
257022898979
161522204607
185237093371
179027809771
128851036704
190150939902
371039498657
183618306652
223422839485
207435219585
173432632130
216983755455
196753344765
266016547837
113692434015
214291742923
238091050907
294282621634
39647087902
184726524075
165352170112
215051316115
215335985691
307256083583
144261610209
157436907461
218602449973
206514342842
165984692533
75717196766
221432962804
115775530823
180431750007
191853471160
237866757511
148110359279
140590053558
217948088204
87177390465
255709666222
239705635380
314029350502
125227730409
180569067332
138457560906
315746985164
170609595377
136122276518
179480344726
238072581969
166634667547
208330876212
27874876051
70605870303
91797937792
137632584746
164464368042
153724777330
210395622902
202974335831
200166998935
132966508221
152166626005
52212598834
297041012058
273252712683
143353214085
217920925480
329389841665
124488172785
170945730736
99557784907
100775257574
221156844791
148845077477
99070972379
243573246238
251747278835
230468907714
240080243691
229746596121
197614970848
173403066408
347323818073
50160104512
254017254280
300333498994
395393755246
243649815202
404496962496
159895107680
170584227165
212073651448
163626578470
236201994996
135985304004
204290628941
109532091823
101405039151
217594021753
200351756512
159499278113
164618265422
168541466812
137700112879
97362664457
143594722936
67148797523
137850179776
66171005817
107451455477
89439407464
102164680941
90564401029
91005058355
64028861022
68127035760
42365147909
40297073528
42234785254
46916776001
39381003693
11985986521
48952161097
53021083004
50255308125
48222713646
46660099224
44647420848
42460738636
42817327229
41964957940
40634842802
37838797006
36954054661
35137395015
35125952550
42652694163
63876206626
62771497384
61482061783
60383150959
58492169048
56591084299
55192321134
53028770729
50345804624
45717511840
45226732764
44154850073
43115589356
41788933190
40896832876
75518280624
78306886508
93488154851
95103338310
102215563497
111175332264
117741716969
186852563330
195707233024
154530103521
208956820965
94636004383
131389367022
213932898388
242283607952
127383472740
193609268216
83100958086
235597215876
170434609012
231287080341
194033545321
154272059697
166016801301
252815183104
249701264107
101134808654
257970857670
200638993659
161206069335
136051907985
184554340178
238104684259
233540214662
184120279062
185068473945
215050170830
117495176057
206431672822
241438227477
123237555171
212346396311
186148712971
254819355963
199716567641
149462405035
182948952327
155014077972
234940446281
234439849153
200170548004
140700532287
150289282238
250352780412
197408786079
249632496161
171025664584
185638710634
249642760739
170252562877
192282104508
253098534570
77360626061
194285710809
207634545678
113527767651
225660631196
145748589057
233307882704
164088518475
163367782727
225261278296
111089780502
229616445089
215896658130
268512525471
171354790393
170100919258
104406937139
100090593829
194421599583
142048663917
251039222797
182570877228
140507333695
124362105247
203752000105
167014720470
261097262974
220586043668
174024036948
152514047218
141988693123
165960052051
120439151291
65353149441
286408549756
301817345231
166453735002
169073735634
224604684487
157884995274
261725495864
140217503426
207016558864
214314764391
198629902587
159705117047
204326600880
228874307413
246093843772
279831165853
298394103016
148616497546
204738021292
148999278993
215874645253
224583688063
198687895416
143677834349
169070055755
183783160186
111254722513
240760395864
116323202069
