24124538
9296399
19830859
22560849
16088842
10770513
19862317
16101896
11642105
20314452
28426422
15073665
16519397
17751586
17452846
18981293
7577693
17689547
14841749
17915976
14727277
19722934
22376440
12142103
19623327
15421878
7441991
17523924
20464697
16665675
9059995
19155102
17278271
8524984
15851350
12471584
15601856
15800426
13414220
7680459
6554500
14132954
20562922
16681847
18614093
24999651
21753658
14380578
14419086
10433364
21807715
27805800
16717863
17367438
13221786
13995544
10072578
18351063
10475788
17103247
15800662
12447671
14462733
10674434
16656557
15364475
12342425
13813363
20418501
17558819
23130477
16200790
15920130
20135200
13125600
11890687
12060353
12826060
21048184
17153246
18722970
20849841
17824935
19053586
22641475
17614851
18845231
20656124
20105326
11868004
22177051
11224874
23519349
20865031
21338062
23303779
15374088
19478297
8641282
11581860
14168132
16009757
26087351
15190030
14771364
22265746
14614182
14340526
6431909
15472757
19649896
4109268
15687290
15672025
25975953
12353175
18215580
14561498
46222637
22499916
10469827
11964530
16886702
5299461
14697333
18213445
12167621
21341011
17781027
26188399
19229611
12248523
17212570
14361355
35006165
15337720
24647083
21323711
21719462
11803824
27382796
17161184
18669037
30035898
22933387
42166027
8500302
15642348
8870214
21279203
12239467
37080546
23003381
17576878
14951201
7370625
10402815
22416411
21605396
17983143
11116470
23722095
27922283
13799833
22627914
29080329
10352004
25173045
19847559
23176887
29578183
17420686
16675632
16183493
17680387
17003681
16270499
20483359
10858249
18960085
10147535
14621370
23231608
5256007
15848937
20504047
20399961
13070970
16421205
9111639
7167705
14499491
12016648
12615480
10982787
10775947
9989872
9309912
8786623
8192919
7357968
7186778
6678320
5541676
5817090
5295959
5132965
4626338
2879458
4127806
3852451
3524385
3396919
3135602
2565843
2470063
2404227
2090651
1644438
1424937
1784847
1218843
974576
1188675
1322275
819313
1147998
444904
879746
709374
767724
482775
392247
828590
377578
667845
652958
788667
1083064
1662627
2056839
2556156
2603603
2654341
2716780
3300763
2234256
3514437
2432315
5028947
11315323
4617930
10534511
9633676
11346535
10673926
10851447
11082724
9916591
14589983
9022104
11594226
19550533
12495969
18995809
13963361
18779268
18436725
6478912
12729306
17589947
12320628
16216948
13331747
12764272
15618601
10922606
17561642
16607306
17108712
17574795
19523146
21521627
26704630
12489113
15664349
14810021
17187853
20761244
8173781
15178804
15341591
21951567
20223147
17339599
13589995
21716839
20833075
20054497
22460245
11690188
14644826
12890093
10783541
12732554
18488664
19749303
7914102
12301035
16461452
16212425
22268126
19920921
19283915
16867717
15623925
16523327
9879454
18977691
10736613
17434757
3400803
16793611
11459141
11051662
8554901
16856913
16919083
16166583
19146543
15930053
9994345
12304944
14339916
15076345
18997268
15490104
21673181
6898991
13008002
15374973
14036385
16341663
16868399
14867491
18793437
11735415
17449576
12366532
21536598
9955937
10383045
20417859
19895669
18029852
11928530
14885988
14786175
15451704
23558726
17920662
22795797
19231807
16735147
23801618
