24427714
8873240
19898139
22836487
17096746
10181468
19955387
16767524
11727383
19404148
28297739
15938313
15694985
17821894
17652497
19115928
6876544
16811410
15858687
18867058
14879144
18863513
22489742
11996354
19513752
15374412
7605756
17060971
19495315
17466863
9067021
19952383
17672534
8106749
15627238
13259135
14660175
16390000
13155570
6632841
6502164
13215176
21858186
16518636
18940467
24952446
22073687
14222386
14498541
10793643
21079909
28811342
16054553
16822357
12157159
13601545
10653947
18478152
10959373
17710355
15008696
12695437
15234143
10619470
18705503
15420622
12338243
14129770
19427696
17046405
22268088
15494934
15987160
20939759
12902051
12347227
11989847
12907860
20910511
16810238
18294489
21266451
18388541
18611857
22653888
18052254
17692023
20828137
19688324
11910117
22535413
11145137
23802506
20708453
21713617
23649477
15482086
20992002
7131874
11126770
14026530
15798448
26612115
14944709
13783501
23277369
15352534
14636738
7240646
15712154
19945831
3641226
14695623
15634835
27154994
12180482
19164647
13988344
48646586
21968417
10878379
11793276
15982322
5652941
14569644
18805533
11634140
21784382
17490454
25536253
19013775
11990416
17087522
14313871
36550575
15746549
25141021
21198719
22079889
11648537
27998161
17961272
18630536
31212258
23297718
43482622
8520131
15538341
8445942
22533533
11148300
39125136
23501413
16498595
15657047
8121770
10253365
22097793
21814321
18658818
10869652
25341885
28710481
14425863
22586814
29527085
9613789
24916465
19700859
23847951
30117505
18458634
17004310
14703151
17682669
16545500
15465031
21110509
9981401
17554066
10791614
15075244
22202476
5710204
15895728
19203118
18545108
13576611
16199193
8265730
7834057
13139036
12056762
11152232
10393399
9819567
9085381
8204677
7977057
7447343
6937371
5862009
4978175
5532553
5046798
4912870
4225239
4289296
3552880
3552730
3090199
3268072
2930162
2780936
2046114
1484276
2278942
2088187
1176717
839613
1485801
1221150
1556419
601059
1180079
596070
599576
108539
304008
23857
338440
647207
520164
335535
678617
240857
302808
98352
127668
339488
964439
971534
1613890
1552506
1488509
2397446
2379507
2530744
2443494
2383461
9924679
4390756
9176372
9477451
11649297
11179185
11083974
11576122
10147251
14703422
8639001
11321471
20119732
13327488
19472230
14490046
19552339
18093119
5649285
12979741
17393249
12044123
17550598
13869748
11955479
15340482
10925056
18356156
16593197
16608590
17393281
18986795
21835891
25973523
13043596
15698749
16024788
17029942
22456945
8696363
16361725
15741496
21986931
20723618
17156208
12864588
22059988
21058466
21301149
21720931
11124620
14425269
13503984
9860840
13254608
18777923
20530315
8900381
12399444
16702695
17624553
21679814
19876402
19288841
16849408
14595946
17123455
9128910
18139355
10087040
17567976
2130070
17253136
11219669
10732469
8212378
17085893
16386935
16221347
18889719
16619147
9282348
12176397
13957421
15316769
19119419
14716514
20903971
6915854
13920079
15752307
14757171
16894797
16571488
14423512
19397846
11702165
17530045
13003226
21739815
10369075
9681633
20548172
19586142
18285447
11502178
14889120
14087791
16147315
24002608
17086042
22642903
19691458
16638654
24089312
