24354501
10021983
18601169
21100473
14858985
10347546
20044296
15574217
12204165
18867831
27771691
15955899
17911442
16228837
16753677
20983407
8923868
18520098
14167946
18093923
13751309
21695391
21080004
12409226
19113273
16205600
6656771
18192827
18362564
16368026
10838059
19193704
17756131
10175868
16074848
13851515
13604522
16306387
13163605
5083068
7833568
13398580
22726511
17500956
18651395
24480116
22256638
15228207
14320663
10838564
20681681
26947027
15428163
16943718
13044620
14465352
11254535
17381861
12027184
14318094
16985000
12385155
13789533
10716241
18747669
14722680
11409789
14863133
20674223
16823810
23828376
15567948
14644766
20190682
15008867
11464086
11784022
13197258
19979674
18035254
18448442
21347869
19452777
19353320
20647493
16500318
18234748
19020381
20908455
11598468
21562906
10169962
23676239
21503187
21288220
22219678
15202485
19990012
7180901
12888117
14380920
16622439
24372888
15013135
15315024
22469798
14607868
15459015
7278919
17149183
20876357
5902639
15191552
13838283
25238056
12247531
17124339
14188423
42540504
22972711
10501276
12932403
18065424
4269274
14650251
18010070
11354273
21331735
18107928
26937768
19623945
12076216
17478368
13293965
31340563
15440232
22985634
18353592
22177029
12268861
26661232
17133625
18468365
29334653
23377191
39350859
7889615
14083949
7372797
21334084
12064957
32670323
23160491
17908968
15673150
5918115
10565643
22928293
23037489
17815391
9527174
23128622
28737200
14273762
23043272
28168975
10652306
24126824
20490266
21333698
28358509
17384789
17288499
16559693
17313759
16944749
17788481
21884062
10478567
17607904
10652569
15426555
22782972
7677431
16490400
20333882
21833687
14324441
15993541
9478063
9315778
15211561
11565810
12890306
11993297
13153655
11592423
11416594
10801346
9941823
8539711
8517715
7168626
7153818
5720030
6537589
5191527
5536281
3740804
4171112
4110555
3797580
3759574
3638181
4089986
3598716
2521354
2862670
2370873
2785196
2932574
2537455
616193
2311598
2295078
1651288
2155289
2065358
1977743
705968
1794141
1711589
1377569
889176
2053540
2323261
1698020
1882823
2030144
3308854
3198179
5362916
4590342
4556702
5044252
4259562
4328940
3307657
3461401
5495270
12391023
5933570
10533110
9753947
11460751
9106650
9350473
10874520
9389544
15578658
10025758
11722761
19112396
13393328
19851316
14633285
19124195
16936811
7462239
12378194
18356806
11227057
15228348
13337684
12133991
14989120
11393685
17329961
17666243
17847946
17599242
17830917
21401240
25984421
12763029
15936205
14892885
17395171
19371101
11217066
14192450
15630749
24356553
20738506
17540259
14386040
21471622
20523544
18967846
21749997
13014707
15925455
14874904
8337836
12189633
18673547
20158448
8528252
10937298
16133171
16969897
21555666
19771625
20658390
16287767
15530087
15454664
9488571
17586981
11489302
19201225
3563504
14983936
11809374
13264292
9646895
16833298
16230090
17248142
18007314
15610968
11449876
13704840
12796746
14164256
17479879
15989708
21627830
6663540
12564967
14305153
15770848
15735129
16559307
13829521
17947894
11182353
16907658
11586462
21297537
11963606
9514437
20212097
18051659
16633847
12604304
14251942
16102137
15686622
23974735
18126828
22960488
20361425
16850374
24492262
