24402762
8410538
19907215
22988374
16713757
10519993
20119335
16492420
11752034
19591915
28380173
16467783
15553358
17392056
17451673
19333213
7392286
16467116
16226901
18684885
14841645
18864231
22778183
12349681
19722543
15281437
6994877
17119556
19589726
17495276
9033131
20151314
17779344
8326458
15439107
13182200
14736588
16516893
13547514
5860274
6792609
13326070
21875425
16655497
18463422
25088194
22307888
14229582
13969917
10776854
20514439
29023909
15751254
17166369
12540551
13644823
10629848
18532324
11357114
17743185
15051599
12636953
14840802
10220144
18771136
15643833
12403513
14285507
19898717
17264364
22061362
15611281
15949401
20804878
12838763
11810126
12029899
13241764
20358625
17629868
18231221
20854436
18327054
18706177
22893145
18055181
17763523
20726857
20193623
11564724
22933200
10869196
24005748
20378047
21803972
23088643
15593016
21044799
7072630
11243835
13817119
15826463
26712407
15126421
13818682
23399873
15614976
14674996
6916086
15795525
20215894
3748613
15175624
15400439
27774617
12127514
19446272
13791835
50781319
21940068
10663074
11572917
16058608
5666906
14614150
18992305
11525197
21736502
17200984
25652515
19424701
11970784
17057618
14857004
37893606
15988896
25498943
20917740
22039337
11491329
29019270
17269929
18430522
32002892
23414321
44498001
8891554
14794962
8739970
22834288
10722044
40133743
23684807
16934546
15328419
8268067
10022768
21553998
21947932
18888531
11094142
25487593
29267340
14669072
22605207
30483469
9675582
24478561
19828102
23867444
30758914
19125889
17201193
14588381
17478523
16733983
15376770
21176848
9719150
17865672
10915094
14816501
20424302
6397512
16134245
17697283
17080101
13294686
14927991
7927165
7081046
12090280
11269532
10387530
9727709
8992830
8356156
7883125
7302924
6868349
6408458
5476307
4706236
5001452
4529281
4574103
3900548
3954695
3468397
3278753
2724407
2973127
2657028
2302619
2101172
1708085
1839559
2050248
807227
716661
1562816
1251956
1397176
1016942
810777
1031499
771435
191627
19493
328325
515089
373966
75300
250724
411436
405698
255124
548590
215004
242193
173604
500877
400919
592076
758699
1456856
1611759
1697427
1570858
1769650
8446502
4585826
8641396
9284700
11440625
11103986
10295305
11948395
9843190
14593845
8495040
11661245
20315991
13846419
19212200
14906844
19231642
18360611
5697253
12571509
17616714
12117257
17382090
13864492
11735636
15278666
11144877
17973494
16350423
16219926
17245194
18908860
21607884
25664880
13291280
15792663
15734411
17332894
22762516
8950334
15947681
15903645
22095412
20570534
16507948
12795079
21644097
20897658
21048333
21686168
11302623
14023313
12994161
10177867
13354255
18953347
20094812
8790065
12210657
16565647
17624142
22006824
19447804
19072304
16906825
14456972
16034000
9161637
17751486
10268338
17714301
1891936
16745766
11183831
10622123
8215892
17243577
15786582
16371580
19297677
16465567
9644421
12194693
14001781
14855941
19524180
14675492
20919902
6982058
13959834
15900033
14485736
16985296
16828152
14412934
19373508
11745116
17476929
13135783
21451826
10036585
9561435
20577425
19727793
18043990
11673631
15289257
14333469
16399393
24254873
16747216
21937462
19134864
16780835
24411576
