24766815
7145771
15799071
17386087
12330979
13598179
19905912
16802144
13568887
16418577
25704732
15519334
17824053
14870721
17425092
20424773
14061443
14377209
14327675
17729986
13346386
21139583
22623452
12656344
18880099
16165155
9020378
18315341
18252607
18145369
11584687
17359254
15154318
7917803
20338592
13322763
14407357
15641341
12951548
7216523
10504121
14384469
21607408
17619302
18211474
24936653
23716895
14815902
12680653
10551135
20682779
30029530
18160612
16078463
13355825
15396499
8555988
18335661
12631060
17939605
20416761
13961732
10969986
14310600
17390878
15279631
12717528
16416731
20157751
17319473
23142447
15023469
10926587
19162345
16688677
9905897
10630551
15337273
20122952
18831639
19110474
19363897
17927344
17448903
19862718
16036086
17274938
20857789
21321374
13468541
22382369
9913128
21929582
19343078
16909786
20675819
14678071
17799356
11531473
13045142
13580431
15910776
23128719
14165301
16081909
22649474
17017018
17859921
10415679
17076773
22754626
9794071
16311864
13080935
25284097
13076429
15160749
15858270
37030293
21989708
8642558
16521758
15898595
6218533
14873530
15635630
11922264
18911788
16991370
27526045
19973100
14915844
15120883
14165272
28891750
16664531
22370526
17390532
20053150
13329562
24206711
14650506
18335694
25733067
23886350
34011860
10098688
11068537
10362272
22552391
13964396
28789537
17943676
17517321
14899713
5778738
12737211
19883483
20023127
17297688
8943299
21615103
25791114
16234069
22551949
25725181
12371778
25087352
16765498
18263406
28988974
18432337
18130728
16205580
18936151
17039981
18302588
22771863
10960137
17003524
12526590
16805723
21408598
7644154
18671362
20565658
21065594
11648495
18044206
8552173
14502635
14211886
13435183
10999619
12567534
13816896
11932428
12404115
12637635
11382170
10862698
9363570
7108360
9654027
6922761
9303411
5391761
7503434
4821542
5177843
7229746
7537456
5610745
5070533
5730700
5617863
4667820
5088284
3497802
4241264
3783804
3819558
3860316
3604406
3590475
3243161
2238332
4797397
4455038
3108825
3318785
3641119
3785362
4928698
4678445
4701741
915957
4772954
5374070
6632652
6961262
5611436
6410841
6366379
6438259
5257103
5455426
5209437
3811615
2995422
14553235
6758719
11285223
13087253
10206119
9964364
8103880
10759213
9430996
14885639
10185096
10881307
22203052
12589092
21462910
14501568
18873069
18212703
6151135
12004658
20150388
9812191
15669715
16390885
12189220
17239535
12968938
16558355
18538167
18137488
16769689
15303096
21864445
24155567
9460722
17943117
12362346
15443354
19051466
12044251
16217488
14883122
22977897
19447520
18042791
13390661
22099973
20133645
16966926
21240754
17049040
18984169
16465931
9552578
16139774
21395268
19060153
10779187
12123861
13813487
16907778
19655115
17199335
20225644
13486702
15176663
16558793
12271792
17938886
11301675
16997750
4906728
13924209
10743932
12659434
12831970
16557322
19236346
17053655
18103239
15563061
12246651
14022772
15156551
13344505
15757115
15676384
20945877
7614498
12245012
16027288
15343172
18630903
18547230
12589128
17658337
11179200
17767062
9727710
18572482
12869365
12026687
18010301
15876101
13387942
14847237
16317390
17024281
15548928
21475777
17938801
21100491
19947275
17342912
20953286
