18828811
15401917
18278889
16849386
16151450
14609534
20259897
17651546
14393083
15801662
21358125
15337168
17718876
15174415
17748290
13917348
13096676
13465024
17063825
14695080
15745527
17603609
14979753
12579088
13471612
14218113
11772091
14582956
16962285
16341769
15851450
15320182
14038194
15658510
17671524
16760863
12383261
16484685
13887991
10823003
13702873
17362825
15544733
17542635
18339714
17606165
17508398
14922572
13012919
16216216
17548989
24351829
15073222
14228048
16699811
19175990
10881465
14587456
13046454
15881820
16689866
15362263
17996215
14118394
14121662
14520940
18790673
15722473
14203892
13879383
19139530
16643956
10954702
15181661
19689662
14116596
14687891
15619895
13968177
16276526
17635665
17554844
16267912
15931906
16053688
14177188
15883382
16017175
13906652
12836201
17187276
13396253
15206003
15103050
16534252
17137652
15209440
14761847
14122978
14356031
16785770
17828516
16333834
14891973
15470847
18263416
11826980
14374390
14589200
13360577
18272684
13412386
15055760
18570015
17590387
13790095
15817559
18761168
20275296
19322410
12031489
16198026
16230258
15003348
16223910
13714773
14873524
17866738
17473222
20628499
14423985
16167652
16690795
13342005
19800815
17755082
18797680
15602615
19057821
15098935
18955320
13896983
15322435
21950423
18739979
21303751
16082582
15519560
14111556
19429247
12957861
23835752
16862857
14817091
13276515
14708500
16811824
17517937
19101358
15153427
13359482
18718887
19234262
16953865
13010560
17131866
14597284
17356411
15294600
14492440
18238873
18495471
18407098
12251925
16015660
17260642
15864939
17271875
15577626
16874241
12918400
16531187
16314088
15628320
17283753
16156051
18971578
16612039
16616383
14932433
15882623
11978981
14410376
14867165
17164694
16682315
16518985
13200683
17021460
16003380
15547624
15367324
12208246
11812969
14254512
13845532
14708812
14583835
12706746
15362190
14866189
16006625
14139791
13030652
14347369
13362671
12517253
10661666
11403200
11227675
12393192
11208653
10816511
11536038
13041215
12808400
12168092
11036712
10539280
10727645
11509526
11704329
13276800
13400618
10612473
11911509
11457545
11633213
13848420
13371076
13428018
13244401
13042445
13589121
13307655
12351115
12818813
13480433
13017055
14728678
14080266
14981704
14737385
14065194
12096397
14471291
9844970
14239351
16199487
15274302
12433176
12934777
19603293
17309434
20047436
17509029
12379453
17439101
13617615
12974928
14973195
11914424
16911448
16958600
14888529
17209046
12051952
18915072
18642997
15237003
16913851
13730992
16268683
18562744
15728258
19339069
14464609
14576117
17140334
12112824
19796284
17945702
19879472
15339462
15991867
17336277
20825543
16418500
15649352
17443155
14612253
14597845
15810460
15065619
13246026
19156423
16779834
12775312
13834050
11270871
13308229
14778808
13826771
16124107
16510216
17186860
15055375
13120321
15888538
16998460
17797692
10867357
17591235
11379504
14642527
15380978
16463609
20597878
14364489
15697380
14797227
17858834
14839162
18248859
16188853
15806084
19366429
16204551
16238214
12884897
16022536
14622532
16103513
18705855
15474022
17214649
17969018
13948883
12435598
20096873
15340759
14677637
17427182
14576007
13159211
13813988
15523565
15969151
17482797
17311303
14943200
18514670
19670172
16855612
19492628
