24595977
8450292
19833795
23105723
16678612
10440844
19989643
16511777
11581399
19616662
28164571
16430179
15496071
17406537
17222308
19372679
7597907
16644841
16091587
18723234
14893871
18638406
22785383
12297260
19482519
15429883
7068993
17215689
19523078
17642109
8816197
20307928
17616488
8309639
15273436
13225974
14670615
16451031
13743536
5724545
6956728
13095617
22198663
16747993
18478901
24650809
22439565
14176966
13718313
11089735
20289311
28827660
15673312
17204179
12537195
13719201
10638791
18613586
11207413
17699808
14824114
12730480
14882063
10220887
18773541
15625678
12497502
14264621
19956319
17169218
21966653
15378154
16074073
20722125
12669382
11493947
12186039
13127122
20251939
17887023
18129784
20900606
18304981
18865135
22589295
18473869
17749131
20331385
20378309
11646683
23122840
10696047
24257081
20254437
21965206
23403018
15659170
20931525
7207813
11235033
13921855
15709347
26899868
15217647
13739358
23559600
15879041
14788671
6488845
15671844
20016783
3934303
14810867
15454153
27635375
12128032
19281621
14109540
51585093
21710564
10542963
11799098
16415120
5605421
14528143
19334338
11385051
21717578
17542687
25522436
19388583
12127435
16949130
14883819
38582712
15564933
25329625
20833909
21778461
11523163
28639063
17079804
18227871
31788061
23334993
44986037
8958784
14907373
8846132
22932787
11022565
40704476
23668877
17102078
15680094
8139588
10127636
21626706
21824482
18818936
11015554
25400324
29163545
14990772
22226400
30670532
9493415
24558435
19763404
23642547
30838296
18952555
17099239
14771469
17496732
16743192
15087195
21156682
9658789
17997203
10963950
14700260
19914558
6547654
16476935
17141268
16678960
13431825
14543876
7765191
7002689
11772024
10992079
10054487
9500409
8743516
8192066
7607615
7176941
6673261
6097277
5476026
4926142
5131577
4170129
4395997
3994053
3873666
3549668
3251192
2999482
2819640
2708488
2400655
1867260
1706967
1621395
2004642
677341
732608
1490095
1479968
1404405
923836
654081
918413
647571
226562
126912
195335
675587
623091
77072
29804
482077
407956
6594
346107
223129
254725
201301
350122
278373
585321
676035
1096301
1642054
1484903
1574525
1589473
8229542
4600613
8567274
9057761
11687596
11073264
10486874
11971315
9866651
14475426
8685864
11618460
20346746
14029709
19173556
14721454
19062330
18563951
5806873
12549618
17599565
12233155
17487755
13587998
12192297
15252179
11484855
18068873
16122746
16215112
17126248
19017663
21810062
25676845
13218083
15765760
16068171
17206351
22595283
9149802
15841906
15879897
22134618
20760928
16431875
12938201
21456765
20937359
20937017
21737725
10954880
14180577
13348402
10549928
13676538
18959491
20187279
8880327
12213825
16987441
17756658
21972162
19348861
19292697
16738605
14604082
15921105
9281498
17822662
10269858
17753187
2104792
16677859
11338897
10364608
7980027
17306984
15668953
16169534
19420326
16297827
9603760
12356562
13971132
14918324
19380109
14713513
21061025
7148218
13989656
16030964
14573908
17006274
17109181
14552869
18934373
11840722
17342309
13372958
21825131
10013502
9596166
20500059
19618552
18260786
11685432
15421033
14145616
16476249
24206649
16869299
21697758
19034638
16610125
24303902
