23544051
9027992
19015400
21529657
15986568
10820570
19663086
15520938
12113997
19739104
27979483
15585582
17563463
17198054
18180925
20070742
6928456
17437644
14205272
19028032
14271535
21054163
21282894
12266032
19430494
16605283
7049959
17143586
19522190
16039925
9823837
18953764
17315930
8421738
15859391
12335408
15561831
15479976
13328828
7044856
7079109
14029929
21989012
17243117
18468429
25346256
21440418
14923262
13919444
11178469
20565663
27712234
16290544
16700864
13246035
14518854
10957136
17677535
11556004
16558226
16603176
11537119
14575930
11177426
17465187
15184196
11954602
14127417
20748476
17105974
23020514
16480754
15169187
19974169
13745305
11502649
11288660
13280933
20850941
17345310
18471308
21567482
18111012
18771236
21898624
16661663
18098188
20518560
19801467
11265586
22165585
11747154
23608544
21107631
21498821
22315592
15375724
19427473
7938293
11795290
14044007
16417557
25231342
14700604
14744071
21822650
15352711
15340077
6201582
15965284
20485451
4057871
15490070
14410197
26017687
11825735
17678067
13735617
45725718
22949112
10760339
12530775
17858442
4725705
14167290
18470693
12176914
21655485
16956389
26936531
19592045
12148038
18540524
13297511
33809083
15888114
24129900
21021233
22210127
11370161
27420441
17826562
18696598
29377946
23497659
40473091
8527502
15090091
7958374
21104402
11906809
35301031
23204801
17106325
14999056
7564454
10537050
22022570
22388212
17957097
10739941
23299121
27876269
14751582
22736547
27798216
10361533
25565682
20273372
22774324
28415936
16379755
16671438
15030520
18074616
16859455
15496135
20890970
10383741
18864865
10934371
15366585
23420412
5728904
16585418
20195520
21520359
13245699
16363929
8709837
8108181
14875322
12611496
12690604
11841957
11691212
11033525
9931807
9596749
8938063
7833555
7476339
6632137
5826723
6453331
5877362
5536434
5080923
3528967
4457603
3532501
3797181
3625937
3378917
2952006
2825424
2565891
1893273
1827211
2177883
2017447
1738268
1478894
1671676
1404778
1446261
1100718
1289289
1200492
831119
1276370
1439385
1465865
446144
1774052
1529829
1676364
1489576
1869627
2079704
2374761
3706459
3528053
3462017
3413717
3813790
3380343
4021880
3552966
5795990
12140820
4881598
9820957
9295299
11085794
10827426
10230797
10332897
9550719
14611663
9026065
10940870
19600711
13027342
19399535
13730935
19078305
18224343
5808124
12427666
17380373
12161313
16578639
13402771
13165389
15710646
11472421
17252869
16772155
17141361
17739822
19426707
21336027
25564299
12020976
16188428
14955071
17185186
20054392
8102853
14205989
15522368
22412179
20928479
18112139
13437382
21804015
20845681
19731689
22115418
12548594
15250978
13868218
9641398
12447299
18528556
20402514
7281350
12135552
16584615
16486285
22559129
20161413
19622985
17321504
15229051
17257573
9873822
19158969
10636977
17699646
3990790
16443116
10959967
11955474
8654012
16910577
16565977
16990387
18274256
15968250
9931389
12973485
13785354
15096851
18474191
15259819
21942128
7256846
12285685
15003031
14227308
16339139
17403822
14209153
18165932
11100366
16967700
12796781
21592559
10375084
9739082
20818684
19300437
17778940
12166386
15023374
15385288
15888897
23956035
18220375
23495783
18671099
16907390
24504880
