24178714
8502044
19965577
23034953
17090491
10446430
20035286
16403212
11465965
19279568
28279647
16183316
15511490
17369283
17589542
19032109
7004965
16645237
16044037
18762686
15069116
18849607
22584690
12255376
19790570
15299611
7250737
17186612
19549323
17387615
8857102
19990188
17703848
8312939
15541525
13219587
14957927
16553345
13402159
6354818
6740135
13165686
21977922
16553299
18596107
25037551
22416491
14079222
13862858
10690776
20981138
28944183
15788764
17303281
12324380
13639141
10598630
18457507
11155905
17667094
15331533
12778941
14798792
10330797
18643169
15591640
12236423
14338033
19914604
17217078
22219402
15881476
15958801
20888392
12742739
11854221
12170996
13131896
20326345
17418195
18339591
21074231
18430819
18609428
22656429
18212012
17740371
20813178
20145879
11791366
22593019
10972576
23839250
20487912
21972418
23520316
15487070
21049482
7008296
11135679
13752893
15730669
26586770
15123160
13892246
23394202
15423902
14538755
7128185
15776615
20014110
3677009
15188886
15600069
27693381
12019408
19164366
13879189
50250549
21960109
10988353
11615412
15962916
5787210
14572857
18934090
11474948
21744856
17184007
25761322
19370855
12160632
17067933
14614362
37632061
15740736
25587910
20806476
22082466
11642367
28883471
17546737
18470060
31768284
23330534
44573076
8765718
14959952
8773384
22548481
10856557
39783285
23500940
16727626
15511178
8239622
10051691
21718813
21967160
18802757
11135285
25503091
29140185
14706507
22719151
30116317
9491025
24791199
19814960
24002388
30527173
19077837
17314411
14819829
17568078
16798351
15485409
21327269
9804630
17691746
11065598
14799290
20787937
5908599
15897566
18016961
17361622
13378975
15079047
8119460
7179730
12321445
11456115
10655292
9902208
9213569
8592295
8023636
7330543
6848391
6440742
5622807
4793145
5064179
4655916
4669502
4272758
3828922
3384377
3374719
2728793
2697329
2782564
2574897
2146970
1575204
2170157
1942215
615735
631684
1547609
1237139
1345196
886661
659015
1125730
690949
127523
161299
119273
420042
416112
108376
619494
547849
385625
234874
277877
161857
347539
456458
414529
420843
908597
687716
1693989
1767881
1707471
1665016
1793058
8826210
4493570
9042438
9380690
11505757
11112228
10428701
11795564
9808899
14564530
8399322
11599874
20153291
13879280
19347481
14991217
19417013
18265569
5698265
12706585
17664653
12212626
17335338
13841876
11634824
15242064
11045552
18212736
16368006
16262044
17237644
18776502
21727676
25570207
13522212
15712925
15839840
17452809
22696640
9044646
16219998
15794809
21958730
20537848
16606899
12761108
21801375
20967985
21284520
21990446
11215558
13927094
13071572
10043022
13480949
18895580
19873519
8719521
12346677
16592232
17467050
21934740
19711008
18982711
16853420
14660423
16339714
9250179
17784897
10267836
17688504
1980254
16729207
11065795
10658232
8334429
17161088
15791763
16304105
19080857
16479293
9672194
12110669
14066767
14967046
19464373
14824413
20771928
6892124
14006282
15805785
14666149
16991074
16702529
14465159
19392497
11581352
17334460
13097854
21424580
10112317
9779767
20737618
19738394
18180645
11987006
15408053
14241515
16334744
24182412
16804499
22146480
19151235
16758992
24117184
