23841878
9944085
13280316
16527202
12671680
14886711
20538522
17072770
13920981
13498416
24124760
15300469
17615269
13105196
17914514
19410830
11475652
12657877
15988888
17727199
11036527
20016793
19923570
11746535
18156311
15942695
9373287
20218863
17030820
16660916
12257072
16325742
16053727
10668147
21599980
13045861
13240704
17243719
11665194
8624095
12553176
14869134
19756989
16954099
17758083
24984272
23600381
13931679
11656342
11187280
21545240
28264841
15225888
18067505
15552777
16276881
9397348
19046092
16741221
16779641
20948431
15058420
11166268
13505472
17895275
16876759
14675567
15565447
19011827
17092977
22380904
17923329
7753455
19211330
18185398
11277829
9634456
14141679
19568718
18232664
20036225
20296152
15646066
15648799
17411260
16130488
16353543
19837932
20122128
13650932
21376058
10536432
21116886
17711442
16512432
18707176
15794783
16771619
10550637
13505065
15942179
15942692
22358959
13669635
16516460
21762956
16697711
17633043
11534587
16387174
20368478
9244517
17189254
14564020
21960078
11720480
15218506
14689370
33518816
22180946
10464237
16855370
18170988
6260719
14982293
14864224
11685179
17217304
16442120
24518228
17247460
13915923
14444348
11516632
27101301
17848925
19893103
16166958
21780592
13669719
23506154
14620603
18270158
24385723
21977571
30520839
11054045
11651156
11951092
22500452
13507778
26523009
20011571
14239411
12512378
9756378
11244989
20840451
21565759
16029965
9048519
21067759
25064526
16802378
20586603
22544720
11373008
23713784
15487503
16732631
26567303
16712901
17126781
13681126
18556832
14968757
18171235
21456930
11454248
17428277
11803331
17275303
20165866
10080919
19896625
20850730
20557480
14377610
18378702
8386340
16851031
13796810
15001986
12025868
11133664
15466312
15053818
12020665
13702427
12936641
12195604
10369855
7349646
10167512
7598065
9253634
8606748
8570899
7954767
10020951
9770346
8470539
5923527
8510071
6363098
6939297
6220796
4763004
6533150
7037767
6537694
5560082
6165763
6089327
5616012
5240888
4940449
4929585
3781272
5607322
5014101
6573805
7756275
6826682
3767373
4932112
1391548
6917635
5243918
8363319
8168747
7116600
8322874
7397107
6134565
6626780
7879763
4209822
7117587
6372344
13881919
9357523
14062571
11053277
10780616
9660068
7661999
11029814
14211287
14691253
9419116
10573909
23919065
12542234
21010840
16877920
16882642
18936811
8568235
11270371
20210938
11782284
15641861
15128821
11549944
19760590
12684095
19405869
19162562
16542816
15333306
17198314
19358440
25024489
12235118
18341787
11479600
14480612
19819406
11432391
16243074
15723543
19751727
18141363
16666732
13534532
21318346
18718181
17004719
20342624
17797974
17572686
19257339
10219761
14033216
21018388
18800183
12902757
14811624
14555885
16804314
15953836
13879865
20048331
13935435
14614678
18708868
11397275
17496868
12508133
20582878
6645185
17865189
10250562
12981499
13004664
15712791
20140864
18114095
14838095
15617364
13688305
15268557
14772392
12194192
14707571
15744534
19146083
9288776
14433816
14323612
17510636
18734572
20536511
12490967
16401399
13745547
17451761
12155647
18747780
14533835
10151614
17588719
13381630
14226816
14327258
15988682
14983301
15537718
21765650
14182308
19932031
19903595
17003887
19678788
