23871660
8987905
19433397
22167481
16390807
10937352
19997978
15903750
12075718
20217076
28361792
15704845
17604169
17371097
17865201
19792929
7382949
17634905
14702948
18646531
14835364
20582990
21948972
11982982
19215431
16479378
7088464
17546341
20386543
15984649
9188728
18952930
17164623
8698209
15788483
12380962
15502103
15758984
13496418
7622004
6970492
14087220
21537430
17336977
18597817
25451380
21300804
14710049
13864694
10936533
21552454
27736722
16355908
17000681
13483182
14622852
10518691
17917994
11302984
16620839
16579201
12015965
14597995
10734446
17239170
14990063
12218072
13843418
20757866
17369334
22950238
16508316
15668079
20162723
13532149
11634795
11580979
13042126
20951798
17292540
18771269
21242462
18064664
18722961
22001046
17157779
18296585
20265645
19798886
12042515
22225673
11812347
23498435
21083958
21291640
22621702
15394010
19418049
7963352
11473190
13542550
16354360
25838723
15085164
15052622
21715889
14770483
15218062
6148813
16032676
20079919
3639729
15554391
14659404
25838441
11911695
17631395
14076330
45915840
22939892
10752665
12189765
17354171
4441241
14632054
18333550
12320795
21754768
17054407
26860817
19990600
12324420
18397816
13806092
34845169
15469798
24407758
21264157
22219247
12146383
27095178
17803233
19236130
29779693
23611586
40859483
8838315
15505366
8915078
21278318
12395339
35561602
22691165
16978996
14822079
7536829
10507222
22101062
22115394
17701688
10487524
23513275
28194192
14276629
22822606
28244223
10488030
26160335
19876685
22702232
28921175
16800548
16628302
15390617
18303015
16804750
15703000
20547533
10521334
18898607
10909744
15488729
23642513
4995129
16531171
20618121
21160071
13428359
16816743
9331915
7650533
14806834
11864051
12816010
12169013
11373590
10682190
9832212
9385429
8724900
8040132
7282152
7066632
5107113
6139613
5657338
5295486
4402852
3088195
4370911
3940763
3712668
3389848
3305707
2918847
2893111
2102701
2496526
2107015
2009926
2054243
785606
1149047
1576909
1446040
1368737
680594
942166
1031243
522595
1023493
1062695
838623
602742
886662
938227
842495
919705
1680224
1989656
2254245
3450677
3295376
3276663
2934460
3117591
2813342
4082110
2845592
5394559
11988934
4943126
9980387
9650570
11138819
11033694
10164779
10662144
9687884
14897600
9446568
11277137
19961149
12836690
19046987
13978810
19314731
18631820
6342114
12522194
17942370
12444744
16308331
13429532
13049421
15870399
11692845
17026082
16909755
17174755
17572252
19563966
21669168
26216493
12381939
15752897
14602608
16725000
20769514
8068594
14656345
15020749
22015513
20314603
17752653
13481871
22008635
20815307
19761798
21871284
12206976
14760012
13330195
9701094
12520807
17692679
19916892
7223977
12443116
16578599
16607942
22319178
20172068
19487071
17114101
15694637
16875712
10086225
19260277
11272307
16967515
3215171
16285733
10712730
11822436
8479681
16826566
16617226
17097314
18577576
16402839
9790800
12992552
13972096
14828027
18595572
15911266
21980572
7443269
12536594
15124114
13935694
16148929
17120486
14619492
18207672
11748281
17094626
12460315
21702584
10223260
10075633
20542714
19693762
18075202
11720972
14982246
14908136
16059209
23667395
18047417
23592868
19111500
16947902
24442902
