16988194
15374160
17617421
17131298
16526772
15766248
18385315
18030393
16389449
15848180
19960473
15681478
17531241
15551339
17590525
14074482
14076638
14214313
16283716
16679650
15480291
16815260
15141886
14112454
14914883
12470857
13939690
13469523
16887486
16675968
16206346
16596181
15290092
15481476
19000476
13981030
12793212
15701053
14977149
12458150
13637550
18241544
16261701
17310099
17673868
16555076
18646044
15252653
15038223
15411482
16272438
19511745
16930999
15251932
14990394
20294774
13137220
15051289
12083885
12957215
14920087
13670443
17025523
13405259
13888712
14983062
16486744
17522008
15685294
15736841
19500264
17143611
13908480
14846802
19090384
13942744
17097333
17981748
15796087
15737459
16783851
17544562
15899055
16807492
16453225
13995065
14371842
16121396
16410258
14159028
15509757
17592809
14769092
15165216
15263417
18124848
14336755
15335269
15301732
14012584
15636140
17321225
17702943
17386123
15337259
17863334
14439250
14259104
15488752
14052334
18405033
13398907
13659305
18850994
16104970
14639476
14060390
17776090
16132467
18429525
15565181
14870616
16281857
15179045
15557834
13697134
14782990
16015970
17726060
17677159
15285664
17812737
16608351
15751372
17942187
16511632
18758049
16186154
17983484
16279498
16702781
14111431
18085979
18286189
15938922
19304486
14476029
15873961
14988063
18363014
14569900
20199292
16426219
15314705
14719276
14708740
15981961
16938969
17673152
15932685
13739587
18021325
21422469
17985579
14410291
17508323
15472703
16215587
16536499
15084119
16571474
17387967
16148966
13740253
16873573
18049486
14851509
17191214
14249022
16221180
14798342
16239968
14652479
17104672
17678795
15825645
18745189
17903812
14693301
13624117
15930982
14520248
14668455
12154104
17156880
16695311
16959125
15915850
17022814
16925686
16733912
15555480
14706291
12904465
14572915
13367130
14408738
14468130
14649431
16926242
16463214
16382360
17102853
16407448
15649452
14214660
13576089
13780806
12998742
12603408
12698633
12784636
12324214
13928369
13429367
14752713
13988658
14415011
13067971
13191072
12608515
13208569
14412416
14356814
14091452
13428492
14375002
13451790
13105054
15353101
14838846
14423688
14271593
14484712
14053738
13183784
13551022
14488692
14955712
12825559
15110873
14382427
14769293
14834432
14352844
15287130
12793523
13955220
15883523
14234853
16001803
14717391
16341003
13589052
16231032
17866781
13390651
17153725
17616343
13940843
16512261
13212038
16961920
17786241
15159905
16077469
13258828
18767271
17959136
15531381
17209614
14483566
14334415
17823978
15085085
19440793
15407837
15546534
15730680
14058501
17674547
18304897
16535626
16618733
17805716
17275610
19239839
16218403
14168306
15453758
13870769
14776775
15491845
14475681
15627988
17970079
15939700
15275358
14307494
12485216
17542215
16377171
13334406
17377301
18411639
17814853
16615430
14733948
14513136
15625094
17626722
14679578
17424137
12392480
14710611
15788693
17225467
17742544
14220379
13949419
15931886
17227847
15848307
18556997
18655371
16456721
19345030
15575118
16068192
13509473
15197401
13674630
14807848
16518281
14713017
16472848
16868924
15532499
14682554
19799707
14582749
15360162
16905124
16120379
13157191
14124021
16174991
15485111
17011589
17033626
16033203
15417236
18418997
15884867
19905353
