25511406
8191537
19315792
19957024
14183357
12330472
20166105
16733659
13166316
17295940
26570008
17133577
19201940
16041137
16703874
19666688
8864286
17252727
14403382
17728801
12792010
20840680
21550454
12054450
19344604
16080964
7474336
17976940
19085157
14887059
10429210
18772887
16486709
10516134
17591792
13968484
14766413
15514026
14180271
5423927
7854416
15090374
22176557
17335105
18746981
24224797
22520865
13848593
12574767
11384437
19887252
27484297
15616148
16135415
12171277
16344901
10525874
16384194
12887763
15740645
18824431
13457449
14112760
13046409
17293745
15498167
11370812
14574699
19214623
19632263
23426918
14160790
14537123
20150804
13928937
10865084
12365659
13566436
20586491
18594085
20376006
19495938
18575503
19964661
19653518
16678957
16473021
18898438
21404348
12414991
22587155
9458563
22481927
21533931
19242642
20730634
15234383
19770404
7098970
11151685
14361709
15282210
24673102
13400887
16127158
21758834
14491943
13743813
9513526
14954947
21713595
6420425
15965018
13343223
25774004
11816804
16185236
14766167
40523021
22543477
10846664
13198610
17395109
4466998
14387004
17187211
11676390
20450293
17562520
25705149
19465859
13421002
17594708
14801781
29379930
15602631
22406067
18340653
22233391
12846077
25864472
15354522
17425191
28389776
24264251
37042648
8552738
12978451
7710574
21044751
11862401
30680191
21353886
18076379
14492654
5517771
12068452
19824401
21280735
18202697
10513233
22006505
28280420
14339057
23296654
26706729
11461031
23978304
19117340
19543338
28205054
18193533
18205465
17166041
17830721
17837047
18172509
21105131
11323916
16763519
11590859
15894478
21610922
7560014
19199672
20869901
22245858
12111871
16523928
8214436
10779331
13380296
12895024
13908095
12551316
12419803
12986001
11274070
10521734
11503275
10483295
10116042
6787992
8946089
7082766
7935301
4639022
6790192
2113965
5473958
5037659
5582559
5291324
4748271
4402983
4567411
3812075
4420538
3425455
3973981
3625153
1879755
397779
3158087
3629091
3415388
3401047
2473168
2943478
1864570
3336848
2343083
3074623
1336649
1568868
2602058
952859
3224723
4220793
4526550
4555402
4575787
3979016
4789161
5420090
5215694
4515644
4051222
2702388
4508047
13583390
7448914
11763262
10793301
9967117
9152735
7867780
11242393
9969917
14930616
10978212
10731723
19960513
12259446
20473996
15048051
17836811
16846686
6230060
13506668
18406315
10948245
16152430
14552698
10796539
16169468
11756120
19044073
16346470
17860264
17976408
17342595
23158357
25644027
10714395
16025509
14060000
16763819
18107583
12349112
15269287
14171635
23561625
21017685
17888960
14337343
23327921
20691732
18186454
21267293
13836196
17956845
15037574
9130511
12618940
19897189
19326841
9613894
12096350
14574957
15396382
21205318
19511430
19561964
16077321
15067231
16734347
11086051
16225645
11378602
19147931
2916388
15975673
13839161
12415237
9933717
16355257
16818426
18311691
17442912
15380127
11414928
12975673
13858355
16175508
16644516
14940418
21138525
7325099
11283152
15112605
15109789
16410474
17288222
14434809
17912859
10053107
16913069
10923599
19968729
12807448
9522453
19705057
17596830
16579542
12263586
13874136
16696609
16694445
22274602
19210792
21734334
20388631
16542525
23082565
