24465936
8838050
19871747
22861886
17042660
10169061
20135351
16716407
11697999
19400943
28260006
15973138
15641898
17851005
17666991
19165209
6921840
16835719
15808518
18945127
14774387
18801579
22496516
11977722
19515302
15326331
7656127
17101782
19491070
17508037
9006170
19938671
17725693
8089705
15558248
13242504
14475616
16565859
13224020
6551098
6518397
13250486
21899111
16412659
18903810
24999075
22107943
14195956
14368501
10754775
21148080
28731637
16026640
16749592
12057339
13593069
10566286
18428289
11023667
17771151
14918157
12622889
15169193
10662866
18824869
15507683
12246969
14097340
19488646
17140305
22214547
15572185
15927557
20971823
12847525
12258964
11885073
12915729
20871246
16959529
18188649
21259663
18342504
18582819
22638712
18076601
17760903
20824878
19642920
11935557
22599855
11137705
23673101
20649537
21863641
23696603
15499007
20949855
7166540
11188274
14108734
15722861
26643505
14870116
13875093
23300420
15353296
14557815
7199168
15780136
19882420
3583033
14689901
15554039
27118056
12165508
19163019
13977296
48756836
21984815
10847945
11836149
16063032
5722630
14587015
18803409
11493625
21756630
17359548
25670171
19062798
12041012
17127024
14338127
36561419
15829296
25076150
21184242
22046950
11568271
28133080
17870888
18653662
31209977
23248523
43543809
8481498
15483451
8460203
22502226
11166432
39271830
23476508
16557086
15668877
8189702
10303937
22106332
21887066
18681059
11000972
25349038
28839359
14495248
22591500
29654570
9636641
24929942
19722160
23767763
30193508
18604356
17056882
14650816
17648961
16645462
15497153
21108240
9966283
17507934
10746412
15109268
22062558
5711816
15805272
19092379
18305518
13556748
16071245
8343107
7923887
13068894
12144820
11127466
10340056
9806253
8999364
8172546
7984840
7367632
6922115
5764821
4842316
5503572
5112659
4948555
4334281
4288964
3572352
3507913
3109156
3227328
2838431
2834215
2001784
1546763
2326801
2032265
1150171
817724
1383191
1295668
1538930
518733
1165982
718022
690988
126290
317384
35245
306043
661159
546245
312723
630462
150686
374287
38933
134239
451145
823974
957736
1526578
1422578
1423062
2357377
2409169
2451958
2267329
2276406
9814454
4406887
9166461
9360055
11635123
11168492
11042984
11593932
10059902
14726973
8550156
11356373
20192906
13258770
19435930
14536399
19527456
18120328
5564898
12897817
17577774
12113018
17491209
13867975
11984672
15233055
10863373
18532399
16596156
16673975
17287882
18992580
21809074
25842771
13012534
15773978
15900151
17118548
22476328
8809078
16315774
15744889
22052413
20787638
17112237
12839179
21965165
21010408
21251374
21802558
11177860
14374611
13577003
9820278
13265744
18867719
20511150
8904684
12282277
16521772
17635216
21511243
19984024
19338009
16915415
14548637
17076665
9035355
18096745
10170203
17534787
2179203
17213287
11185429
10723103
8196082
17129980
16228511
16215655
18963177
16525186
9315225
12126510
13976201
15266045
19259052
14745563
20818353
7029773
13928482
15781043
14680801
16849131
16545048
14355405
19363457
11702602
17540215
12929847
21699498
10325728
9819925
20505409
19597100
18311375
11432989
14916851
14009698
16124952
24081024
17057351
22554627
19578946
16644966
24060836
