24526275
8867038
19817732
22841745
16965896
10308935
20117131
16597625
11713817
19339428
28338643
16220638
15529380
17863171
17661731
19194894
7000170
16774743
15841317
18975999
14849508
18682676
22601697
12086287
19661088
15326661
7644452
17093792
19683433
17554592
8913144
19991639
17789461
8132520
15635966
13172512
14642061
16460517
13164620
6538151
6509174
13362234
22084380
16489889
19051345
24976543
22190372
14123959
14174173
10888646
21037157
28770690
15944173
16885963
12012525
13512441
10705817
18451007
11076436
17776878
14952465
12559219
15116113
10437984
18689917
15653013
12237076
14244324
19710221
17176412
22164966
15599093
15840815
21025328
12858439
12235379
11903363
12980646
20819448
17068282
18114504
21365652
18321698
18691261
22413395
17972448
17828834
20687760
19815992
11994571
22610278
11042920
23566696
20769323
22012377
23691008
15431362
21031103
7172759
11199829
14176232
15693354
26616563
14896223
13885415
23354521
15340633
14548911
7178659
15769517
19905835
3654994
14690895
15605018
27199809
12108851
19057033
13816837
49044528
22011046
10921993
11898602
16173238
5672719
14505826
18799584
11480153
21898867
17290007
25754537
19235715
12040688
17102455
14377314
36798939
15861731
25236560
21184341
22198493
11618170
28185260
17821577
18616803
31332116
23126430
43782488
8635725
15307527
8487926
22524207
11170462
39407563
23502607
16655198
15845665
8154808
10489957
21912829
21720589
18682878
11061779
25411461
28826033
14574353
22510672
29871726
9673942
24843254
19684236
23843150
30308582
18714548
17153412
14686580
17901858
16683142
15467133
21041053
10017092
17630133
10746195
15218822
21815279
5762367
15840514
18885486
18208251
13543565
15912209
8310457
7779327
12889803
12011066
11125981
10389780
9675745
8941274
8300792
7775216
7362968
6790261
5877626
4920058
5361875
5172184
4843650
4354207
4218099
3538469
3514544
3020818
3214087
2832502
2763254
2024890
1466762
2221784
2060321
1027484
866806
1562914
1417297
1459981
514211
1077731
815142
737770
32313
285523
18977
342414
803865
396638
233821
644240
90360
252673
101379
189462
463752
864803
897301
1351789
1314495
1368530
2322940
2214225
2357581
2254599
2094622
9732862
4417264
8989214
9488522
11678792
11050375
10835440
11408291
10128802
14814356
8380773
11359416
20048087
13342223
19416613
14693900
19450446
18255658
5561295
12859759
17627823
12065827
17581218
13980636
11836265
15239653
10739749
18499212
16588461
16685255
17233083
18968560
21725043
25824580
13089902
15754934
15890565
17120885
22619294
8815407
16423450
15752966
22095759
20711286
17040451
12846320
21947895
21064116
21255518
21841591
11267360
14368551
13454296
9826354
13318410
18900705
20324867
8668001
12433160
16459839
17685525
21586713
20102253
19390598
16934245
14468712
16854466
9017999
18028063
10161548
17568924
2130601
17100868
11180311
10819892
8192256
17162321
16101639
16180315
18935790
16511384
9459434
12018423
13996054
15205121
19435000
14803288
20774753
7081794
13949866
15972909
14629877
16724245
16602441
14377053
19318760
11835964
17522111
13071369
21668416
10313560
9808371
20593475
19866420
18443755
11488713
15098396
14070883
16147230
24031537
17065371
22466431
19489570
16607809
24003124
